-9.776249e-02
-6.229203e-02
-3.931417e-01
1.604827e-02
-1.046525e-01
-1.279083e-02
-2.154334e-01
-1.384653e-01
-1.729686e-01
-1.109938e-02
-9.268244e-02
-1.750628e-01
2.197840e-02
-2.192138e-01
3.379248e-02
-1.381185e-03
-2.192675e-01
-1.871685e-01
1.171028e-01
-1.335748e-01
-1.705517e-01
-3.988492e-01
-1.856933e-01
-2.212182e-01
-3.357932e-03
1.697005e-01
1.921281e-01
-2.231157e-01
-1.075473e-01
-1.968670e-01
-2.491535e-01
-3.445906e-02
-1.322059e-01
-1.935921e-01
-1.021682e-01
-2.654491e-01
1.782008e-01
-1.799240e-01
-9.661464e-02
-2.421484e-01
-2.525003e-01
5.555473e-02
-1.937862e-01
-1.192500e-01
-1.289412e-01
-2.379519e-01
-1.955071e-01
-1.320034e-01
3.810403e-03
-2.349945e-01
-3.103046e-01
7.084682e-02
-1.962832e-01
1.634958e-02
-1.326702e-01
-1.481138e-01
-2.098857e-01
-1.913472e-02
-1.809050e-01
-3.419476e-02
-9.934399e-02
-2.262016e-01
-1.334294e-01
-3.326169e-02
