16 16 3
0.1831833
-0.01629242
-0.0313733
-0.04138295
-0.09985589
-0.04135475
-0.1574152
-0.053556
0.06592315
-0.02142909
0.1081683
-0.05535869
0.1358153
0.1449172
-0.1111911
0.09805456
-0.02957736
-0.1359421
0.1954267
-0.002289509
0.01837799
0.08812647
-0.1542744
-0.1085986
-0.09445734
-0.1314723
0.1725596
-0.1189165
-0.08099292
0.01676201
-0.008039952
0.1002348
0.1008105
0.001031438
0.06109006
-0.08174419
0.2332098
-0.2811255
0.04108532
-0.2756526
-0.1450328
0.3799819
-0.1353127
0.4392293
-0.3060195
-0.001279231
-0.02231839
-0.01552247
0.05292587
0.01048187
-0.0264669
0.1168414
0.1072147
0.01940941
-0.05407036
0.0005506914
-0.07153037
-0.1812519
-0.09869579
-0.01838814
-0.03000169
0.1539496
-0.04504703
-0.1396042
-0.07322442
-0.01084301
-0.02575775
0.1531433
0.02793702
0.007894357
0.02117687
-0.1684321
-0.01685912
-0.004841555
0.03388817
0.1059892
0.04797642
0.01910724
0.07676249
-0.01586249
0.01989933
-0.1041759
-0.03723866
-0.005803864
-0.03414704
0.01630182
0.003067877
0.05367697
0.001782851
0.09909192
0.0615805
0.03723006
-0.08319534
0.02195273
-0.08386049
0.001570666
0.02503808
-0.03638715
0.06947464
0.02782138
0.07271402
0.05861884
-0.08512725
-0.04473475
-0.05050574
-0.002361709
-0.0114288
0.1064394
0.2282762
-0.3065777
-0.1446967
-0.2809825
-0.1395041
0.3418236
-0.1414688
0.3106475
-0.4144666
-0.1349078
0.05262696
-0.0001333284
0.009487662
0.01340478
-0.05291187
-0.01728549
-0.01378728
-0.02758358
-0.06617642
0.1178353
-0.001663195
0.1636272
-0.05525985
-0.1912555
-0.1281555
-0.06456973
0.09273126
-0.06976128
-0.1401586
-0.06560714
-0.1344071
-0.1646222
-0.04983579
-0.0817658
0.04464822
0.05931148
0.03101242
-0.05183756
0.01102226
0.002610865
-0.02719591
0.03117971
0.02573855
-0.003085796
0.09408909
-0.06577903
0.1379394
-0.0284225
-0.1039899
0.0959521
0.003412063
-0.08597165
0.1138164
-0.08321056
0.0257623
-0.002856194
0.01061605
-0.01962168
0.06480134
0.1031084
0.02731523
-0.009430735
-0.08625679
0.0377945
0.02123657
0.05163312
-0.03484715
-0.02509312
0.04484768
0.03506674
-0.002220308
-0.01791954
-0.1027525
0.2535319
0.1165766
0.03602517
-0.1123919
0.06384341
-0.04055765
0.04030641
0.02738552
-0.01272029
-0.006004268
-0.0001519602
-0.03208255
-0.0171058
0.02094557
0.02649874
0.06311573
0.052713
-0.04876941
0.0726234
-0.00543059
0.1496961
0.02893786
-0.0909519
-0.0148419
-0.05875786
-0.02163251
-0.054123
-0.08881087
-0.01317399
0.0811673
-0.02318372
-0.005053682
0.1181807
0.03125381
-0.01605441
-0.003124085
0.01870758
0.0362023
0.02688785
0.01847009
0.02502789
0.02585466
0.02026519
-0.03566394
0.05625833
0.02483344
0.06960075
0.01268523
0.0277926
0.02579722
-0.003251226
-0.05527958
-0.08443905
0.06585954
0.09414972
0.05356663
0.01755264
0.02072726
0.0747707
-0.09398323
-0.09038316
0.04495159
-0.02866741
-0.01636702
0.03660903
0.001426011
-0.03630005
-0.007052141
0.02153745
-0.01327996
-0.02186956
-0.01407179
0.2595432
0.0169471
-0.1144071
-0.1700678
-0.125501
0.06004556
-0.09101935
0.2803895
-0.06142421
-0.06677388
-0.07776748
0.03518678
0.059105
0.03110315
-0.001473175
0.003483054
-0.01052484
0.0275779
-0.04422072
-0.02106856
-0.02108343
0.1188872
0.07497933
-0.03471242
-0.0978374
-0.01760644
-0.02634343
0.1242546
0.04742951
-0.09600437
-0.08298431
0.02469683
0.1822013
-0.004470832
-0.04548239
-0.1400118
-0.1032853
-0.03753164
0.08458108
0.09644428
0.09152684
0.1174228
0.1098231
0.05445947
0.07542552
0.1009858
0.06613442
-0.01504846
-0.0511935
-0.08374612
-0.06779928
-0.1255545
-0.1094842
-0.1400431
-0.1214079
-0.1335622
-0.07534147
-0.05273178
-0.07057177
0.007019694
0.0683475
0.07816761
-0.0817453
0.006483546
0.04010141
-0.09976734
-0.03700147
0.009263276
-0.03287842
-0.06242721
-0.02519348
-0.01781939
-0.05235903
0.01863409
-0.04245841
-0.03198328
0.02878112
0.01775838
0.0989515
0.06219715
0.07155827
0.06326339
0.06401519
0.08248437
0.05132231
0.02170918
0.05225892
0.05484404
0.03941064
0.1731528
0.08978752
0.04090545
0.02835711
-0.06504687
-0.08452543
-0.09817899
-0.2038919
-0.1813868
-0.07509018
-0.05394307
-0.1109771
0.1070909
0.1424477
0.02664833
0.09963066
0.1273948
0.03352186
-0.0448644
-0.05636094
-0.02084969
-0.03016362
-0.01027676
-0.01124376
0.08057109
0.06328121
0.03527608
-0.009654773
0.01561375
0.00934346
0.00328236
0.02858103
0.0405084
-0.01899965
-0.02162597
0.04755228
-0.07854584
-0.03684464
0.07040166
-0.01423876
-0.02768999
0.04575248
0.00207518
-0.02848873
0.01605935
-0.08198288
-0.1137687
-0.1313764
-0.01906059
-0.001344941
-0.03645129
0.08540935
0.1407132
0.08974595
0.221195
0.1142406
0.09385303
-0.1071741
-0.1058552
0.03864189
-0.20478
-0.184361
-0.1379663
0.08348121
0.01749414
-0.03706307
0.05365732
0.02594075
-0.01255569
-0.05402891
-0.0360075
-0.05620239
0.09597308
0.09852196
0.05102833
0.008313846
-0.05356151
0.02444503
-0.07789171
-0.1321997
-0.01040355
0.05721575
0.04226865
0.02479309
0.05945433
-0.005639969
0.03293207
-0.03305005
-0.1099092
-0.08615932
-0.06976782
0.04560121
-0.02435058
-0.06440165
0.05074802
0.05600979
-0.04046902
-0.02615583
-0.06011327
-0.01584093
0.04791071
-0.06393003
0.0007843047
0.006714682
-0.0115956
0.01199226
-0.04784409
-0.03043955
-0.01367252
0.06872317
0.2184684
-0.00276026
-0.08619625
0.1014698
0.2409534
-0.03684038
-0.08173176
-0.1172659
0.07439703
0.1730939
-0.07186114
-0.1043105
0.09348316
0.08405975
-0.0361326
-0.1257973
-0.2963908
-0.04491463
0.3628122
0.2877787
-0.3898094
-0.08516975
0.1406541
0.2808989
-0.1803247
0.09709768
-0.01794302
-0.1422216
0.1056055
0.1594479
-0.008176872
0.02764531
0.1286062
0.1184202
-0.1807876
-0.1416491
-0.0255377
0.2523172
0.08553939
-0.1676587
-0.110018
0.1288491
0.08707389
-0.1320238
-0.1111538
0.07712482
0.04718913
0.02343866
-0.03025635
0.05153329
0.02442253
-0.01064567
0.1308209
0.1320475
0.033441
-0.0003748257
-0.02198791
-0.01100222
0.004850845
-0.03983327
-0.0506396
0.06096535
-0.01541527
-0.05972202
-0.0200075
0.1125189
0.02011979
-0.04259582
-0.08081889
0.02308408
-0.0670785
-0.1631253
-0.1165926
-0.01249758
0.145344
-0.09445255
-0.0913685
-0.02997567
0.06743619
0.002915325
-0.03162798
0.02098382
0.06147958
-0.06751799
-0.01458331
0.05328069
0.01615749
0.005259981
-0.2988582
0.4861626
-0.1466931
-0.2292721
-0.4444547
0.3773676
0.2039459
-0.05567185
-0.3298953
-0.03418454
-0.01935517
-0.03816185
0.04813777
0.1749937
-0.02511731
-0.1413638
-0.01439583
-0.04308118
0.09445585
-0.1030187
-0.1120484
-0.06582556
0.2702135
0.04896854
-0.07134116
-0.1475886
-0.002639746
-0.2163748
0.1355545
0.2111187
0.0367866
-0.19955
0.0924558
0.1762598
0.1963628
-0.1839394
0.1167907
0.1026011
0.04703308
-0.02834918
-0.08430389
-0.06807516
-0.009222591
7.06741e-05
-0.001906745
-0.07547389
-0.02940117
-0.06110162
-0.02882846
-0.0124378
-0.03644646
0.1163968
0.0920089
0.1467859
0.05892767
0.1146154
0.1090643
-0.07243118
-0.1387705
-0.1419237
0.02732237
0.05782993
0.08803277
0.07721456
0.05426039
0.08145417
0.05906586
0.05945785
0.01283423
-0.03743274
-0.06765734
-0.07966722
0.1022043
-0.1712349
0.09440182
-0.02228802
0.1080558
-0.04810087
0.1342062
-0.07031437
-0.0278961
-0.01593751
0.02340266
0.02665374
-0.03399368
-0.006092037
0.006469835
0.01461982
0.05705134
0.05402759
-0.05486238
-0.1712744
-0.05284122
-0.1669187
-0.006398184
0.1179305
0.119212
0.08861289
0.02870068
-0.02572379
-0.02691935
0.001055916
0.07476895
0.1496996
0.09248273
0.01825504
-0.01750279
-0.09485622
-0.0007445725
-0.02946927
-0.01612809
-0.05001954
-0.1120351
-0.05942466
-0.02358866
-0.01766951
0.01661248
-0.05778088
-0.08686728
-0.0702473
-0.08614393
-0.08564233
0.01795921
0.0487543
0.07299124
0.08630985
0.01939897
0.01296368
0.0154915
-0.05975625
-0.02894511
-0.02634256
0.007918835
0.07297944
0.04830438
-0.01185865
0.0454279
0.02044724
-0.045203
-0.02799395
-0.004042089
-0.02294132
0.01436098
0.01127009
-0.2799644
-0.3263699
-0.02705743
0.07283136
0.4522816
0.2109472
0.05350348
-0.06598239
-0.2656896
0.01231033
0.07731662
0.04536698
-0.00390268
0.0303568
-0.01555755
-0.09141227
-0.020499
-0.08717133
-0.06552593
0.002781825
-0.1052494
-0.092581
-0.0429348
0.01399757
0.06816789
0.1702511
0.06773754
-0.02193085
-0.05147479
0.001612066
0.02660234
0.0563423
0.0549046
-0.05421789
0.03228319
0.02496503
-0.04896229
-0.02596035
0.01090403
-0.09991243
-0.113619
-0.09277403
-0.04052822
-0.05583071
-0.06814273
0.009119338
0.04613201
0.04164623
-0.02187848
-0.006783104
-0.01550972
0.03856471
0.02675627
0.03938115
-0.005418534
0.009368235
-0.006950626
-0.01397122
-0.04344245
-0.04972814
-0.01144636
0.005129693
-0.0350968
-0.06901898
-0.006280906
0.03097381
-0.08438814
-0.06905657
-0.02491615
-0.03685618
-0.05281599
-0.01588578
0.02016276
-0.03141696
-0.01288186
-0.01728534
-0.08119579
-0.05004471
0.06618211
-0.02067867
-0.0643642
0.01771492
-0.007796743
0.004526963
0.04893785
0.01223974
-0.03265436
0.04828044
0.02170604
-0.0158362
0.02222974
0.006581597
-0.0655664
0.008682643
0.05524503
0.0001655016
0.02736368
0.06248387
-0.0020821
-0.03092605
-0.01776315
-0.005440468
-0.03717504
-0.02409791
-0.01023842
-0.05884158
-0.01822798
-0.002783418
-0.0256173
0.02780593
0.00129836
-0.05939436
0.009826943
-0.04245809
-0.05150593
0.01533353
-0.03619216
0.04584493
0.1059076
0.03607839
0.009099632
0.1153694
0.05734095
-0.04380337
0.08510374
0.08841603
0.03848325
0.05164231
0.02599994
0.007768977
0.04100921
0.01887899
-0.007178552
0.01798211
0.06492022
0.009799795
0.002856091
-0.003476043
-0.01017965
0.01188804
-0.03707008
-0.05862798
-0.02929282
-0.06915831
-0.09469242
0.08401317
-0.06017295
0.09231199
0.1566815
0.2094128
0.07384367
-0.02758082
-0.04897086
-0.02606509
-0.03129058
-0.05961224
0.04706248
0.0470984
0.01855013
-0.03261706
-0.01296916
-0.01700197
-0.02943213
0.001785455
-0.05575868
-0.03138905
0.0233476
-0.02364396
-0.06576364
-0.02072125
-0.03983093
0.04903765
0.06362399
0.05848567
-0.01501828
-0.003487831
0.07579
0.002115885
-0.02975425
-0.008607545
0.03170988
0.04612442
-0.02525972
-0.04782178
-0.01713422
-0.05737622
-0.08369026
-0.07757213
-0.108607
0.08925129
0.1327124
0.1171133
-0.007703422
-0.03777482
0.008576244
-0.01307542
-0.05793994
0.02955746
0.03447488
0.01503745
-0.053128
0.0425248
0.06564642
-0.004513557
0.01741367
0.05994366
0.009488121
0.1459924
0.1387888
0.03011865
0.1676774
0.1502349
0.05282987
0.009147973
0.03774071
0.008257506
0.1585768
0.1896816
0.1039105
0.04937886
0.08274822
0.05135437
-0.005747956
0.050498
-0.006669827
0.07434149
0.1203572
0.03239444
-0.01194012
0.03662161
0.01794407
0.02640128
0.05228098
0.02189168
0.05142036
0.06339626
0.09180746
-0.01003952
-0.03863822
0.06178514
-0.07984503
-0.1863453
-0.1165862
0.01093861
0.02906484
0.01772732
0.09337853
0.07055156
0.03353359
0.08466686
0.07375391
0.04947442
0.01168703
0.06803828
0.09638842
-0.08241386
-0.04605737
0.01219919
-0.09189721
-0.07672432
-0.01582753
-0.1013112
-0.04886398
-0.01248494
-0.08117586
-0.04738631
-0.01266587
0.0352525
0.06369771
0.07653668
-0.03175018
-0.02335538
-0.03397413
0.008219748
0.01062333
-0.0150135
-0.006133555
-0.0002323912
-0.03974336
-0.072002
-0.05884406
-0.06190456
-0.02939338
-0.0198366
-0.05601531
0.05358603
0.07585984
-0.02056136
-0.07959089
-0.09390693
-0.03025073
0.01142793
-0.0579997
-0.03832104
0.1664378
0.1112736
0.02882884
-0.05807472
-0.09325887
-0.1386358
0.1187346
0.06289798
-0.04452552
0.1022968
0.077796
-0.05166834
0.01841213
-0.01588949
-0.02888376
0.1123211
0.08056686
0.01158488
0.08865655
0.04899154
0.01293511
-0.09203137
-0.02179759
-0.01042926
-0.03903425
0.02500116
-0.04075662
0.09175976
0.1891495
0.1480504
-0.1202962
0.01492977
0.08667565
0.04335447
0.1051992
0.07135606
0.07237526
0.01426559
-0.123844
0.1110377
0.1810915
0.1304621
-0.009711445
-0.08137204
-0.07066149
0.07796708
-0.06857278
-0.08701218
0.1047935
-0.02289234
-0.05154526
-0.1712704
-0.3047994
-0.04591079
-0.03105262
0.05191239
0.2957409
0.1527556
0.1214084
-0.02916101
0.2194216
0.04983946
-0.1227039
-0.2081935
-0.2947558
-0.143979
-0.3079784
0.04946212
0.1360338
0.09912311
0.451919
0.02711254
0.1048637
-0.2153638
-0.3423935
0.06366222
0.1455454
0.1237324
0.08797713
0.01929967
-0.04236815
-0.01207644
-0.08279926
-0.1005362
-0.1345736
-0.009311642
-0.02912489
-0.0107096
0.170397
0.1512555
0.04772894
0.08616013
-0.1604999
0.1299911
-0.06615637
-0.1706992
-0.0634913
-0.1221986
0.003170121
-0.1189213
-0.07609031
0.13397
-0.0414444
-0.1240727
-0.06375588
-0.1195221
-0.04389019
0.05269963
-0.02491724
0.05674899
0.1127566
0.1045335
-0.06575175
-0.0733747
-0.06256674
-0.1796653
0.08326967
-0.02100761
0.07714003
0.252562
0.1283984
-0.01088604
0.07611563
-0.02575483
-0.1653113
-0.08423709
0.09135044
-0.01588692
0.03535014
-0.03339181
0.01607997
0.03356377
0.04627229
0.01416052
0.1216058
0.1020052
0.04161041
0.1133737
-0.2709197
-0.0195755
0.04571243
-0.004339885
0.2634963
-0.2138313
-0.02750933
-0.07208758
-0.2722577
-0.1055751
-0.09213214
-0.01877471
0.03530404
0.04939982
0.008150937
-0.06684754
-0.01491022
-0.00438094
0.1605475
0.03341866
-0.0603285
-0.08335779
-0.1438039
-0.001835603
0.04882381
0.06951859
0.06106571
0.1102403
0.1542646
0.003101204
0.2479001
0.02510849
-0.0185214
-0.1072885
-0.1980293
-0.03923148
0.0003691326
-0.002068405
0.0008422847
0.001472575
-0.0005381354
-0.0007338368
-0.001666745
0.002202668
-0.003881153
-0.002948148
0.0003856228
0.002609463
-0.001526595
0.001375597
0.001373965
0.0009345684
-0.00382355
0.004405905
-0.0006688134
0.00129708
0.002085133
-0.001540968
0.0005424712
-0.002151691
0.0004250311
-0.0002497957
-0.0004013221
0.001273728
-0.002307889
-0.002918791
0.0007333813
0.001793489
0.003062848
0.0001096298
0.000400125
-0.002606046
0.001090184
-0.0009725211
-0.0004037905
-0.0002853915
0.001440134
-0.002335962
0.001102976
0.0005121466
0.001739123
-0.001956949
-0.0002628469
0.003735004
0.001807383
-0.0002219523
-0.001378498
0.002977164
-0.004842774
0.0001057509
0.0008198509
0.003602413
0.001754643
0.002777276
-0.001691716
0.000111614
0.0008151903
-0.001341728
-0.002224842
-0.001566713
0.003890408
-0.001423148
0.0001879307
-0.00176353
-0.00154679
-0.004185474
0.001076568
-0.001009178
-0.002691476
-0.001104215
-0.0005928635
-0.002802477
-0.001975651
0.0002411271
0.003647799
-1.133048e-05
0.002524307
-9.792955e-05
-0.0007885481
-0.001086868
0.001300045
-0.001265639
0.002008238
0.005244852
-0.0002516227
-0.001232499
3.282322e-05
-0.0001980948
-0.001429457
0.002817419
0.001752488
0.004127834
0.001455189
-0.0007631805
-0.001093999
0.002857224
-0.003420969
-0.0001563768
-0.002854504
0.003133462
-0.000202054
-0.002653621
-0.001431628
0.001694798
0.0007225061
0.001703031
0.003138134
0.000531678
0.001671679
-0.002194322
3.254373e-05
0.001123918
-0.002396852
-0.0007900571
0.0007470516
-0.004747222
-0.002544256
0.001581312
-0.001088075
-0.001589206
-0.0002207463
-0.001353324
5.49605e-05
-0.0008786915
0.0005111987
-0.002580264
0.0001718562
-0.0005356884
-0.002499173
-0.00145
0.001702978
0.001749904
-0.001469617
-0.001704266
-0.001905115
0.0006292183
0.001087502
-0.0008208145
-0.003653877
0.00209951
0.0004576889
0.004035538
0.002475428
-9.572672e-05
0.001010744
0.0004786015
-0.002035399
-0.002809342
0.001198277
-0.001209674
-0.0009680874
0.001749437
-0.000866587
-0.001381386
-0.00123
0.002873484
0.0008280932
0.0003225823
0.002413256
-0.0003302495
-0.0005469451
-0.001701789
0.002848953
-4.378867e-05
0.00078612
-0.001366391
-0.002124441
0.0009558367
0.0003225792
0.001597613
4.456952e-05
-0.0009495578
0.0008781084
0.002188209
-0.0006071421
0.0004932517
0.002273455
-0.0005386287
0.0024866
0.002844384
0.0001947066
-0.001727079
-0.001089299
0.001797664
0.0001806711
0.001322235
0.003068483
-0.0009794111
-3.640107e-05
-0.001934536
0.003065192
-0.0007119403
0.004112831
0.0002686612
0.001122315
0.00286816
-0.001195064
0.003101429
0.0002540881
0.0001753366
-0.0001512428
0.002917022
-0.0001910967
-0.001027186
0.003049584
0.002069989
-0.0004032161
0.004102486
0.001803509
0.0004904584
-0.0004172981
-7.137319e-05
0.0005347576
0.002201898
0.002175618
0.001330359
-0.0004885877
-0.001496114
0.001687167
0.0005308405
-0.001155977
0.0001175181
0.001320722
-0.00102293
-0.00150636
0.002139174
-0.002920774
-0.0003579406
0.0002794166
0.0002181949
0.002692637
0.0001873685
-0.0009560072
0.0005477048
0.0006955974
-0.001118668
0.0002782079
0.001554613
0.002159289
-0.0002765509
0.001823634
0.0008267479
-3.251016e-06
-0.001110217
0.0005628326
-0.0001533067
-0.002033479
-0.004027601
0.0008724688
-0.002464886
-0.002728205
-0.0005769375
0.002121981
0.001440622
0.002490104
-0.004241973
-0.0006529729
0.001084721
-0.001263119
-0.0005360247
-0.001414242
-0.0003325016
0.001673672
-0.00238654
0.001132659
0.002354893
0.001096052
-0.003593425
-0.0006788208
-0.004697582
-0.00252801
-3.628409e-05
0.0001582859
-0.001077789
0.0006206988
0.002963239
-0.001366047
0.001203763
-0.002218821
-0.0002476368
0.0001940542
-0.002694042
-0.0002251379
-0.001380979
-0.00738929
-0.03001719
-0.07885227
0.04356402
-0.01071582
-0.08110621
0.08132015
0.03374605
-0.04603244
-0.002238518
0.05162263
-0.0296091
-0.04693723
0.03029423
0.04859132
-0.152236
-0.0816223
0.06900411
0.04167147
-0.02592706
-0.03438608
0.1169052
0.01214468
-0.04917408
0.1430778
0.05736603
-0.05723363
-0.01145806
0.1276426
0.1545239
-0.1131766
0.08435936
0.2229413
-0.1167838
-0.1279129
-0.04322262
0.02537071
0.02492379
0.1286513
-0.02702994
-0.1323667
0.1075196
0.131369
0.0003562978
-0.02532289
-0.02476902
-0.1080014
-0.1138385
-0.03630432
-0.02651202
-0.07306077
-0.009509592
0.0129659
-0.05983433
-0.1687712
-0.1392775
-0.009137927
-0.1460469
-0.1949789
-0.1198399
-0.03721704
-0.09375685
-0.07057812
0.03652214
0.004292307
0.1182879
-0.02364747
-0.1022378
0.05213255
-0.01373162
-0.08251504
0.02898278
0.05921303
-0.02908787
-0.09941504
0.0984911
-0.03340055
-0.09982053
0.1248839
0.02513918
-0.05264449
-0.005911781
-0.002463653
-0.08782328
0.07618339
0.1092646
0.01814827
-0.06830996
0.02434961
0.03871543
-0.04885295
-0.0197614
-0.02437061
0.0177942
0.08863202
0.02849325
-0.1121162
-0.03143884
-0.03889415
0.04463367
-0.07068671
-0.08593541
0.1288684
-0.0100438
-0.03268331
0.103888
0.0288383
0.05483399
0.1532539
0.08965817
-0.1307143
-0.07110877
0.06517732
0.2250886
-0.07941613
-0.09206491
0.0149106
0.008784533
0.00501943
0.0462873
-0.007511701
0.00851167
0.04127725
0.03325958
0.0577849
0.07902635
0.01367767
0.02626822
-0.09084944
0.02014656
0.1349669
0.005495532
-0.06733843
0.05081286
0.03020193
0.03871391
0.08457504
0.1242615
-0.1673915
-0.004890984
0.2979234
-0.09806956
-0.1513021
-0.0192811
0.00324308
-0.008251192
0.02639763
0.0532096
0.03173977
0.04838497
-0.01011556
0.01280863
-0.06169512
-0.04605426
0.05881183
-0.1139583
0.03714724
0.1304007
-0.03895617
-0.1064385
0.03567932
-0.08831064
-0.08985258
-0.03597637
-0.01837951
0.06770053
0.0695465
0.02864854
-0.04283325
-0.03605387
0.04982931
-0.007402346
0.02160784
-0.02887377
-0.05020247
0.03797539
0.006319562
-0.03524444
-0.02475431
-0.01808693
-0.04286544
0.05087041
-0.1631481
-0.2384925
0.2961941
-0.07545487
-0.1161161
0.1712018
-0.08692732
-0.01273968
-0.01138925
-0.02455931
-0.01054815
0.01325311
-0.005173908
0.03928122
-0.001715419
-0.04925877
-0.01289761
0.07890515
0.06540294
-0.07889778
0.01554606
-0.05073635
0.04851201
0.01022691
-0.01795018
-0.02427527
0.002701569
-0.02660114
0.02482045
0.003508039
-0.04194231
0.02903941
-0.0772104
-0.02623978
-0.08156619
-0.06382088
-0.005017905
0.1058035
0.08357045
0.01725603
-0.06016514
-0.006299937
-0.0751242
0.003140296
0.004555369
0.07377854
0.006309147
-0.01449482
0.05203823
-0.09179182
-0.07686698
0.0329384
0.0001378716
-0.07423284
-0.008756099
0.00319032
-0.02485009
0.02347952
0.06957805
0.0127616
0.02218861
-0.04091448
-0.03362369
-0.05149071
0.006523809
0.02528461
-0.03699056
0.0104846
-0.03096445
-0.08594707
0.2332886
-0.2242191
0.1993882
-0.1597012
-0.1975026
-0.1738885
0.2014859
0.2432203
-0.01211793
0.02384238
0.02995763
0.05211809
-0.00315824
-0.04524772
-0.004500732
0.03665826
-0.04060576
-0.01527115
0.1347601
-0.01010303
0.03152398
0.107624
-0.1250005
0.06927197
0.02752885
-0.116662
0.01396616
-0.05455239
-0.07622309
-0.09572229
-0.02747033
0.06781074
0.01335385
-0.08606693
-0.02661408
0.0004913359
0.04029677
0.06546053
0.03973067
0.03151664
0.03096359
-0.04279526
-0.0325525
-0.06329615
-0.1385371
-0.0131924
0.0793187
0.04988233
-0.008769969
0.07459879
0.02072556
-0.03024421
0.03476098
-0.01709845
0.0739172
0.1011364
0.03348618
0.1056485
0.1470937
0.06573945
-0.03981423
0.01353166
-0.1031619
0.01586638
0.02436747
0.01494261
0.01984918
0.03617733
0.04771327
-0.07752743
-0.04203981
-0.009773974
0.03602619
0.05274105
0.04250096
0.0542832
0.04802765
-0.03368627
-0.06144697
-0.05502783
-0.06916843
-0.00750086
-0.0225023
-0.04032963
-0.004899939
-0.0266777
-0.02296202
0.02753241
0.01046084
0.0115732
0.03136759
0.03392961
0.01919617
0.01495492
0.00362085
-0.03190356
0.02375445
0.002586022
0.02723473
0.03456791
-0.00144305
0.04500252
-0.03097441
-0.01921801
0.008467153
-0.08073641
-0.04524533
-0.03757153
0.0464062
0.1102964
0.07661974
0.1233868
0.1496724
0.07231906
-0.06265479
-0.04514073
-0.1009785
0.138399
0.1128277
0.04299183
0.0968316
0.08922651
0.01105004
-0.003208619
0.007182579
-0.08511834
0.01201484
-0.004450545
-0.04745308
-0.008803443
-0.01582325
-0.0403049
-0.0469509
-0.06881107
-0.06834303
-0.01440518
0.01212358
-0.05338307
-0.01884098
0.02317223
-0.06286498
-0.05468034
-0.03479251
-0.1211988
-0.1883022
-0.2071304
-0.1818713
-0.09366886
-0.1053281
-0.07265764
0.07366587
0.09016012
0.1389495
0.08580621
0.07067233
0.03477592
0.04697026
0.04065229
0.01294161
0.09584766
0.1031929
0.08512545
-0.04829106
0.006980054
-0.0225474
-0.06301171
0.00157563
-0.02250083
-0.00636199
0.04345901
0.01865054
-0.01754451
-0.04896898
-0.02561126
0.03759041
-0.06243625
-0.03521091
-0.01966701
-0.09037592
-0.05672673
0.0374391
0.06389696
0.07032596
-0.00466148
0.02950816
0.03944977
-0.07326439
-0.03713594
-0.05164961
-0.2505696
-0.2269514
-0.2234428
-0.1354537
-0.1239846
-0.1592626
0.08147584
0.07342405
0.01692371
0.05853787
0.02404432
0.03884284
0.08663531
0.03497992
0.01980548
-0.1245707
-0.1382144
-0.1379028
-0.04692601
-0.01040192
0.003364827
1.370646e-05
-0.009561677
-0.03088629
0.1077
0.05614589
-0.004400182
0.04869666
0.09910943
0.1062818
0.04810277
0.04308836
0.05197077
-0.1221462
-0.1423189
-0.08161803
0.05271582
0.04456199
0.01365971
0.0681456
0.04106782
-0.006508216
-0.0245812
-0.03365426
-0.06255145
-0.1527201
-0.1734933
-0.1553928
-0.1069598
-0.05260164
-0.0543832
0.04641329
0.08791402
0.1332308
-0.03279535
-0.07163052
-0.0532997
-0.0607802
-0.08075602
0.0009298769
-0.00922495
-0.0519594
0.02901769
0.02239813
0.05800827
0.06255215
-0.01051968
0.02027962
0.002411358
-0.1078333
-0.0705823
-0.08270396
0.07073356
0.06507745
0.03343301
0.08616821
0.07876605
0.1096117
0.01382777
0.0005542052
0.04864973
0.06772884
0.07008985
0.03538884
0.04580783
0.08256906
0.07985416
-0.01184069
0.01734613
0.1094505
0.06451524
0.1183835
0.1639639
0.07684262
0.1318536
0.2187407
-0.15277
-0.06298567
0.03498147
-0.047803
-0.07543536
-0.08538795
-0.0272815
-0.1679244
-0.1779693
0.1183728
0.04970666
-0.01187186
0.05017649
-0.007477412
-0.01654383
0.1121944
0.1079969
0.1133679
0.0444758
0.04029617
0.04926474
0.02836259
0.004621299
-0.06119717
-0.01065131
-0.03524902
-0.09349394
0.02726694
0.001910766
-0.07047681
-0.05537298
-0.0180784
0.03099523
-0.05625687
-0.1052265
-0.1110729
-0.1297476
-0.07078485
0.0004283538
0.06640128
-0.04685787
0.05235174
0.07598447
-0.02658937
0.04320062
-0.02129172
-0.1932148
0.00276183
0.09178206
-0.06375265
-0.01612194
0.07621887
-0.04166365
0.07203762
-0.084873
-0.01629482
0.02916041
-0.0342693
-0.0723513
0.03822324
-0.02818818
0.03387096
0.1363454
0.05785163
-0.01620254
-0.07416337
0.0883004
0.1019005
0.01424287
-0.03091885
-0.05445481
0.0200349
-0.02730164
-0.03825488
0.005965981
-0.0006477587
0.07455163
0.01139996
0.08492208
-0.12865
-0.05805193
-0.07352954
0.07954095
-0.01538017
0.08017168
0.05433814
-0.07222793
0.00953471
-0.03373874
-0.02635431
0.05162675
0.03466958
-0.08592317
-0.06790215
0.02282822
-0.02459218
0.119753
-0.09879208
-0.1525465
-0.04549434
0.04057457
-0.05658869
-0.004664875
0.06947784
-0.08274112
0.005307102
0.0867358
-0.03126368
-0.0598519
0.03350218
-0.04662039
0.02968734
-0.04140749
-0.05632579
0.1432703
-0.002337995
-0.03823672
0.05192096
-0.07359747
-0.02287554
0.044055
-0.0242269
0.06039123
0.04117203
0.009118322
-0.01861309
0.01259303
-0.07778837
-0.0738177
0.1321888
0.05025421
0.02587568
-0.02148064
0.09863086
0.02046561
-0.1302317
-0.116221
0.05298534
-0.02310023
-0.1176864
0.07715055
-0.04745332
-0.01433578
0.0620492
-0.03322798
-0.08801607
-0.02315445
-0.2626016
0.9268574
-0.2886423
-0.2090073
-0.1487733
-0.1758704
0.06161847
0.2038618
-0.03714393
0.01197524
0.0002685001
-0.01082596
0.0316524
0.0654102
0.04729587
0.02700825
0.01430256
-0.05873424
0.02341353
0.08004294
-0.0592223
-0.04388371
0.0645711
0.0717789
-0.04621116
-0.09352766
0.07334824
-0.0633332
0.07358815
0.03057784
-0.01987192
-0.02363312
-0.103332
0.0968676
0.1277219
-0.04358694
0.0006811558
0.003353351
0.0004173325
0.003668715
-6.116177e-05
0.002320921
-0.001556155
-0.002187916
-0.0006353834
0.0001443026
0.0009459686
0.0004618151
0.00130362
-0.001335461
0.00013027
0.0003291749
-0.004909874
-0.001210972
0.0007765339
0.003725744
-0.001253909
-0.001541382
-0.002470376
0.001440067
0.001369362
-0.001083953
0.0008256205
0.001012789
-0.001555073
-0.001374507
0.0004618539
-0.0004363886
0.002529126
0.0006772918
-0.001293169
0.003441189
7.536937e-05
0.0001257035
0.002731609
-0.001340944
-0.001318537
0.003912646
0.002664289
-6.531069e-05
-1.048682e-05
-0.0009085143
0.002077153
0.0005579887
-1.414721e-05
0.003268798
-0.001353676
0.0007296075
-0.0005133521
-0.001715131
-0.0009927731
0.001148744
-0.0009039148
0.0003334228
-0.002093809
0.00131458
0.0007005112
-0.0003856527
0.0004775152
-0.001265543
-0.0007632974
-0.0002685535
-1.544874e-05
-0.003917325
-0.001494973
-0.0001106605
0.002108795
-0.001023432
-0.002071083
0.001201788
-0.0003604786
-0.0009510553
-0.001415429
-0.003446596
0.0002726779
0.001439656
-0.003400388
0.001563203
-0.001720896
-0.0006628196
-0.0007643549
-0.002278711
0.001212062
0.001416671
-0.001084346
0.00405006
-0.001990217
8.872119e-05
-0.0003855578
0.0009207054
-0.001043816
-0.001387361
-0.000801363
-0.002962316
0.002470739
0.002071997
1.379809e-06
-0.001851668
-0.0003456398
-0.0008899513
-0.001711497
0.001924006
0.0001224498
-0.0007445783
0.0002116109
-0.001344083
0.000841861
-0.002627481
0.003058356
-0.0006407528
0.0009131616
0.004148924
-0.001831225
0.002991384
0.001330604
-0.002632407
-0.002632055
-0.000940565
0.0007261997
0.002913942
-0.0003107732
0.00145663
0.004253394
-0.0006488546
0.002630035
0.0003668312
0.003009008
0.003097991
-0.001068779
-0.001322015
-0.001113013
0.001264727
0.001403165
0.001782842
-0.001583027
0.003017898
0.001289965
0.0009061766
0.0003466363
0.0001057242
