8.965705e-01
8.603005e-01
8.686861e-01
8.493354e-01
9.631166e-01
4.654497e-05
9.559819e-01
8.297650e-05
8.678488e-01
8.482984e-01
9.711741e-01
7.403991e-01
8.477690e-01
8.753699e-01
8.886026e-01
9.767286e-05
3.405841e-01
3.710665e-01
6.003705e-01
4.159656e-01
5.328751e-01
4.557472e-01
5.747376e-01
4.601364e-01
5.189133e-01
7.692534e-01
5.532880e-01
-4.684396e-01
-6.204517e-01
-5.395339e-01
7.851377e-01
6.610386e-01
6.530368e-01
5.179878e-01
5.118480e-01
5.286214e-01
6.740155e-01
6.843868e-01
5.812496e-01
6.318961e-01
3.624001e-01
6.461172e-01
3.291981e-01
5.096601e-01
4.496508e-01
5.876762e-01
5.726333e-01
4.701704e-01
6.756383e-01
8.964090e-01
9.391243e-01
8.763999e-01
9.245208e-01
1.057624e+00
8.093275e-01
8.404672e-01
7.355080e-01
8.093670e-01
9.364122e-01
6.967129e-01
2.109655e-04
7.507767e-01
8.243374e-01
8.798764e-01
