-9.908674e-02
-2.780050e-01
-1.400559e-01
-1.216309e-01
-2.367934e-01
-5.959460e-02
-1.508504e-01
-2.634146e-01
-2.264490e-01
-2.694258e-01
-2.517163e-01
-2.777747e-01
-1.857252e-01
-3.966372e-01
-2.245773e-01
-1.804912e-02
-1.515437e-01
-1.638384e-01
-1.350223e-01
-1.826341e-01
-2.627653e-01
-2.713062e-01
-1.578121e-01
-1.346593e-01
-1.575157e-01
-2.121131e-01
-3.350786e-01
-2.266305e-01
-1.946678e-01
-1.026121e-01
-3.086018e-01
-4.486548e-01
-2.147570e-01
-3.216597e-01
-2.270721e-01
-2.275473e-01
-1.896929e-01
-3.290286e-01
-2.459907e-01
-2.543874e-01
-2.030154e-01
-1.724474e-01
-1.671908e-01
-1.345611e-01
-2.261844e-01
2.966544e-02
-3.109984e-01
-1.696412e-01
-3.477200e-01
-2.988517e-01
-2.183074e-01
-2.599449e-01
-1.825486e-01
-2.157099e-01
-7.420749e-02
-1.106668e-01
-3.908843e-01
-3.612791e-01
-1.764633e-01
-1.535232e-01
-2.192702e-01
-1.448147e-01
8.192291e-02
-2.762712e-01
