-2.062643e-01
-2.679541e-01
-2.290219e-01
-1.324403e-01
-1.524413e-01
-3.645813e-01
-1.330120e-01
-3.952513e-01
-3.223073e-01
-3.212038e-01
-4.235777e-01
-3.292527e-01
-2.947063e-01
-4.186512e-01
-3.602094e-01
-2.686009e-01
-1.957698e-01
-3.736360e-01
-2.774533e-01
-2.787245e-01
-3.153643e-01
-2.287820e-01
-2.906629e-01
-2.284894e-01
-3.363777e-01
-2.425579e-01
-4.058205e-01
-2.164643e-01
-2.800717e-01
-1.527666e-01
-3.872314e-01
-3.429716e-01
-3.599065e-01
-3.726048e-01
-2.901944e-01
-3.695216e-01
-3.930385e-01
-3.048807e-01
-3.944036e-01
-3.233257e-01
-3.953732e-01
-2.113582e-01
-2.657228e-01
-3.556144e-01
-3.816382e-02
-2.856025e-01
-4.928749e-01
-3.790766e-01
-4.086267e-01
-3.905920e-01
-2.922862e-01
-3.379172e-01
-2.881447e-01
-2.979037e-01
-2.098929e-01
-2.040994e-01
-4.570997e-01
-4.961120e-01
-2.625179e-01
-4.474152e-01
-3.562715e-01
-2.179044e-01
-2.041068e-01
-3.076537e-01
