-4.084275e-01
-3.522475e-01
-6.793927e-04
-3.538674e-01
-3.824093e-01
-2.924739e-01
-3.825935e-04
-4.256787e-01
-4.447719e-01
-3.599309e-01
-4.949530e-01
-4.234626e-01
-4.057914e-01
-3.247329e-01
-4.562485e-01
-4.356132e-01
-3.307004e-01
-3.577265e-01
-7.462398e-01
-2.641030e-01
-3.917424e-01
-3.067797e-01
-4.620063e-01
-5.010911e-01
-2.600470e-01
-3.006749e-01
-3.895749e-01
-3.626543e-01
-5.167771e-01
-3.519624e-01
-4.721840e-01
-4.607033e-01
-5.195225e-01
-4.011627e-01
-4.414563e-01
-5.140805e-01
-3.521193e-01
-4.800796e-01
-5.181746e-01
-3.584306e-01
-5.789411e-01
-5.214735e-01
-4.344369e-01
-3.381841e-01
-2.654884e-01
-5.852327e-01
-5.349978e-01
-3.823420e-04
-2.603454e-01
-2.049456e-01
-2.867040e-01
-4.071599e-04
-4.372291e-01
-6.207308e-01
-3.463605e-01
-2.717427e-01
-3.997668e-01
-3.540210e-01
-4.707824e-01
-3.143003e-04
-3.155608e-01
-4.995895e-01
-7.349808e-01
-2.303986e-01
