1.353951e+00
2.262933e+00
3.111575e+00
2.457102e+00
4.059786e+00
4.299706e+00
9.306950e-01
5.028393e+00
3.997327e+00
5.327375e+00
2.133694e+00
6.068436e+00
3.375182e+00
4.065771e+00
1.391320e-01
4.909222e+00
1.162817e+00
2.858499e+00
2.802274e+00
1.670424e+00
3.808287e-04
7.648605e+00
2.230213e+00
3.605531e+00
5.904544e-04
4.366390e-01
5.134053e-01
4.366323e+00
3.188414e+00
4.040439e+00
3.514422e+00
4.117905e-04
9.772282e-01
2.461176e+00
2.354782e+00
8.004429e-01
1.784914e+00
2.894086e+00
2.197100e+00
2.411801e+00
3.843937e+00
1.895160e+00
4.683403e-01
6.130955e+00
2.027803e+00
3.696881e+00
2.789309e+00
2.111094e+00
1.094148e+00
4.220717e+00
1.897925e+00
1.951581e+00
2.897240e+00
3.173052e+00
3.389436e+00
6.608514e-01
5.349094e+00
2.424755e+00
3.032495e+00
3.354353e+00
1.701984e-01
2.349229e+00
2.763615e+00
3.266930e+00
