32 16 3
0.04788698
-0.002537682
-0.1003735
0.02943195
-0.01795632
-0.1426681
-0.01205071
-0.100322
-0.05720771
-0.04147591
-0.07979427
-0.1025059
0.02189877
0.007080091
-0.07804954
-0.0761852
-0.08723143
-0.1463425
0.05952484
0.08954109
-0.02391515
0.1626523
0.12673
-0.1057822
0.06922405
-0.04529144
-0.1170461
-0.1861944
-0.08435678
0.09643913
-0.1577127
0.04665499
0.2331233
0.05973346
0.2309466
0.1870078
0.164083
-0.01298241
-0.1810358
0.09090269
-0.003061462
-0.07697964
-0.07016943
0.007305885
0.06793266
-0.04400557
0.01412988
0.05639339
-0.03720118
0.05225915
0.1198813
-0.009805585
0.1120292
0.1265281
-0.1229698
-0.02039719
0.1353374
-0.1793998
-0.1044588
0.2606759
-0.09437708
0.05821805
0.2012098
-0.09576778
-0.006752107
0.08948024
0.04107351
0.1003047
0.04964817
0.08211374
-0.01066302
-0.1406761
0.06604828
-0.06341189
-0.05182974
0.1389275
-0.03247257
-0.01901032
0.09861942
-0.06959488
-0.01531697
0.06717587
0.06886514
0.1347909
0.1540534
0.06315536
0.01934415
0.142555
-0.0467186
-0.09389111
-0.09075563
-0.09461612
0.02976098
-0.09152963
-0.1031967
-0.09310537
0.02209873
-0.09862088
-0.1138125
0.05290176
0.01022469
0.02627537
-0.03590347
-0.03566468
-0.004308461
-0.1452374
-0.1168143
-0.008553226
0.1516018
0.1206491
-0.1376034
-0.02238682
-0.01173881
-0.009605219
-0.1472687
-0.02211392
0.08165291
-0.007946261
0.02161237
0.03332957
-0.1329431
-0.0142785
0.04535565
-0.07958126
0.09533826
0.1320351
-0.1105882
-0.06542249
-0.1268531
-0.02888455
0.00910042
-0.08926831
0.05836343
-0.02504819
-0.09262532
-0.04136408
-0.215527
-0.01330497
-0.2093759
-0.06755622
0.2236971
-0.2012556
0.1549046
0.2254076
0.0645362
0.05139604
0.04500957
-0.04212003
-0.08060344
-0.007383853
-0.04886965
-0.07736938
0.01711009
-0.06930844
-0.06096896
0.04820159
-0.008557959
-0.05219331
0.01781473
0.003337551
-0.08261845
-0.1495932
0.02205482
0.09248743
0.004151327
0.1288098
0.1111218
-0.09703749
0.05203489
-0.1000131
-0.2148763
-0.1693947
-0.2242272
-0.02875932
-0.178866
-0.01347717
0.2139091
0.08286755
0.2152956
0.1769973
-0.07739816
-0.1786638
-0.05989515
-0.148157
-0.1926543
0.2619583
0.0356189
0.2407638
0.3399526
-0.04259016
-0.006215362
0.05074949
-0.06742674
-0.0175489
-0.04822571
-0.03832353
-0.08218959
-0.09099977
0.2093344
0.06419899
-0.09475799
0.03849294
-0.1146
-0.1038189
-0.1107075
-0.09669914
0.1385668
-0.02077235
0.03513483
0.08074483
-0.04795241
-0.001574949
0.03036848
-0.1475648
-0.06808782
-0.0544032
-0.005509452
0.0388592
0.06504293
-0.02424839
0.00631271
0.09568945
-0.07552362
-0.02583311
0.09911253
0.02516874
0.02085144
9.383718e-06
0.1165463
0.04980236
-0.05043464
0.04486437
-0.05808155
-0.114748
0.1964258
0.08511527
-0.08917364
0.03052368
-0.03927359
-0.192233
-0.08719279
-0.1593472
-0.1940296
0.08746331
-0.008884604
-0.1393628
0.03058981
-0.04010906
-0.1377306
-0.08073125
-0.1285202
-0.05460779
0.01425608
0.007891363
-0.002196975
-0.009460361
-0.05540565
0.07121163
-0.06857371
0.007625232
-0.01268227
0.02727947
-0.08528792
-0.1301141
0.06890853
0.05817935
-0.06956711
0.03212783
0.01985925
-0.02123177
0.1742039
0.2016204
0.03221883
0.1656119
0.09078294
-0.02956071
-0.007400573
-0.1175371
-0.1386898
0.1709432
0.046515
-0.09847985
0.1310756
-0.08669288
-0.1706968
0.02985621
-0.1116658
-0.08971907
-0.08696163
-0.0120395
-0.0133385
-0.112466
-0.06837421
-0.05949359
-0.1347155
-0.05850245
-0.0958098
0.1898665
0.1509105
0.1833037
0.1278417
0.1355717
0.1930383
0.1023591
0.1275319
0.2415003
-0.0144423
0.1435885
0.2393656
-0.01450555
0.06520087
0.194686
0.05344189
0.1784366
0.2295996
-0.01647596
-0.02133567
-0.1092607
0.03010575
0.06381111
-0.02479867
-0.0304296
-0.02497856
-0.04776198
-0.06216174
-0.06512371
-0.1186069
-0.06183804
0.05223478
-0.03843614
-0.02064053
0.01712673
-0.03751401
-0.01979169
-0.01947022
-0.02424928
-0.03618373
-0.0285622
-0.02407805
0.05421787
0.03409948
0.01117172
0.06467646
-0.004184014
-0.1325072
0.03802757
0.04642384
-0.1573826
0.0422966
-0.05337527
-0.1882188
0.05173114
0.003352097
-0.03934431
0.02182421
-0.01403125
-0.03412564
-0.002095438
-0.05674165
-0.06341155
-0.1303364
-0.03874145
-0.005222092
-0.07880595
-0.0518333
-0.018433
-0.02425404
0.01170916
0.06228441
-0.09251383
-0.04302933
-0.07706656
-0.1078639
-0.01780997
-0.06605031
-0.1304432
-0.07422411
-0.1439682
-0.177422
-0.1023583
-0.1112007
-0.07577445
0.01134084
-0.02868795
-0.1113238
-0.104384
-0.09968584
-0.09687666
-0.02893877
0.07595395
-0.01323694
-0.02629605
0.1063899
0.06936567
0.06729358
0.09505287
-0.02403776
-0.09568073
-0.1179688
-0.002903375
0.01740755
-0.090076
-0.1387218
-0.1121559
-0.1313598
0.1255555
0.155115
0.1790799
0.08118901
0.06622817
0.1394428
0.09061413
0.1027737
0.09907927
-0.05005934
-0.1335539
-0.0737281
-0.04898731
-0.07297216
-0.06477423
-0.07684087
-0.1006153
-0.0676017
-0.07472449
-0.1336254
-0.1287101
-0.05221476
-0.004943877
-0.1410278
-0.06334912
-0.09528737
-0.08624479
0.07675543
0.07318857
0.1066306
0.005017857
0.03403487
0.03958489
-0.1494742
-0.2016333
-0.09248277
-0.08698758
-0.0968739
-0.07716005
0.07818311
0.04625773
0.06844046
0.1520957
0.1139194
0.1178332
0.1312502
0.1783538
0.1832955
0.02756609
0.1150291
0.05261072
-0.07761667
-0.1287702
-0.1714795
-0.1284051
-0.1323365
-0.04730499
-0.1039634
-0.09639662
-0.001212098
0.03394014
0.1987824
0.1498507
0.0720632
0.03895824
0.005221778
0.05754446
0.006009851
-0.1214444
0.03287896
0.04233439
-0.05499138
0.1009356
0.1134727
0.08076751
0.06520309
0.06610341
0.0630356
-0.03496872
0.03805381
0.04633799
-0.09791339
-0.1641304
-0.2147956
0.08365951
-0.03700648
0.1259831
0.2581124
0.3164138
0.3169101
0.02556447
-0.05190512
-0.03859598
-0.006325643
0.008626736
-0.02767791
-0.00698901
0.04982031
0.001598774
-0.06102304
-0.08782433
-0.04004687
-0.07076342
-0.03958061
-0.09685466
-0.03489326
-0.0885171
-0.0465349
0.04923987
0.04347408
0.06176315
-0.07049187
-0.04134167
-0.03248008
-0.09448217
-0.1642107
-0.07565308
-0.02397634
0.01649453
0.008579304
-0.0709231
-0.001968866
0.116842
-0.1992485
-0.1145732
0.01390284
0.1133666
0.1643642
0.1598107
0.08007283
0.06760705
0.1372409
-0.169996
-0.1610404
-0.09807617
0.04879192
0.02195305
-0.03723519
0.1899278
-0.08673644
-0.1263648
0.1139322
0.1002817
-0.01053291
0.04108094
-0.01474435
-0.03354751
0.005743459
-0.0491116
-0.02302412
0.02737761
0.06496062
-0.04156787
-0.106849
-0.07015169
-0.01945619
-0.1064403
0.02225115
0.04433766
0.007024349
-0.03644134
-0.007460128
-0.01152721
-0.02724497
-0.1123516
-0.154577
-0.05661684
0.0674514
0.04629173
0.1681297
0.234557
-0.0469039
-0.02675053
-0.04402087
-0.01083855
0.02803572
0.001134455
-0.01403174
0.0003567777
-0.009609877
0.09215982
0.1217829
0.1540574
-0.06490856
0.03799915
-0.005107583
-0.1106066
-0.1492908
-0.2102498
-0.09873255
-0.03208217
0.01796415
-0.03496208
-0.03165216
-0.0917028
0.0374902
0.01407694
-0.05783389
0.04680827
-0.02287567
-0.0674144
0.1258735
-0.06817082
-0.09295882
0.2343073
0.1928421
0.1229031
-0.04928441
0.01045426
0.03487776
-0.02578961
0.1636277
0.07853913
0.03270751
-0.04935646
0.002846101
0.06414089
0.03280012
-0.02337031
0.08969621
0.02652658
-0.06259917
0.109711
0.1030539
-0.03170724
0.0879556
0.08692103
-0.0115445
0.08235051
0.02726677
0.1569449
-0.1811731
-0.05948125
0.09764363
0.06624461
0.02141934
-0.07302953
0.03338176
0.06940595
0.06096964
-0.0691638
0.04261648
0.1525213
-0.003498793
-0.001460333
-0.0004540153
-0.1155423
-0.02632784
-0.1167463
-0.1403984
-0.1704396
-0.1637813
-0.1029999
-0.03979373
-0.04596777
-0.06016226
-0.005186053
-0.002446742
-0.02596229
0.01017291
0.02538787
0.03176237
-0.01237628
-0.104746
0.08762956
0.02258383
-0.1053361
0.02926179
0.0392889
-0.03546217
-0.108177
-0.05522235
-0.09003352
0.03417121
0.1035073
0.04871742
0.1055095
0.1591438
0.1758531
0.008695437
0.1338895
0.09230767
-0.1364287
0.05957182
0.1031925
-0.1330773
-0.1200206
-0.04394323
-0.1142549
-0.114154
-0.05489273
0.0458847
-0.01226773
0.007844416
0.1012127
0.1514791
0.0991831
0.06551104
0.04994542
0.01002809
0.04252121
0.02588074
-0.007702589
-0.06462384
-0.05315972
-0.1768469
-0.002777963
-0.116385
-0.1124948
0.2627717
0.03026556
-0.1319972
0.3321719
0.3550578
0.1583751
0.008772282
0.07688131
0.07616971
-0.0162189
-0.01515803
0.0441224
0.008569418
0.06794038
0.05638648
0.02633715
0.06926816
0.03915859
0.05186526
0.05934015
0.09500671
0.05406463
0.02870123
0.0157369
-0.09828783
-0.01190374
0.02910341
-0.1717497
-0.2013692
-0.1199763
-0.1151692
-0.1419232
-0.1610641
-0.1992497
-0.1540822
-0.1993127
-0.16981
-0.117979
-0.2716866
-0.2344247
-0.3252621
-0.342402
-0.1010811
-0.05391935
0.03405398
-0.1858484
-0.1225153
-0.02581132
-0.1180567
-0.1606793
-0.04902799
0.01381013
-0.009426889
-0.03770937
-0.03925144
-0.04851827
-0.08157195
-0.03216777
-0.02152627
-0.05761368
0.05343847
-0.06878719
-0.1082424
0.1515664
-0.09733438
-0.09139822
0.1594047
0.02504853
-0.07434666
-0.07321569
-0.03883886
-0.09496867
-0.0566195
-0.05191066
-0.1076937
-0.1590588
-0.2117161
-0.2020868
0.05383622
0.05356786
0.05316738
-0.03931473
-0.07431709
0.01566169
-0.1111223
-0.0964657
-0.02724196
0.0120378
-0.01101577
0.04871038
-0.03810995
-0.0318457
-0.02214935
-0.06728101
-0.08886792
-0.08870873
0.07391846
-0.01541405
-0.05655684
0.1470785
-0.08367195
-0.03570605
0.1725875
0.124399
0.009388942
0.07578448
0.1277648
0.1452081
0.07737666
0.08186183
0.1358783
0.06758997
0.07879552
0.06347649
0.008198813
0.003346669
0.06541355
-0.04269753
-0.1018131
0.1832152
-0.09315154
0.008609113
0.02267175
-0.009836828
-0.0005125394
-0.00917665
0.07185637
0.08953459
0.0621848
-0.009413327
0.001241293
-0.01267988
-0.01687137
-0.08297025
-0.09692936
0.0199108
-0.06436247
-0.04403473
0.01164371
-0.02286976
-0.02434702
0.01213752
0.05417212
-0.05660507
0.07814312
0.0703672
0.006660121
0.06570046
0.04145164
-0.06233532
-0.005516496
-0.1172993
-0.3068343
0.1297639
0.05379802
-0.1608212
0.09200484
0.07559858
-0.05153964
0.05490627
-0.02081232
-0.03257629
0.07030967
-0.005508099
-0.02697054
0.04544865
-0.01027144
-0.01005824
0.03132931
-0.08740891
-0.07869945
0.06885278
0.03615267
-0.09334528
0.08886556
-0.02177236
-0.1003795
0.04922784
0.05860231
0.1417561
-0.03302461
-0.05649602
0.0883358
-0.09872559
-0.1595018
-0.04359043
0.02181106
-0.08892591
-0.123215
0.007630854
-0.03089937
-0.02978447
-0.01661401
-0.06963828
-0.00484243
0.129255
0.137074
0.008223712
0.08382995
0.09785468
0.03546767
0.04917027
0.1051454
0.08489047
-0.04726471
0.09773935
0.1845503
-0.07266458
-0.04228198
0.05534848
-0.003677976
-0.09952807
-0.137541
-0.06983973
0.0007446267
0.2070466
-0.08965659
-0.07510044
0.1328929
-0.03415304
-0.1611117
-0.06925858
0.01086858
-0.05294411
-0.1200438
0.06721864
0.04312969
-0.02779146
0.09093506
0.08431902
0.06410078
-0.0455091
-0.1020522
0.050708
0.01711851
-0.05143037
0.0151997
0.07497591
-0.01625811
0.02794225
-0.02541392
-0.0583616
-0.04824494
0.02768286
-0.1035778
-0.09362753
0.1491919
0.0406087
0.01429227
0.0149856
-0.059894
-0.06136357
0.05472267
0.06782971
-0.02000324
0.04157489
0.09818517
0.06584976
-0.07833321
0.005585615
0.04080397
-0.09544729
0.0535111
0.1118135
-0.1851225
-0.143666
0.06613423
-0.0608106
0.02721218
0.07621464
-0.04456227
0.03663572
0.1132583
-0.06410787
0.003115476
0.002773918
-0.07804083
-0.1051629
-0.1117389
-0.007690807
-0.0764333
-0.09749284
0.09468012
0.009101545
-0.1020139
-0.05137659
0.2579879
0.246701
-0.1390628
-0.0851205
0.3009368
-0.06984718
-0.1130723
0.1261771
0.04284956
-0.05781191
-0.04868242
0.07768302
-0.0127494
0.03435428
0.03949833
-0.04836545
0.03482177
0.09619723
0.1225987
0.03786016
0.07421873
0.03772958
-0.05406962
-0.1296489
-0.1847443
-0.1851363
-0.05313501
-0.1580529
-0.1533944
-0.0752737
-0.1473911
-0.1214187
0.003642253
-0.06932846
-0.04491444
0.008086291
0.06524183
0.1957428
-0.03190564
0.01161848
0.1572134
0.0183119
0.08794831
0.2170404
-0.05109941
-0.04259158
-0.04784947
-0.09579544
0.005599188
0.03769564
-0.0131042
-0.05997452
0.00830377
-0.03426431
-0.04995267
-0.07524718
-0.06572379
-0.06330959
-0.08067627
-0.01452553
-0.01013466
0.007624081
-0.1500691
-0.1072127
-0.146592
-0.193662
-0.004891103
-0.2328811
-0.283768
-0.2501284
-0.2939988
-0.05665661
-0.04060826
0.03943708
-0.05485405
-0.03628088
-0.02195782
-0.01229934
-0.08629686
-0.1069177
0.04526367
-0.01607849
-0.005484537
0.04560283
0.006364405
0.04962294
0.02165192
-0.0474047
0.006304782
0.1466342
0.05991061
0.06475914
0.161414
0.1055698
0.1412592
0.1482473
0.1194474
0.1206562
-0.03786492
0.01217904
0.01796927
0.0285399
0.04906941
0.01661975
0.008687243
0.05507574
0.01868722
-0.1665602
-0.1194985
-0.07020973
-0.122725
-0.06434098
-0.04121745
-0.05273686
-0.0292034
0.01388258
0.04297907
0.1094847
0.1044195
0.1020697
0.1166688
0.1092459
0.02467509
0.002423078
0.02506736
0.07052906
0.09993637
0.08652111
0.1461619
0.09226806
0.05360374
0.1976673
0.1231182
0.01691457
-0.05530206
-0.087611
-0.09987528
0.04435104
-0.07731374
-0.05294356
0.01301639
-0.06234003
-0.1016838
0.0009114121
0.01870618
0.04306942
-0.0236905
-0.07417892
-0.01673292
0.003982296
0.04353837
-0.08384454
0.01462477
0.09194425
0.05020386
0.01277185
0.06014373
0.0616787
0.04599446
0.09267246
0.0906771
0.06243924
0.04404628
-0.07376347
0.1400966
0.1083613
-0.07062382
0.1605594
0.1623281
-0.04977467
0.05822295
0.06684509
0.1157375
0.002398486
0.02783577
0.1672373
0.026505
0.06133759
0.1098278
-0.02119064
0.03817117
-0.04115232
-0.06438611
0.02109034
-0.04763995
-0.1442323
-0.1063235
-0.1776537
0.01880287
-0.01469764
0.06357953
-0.00284988
-0.1097225
-0.01030401
0.009621584
-0.02575843
-0.07671428
0.05048837
0.04061859
0.0217332
0.02826509
-0.01552468
-0.01007279
-0.0622883
-0.07866431
-0.0649872
-0.1325108
-0.1374206
-0.08852715
-0.03649614
-0.006059123
-0.1428078
0.08832732
0.07600019
-0.07970962
-0.1883696
-0.1400458
-0.1764209
-0.1489279
-0.1290425
-0.1365708
-0.1255219
-0.1578273
-0.2148231
-0.06451064
0.02038708
-0.05128036
-0.036123
0.04473544
0.005752889
0.08152895
0.1303899
0.08992627
-0.02273732
-0.06621199
-0.04685534
-0.06825896
-0.07832868
-0.04893676
-0.07488344
-0.07072598
-0.0445478
-0.09254435
-0.09417304
-0.01752766
-0.02909104
-0.03044449
0.0641899
0.02498357
0.140904
0.1819713
0.08750384
0.113167
0.1434153
-0.006288963
0.04059826
0.1306288
-0.1214671
-0.01592412
0.0795873
0.104469
0.009868017
-0.04161311
0.08659054
0.1116001
-0.04884358
0.009384985
-0.04656612
-0.1021221
0.01631368
0.05071812
0.03967963
0.02961334
0.04960169
0.08493343
-0.1020514
-0.1367171
-0.04158645
0.02477808
0.02644522
-0.004362004
0.09674722
0.1453314
0.1000739
0.03860242
0.007178759
0.006391325
0.02455584
0.08506563
0.1007537
0.02481456
0.09861436
0.2122121
-0.01158182
0.03418684
0.09518232
-0.1376718
-0.01339729
-0.1075499
-0.02501252
0.05036444
-0.01546466
0.03152912
0.06768633
0.04527706
0.1584943
0.1322717
0.1238674
-0.0509804
-0.0393796
-0.1093371
-0.2352266
-0.2454972
-0.219326
0.01449579
0.0176724
0.09453562
-0.04448564
-0.05668137
0.08657406
0.04120674
0.09654488
0.1654475
0.09444667
0.1728032
0.1784104
0.01486241
0.07737206
0.1175959
-0.1184819
-0.08546671
0.01282145
-0.03146727
0.02030167
0.06292105
-0.1020298
0.04525781
0.08562903
-0.01877045
0.02150494
0.02511215
-0.04276705
0.02953515
0.03782628
0.03567523
0.06355377
0.07872455
0.1402482
0.1399729
0.1079806
0.1315798
0.1840265
0.08879198
-0.01184682
0.1230362
-0.09714751
-0.1544756
-0.2123263
-0.3234974
0.02832977
0.02922074
-0.02542358
0.04727181
0.04279123
0.027233
0.02871417
-0.02893615
-0.04276097
0.07773553
0.07697015
0.07107522
-0.03200632
0.01757638
0.01869834
-0.06561079
-0.03253194
-0.01127375
0.07817095
0.06874335
0.1036851
0.0469732
0.02046333
0.03326599
0.05108349
0.06619658
0.04595991
-0.08162746
-0.02714685
-0.03419083
-0.06739203
-0.03729767
-0.1149744
-0.03689703
-0.0255294
-0.07557739
-0.261029
-0.1761006
-0.1011948
-0.1063597
-0.1166916
0.02562793
0.2359053
0.2611438
0.2966517
-0.07161596
-0.03943055
-0.01672674
0.04052484
0.08839715
0.06651864
-0.05185402
-0.04084666
-0.05983823
-0.131703
-0.08953208
-0.1011811
0.02484698
0.04342799
0.03263336
0.1799539
0.1934567
0.1320958
0.1201887
0.04453026
0.0468702
0.09450322
0.02066277
0.05106105
-0.1041065
-0.07046742
-0.05459381
-0.06097672
-0.03823048
-0.04085818
0.07333425
0.08962128
0.04732997
-0.01473268
-0.01488557
-0.04728707
0.007172498
-0.1833695
-0.2671249
-0.002285788
-0.1087192
-0.2357351
0.1016817
0.01471801
-0.09407964
0.03338346
-0.01346875
0.01438199
-0.02913298
0.008436905
-0.02391641
-0.04949779
-0.01658413
-0.05055703
0.1006688
0.06028347
0.01494673
-0.01923276
-0.05959596
0.01425074
-0.003086731
0.02208552
0.0572111
-0.3954393
-0.3651168
-0.3216134
-0.3154395
-0.2169671
-0.228558
-0.2453329
-0.182795
-0.08151867
-0.03952409
-0.06026319
-0.09331325
0.001647662
0.01841145
-0.09478682
0.02103782
-0.02820319
-0.04172584
0.01079302
0.08051915
0.09434067
0.03085781
0.09236053
0.1215017
-0.03993975
0.02707279
0.04383533
0.04205845
0.06756949
0.1056846
0.08854192
-0.07791078
0.05935584
-0.008253205
-0.03005764
-0.02692875
-0.0298778
-0.061269
-0.1045548
0.08102931
0.03009048
0.09019563
0.09407077
0.1240314
0.2421276
0.001378774
-0.04728321
0.04844491
-0.01974866
-0.05176597
-0.03173362
-0.00540778
0.006205707
0.01868955
0.04614896
0.01438144
0.01139963
0.0390568
0.02395079
0.03952074
0.07796089
0.01498662
0.003531637
0.0953048
0.01046348
0.08162531
0.05664156
-0.1044191
0.08036765
-0.07473753
-0.1117853
-0.02125655
0.05154382
-0.01684553
-0.04760991
-0.008942347
-0.05844294
0.02247932
-0.01236853
0.002716041
0.06238691
0.09954628
0.3562743
0.3256396
0.04200407
-0.08994276
-0.0005797286
-0.09593609
-0.1715174
-0.2314417
0.01844884
0.03845427
0.06285816
-0.01652314
-0.04115615
0.02367002
-0.02306367
-0.08112651
-0.05480526
0.04248077
0.06365771
0.1474677
0.04246915
-0.03057365
0.09376291
-0.06907376
-0.07209526
-0.03399624
-0.04494835
-0.03725959
-0.05320258
-0.0009808743
-0.03051371
-0.1061193
-0.03340569
-0.03548516
-0.1119417
-0.2558014
-0.06727735
0.09876993
-0.236095
-0.012115
0.06454215
-0.09157094
0.05654158
0.07357393
-0.1592748
-0.1123886
0.0341077
-0.1132196
-0.1119471
0.1469731
-0.01956062
0.01586784
0.2064191
-0.02447782
-0.09609003
-0.1794574
-0.05288643
-0.03768546
-0.1507827
-0.03359416
-0.1083288
-0.1111277
0.1355215
0.1654229
0.1831851
0.1658857
0.0008947374
0.106265
0.1291926
0.05365039
-0.001357541
-0.07019896
-0.1802321
-0.1197581
0.1008296
-0.06345341
-0.02373744
0.06659768
0.06238231
0.1014693
-0.05294924
-0.04727214
-0.1260119
-0.07244652
-0.1101953
-0.1089796
-0.1291498
-0.09197409
-0.09262136
0.1205078
0.03269682
0.08256764
0.1614968
-0.04535787
0.1669482
0.0141455
0.1243372
0.1012329
0.02981266
-0.004326459
-0.1048163
0.03380995
-0.02618365
-0.1763086
-0.02416902
-0.0461426
-0.1113566
-0.2842799
-0.1956113
0.04151657
-0.2088656
-0.03430628
0.2010066
-0.1223451
0.03388017
0.2639828
-0.1529252
-0.07469992
-0.01381841
-0.1642709
-0.06537735
-0.02087469
-0.09455445
-0.03514193
-0.02102343
-0.1147076
-0.05490603
0.06883837
-0.1547534
-0.06859589
0.08886424
-0.1546343
-0.1552046
-0.0384157
0.01997201
-0.008960566
-0.1573856
0.03078671
0.1145231
-0.1015281
-0.02416453
0.01456001
-0.1228014
0.1827516
0.02197383
-0.1770174
0.0753507
0.05165959
-0.1282198
0.02645394
0.08506785
-0.1049429
0.2135463
0.09112637
-0.1169615
0.2063616
0.07179405
-0.1389
0.1068737
-0.01644303
-0.2164365
0.06113137
0.04231938
0.05864175
-0.121336
0.08133996
0.03159652
-0.04668926
-0.1163785
-0.04109848
0.004310754
0.1541125
0.08948638
0.07496537
0.08893637
0.04833525
0.1115026
0.09324807
-0.1344038
0.06551263
0.05703827
-0.009697645
0.0352038
0.04138599
0.01582204
0.006543122
0.0343144
0.03902457
-0.01204366
0.09152718
0.206202
-0.07726377
0.01725478
0.175372
-0.08297933
-0.034394
0.0828281
0.08779486
0.03566159
0.007317354
0.04371646
-0.03449572
-0.01777499
0.04730814
0.050102
-0.009068458
0.07585938
0.01078216
-0.06249796
0.07880158
0.03598785
-0.02914027
0.1453776
0.07651518
0.01746948
0.00605408
0.07514486
0.09002271
-0.1016295
-0.1017222
0.05109399
-0.09299197
-0.1158816
-0.03519268
-0.01155567
-0.04994887
-0.05758853
-0.01148877
-0.01338971
-0.02641264
0.05350408
0.04574444
0.005797017
0.01815923
0.09677975
0.05576991
0.01916638
0.1451455
0.08873866
0.03069268
0.1070133
0.1029244
-0.1161395
-0.1039589
-0.09433831
-0.01312031
-0.07402797
-0.07964358
0.1163282
-6.300626e-05
-0.04587287
-0.05322937
0.1417865
0.2969796
-0.1309561
-0.01221805
0.2415656
-0.1645477
-0.07379036
0.1376526
-0.01467546
0.02671784
0.03705181
0.02095265
0.02054833
0.09270897
0.03252736
0.04948834
0.1257724
0.1087276
0.02346009
-0.001345694
0.1502467
0.0158943
0.06789637
0.09449345
0.1807901
0.1534351
0.08503373
0.0173838
-0.05561781
0.06056837
-0.01121086
-0.107422
0.08308424
0.03930246
-0.04347004
-0.06551687
-0.1626466
-0.1393761
0.01981395
0.02683732
-0.1643558
0.1231321
-0.09030028
-0.1419867
-0.04158867
-0.2186456
-0.3034524
0.04358509
-0.09613156
-0.2780123
0.1633895
-0.03141689
-0.2032595
0.07988021
0.0352953
-0.02624073
0.09225857
0.02646848
0.02675148
0.1015805
0.1259097
0.1549101
0.02475999
0.02958687
-0.06878033
-0.0235268
0.01196345
-0.0174115
0.007936887
0.05774389
0.05000269
-0.1529309
0.08517381
0.2019722
-0.1962735
0.05572699
0.1089468
-0.1383693
0.02285366
0.04395369
-0.1741039
-0.1153597
-0.07715318
-0.1119279
-0.07408915
0.02263482
-0.06468828
0.001022524
-0.05694553
0.04167173
0.004017225
-0.03500175
0.0563862
0.08875434
-0.02850665
0.06026034
0.0717768
-0.0684921
-0.1459885
-0.002595492
0.1141357
-0.1899339
-0.01293301
0.1650954
-0.281065
-0.01890284
0.2301656
-0.0270819
-0.01809933
0.04388133
-0.00797349
-0.1374121
0.08448967
-0.05577023
-0.06514446
0.1177084
-0.07964917
-0.04553463
0.001994933
-0.1001082
-0.04058601
0.01626276
-0.09950258
-0.02698279
0.005148364
0.1175295
-0.1202295
-0.1891232
0.2856286
-0.2094469
-0.1939528
0.2694818
-0.1109709
-0.1979022
0.08155216
-0.01459742
-0.07224315
0.06335802
0.01304902
-0.112945
-0.0605419
-0.08126533
-0.09367947
-0.02811924
-0.02306446
-0.05807688
0.06833071
0.003606576
-0.1136784
0.1694619
0.1058575
-0.01516388
0.07111529
0.01624513
-0.002478917
0.02751862
0.01851021
-0.009979143
0.0503421
0.1213739
0.04633826
-0.002215338
0.03266831
0.07253701
-0.02164477
-0.04126891
-0.003056234
-0.1701736
-0.09795192
-0.07987303
0.06326032
-0.07379317
-0.1041955
0.03031996
-0.0346646
-0.1671646
-0.03660712
-0.1876419
-0.2008765
0.0312438
0.0247192
-0.1604421
0.05926525
0.03321441
-0.1544222
0.02341297
-0.03718579
-0.1009458
-0.02387918
0.02909758
0.04071518
-0.06802304
0.01323696
0.0424319
-0.08215554
-0.001973797
0.06193236
0.1636799
0.1017304
-0.06672809
0.1566944
0.2009111
-0.02063558
0.06220965
0.1099777
-0.0159927
-0.174419
-0.04206934
0.0206698
-0.1356303
-0.04797668
0.09432176
-0.1369284
-0.08015669
0.09292591
0.03197151
0.03074875
-0.02767566
0.01368464
0.07365783
-0.0645083
-0.03181693
-0.02081057
-0.1212328
0.04747991
0.008502903
0.01969991
0.07866777
-0.0467261
0.0267501
0.04234378
-0.01056225
0.03268964
-0.004153579
-0.05379794
-0.05955328
-0.002752512
0.008619353
-0.06274892
-0.06416652
-0.07472501
-0.06402566
-0.02920566
0.00823551
0.01815278
0.02658537
-0.002393478
0.04985976
0.08989859
0.1202687
0.1095242
0.03215221
-0.02825682
-0.1563583
0.09331214
0.1141953
-0.07150657
-0.0006875294
0.03706459
-0.02344641
-0.0655836
-0.003054804
0.05105687
-0.04998207
-0.05877361
0.03633444
-0.06875522
-0.0257692
-0.0002137088
-0.01871667
0.1140835
0.05712922
-0.08368853
-0.004073162
0.1321127
-0.106697
0.01815282
0.07308245
0.08567273
0.08241526
0.05657349
0.1249268
0.07324611
0.001856773
0.1584847
0.145452
0.07009098
-0.0334842
-0.09890784
-0.1157177
0.09189957
-0.01360077
-0.1208957
0.1517137
0.04329691
-0.08007579
-0.0742401
-0.06274541
-0.01096479
-0.07563471
-0.05053627
0.006818246
-0.01265719
0.03980152
0.106559
-0.09243952
-0.008972103
0.03776247
-0.1039867
-0.07047608
0.07360102
-0.05235108
-0.07211921
0.01414491
-0.08311746
-0.09446195
-0.1058095
-0.09955493
-0.02768371
-0.1013506
-0.09781624
-0.07071166
-0.08785239
0.06381772
0.1127813
0.02924841
0.002481239
0.0656224
-0.04712128
-0.0428089
-0.02269283
-0.02453574
-0.07046648
0.002938472
0.02228378
-0.09835278
-0.003208141
-0.008826868
-0.1131433
-0.06258747
-0.04294543
0.03784738
0.07272871
0.03940643
0.04330121
0.033104
0.02390166
0.02357644
0.02998692
-0.005996425
-0.0209619
0.01105502
0.04742669
-0.06902263
-0.0031709
0.04857622
-0.05101534
0.05498625
0.08933596
0.006813965
0.003818849
0.002804403
-0.01165617
-0.03231947
-0.003056834
-0.01290363
-0.04590328
0.01972441
-0.04108926
-0.05505839
-0.005512036
-0.0968169
-0.0591106
-0.003620054
0.1337656
0.1280371
0.05252649
0.04082562
-0.0328567
-0.06974404
0.07673559
-0.04595513
-0.1553476
-0.01611721
-0.148406
-0.1454193
0.003473519
0.0439729
0.06185052
0.1687513
0.1797858
0.2052106
0.3042633
0.2621245
0.1725937
0.01083718
0.03477744
-0.01445663
-0.05052089
-0.02638301
0.06576901
0.04123176
0.08700927
0.0142645
-0.01257831
-0.03211066
0.01451022
-0.06226581
-0.03352191
-0.008875721
-0.0150692
-0.03973788
-0.04044526
-0.1266481
-0.1711843
-0.1210852
-0.2186692
-0.0743238
0.0332087
-0.1153998
0.0240176
0.2073707
-0.1563306
-0.04373485
0.05491066
0.0008277085
0.02453824
0.1174299
0.07951643
0.08122988
0.1180548
0.116726
0.1280303
0.07926123
0.09789171
0.08735574
0.08226307
0.05969516
0.140217
0.05133022
0.0382898
0.00986276
-0.09032802
0.112775
0.03360717
-0.1607627
-0.04404372
-0.1336715
-0.1953895
-0.04662892
-0.07423494
-0.1454304
-0.1240342
-0.04632325
-0.1322037
-0.1615176
-0.08694395
0.03356833
0.02889951
0.03161431
0.04091686
0.04323215
0.02007554
-0.001079423
-0.04009529
-0.09128721
-0.07212643
-0.1586272
0.02439868
0.1280251
-0.02557737
0.1094963
0.3126221
0.06888305
0.2559055
0.04924086
-0.1438937
-0.2157609
-0.1302295
-0.04281776
-0.0246501
0.06055153
0.01806463
-0.00167855
0.1658368
-0.08870783
-0.09727463
-0.1645543
-0.07972457
-0.05461822
-0.06932848
-0.09091607
-0.06858838
-0.03382928
-0.1114364
-0.1405284
-0.1895508
-0.2391356
-0.216595
-0.2858663
-0.09828106
-0.2410186
-0.04005474
-0.004099454
0.07780732
0.01932758
0.2461917
0.3109515
0.2147851
0.2729634
0.3319964
0.1971175
-0.006173823
0.003167359
-0.02455917
-0.03172905
-0.04824897
-0.05484215
-0.02607874
-0.02836358
0.02998127
-0.08284083
-0.02691584
0.04370354
-0.0528144
0.01339701
0.1002798
-0.1205134
-0.008470852
-0.003870253
0.002112439
0.08398384
0.0137932
-0.01074731
0.0716368
0.02080046
-0.01935015
0.02121113
0.005532826
-0.04855349
-0.05040243
-0.05721293
-0.06197388
-0.003318777
-0.1125159
-0.1116402
-0.1027765
-0.1068719
0.01218246
0.008223676
0.01428944
0.05457631
0.008682949
0.02593732
0.04408786
0.06376973
0.02939973
0.133902
0.05423528
-0.007995797
0.09400877
0.08239492
-0.008826116
0.0528138
0.04788627
-0.01462301
0.07947776
0.102958
0.06015788
0.1574315
0.2201979
0.2172772
0.220156
0.3338246
0.3016384
-0.06173893
-0.01857072
-0.01442108
-0.004061673
0.04034618
0.04500998
0.01188308
0.03827688
0.0459598
0.1064328
0.112689
0.11605
0.07029043
0.05761459
0.07387374
0.05165511
0.0266763
0.03277694
-0.04882721
-0.03167344
0.03410868
-0.02389852
0.009732185
0.01691367
-0.048835
-0.04650583
-0.06390228
-0.1078531
-0.05196969
-0.0009184703
-0.1156736
-0.05930636
-0.01268142
-0.08043783
-0.03018859
-0.07364582
0.0400849
0.05276428
-0.0107563
-0.03262332
-0.01699543
0.05924942
-0.03666866
-0.05201962
0.05259489
-0.09996318
-0.07892644
-0.04483029
-0.03411878
0.02587853
0.04292192
-0.06116149
-0.02772327
0.01738565
0.0781339
0.1178401
0.09534146
0.02568733
0.06146949
0.06558834
0.0007544344
-0.00800572
0.06966925
-0.007537666
0.08341955
0.02560284
0.03063909
0.1231164
0.03183946
0.05507343
0.04115792
-0.01647729
-0.1030438
-0.109632
-0.06915326
0.05526289
0.08180008
0.1331478
0.05343629
0.06482967
0.08070204
-0.2086078
-0.1959134
-0.1108305
-0.04516766
-0.007514186
-0.02834764
0.05628677
0.09073068
0.1437391
-0.05946679
-0.0190867
-0.02179726
-0.09108559
-0.1000099
-0.06153557
-0.1887466
-0.2091828
-0.1807638
-0.08021595
-0.09172352
-0.162183
0.1261524
0.03266173
0.01103273
0.2561516
0.2358611
0.2507909
-0.08651275
-0.1578099
-0.08700327
-0.003801932
-0.01918419
-0.088652
0.09957503
0.06794921
-0.0766127
0.1352676
0.1208632
0.1188027
0.03917199
0.003828346
0.03762594
-0.07748739
-0.1052069
-0.03004727
-0.04674326
-0.1038186
-0.1323341
-0.133592
-0.007741337
-0.1208527
-0.08335175
-0.1329297
-0.08920532
0.03666278
0.06490587
-0.01169816
-0.006048167
-0.03819322
-0.06923135
-0.01311133
0.01068913
0.03282715
-0.1040321
-0.1252847
-0.1584067
-0.06057383
-0.04495744
-0.1621588
-0.03166306
-0.1402263
-0.1857128
-0.04937585
0.02733172
0.04132664
-0.01388446
-0.004573768
0.04658961
-0.06818426
-0.1160716
-0.04432489
0.02450472
0.1017411
0.03578706
0.00525582
0.01702137
0.1697952
-0.09440266
0.1091731
0.1946965
0.1039158
0.2203005
0.2623363
-0.0336889
0.06037717
0.2201025
-0.2097321
-0.06295505
-0.01139166
-0.04223271
-0.07496484
-0.07743634
0.06983106
-0.05837358
-0.1175582
0.1407393
0.03039338
0.01433476
0.03463606
0.151637
0.1444879
0.07717931
0.06641463
0.1839584
0.0171372
0.1539092
0.1399423
-0.01593095
0.0318194
0.06680731
0.005860792
-0.06220262
0.02180357
0.0224865
0.00259693
0.0516165
-0.02916376
-0.05682798
-0.04348032
0.06807861
0.01133274
0.02607982
-0.005178997
0.07658569
0.05238933
0.01059041
0.02327338
0.05041588
0.0009281125
0.02135565
0.06611032
0.05607444
0.06850205
0.09063344
0.03874386
-0.05808834
-0.02626784
0.1107021
-0.1053839
0.04514252
0.04600326
0.04658357
0.06202148
-0.1994438
-0.187212
-0.1447715
-0.2323894
-0.130586
-0.209126
-0.1169578
-0.1632364
-0.1499403
0.008414904
0.01131081
0.01479495
0.01322233
0.0692182
0.07881542
-0.004670022
0.06312688
0.1132
0.007009753
-0.01810806
-0.04654405
-0.01974352
-0.1397072
-0.08226135
-0.06349337
-0.0263414
0.01949745
-0.1747955
-0.1547783
-0.09732752
-0.1680747
-0.2259653
-0.1413298
-0.09006837
-0.1160604
-0.1045194
0.01718601
0.09734776
0.01380637
-0.02880315
-0.005935098
-0.005466446
-0.03128635
0.01513904
0.01867658
-0.01574541
-0.001218525
0.005080146
-0.1018029
-0.06782895
-0.0721582
-0.1541024
-0.1359584
-0.06438652
0.2046882
0.02836426
-0.06948299
0.1830323
-0.1235281
-0.09547606
0.07207888
-0.04314152
-0.08566458
0.1428599
0.1127486
0.1236105
0.1385053
0.0985723
0.1214077
0.08100954
0.0750723
0.09515103
-0.0939728
0.05138
0.2154129
-0.06392012
-0.04235101
0.207628
0.005499765
0.01726846
0.1356035
0.044492
0.09011522
-0.00522171
-0.06392699
0.100416
-0.1201881
-0.1037133
-0.0779162
-0.1768664
-0.01852183
-0.146296
-0.0882262
-0.05179733
0.01080408
-0.05858479
0.02973916
0.09879594
0.1925251
-0.3509014
-0.2781253
-0.2459017
-0.2894695
-0.08907599
-0.267762
-0.2592105
-0.2251212
-0.2458926
-0.1653912
-0.1394802
-0.07143968
-0.06945124
0.005658758
-0.02993378
-0.07687765
-0.0253789
-0.06958918
-0.0466803
0.03658485
0.02957695
-0.1366143
-0.03870517
0.05217609
-0.01671455
0.07651837
0.1486426
-0.1227991
0.02872345
0.1018344
-0.1593295
-0.04870154
-0.02166794
-0.1363666
-0.05982657
-0.1345503
0.1909549
-0.003788549
-0.1731959
-0.1502818
-0.1142009
-0.2354193
-0.2744901
-0.2292494
-0.124999
-0.05021846
0.01128163
0.02400739
-0.03658541
-0.004866236
0.02883217
0.03130923
0.09702354
0.04775234
0.0137531
-0.05144266
-0.1036189
0.02439592
-0.03406205
-0.08161371
0.05859942
0.01772414
0.0333582
-0.02426944
0.01836643
-0.01175559
0.03039752
0.004570053
0.06674896
0.05149055
0.1396451
0.1874502
0.007271444
0.0477211
0.04980466
-0.04537351
0.05718422
0.04915752
0.09132738
0.1092804
0.09293157
0.109708
0.117211
-0.04733175
-0.08307417
-0.01642822
-0.1876473
-0.2424912
-0.2415646
-0.2041786
-0.1210267
-0.01725368
0.005054991
0.04268822
0.04412462
0.1106657
0.1482461
0.1205721
0.1243864
-0.03232249
0.04587502
-0.005262642
0.01371792
0.08087633
0.09103359
0.1037293
0.1408291
0.1460688
-0.2675
-0.1132658
-0.1200441
-0.1251586
-0.01455711
-0.02228828
-0.0001943358
0.0672411
0.01292989
-0.06007669
-0.05284417
-0.02246264
-0.09516682
-0.04380045
-0.1132543
-0.1863716
-0.2210641
-0.1736962
-0.1431269
-0.02707505
0.2148469
-0.02233928
0.004730876
0.2737778
0.1184532
0.2285922
0.2738779
-0.002599842
-0.04419496
-0.1141304
0.08763638
-0.04457089
-0.03437395
0.1155459
0.2209894
0.106747
-0.1476731
-0.05390781
0.0365436
0.01718821
0.0005647415
0.05673251
0.0590794
0.09955537
0.1149374
0.06597462
-0.008877254
-0.1262186
0.01437092
-0.05501606
-0.1329616
-0.07100175
-0.1346571
-0.1588663
0.06330246
0.02184767
-0.07778815
-0.1211017
-0.1861991
-0.2615112
-0.06009569
-0.2472888
-0.2002363
-0.0001068007
0.001337183
0.0002943435
-0.0006819315
-0.001129406
-0.001676295
0.001345967
0.001289557
-0.003938402
0.001709037
0.001401085
0.0002156077
0.0002231347
-0.001572364
0.002002035
0.001459197
0.001955445
0.002477542
0.0003247586
-0.0005157196
-0.0007254657
-0.0003050254
0.00256728
0.002494536
-0.0007354236
-0.003278685
-0.0007968089
-0.002067348
-0.002456127
-0.0004760902
-0.0005399846
0.001823025
0.001751573
-0.0006684667
-0.002698868
0.0005304111
0.0001064963
-0.001598838
0.0001949275
-0.0003311887
0.001250534
-0.00513279
0.001018884
-1.99019e-05
-0.0009944909
0.004318648
0.001990316
0.00287058
-0.001329253
-0.004167046
0.0001062935
0.002274709
-0.001637444
-0.001297111
-0.0008517443
-0.00273697
0.00143226
-0.001789786
-0.002639835
0.001523244
0.002150813
-0.001054938
-0.000910264
-0.001966384
0.0004877046
0.0005052579
-0.0005525146
-0.001221866
0.0008532497
0.001806497
-0.003614577
4.924531e-05
0.002110617
-0.0007612258
-0.00102205
-0.001572945
0.001746043
-0.001246733
0.0001109583
0.001421191
-0.0001078889
0.0007001737
-0.0002275301
-0.0003729457
-0.001181259
-0.0009174877
0.0006599036
0.003758941
0.002313814
-3.332646e-05
-0.001113556
0.0001799108
0.001733315
-0.004173771
-0.001709353
0.002036029
-0.0003091893
0.00336201
-0.0008432813
-0.003797407
-0.002052608
0.00178754
-0.0004046546
-0.0002097065
-0.001470392
-0.00107172
0.0002516132
0.001016038
-0.003462564
0.0004768648
-0.002816105
-0.003560918
0.002844336
0.0009940232
-0.0008186632
-0.0010258
0.002441298
0.001157906
0.0006048013
0.001836414
0.0001386011
0.001084801
1.716565e-05
-0.0005728528
-0.004689545
0.001521802
-0.001259127
0.002997371
0.001835681
0.002156274
-0.002053088
-0.0003615586
-0.0005373142
0.001453493
0.0004778812
0.001625765
0.003135814
-0.0008859081
0.0004371068
0.0008701563
0.0004656838
-0.0001941071
0.0002213809
0.002685393
0.0189172
-0.01627647
-0.04405101
0.2203328
0.1189332
0.02648763
0.2046348
0.04749828
-0.06184217
-0.06966981
0.01204263
0.1717549
-0.04349256
-0.004567176
0.1954832
-0.004983137
0.07806601
0.1497907
0.02414674
-0.002504419
-0.07103887
0.04316824
0.03412804
-0.07378142
0.01958911
0.009263384
-0.01366264
-0.02332668
-0.006193436
0.02676192
-0.04061932
-0.02791613
0.01629377
-0.111284
-0.06733108
0.0929934
-0.07843047
-0.1148506
-0.1524034
0.04856944
0.04937904
-0.08019035
-0.007735574
0.008572205
0.03962469
0.019095
0.008697562
0.002061452
0.09617413
0.06010043
0.06933141
0.05735748
0.06328953
0.06490155
-0.03149066
0.04537519
0.1036999
-0.1066452
0.04386901
0.05584095
-0.2568057
-0.1144732
-0.02669227
0.1486907
0.03375045
-0.08597016
0.1453496
0.09850518
0.03097947
0.09102669
0.06882195
0.04748441
-0.1126832
-0.1469468
-0.07754966
-0.01423384
-0.001460683
0.06195721
0.06448092
0.09104654
0.1344164
0.0479972
0.0948331
0.04746193
0.05036918
0.04867417
0.06294734
0.06314104
0.04244826
0.003199472
0.03087591
0.093164
0.2044703
-0.01134524
-0.05512997
0.06235427
-0.01968944
-0.1063059
-0.07844897
0.02045091
-0.01261558
-0.2418894
0.1115007
0.06642438
-0.1570351
0.1333154
0.1007617
-0.09761338
0.02847172
0.07063231
0.06811405
0.02038993
0.06559648
0.1018654
0.004693181
0.09701256
0.1447109
0.1916298
0.1264639
0.02305532
0.1218225
0.0489426
0.02185093
0.02602518
-0.04166271
-0.04192001
-0.06286608
0.03619404
0.1863214
-0.1509486
-0.21742
0.164325
-0.08428579
-0.1570648
0.0376071
-0.06579489
0.009627182
0.09310118
0.09116414
0.04433926
0.005833535
0.02226903
-0.08340415
-0.06464285
-0.05094665
0.01708725
0.04432625
-0.04078121
0.001012023
-0.02946668
0.02433551
0.04487248
-0.02065268
0.04942719
-0.02757749
0.01055653
0.06030041
-0.01387112
-0.01780434
0.1641585
0.007729054
0.1123487
-0.1553784
-0.05116231
-0.05168486
-0.03535212
-0.04667125
-0.003170336
0.008125157
0.03004059
-0.04971061
0.1260728
0.006246417
-0.008787626
0.1007868
-0.01488244
0.03187039
0.1335772
0.02224157
0.06579702
-0.1144685
-0.1058798
-0.06347569
-0.01867621
-0.07082001
-0.02766508
0.04285753
0.1231491
0.1347988
0.2510144
0.386707
0.3095056
0.4359655
0.5867128
0.4030385
0.3519474
0.4223937
0.3729558
0.01915698
-0.01780057
-0.05654631
-0.0346856
-0.05622055
-0.01715146
0.005491565
0.008418875
-0.03676691
0.003174104
0.03774147
-0.08637097
-0.1286749
-0.1493839
-0.1842586
-0.2553007
-0.2194847
-0.1575622
0.04152234
0.01298359
-0.06736069
-0.01826835
-0.009903201
-0.07222347
-0.0504887
-0.08530691
-0.02977811
-0.01472111
-0.002749175
-0.07835388
-0.09008068
-0.07997137
-0.1552613
-0.112425
-0.1113554
-0.140176
0.049714
0.02452816
0.01054741
-0.0306707
-0.004018763
0.03437232
-0.06984504
-0.03686448
-0.01135988
-0.02392017
-0.01518423
-0.03209765
-0.03288131
-0.001641714
-0.01374933
-0.06463782
-0.04312733
-0.02217745
0.1285237
0.0667011
0.02694702
0.0765451
-0.05102613
-0.1119742
0.06783458
0.005367205
-0.09624948
0.01799162
-0.01494308
-0.05169706
-0.03132131
-0.05968802
-0.01838805
-0.04596284
0.001217911
-0.04076171
-0.003891926
0.03439258
0.09204555
-0.01334968
-0.01872602
0.05770003
-0.07795656
0.02205259
0.104397
0.05616419
0.009220254
-0.08738308
-0.00519241
-0.1384365
-0.05746438
-0.05740803
-0.1130952
-0.0638805
0.003898259
0.02977622
0.06940142
-0.06535563
-0.02361978
0.009396414
-0.02700052
0.03656565
0.05832186
-0.0121819
-0.01196764
0.06258526
-0.08914214
-0.07895865
0.01853145
-0.127119
-0.03719348
0.02559393
-0.09835675
0.05021026
0.06012394
-0.05238366
0.09850459
0.09353856
-0.04906335
0.08986066
0.1060365
-0.03459006
-0.04046973
-0.03387064
-0.003092534
0.0354412
-0.02212978
-0.01278717
0.02015272
-0.04382664
-0.003110745
0.04623649
-0.007021773
0.08646765
-0.05695666
0.09659616
0.1121798
0.138131
0.07724651
-0.06430406
-0.02145585
-0.01403923
-0.05998106
-0.005264292
-0.02000455
-0.0657733
-0.03686562
-0.03881953
0.08010357
0.007547077
-0.05406605
0.00406921
-0.02239804
-0.04616003
0.008966021
-0.03663044
-0.06024296
-0.02260833
-0.09163406
-0.1401511
-0.07441671
-0.04842893
-0.019176
-0.08093221
-0.05501234
0.03526359
0.04717897
0.1133166
0.2161779
0.06590661
-0.004684977
0.221084
0.08416392
0.1320807
0.2403284
-0.03924013
0.02019311
0.05579784
0.006445259
0.04004758
0.05649936
0.04732879
0.05542296
0.07000305
0.002646492
-0.04000281
0.08019707
0.02274961
-0.00989507
0.02259468
-0.0243504
-0.05267461
-0.04416404
-0.05969783
-0.04745318
-0.06956074
-0.02158766
0.001242412
-0.0729582
-0.02045035
-0.04514106
-0.08038922
0.1077074
0.02052252
-0.05130042
0.1418215
0.09977053
-0.02614942
0.1002207
0.08874446
0.03262981
-0.2153589
-0.3221126
-0.4071356
-0.2387765
-0.2332832
-0.3739955
-0.2860336
-0.333505
-0.3006378
-0.0002418939
0.02468866
0.06154336
0.01109885
0.0650705
0.08510133
-0.005225185
-0.02745799
-0.005738201
0.00398132
-0.1454133
-0.119082
-0.05188804
-0.08990992
-0.1567724
-0.1146964
-0.137032
-0.1247316
-0.0108676
0.06283135
0.05914593
-0.06049179
0.01520331
0.01659899
0.01011874
0.06227119
0.07150969
0.08415736
0.02545814
0.03043488
0.1963749
0.07493699
0.1193129
0.0900731
0.05113883
0.08006711
0.005214997
-0.03127358
-0.02882631
-0.06389675
-0.05008323
-0.1096928
-0.0526703
-0.09299139
-0.08127458
-0.05204039
0.0934466
0.2738738
-0.02423799
0.0432745
0.2482891
-0.0771979
-0.03293246
0.06201624
-0.01737824
-0.09820402
-0.1058145
-0.1358251
0.1244495
-0.04377768
-0.07782236
-0.04323008
-0.03602813
-0.01508534
-0.07458212
-0.05028876
0.02009629
-0.04791279
-0.0483072
0.07596273
0.06996112
0.03637176
0.08113099
0.1085708
-0.01854484
0.1603156
0.06598954
-0.02272348
0.04560552
-0.01083659
-0.2109815
-0.02907672
0.04408513
0.02578856
-0.07303903
-0.009731928
-0.07313733
-0.1981547
-0.2135098
-0.2111664
0.1401865
0.03819023
0.03887756
0.006727807
0.01454825
-0.0117119
-0.1665821
-0.111885
-0.06132056
-0.0311544
0.07242216
0.1621414
-0.06553381
0.05141975
0.106891
-0.1701278
-0.09403053
-0.02598437
-0.04061427
-0.1081145
-0.007859063
-0.05446713
-0.1294084
-0.1586507
0.02743151
-0.1203986
-0.1424172
-0.04581591
-0.03127775
-0.02686259
-0.116797
-0.01511391
-0.09615861
-0.05664604
-0.0008626438
-0.02285929
-0.1339154
-0.1628772
-0.2015401
0.03357906
0.02794987
0.1117336
0.07947168
0.1931129
0.1902401
-0.07400967
-0.09168527
-0.09730492
0.02216118
-0.01989386
-0.09128066
0.1542443
0.1110116
0.02879901
-0.1419221
-0.1299048
-0.1114373
-0.02923111
-0.03859296
-0.06519016
-0.03290343
0.03150347
-0.0206675
-0.1564212
0.06974628
0.07168441
0.07615051
0.1296293
0.1269894
0.2023813
0.2717452
0.01787618
-0.03924651
-0.02334227
0.05551739
-0.1037132
-0.05428739
0.01292616
-0.09584321
-0.03305963
0.02365021
0.05691777
-0.05112347
-0.07850488
0.07644537
-0.1381762
-0.1072755
-0.04093759
-0.1156225
-0.1613779
-0.02012509
0.07712147
0.1991113
-0.1094487
0.0406821
0.08679756
-0.1100451
-0.07703696
-0.03200955
0.004842311
0.03741359
0.09985658
0.00383962
0.005263788
0.06988312
0.003403555
0.03904071
0.007933944
0.1401109
0.09128679
0.005001092
0.1596138
-0.04434272
-0.195001
0.07933889
-0.07227309
-0.1205597
-0.01594167
-0.01748418
-0.01331373
-0.02469534
-0.01302321
-0.01593971
0.01275001
0.01226992
-0.0009796869
0.2488474
0.05692964
-0.06240538
0.3206333
-0.0481703
0.03932583
0.2809343
0.1666698
0.132588
-0.2328603
-0.09372853
-0.04128222
-0.2473132
-0.01162572
0.0341582
-0.3047727
-0.03923122
0.1203001
0.2504598
0.08155169
0.05093125
0.2310989
-0.01057132
-0.0216292
0.1364666
0.001143317
0.001637016
0.02503653
-0.003809271
-0.01009218
-0.03404149
0.00569507
-0.07726631
0.01753829
-0.04113699
-0.1009573
-0.123456
-0.09025104
-0.02636251
-0.1537671
-0.06514372
-0.0239532
-0.02278995
-0.02193867
-0.01137452
-0.02333814
-0.0968503
-0.0436305
-0.0958458
-0.03833563
-0.07261264
-0.1632587
-0.2250145
-0.1433767
-0.1125002
-0.04504754
-0.04368844
-0.0788242
-0.05463968
0.06905724
-0.1121116
0.05313514
0.08635915
-0.1123541
-0.02080972
0.08948225
-0.09133995
0.05177993
0.1271727
-0.03587451
0.07774761
0.1596894
-0.06099564
0.01976648
-0.005526539
-0.05479296
0.08857563
-0.01774647
0.02162294
0.06465358
0.005950953
-0.02372867
-0.1292939
-0.1427356
-0.09169114
-0.1807958
-0.1060297
-0.02480669
-0.003630525
0.009308485
0.03768708
0.03700239
-0.02305202
0.06389174
0.03582451
0.02408872
-0.006410712
0.0221726
0.03247411
-0.2126172
-0.1846934
-0.1922165
-0.2686533
-0.1368937
-0.2575285
-0.2371719
-0.2020476
-0.2562249
-0.09162077
-0.006979812
0.05023777
-0.04726225
-0.03550982
0.08430158
0.05236426
0.08871133
0.1128638
-0.0216107
-0.05450798
-0.06025087
-0.0599299
-0.01401474
-0.03412817
-0.03968308
-0.009296261
-0.0420642
0.06491289
0.01979014
0.0001707538
0.0297327
-0.07324638
-0.05914243
-0.04582209
-0.07933708
-0.1070767
-0.02389224
-0.001206173
-0.04514492
0.01193638
0.001558698
-0.01924841
-0.05993012
-0.04749322
-0.01555695
0.06959292
0.02032349
0.05139194
0.07789551
0.07283136
-0.001816016
0.07912879
0.008614967
0.03949096
-0.02502757
-0.0144304
0.0111915
-0.02794067
-0.03899799
-0.03410406
-0.06583156
-0.09106632
-0.1176237
-0.002024239
0.03219167
0.01826815
0.00580899
0.00884083
-0.01395238
-0.02093232
-0.06406197
-0.1239683
-0.1650375
-0.1424953
-0.1701666
-0.005397383
0.02259544
0.0256831
0.1213322
0.1224072
0.09828727
-0.09281483
-0.07848762
-0.1059136
0.032255
0.01935598
0.1304751
0.05489284
0.2420177
0.2346887
0.04090415
0.04397225
0.05699378
0.03621804
-0.03006407
0.1052258
0.06889287
0.1190041
0.1925651
0.2005744
0.001290067
-0.1098605
0.04252482
-0.1038835
-0.3053565
0.02776518
-0.2867625
-0.3531021
-0.03355208
-0.02475037
0.06780425
0.03123126
-0.006838624
0.08158004
0.05793205
0.04228953
0.06863122
-0.01339658
0.0154755
0.02095315
0.02988706
0.07886174
0.04059914
0.02020947
0.03267372
0.03409651
-0.06379791
-0.006421416
0.07164342
-0.006026804
0.0598508
0.1764515
0.0513881
0.1357694
0.1415443
-0.02458167
0.0298157
-0.008418445
-0.05464378
0.002675757
0.01667705
-0.08549225
-0.006096192
-0.006100003
0.01956069
-0.03737214
-0.09605288
0.13117
0.03974194
-0.1469607
0.1968136
0.06593926
-0.1388828
0.02970066
0.09806517
0.04613247
0.02541811
-0.004161551
0.03012948
0.006383495
0.08140054
0.09981895
-0.08754927
-0.08032616
-0.1253082
0.02876366
0.01034622
-0.06027417
0.07788231
0.05748672
0.03829072
-0.05659631
0.05298692
0.04965063
-0.06261162
0.05808524
0.08756489
-0.08025968
0.03127892
0.08128946
0.01646046
0.04868855
0.04460793
-0.02276652
0.002099218
0.02654443
-0.06328174
-0.04755265
-0.006064701
-0.03038139
0.01729938
-0.01783398
0.02627579
0.08704268
0.0003448994
0.01029661
0.01156887
-0.09979536
-0.09248323
-0.05050775
-0.1194452
-0.1021778
-0.06373186
-0.05012589
-0.1210046
-0.05290172
-0.01937379
0.02732417
-0.06060409
-0.08624698
0.0572493
-0.01548501
-0.01911957
0.1175313
0.1216244
0.05429438
0.1279135
0.08131248
0.03294585
0.07601274
0.0416189
0.07907961
0.05234227
0.09210702
0.126082
0.1087134
0.07297198
0.0656752
0.1852126
0.09169479
0.0828545
0.1469998
0.1233954
0.05263045
-0.02416021
0.1172584
0.1053658
-0.09002452
0.06000256
0.1157396
-0.1522375
0.02739305
0.1104529
-0.2391533
-0.2777475
-0.1554129
-0.292318
-0.1285716
-0.1889819
-0.118898
-0.1503197
-0.1505743
-0.07692786
0.0003215624
0.1253359
-0.1166112
-0.02083127
0.08051533
-0.1346903
-0.1475854
-0.07835974
-0.1072628
-0.07351244
-0.07031118
0.01296528
0.02005295
-0.06865145
-0.01291876
-0.08448844
-0.1258368
0.04469413
0.1349389
0.06346352
0.1659944
0.09916606
0.1114327
0.1300954
0.1382145
0.0604599
0.07266764
0.03568852
-0.003109019
0.04488625
0.001093579
0.008187846
0.02533841
0.01891718
0.01575449
-0.083841
-0.1374259
-0.1018463
-0.04709582
-0.08744658
-0.03288383
0.1144255
0.1425805
0.1780773
0.116455
0.08027211
0.1136234
0.03478727
0.007043846
-0.006766792
0.05806668
0.01858197
-0.01539199
0.2606778
0.2586677
0.2513931
0.1542081
0.1650096
0.1827496
0.06507017
0.05625084
0.04755767
-0.06248875
-0.06356771
0.006173111
-0.04715905
-0.0275971
0.04902316
-0.03846468
0.03188635
0.1302213
-0.04205523
-0.09314892
-0.08571261
-0.04487868
-0.05344221
-0.05151076
-0.03320445
-0.02359603
-0.0116114
-0.1192419
-0.1042368
-0.04518844
-0.1021765
-0.01688853
-0.01244747
-0.008049338
0.03074411
0.07440737
-0.06507876
-0.02347769
-0.002365263
-0.05748386
-0.02190176
-0.03031986
0.01401018
0.02351345
0.03079472
0.02495849
0.05810603
0.00974275
-0.01212669
0.067821
0.004476909
-0.03532986
0.03333811
0.07213055
-0.07782635
-0.09927665
-0.1622983
-0.01476617
-0.05531256
-0.1682634
-0.006596999
-0.0985995
-0.1343096
0.01907104
0.04135678
0.023987
0.01837548
-0.0006366714
-0.02425271
0.01060281
0.01219567
-0.04225063
0.01977604
0.02923167
0.04404034
0.01450447
0.02024251
0.04488042
-0.03603599
-0.06471229
-0.04938097
-0.05795968
-0.09807023
-0.02375029
0.006064748
0.07833537
0.1355955
-0.02394445
0.02130076
0.1089498
-0.07230196
-0.1170163
-0.08974043
0.04868146
0.0371732
0.02455368
-0.0007190146
0.04972192
0.02910657
-0.02092605
-0.02965889
-0.02644184
0.0141337
0.03555357
-0.02173133
0.0123616
0.006887869
-0.02120184
-0.00358998
-0.002493989
0.03793979
0.01274845
0.03555781
0.04779699
0.04567531
0.06171133
0.0775661
-0.04777953
0.03352264
-0.02655813
-0.01640648
0.05413149
0.01362684
0.01242006
0.06154074
-0.04534806
0.04913107
-0.000561347
0.1720024
0.1146501
0.07315086
0.2003564
-0.01495594
-0.005235349
0.05461246
0.03061579
0.05451987
0.014188
0.06667244
0.08427629
0.01988368
0.1423206
0.1485947
0.08079174
-0.02627856
0.01022588
0.01695925
-0.03064704
0.03746111
0.0266963
-0.0629443
-0.001171217
-0.007871132
0.02345754
0.03738024
-0.06023512
0.01302544
0.0199025
0.02248823
0.01443487
0.04069925
0.005585934
0.002668562
0.01569027
0.05917338
0.07565732
0.04386444
0.0670337
0.05421065
0.03651708
0.04775843
-0.02375398
0.0203879
0.06871039
-0.01964279
0.03734314
0.1417621
-0.1067831
-0.08816023
0.07186715
-0.03590018
-0.001450237
-0.06529123
-0.06631536
0.01249614
-0.001837744
-0.0933395
0.02880359
0.06670327
0.1721613
0.1309786
-0.03913434
0.1787205
0.1099163
0.006411886
0.2431053
0.1791397
0.03072907
0.1119632
0.1514614
0.01507034
0.160286
0.191995
0.06038507
0.1353126
0.1850076
0.0405727
-0.1766512
-0.1441779
-0.07330346
-0.1572037
-0.1391259
-0.1216327
-0.1484933
-0.1606539
-0.05935134
0.01070956
0.03993051
-0.1078099
0.03394017
0.02345016
-0.1211213
0.03690427
0.06876015
-0.09574863
-0.1974448
-0.2842233
-0.1583646
-0.2292811
-0.1115179
-0.07659189
-0.1797603
-0.1393489
0.05554449
0.04782671
0.04013967
0.1042014
0.06901422
0.08310676
0.09069332
-0.01111731
-0.04873117
-0.01751441
-0.09717003
-0.07489013
0.02695618
-0.08488812
0.0005546546
0.09202171
-0.02327448
0.0493134
0.1289951
-0.0749387
0.01237788
-0.06966368
-0.0896078
-0.04692809
-0.02115665
-0.0830624
-0.09271514
-0.04686487
0.3109014
0.1377634
0.01691557
0.1671612
-0.04740689
-0.1329893
0.07141916
-0.1254768
-0.1626314
-0.0226901
0.03534487
0.0754203
0.000498248
-0.05476379
0.04866254
-0.1203352
-0.1671442
-0.08642855
-0.151392
-0.2156638
-0.1839446
-0.2119422
-0.2430092
-0.317486
-0.1165931
-0.1860608
-0.1636094
-0.1005354
-0.1344671
-0.1062233
-0.0713165
-0.1035837
-0.02973856
-0.05112746
0.005504868
0.1230246
0.04684569
0.005632652
-0.05125557
0.03868089
-0.2161484
-0.002755333
-0.0345049
0.01723626
0.07094353
-0.003532597
0.0009194511
0.0136503
-0.06239402
-0.1197751
-0.07629725
-0.1256679
-0.1318938
-0.07211422
-0.1014861
0.01781171
0.06443889
-0.04142537
-0.02786822
0.1782247
-0.1254898
0.02586583
0.1193074
-0.1665756
-0.2542908
-0.2701757
-0.2320164
-0.2349742
-0.332894
-0.2430785
-0.265927
-0.2626416
-0.08219016
-0.07607482
-0.0940781
-0.0725437
-0.09397459
-0.07186872
-0.1398036
-0.1275722
-0.02837412
-0.1245713
-0.2285356
-0.1530014
-0.1492628
-0.1656319
-0.2336759
-0.03774082
-0.1520523
-0.1568799
-0.08937809
0.02937728
0.1767792
-0.06564689
-0.131515
0.1142274
0.03136382
-0.07985051
-0.1205035
-0.00309813
-0.06739784
-0.08697487
-0.07553362
0.01544738
-0.1210062
-0.06938726
-0.07714327
-0.1635618
0.1030318
-0.05658351
-0.1350525
-0.0007935429
-0.1022257
-0.1160385
-0.05821861
0.005182962
-0.05485538
0.105947
0.08982446
0.05176409
0.05679504
0.1540414
0.05562076
-0.02249616
0.1134635
0.04111771
-0.0753566
-0.1085173
-0.02626282
-0.0190366
-0.1514463
-0.009277418
-0.05599368
-0.1301759
-0.1086807
-0.06469232
-0.04680387
0.1449108
-0.03507378
-0.004276972
0.08526544
-0.06907646
0.03905934
0.04282138
-0.09591196
0.01580525
0.09920265
-0.008732408
0.07031785
0.2081252
0.1334295
0.2017182
0.2482928
0.04234389
-0.04472316
-0.1282379
0.04027195
-0.02899995
-0.1370752
-0.07982747
-0.1078945
-0.1293575
-0.06878202
-0.1703348
-0.1704746
-0.1953859
-0.2765816
-0.2066003
-0.1269354
-0.1515657
-0.1172957
-0.1905042
-0.1981635
-0.1662373
-0.1657023
-0.03710154
-0.07842474
-0.1102522
-0.02890702
0.007471094
-0.02142187
-0.09505697
-0.1545007
-0.01215711
-0.1658702
1.418173e-05
0.001530841
0.03644751
0.1109676
-0.04241632
-0.05407264
-0.06222833
-0.09969909
-0.04951449
-0.07724936
-0.05619386
-0.08685638
-0.1079703
0.08341941
0.009603602
-0.05249298
-0.01615097
0.004576927
-0.1837669
-0.1486281
-0.2594372
-0.2460792
0.03085226
0.0119708
-0.0237686
0.009728729
-0.06400637
-0.03258608
-0.01148505
-0.02434092
-0.04288911
0.006762408
-0.01636643
-0.09105598
0.06120123
-0.06566216
-0.008573891
0.1203802
0.1028815
0.06027501
0.01126788
0.05848103
0.05801923
0.005465471
0.05606943
0.05314771
-0.07503527
-0.03231197
-0.04484428
-0.06694418
-0.05569001
0.0006111761
-0.1484601
-0.0437097
-0.09416357
-0.1787997
-0.1830612
-0.1165306
0.0624429
0.05928297
0.03832176
-0.01499065
-0.1177843
0.01114835
-0.02475312
0.03290103
0.06420715
0.05097333
0.1622023
0.06187847
0.1299636
-0.101119
-0.05775038
0.08064248
0.07917025
-0.03290243
0.04568214
0.1001638
0.1017874
0.03220131
0.03938925
0.06166676
0.000265287
0.00841487
-0.005778593
-0.01339461
-0.0292285
-0.1119528
-0.0356858
0.02406971
-0.1494822
-0.1110999
-0.1364076
-0.2565289
-0.1210194
-0.2604163
-0.1958198
-0.2417606
-0.2264972
-0.2711833
-0.1751958
-0.2743967
-0.1229113
