16 16 3
-0.08657455
-0.09766258
-0.1380042
-0.05599989
-0.03992112
-0.07378948
-0.1143881
-0.07984444
-0.1306523
-0.006939192
-0.0473956
-0.1059677
-0.1359745
-0.1553693
-0.1600164
-0.1438596
-0.1413982
-0.115944
0.04070254
-0.007429499
0.03715836
-0.09707915
-0.1736665
-0.04739492
-0.1600291
-0.1959384
-0.113204
0.06587908
0.05460994
0.02471261
0.04280434
-0.01072207
-0.08061607
0.06000919
-0.003487072
-0.06980951
0.09570514
0.00754327
0.07867168
0.134857
0.01610553
0.006862469
0.04373852
0.02146789
-0.1431391
-0.1139824
-0.1773393
-0.1789087
-0.1747928
-0.148026
-0.175308
-0.1595835
-0.1006293
-0.1112375
-0.0004433835
-0.001343549
0.001281924
2.77724e-05
0.002532861
-0.003245462
0.0001416321
3.667287e-05
-0.003155866
-0.02081327
-0.03518017
-0.07618066
0.005899621
-0.007484712
-0.0576832
-0.01000707
-0.05395034
-0.0624935
-0.0005340854
-0.0005900545
0.001782691
-0.00174277
-0.0007102594
0.002175655
-0.00133737
-0.000143707
0.004398297
0.07383008
0.1723256
0.1041527
0.07609094
0.0375769
-0.01150734
-0.04756687
-0.114992
-0.0970916
-0.03314075
0.00483184
-0.03870074
-0.09365752
-0.124344
-0.1499182
-0.08046255
-0.1089012
-0.158067
0.02604669
-0.007762384
-0.03426028
-0.08160637
-0.03966698
-0.01035547
0.02331955
0.02777265
-0.05210221
0.0463312
0.05112906
0.002186916
0.05244765
0.05240254
0.0145499
-0.08014812
-0.1467466
-0.1403194
-0.01923147
-0.04305758
-0.009234822
0.09240562
0.1115362
0.01150615
0.1562216
0.1677204
0.06913113
0.01387895
0.00259114
-0.01732272
0.02734074
0.02141461
0.0007015998
0.02324751
-0.0546392
-0.009231519
-0.007498021
-0.06359622
-0.02304411
-0.03041809
0.004434251
-0.09107362
-0.07042599
-0.07224114
-0.1195374
0.04402838
0.04174583
-0.03721732
0.00321162
0.03746489
-0.006094527
-0.1055125
-0.0433266
-0.06527141
0.1162199
0.01506111
-0.06159572
0.09889335
0.0006423477
-0.02626473
-0.003491319
-0.02763098
0.02421754
-0.04101075
-0.07277963
0.03357347
-0.04881835
0.03441215
0.0398159
-0.01414943
0.0637433
0.07217862
0.05167572
-0.01816875
0.002747387
0.02549786
-0.01211064
-0.07220503
0.0589528
-0.01349374
-0.08206365
0.09535906
0.03638775
0.05921348
-0.0179742
-0.0285585
0.03599522
-0.08344018
-0.01578245
0.04267285
-0.05066255
-0.02629018
-0.03124021
-0.09950916
-0.07167735
-0.0209692
-0.1501718
-0.1186268
-0.05440756
0.0003952032
-0.001044778
0.0005463884
-0.001127672
0.002626503
5.028072e-05
-0.001085536
-0.002451448
-0.001407953
0.04014304
0.07119114
0.03478181
-0.04698016
-0.02885466
0.06271195
-0.04444263
-0.08945505
-0.0788995
7.824603e-05
0.0007861204
0.001823018
0.002279756
-0.0003712905
-0.001813964
-0.001567836
-0.001929221
-0.0008249961
-0.04405714
-0.09765816
-0.06188037
-0.1016381
-0.1610475
-0.0528196
-0.06243909
-0.01985673
0.02820111
0.04387457
-0.03335063
0.01103157
0.02432545
-0.03960469
0.005805144
0.006361618
-0.03290693
-0.02434328
-0.02676531
-0.192339
-0.08647065
0.03966806
-0.0672887
0.006304229
-0.06490582
-0.05572635
-0.02034298
-0.02210708
-0.0288986
0.0207121
-0.09382807
0.00719966
0.01657165
-0.08697692
-0.03029993
-0.01343814
0.0487873
0.03424981
-0.02429634
0.003302031
-0.04405449
-0.08679136
-0.05252511
-0.0874037
-0.1205283
-0.1042381
0.08956346
-0.01600413
-0.1143871
0.01298966
0.1018483
-0.07040791
-0.004192984
0.0822742
0.03820853
0.034802
0.05107749
0.02541732
0.02018677
0.008728593
0.06987757
-0.01689638
0.07850371
-0.01899748
0.01102053
0.07081649
0.04534192
0.09652475
0.1197896
0.04815564
0.04810869
0.03902365
0.02959783
0.05169668
0.05556951
-0.09401618
-0.04141062
-0.07162778
0.02032458
0.002272609
0.01472786
0.09948503
0.01011124
0.04940909
0.06336569
-0.0262129
-0.02995365
0.06365034
-0.01975435
-0.04042093
0.06600547
0.0333586
0.06360508
0.02853653
0.01258689
0.0317575
-0.06520788
-0.1564113
-0.1664935
0.1395736
0.0603612
0.06752606
0.1490506
0.1341632
0.1337413
0.1662828
0.2239301
0.1530973
-0.1605901
-0.06858338
-0.2416904
0.07721755
0.2280127
0.08447091
-0.1060665
0.04215416
-0.01977361
-0.0007985262
-9.556413e-06
0.001961667
0.0008655659
-0.002120588
-0.002066482
0.0004461833
0.0004384301
0.001068935
-0.05339902
-0.1464629
-0.1924897
0.04690935
0.04217429
0.0905811
0.1964516
0.1332396
0.07667381
-0.002909858
-5.869936e-05
-0.001187917
-0.002880423
-1.826624e-05
-0.002630534
-0.001553851
-0.002296483
-0.002049177
-0.01565113
-0.1429951
-0.1409743
-0.02979676
-0.03967346
0.00955135
0.04020839
0.1115317
0.0833775
-0.02435799
-0.06230732
-0.09931213
0.03742855
0.0582956
0.03832934
0.0316564
0.1523998
0.06578021
-0.1250069
-0.07615625
0.02118462
-0.01562451
0.1034693
0.009422781
0.06615429
0.09669469
0.01692195
-0.0806252
-0.1208237
-0.1570642
-0.05422211
-0.02378207
-0.02142023
-0.01233445
0.003688283
-0.08194187
-0.01911097
-0.01658622
0.03816192
-0.03218899
-0.04168065
-0.008273793
0.01650381
-0.002961246
0.02383101
-0.04098107
0.02317805
-0.02670879
-0.02552609
-0.008351413
0.07001473
0.004853563
-0.05987129
0.07087254
-0.04034451
0.03490553
0.04985534
0.01474816
-0.002300232
0.03134662
0.02260148
0.0128137
0.07197665
0.008771176
-0.01405523
-0.06563389
-0.02290424
-0.08019639
-0.1278637
0.01458086
-0.05371327
-0.07730789
-0.07864536
-0.147753
-0.08494183
-0.05669773
-0.09690664
-0.05068715
0.03439945
0.05765348
0.02790659
-0.0462426
-0.007212177
-0.02839976
0.0844252
0.0729307
0.03319937
0.1327962
0.1278485
0.07810763
0.03993238
0.005183628
0.01046005
-0.001473549
-0.0005089994
0.01570088
-0.08870315
-0.07365336
0.03427509
-0.01337032
0.02350164
0.04923449
0.01875551
0.01205505
0.002292326
-0.04742431
-0.06719929
-0.04242352
-0.03624288
-0.06436729
-0.03492906
-0.1425575
-0.1304234
-0.114272
0.03814756
0.04751397
0.02050146
-0.001696695
-0.00147501
-0.0003884831
-6.699401e-05
-0.003590018
-0.001687652
0.0008290385
-0.0003143655
0.002417017
0.03264301
0.05531436
-0.05401748
0.0008160885
0.02539443
-0.02320907
0.02817522
-0.0003054891
-0.03118755
0.0004783776
0.001539272
0.004368363
-4.161375e-05
0.001225265
-0.001815604
-0.003438478
-0.0005815014
-0.0003373503
-0.1439315
-0.1825267
-0.1710899
0.003259703
0.03789146
-0.02484219
0.1545116
0.1917972
0.1107109
-0.1350885
-0.128268
-0.1424974
-0.09218256
-0.08322263
-0.08717785
-0.006255154
0.01034571
0.01593437
-0.02208629
0.09435803
0.04552265
0.009836135
-0.1240439
-0.09349825
-0.05261639
-0.007871874
-0.02540177
0.05938092
0.05629308
-0.08750787
0.08656966
0.04997052
-0.06526549
0.04362508
0.01415733
-0.0430789
-0.06862208
-0.08371254
-0.08678197
-0.07148641
-0.07185595
0.01785808
0.03429512
0.05296414
0.09738168
-0.006392052
-0.115418
-0.0008665742
0.008816775
0.1170596
0.06814065
0.128555
0.113933
0.07306217
-0.0115074
-0.01850794
-0.0696824
0.007180618
0.02195315
0.04802728
0.03045669
0.01912173
0.03976813
-0.01897027
-0.01278242
-0.01425116
-0.1096947
-0.1702283
-0.1443437
-0.07688438
-0.02679127
-0.08361929
0.03050637
-0.1581602
0.05018806
0.03841619
0.03102343
0.07934036
0.06257332
0.103136
0.1072725
-0.1621945
0.08278865
-0.0151389
0.1115419
-0.04713083
-0.06417348
0.09713239
-0.1095092
-0.06470456
-0.06646162
-0.1222469
-0.06852039
-0.1160663
-0.07725359
-0.02457586
-0.1004129
-0.03808167
0.04672099
-0.09210575
-0.02731184
0.2435023
-0.1259911
-0.11285
-0.00398625
-0.1435323
-0.1874601
0.01020429
0.07447855
0.07029107
0.09435189
-0.1413264
-0.04048746
-0.12579
0.1427662
0.1125366
0.1365552
-0.0006612404
0.0001974255
0.001973325
-0.0008036744
-0.00140156
-0.000976028
1.515789e-05
0.001674495
0.0006033349
-0.2099975
-0.09868391
0.1746399
0.0117148
-0.1800841
-0.032224
-0.0600685
0.01472603
-0.04365237
0.0002595641
-0.001499684
0.0007305284
0.002406537
-0.003666257
-0.002216751
-0.002335723
0.001143876
0.001483373
0.02074047
0.1412052
0.1409227
-0.04948026
-0.01539914
0.03569913
-0.00839351
-0.03355295
0.005432536
-0.07839344
-0.01089577
-0.0318876
-0.02065454
-0.1082306
-0.1444828
0.04937661
-0.06530716
0.04765613
-0.08753403
0.2205904
-0.2551508
0.08834939
-0.2358509
0.02425921
-0.07878296
-0.09180734
-0.00576828
0.057937
-0.01922151
0.1535715
-0.05666491
0.08860584
-0.07852055
-0.1200261
-0.0955527
-0.03952092
0.007170778
-0.02443327
-0.05545164
0.02358712
-0.02575221
0.06844092
0.1312789
0.09617746
0.1360594
-0.1653373
-0.1200169
-0.0008016776
-0.2807479
0.3795007
-0.3022924
-0.09268098
0.1244671
-0.1855742
0.1293282
-0.2440437
0.12453
-0.06065357
-0.05803741
-0.03247214
-0.04161684
-0.1084606
0.03466631
-0.1173522
-0.1027228
-0.1254423
-0.06860311
0.1619416
0.2042429
-0.1666655
0.1762268
0.3132553
0.04809868
0.059546
0.09928533
0.02948199
0.06474195
-0.008474315
0.02170288
-0.06109026
-0.09828434
0.01163717
0.02023344
0.121697
0.06300589
0.0382009
0.004099897
0.03128803
0.01373189
-0.04033494
-0.1082123
0.008512845
0.09075469
-0.04553595
-0.03669735
-0.07876287
0.03461066
0.02350807
-0.1198074
-0.09452449
-0.08780217
-0.06973464
0.09261335
0.120803
-0.0582638
0.2001786
0.559678
0.1790954
-0.0033791
0.04990346
0.07581086
-0.004893791
-0.01854006
0.01041826
-0.02668756
-0.08213738
-0.1651047
0.003067169
0.004140903
0.0005617565
7.31443e-05
0.0005486997
0.003454603
-0.0008021872
0.0008716817
0.000994429
0.04601573
0.05956521
-0.1034756
0.04707078
0.03988359
0.07468785
-0.1120661
-0.03548366
-0.04363221
-0.001041514
0.002976808
0.001432394
0.001865845
0.002247052
-0.001852313
-0.0008044102
0.00386456
-0.0005374938
-0.0471899
-0.09182408
0.03288634
-0.06781857
-0.05189535
-0.02662944
-0.03036827
-0.02994702
-0.0001672175
-0.02513382
0.03477355
0.0681715
-0.007461179
0.0558388
0.04377875
-0.05281049
-0.04184066
-0.06957239
-0.03325795
-0.03971346
0.04807636
-0.187499
-0.02450231
-0.02575888
-0.002840093
0.02475245
0.0838398
0.1313982
0.01810582
-0.08390998
0.04588189
0.04631668
-0.01188767
0.04779593
0.005376081
-0.02755297
0.0463141
0.1069757
0.1630339
0.07090186
-0.04783633
-0.04195275
-0.07345919
-0.1306158
-0.2014645
0.007969549
-0.03404218
-0.11875
0.002786471
0.008982755
0.1212331
-0.00886474
0.03088707
0.06786656
-0.1694679
-0.1644117
-0.05048286
-0.05737524
-0.03367338
-0.03046387
0.07030558
0.2017563
0.01530159
0.04116507
-0.0093387
0.01551027
0.06395569
-0.07032073
-0.0237604
0.1093652
-0.01651592
0.02448994
-0.01217129
-0.02473818
0.1048872
0.06932943
-0.03737153
0.09523666
-0.02380476
-0.1191204
-0.1233033
0.01082234
0.02546269
-0.01394715
0.1068632
-0.05032854
-0.02659186
0.1414122
-0.03756834
-0.04010388
-0.1393275
-0.03522966
0.007895737
-0.1148734
0.009578095
0.05996422
-0.001731504
0.119943
0.09394772
-0.004933301
0.05888614
0.05707927
0.04196106
0.04327564
0.01816248
0.05096461
0.07260597
0.09457454
-0.05551651
0.02209584
0.02022135
-0.04602468
-0.1008211
-0.1688057
-0.06157897
-0.04749625
-0.109305
0.002829313
-0.0003018751
-0.0002762304
0.0007033193
-0.001918238
0.00149996
0.002495783
0.002179065
0.0007465037
0.03177748
0.03688705
0.02763449
0.03866313
-0.03647631
0.05550789
-0.01141331
0.05775305
0.06924008
0.0009913442
0.00124914
-0.0001482741
-0.0003823408
-0.00127655
0.0004644776
0.001337806
-0.002304507
-0.000643376
-0.09551352
-0.07828338
-0.06426071
0.002436585
-0.1509121
-0.138663
0.0935135
-0.04431339
-0.1403981
-0.04681549
-0.05010282
-0.01952498
-0.06577663
-0.1206513
-0.1149
-0.06892888
-0.125029
-0.09398884
0.04110017
-0.0553408
-0.06859759
-0.04238879
-0.1044046
0.09550285
0.05078696
-0.1181332
0.0003037994
-0.07339084
-0.04136917
0.090722
0.03018152
-0.06679821
-0.1110415
0.01197126
0.05008047
0.1138056
-0.06623281
0.01446456
0.02272569
-0.04446793
0.04349
0.0845824
-0.0008316879
0.005887046
0.04159303
0.001156944
-0.06246565
-0.06109817
0.08772661
0.1187657
-0.3093528
0.02655794
0.1898426
-0.1421118
0.07999039
-0.1396413
-0.08003969
0.129214
-0.0277931
-0.07537321
0.113302
0.06702594
-0.0374616
-0.07683685
-0.08636305
-0.09460303
0.01608876
-0.07628352
-0.1102395
0.007424919
-0.07421318
-0.1011578
-0.0195002
0.1040691
0.1219458
0.01722337
0.14709
0.09158999
-0.002995428
0.07502975
-0.01959425
-0.04915331
-0.02172668
-0.07654037
-0.03166874
-0.000130987
-0.05034313
0.09201168
0.08418265
0.004831549
0.01609468
-0.01636887
0.08030751
-0.08646283
-0.09327643
0.08519162
-0.07422105
-0.09020659
0.04751904
0.1344164
0.2235794
0.2205444
0.1113202
-0.002167132
0.03765307
0.003140934
-0.1405263
-0.1421321
-0.02122721
-0.081747
-0.01576996
0.0273486
0.03502934
0.0610791
-0.1736567
-0.1282883
-0.06779648
0.001014647
-0.0005181479
-0.00164323
0.001887714
0.0005652908
0.000168498
-0.001388599
0.0005046802
0.001503092
0.05946558
0.1748293
0.1035039
0.02409961
0.06981488
-0.009801581
-0.002845593
-0.07566707
-0.05694988
-0.001540384
0.00314441
-0.001543543
-0.0001473296
-0.0006452941
0.001785893
0.001348826
-0.001280055
0.001294954
0.1199291
0.1579926
0.0739631
0.09782796
0.1303097
0.01035941
-0.002184734
0.07224452
-0.03641932
-0.009882227
0.02313384
0.03203767
-0.03379858
0.02662034
0.003868257
-0.02247702
0.04925883
0.05912502
0.06280882
0.05766613
0.01736376
0.01366739
0.05297837
0.004637838
-0.03547624
-0.03973375
-0.05196835
0.05906107
0.1871875
0.1548335
0.1609154
0.1362311
0.0007703742
0.07385998
0.03128265
-0.09232517
-0.06213275
-0.02554797
0.002385886
-0.06592872
-0.01844616
0.04757722
-0.03267036
-0.01260357
0.02571299
0.04828207
0.05502687
-0.0668615
0.0313366
0.09790909
-0.08582189
0.05069997
0.0576506
-0.02190398
-0.05691529
0.01934818
0.03902058
-0.07540124
-0.0898054
0.05919965
-0.09271668
-0.07688496
0.01040837
0.005681128
-0.02628811
-0.09853856
0.03989613
0.03478519
-0.03473113
0.03261519
-0.001150647
-0.04418299
-0.05788617
-0.06053171
-0.01060657
-0.05363439
0.01956465
0.04086056
-0.01511316
-0.07057381
-0.1320151
-0.01214242
0.0189311
-0.04405331
0.04417015
0.07523517
0.02262132
0.1551291
0.1334989
0.1453755
-0.06957923
-0.005054631
0.09802715
-0.04142429
0.008731803
0.1243713
0.03791928
0.1168671
0.1260292
0.02587755
-0.08592322
-0.1470774
-0.02265989
-0.1125401
-0.1766044
0.04117503
-0.09608892
-0.1732552
-0.05198085
-0.03823126
-0.08945064
0.04660167
-0.01233497
-0.02861727
-0.0237149
-0.07209628
-0.08117101
0.0006267262
-0.0007928759
-0.00100661
-0.002210998
-0.0004008272
-0.00148556
-0.001642397
-0.0008787369
-0.0007351545
-0.2229483
-0.2920859
-0.1773482
-0.3699075
-0.2934774
-0.2446099
-0.294996
-0.345043
-0.2413307
0.001794898
0.001954096
-0.0004170849
0.002420934
-0.001195096
-0.001292508
-0.0008397327
0.001102993
0.0005463705
-0.06099846
-0.1492251
-0.1329618
-0.08639698
-0.1634622
-0.1774851
0.05676365
-0.04352592
-0.0718734
-0.03249726
-0.1045128
-0.1438194
0.01896488
-0.06851622
-0.04986587
0.1096908
0.03253527
0.05721439
-0.03594851
-0.06915703
-0.01375632
-0.01971125
0.06508984
-0.001240088
-0.1134754
-0.2227518
-0.1816121
0.01135801
-0.08518759
-0.1688223
-0.04751464
-0.12265
-0.005599164
0.0499079
0.003572899
-0.06034266
-0.05306194
0.056767
0.08036302
-0.09772114
-0.02849702
0.05398113
-0.1244114
-0.008180858
0.0263018
0.007928001
-0.05803962
-0.07215819
0.03196898
-0.002803898
-0.01082652
-0.06833996
-0.07309441
-0.007406291
0.0006399867
-0.07766118
-0.00526017
-0.008199922
-0.05647606
-0.05345901
0.04616226
0.01495048
0.05542742
-0.1240105
-0.1019939
-0.01798102
-0.1626971
-0.1847611
-0.09913023
-0.1050625
-0.1664905
-0.1451158
0.04817684
0.06087151
-0.08153341
0.001637056
0.01369858
-0.1521301
-0.109739
-0.1779233
-0.143751
-0.09574391
-0.05316933
0.001743458
-0.1451949
0.03714735
0.06765874
-0.07995633
0.08616571
0.04303316
-0.03209861
0.04204663
0.1653885
0.009189586
0.07914367
0.2023906
-0.08451035
-0.01046411
0.06372671
0.05825502
0.05746917
-0.02528717
-0.1041099
-0.1065832
0.05887706
-0.1440887
-0.1178038
-0.006853963
-0.03418989
0.003861948
0.04876297
-0.06770541
-0.03956161
0.06453205
-0.04179804
0.00287852
0.04797306
0.0007435457
0.001136168
0.002190304
0.0005339594
0.003437974
0.000658623
0.00137861
-0.001280933
6.489595e-05
-0.07615419
-0.04123566
-0.01377607
-0.0252423
-0.09177348
-0.1082214
-0.04877273
-0.08005466
-0.02922524
-0.001291171
-0.0003649388
0.0009266285
0.001487278
0.002135523
-0.002017979
-0.0003775881
-0.001613594
0.0003952431
0.02735759
-0.04742298
-0.01402431
-0.1754039
-0.1752233
-0.03883199
-0.1996436
-0.1308669
-0.03263164
-0.07275358
-0.08579277
-0.1066578
-0.1034673
-0.08155793
-0.07829045
0.01925649
0.05944305
0.04520263
0.02207904
0.1034892
-0.001934561
-0.01477091
0.01990909
-0.01115271
-0.03928346
-0.005664016
-0.06897528
-0.0602935
-0.06681596
-0.01313868
0.07838539
-0.03530149
-0.02181261
0.05904508
-0.02808192
-0.07068595
0.05046957
0.03939407
-0.04961892
0.016142
0.04312279
0.06258006
-0.0461527
-0.002734498
0.0611744
-0.01782171
-0.01451206
-0.07156777
-0.03306529
0.00453988
0.01396029
-0.06324159
0.005140164
0.02894664
-0.09312704
-0.03649829
0.02926716
-0.1526888
-0.1147361
0.0337388
-0.1296498
-0.1347072
-0.00505148
-0.05408156
-0.06335398
-0.005194493
0.02481452
0.01886839
0.06052535
-0.03113875
0.01717946
-0.00833934
0.04698401
0.06649996
0.02221469
0.08900382
0.05769647
0.01570154
-0.03418917
-0.06696997
-0.02318026
0.1295412
0.1396682
-0.03378267
0.0930058
0.1927593
0.006013891
0.117771
0.1432979
0.06181942
0.02240548
-0.03070716
-0.09057625
0.04686651
-0.003692276
-0.02431628
0.03878797
0.02881747
-0.007265197
0.05388462
0.03056929
0.0159425
-0.08999687
-0.06772022
-0.06325197
0.009554769
0.1269096
0.09369591
0.02476279
0.2819673
0.1504985
0.1513647
0.3616562
0.2556286
-0.06651077
0.1923019
0.09155763
-0.002230519
-0.0008460893
-0.0002930247
-0.0002609815
-0.000952394
-0.0005663179
0.0002631955
-0.0004323763
-0.003622131
0.005090464
-0.01310485
-0.03029247
-0.01561407
-0.006614153
-0.04450872
-0.1239886
-0.04747993
-0.1097344
-0.002797276
0.0002418737
-0.001512146
-0.002039799
0.0004940582
0.003023599
-0.003083862
-0.001976895
0.000336428
-0.04391812
0.0101388
-0.07199626
0.1521634
0.163655
0.05260029
0.1737278
0.274053
0.1221998
-0.03915669
-0.06589763
-0.06620508
0.1550362
0.1112543
0.0568231
-0.03061321
-0.04909062
-0.1084332
-0.09374464
-0.1048921
0.03607685
-0.06398236
0.07240714
0.01773218
-0.01925952
-0.1537838
0.0334054
-0.06563972
-0.08438164
-0.1504984
-0.06500693
0.06014187
0.04299713
0.01403167
0.05272476
-0.09711613
-0.046068
0.007628446
-0.0194352
0.004776293
0.1061462
0.03127569
-0.07265149
-0.0962688
-0.08320425
0.04984549
-0.006330959
0.01982347
0.1091658
0.0410579
0.06569402
0.03229572
0.1378654
0.02924466
-0.1118348
-0.09663872
-0.02171947
0.04482441
-0.06034506
-0.04121001
0.02058932
0.04460469
0.06655286
0.05751444
0.02528039
-0.02394266
0.04587406
-0.0287602
-0.04215935
0.09449104
0.03908463
-0.009400038
0.01562284
0.02118028
0.001593249
0.0336181
0.103122
0.05514966
0.02747969
0.04259734
0.05701674
0.009106861
-0.05024444
-0.02294832
0.01155769
-0.0618279
-0.04267302
-0.03278013
-0.08762892
-0.09379961
-0.07025575
-0.04341302
-0.04405125
-0.003226505
-0.0146122
-0.03215873
0.1227912
0.09265386
0.06588193
0.1023139
0.1106815
0.08291738
0.02865859
-0.03529447
-0.05670798
0.1007848
0.05094765
0.002800382
-0.09304313
-0.05773817
0.006152886
-0.1430898
-0.1458756
-0.0721584
-0.05233695
-0.08935755
-0.0377863
-0.001368673
-0.0009845543
-0.001289991
-0.0005525066
-0.0002616789
0.001865176
-0.0004038461
-0.0003267512
0.0004667318
-0.06745426
-0.09186653
-0.0900184
0.07221556
-0.002028065
-0.03927211
0.02011204
-0.03690534
-0.03970604
0.0007419313
-0.0002705458
0.0003455924
-0.001034365
0.001285825
-0.0009661391
-0.0004312791
-9.862375e-05
-0.002813765
-0.003777838
-0.01052575
-0.01623449
-0.0289702
-0.004784318
-0.07547306
0.0075057
-0.01361427
-0.07868502
-0.0781193
-0.06948946
-0.01501948
-0.02979721
-0.03449409
-0.005948289
0.06485717
0.02492628
0.03803138
-0.08176948
-0.02301225
-0.0430445
-0.1180966
-0.005348224
-0.0368744
-0.06729607
-0.101302
-0.1186148
-0.04984878
-0.1003563
-0.1136841
-0.02889948
-0.06163923
-0.09037962
-0.01856239
-0.07376964
-0.09652442
0.04205414
0.02599108
0.06557204
0.04672233
0.02410456
0.08583149
-0.04136659
-0.0387357
-0.006238811
-0.0223871
-0.07030448
-0.02553916
-0.06529858
-0.1223857
-0.06555738
-0.02919554
-0.1235079
-0.08215973
-0.05995809
-0.09113519
-0.09701568
-0.01389494
-0.08212384
-0.06514881
-0.02817
-0.0228372
-0.03690562
-0.01634421
-0.07024794
-0.07351931
0.08254001
0.01250179
-0.0002948419
-0.02359675
-0.03971933
-0.07131389
0.09025478
-0.05026409
0.05434008
0.1268347
0.2732
-0.0168438
0.07376974
0.18845
-0.0780239
0.1031803
0.02302175
0.02229885
0.1390712
0.0003327521
-0.01130049
0.05281198
-0.02589219
-0.02970496
-0.1160992
-0.02969823
0.02747723
-0.07417584
0.1161155
0.06014957
0.04622075
-0.0590228
0.07748032
-0.006381466
-0.01031282
-0.07439278
0.05193283
0.1309688
0.02063717
0.1204231
0.05060232
0.111204
0.08512677
0.08735491
-0.0159014
-0.0882289
-0.06871592
-0.2146052
-0.1015303
-0.1726973
-0.1363934
0.002883277
0.001843687
0.003869332
0.0005235793
-0.0005955756
-0.003489271
-0.0004147474
0.0006043993
0.0007610673
-0.02101017
-0.08961512
0.0006861571
0.1772847
0.1828261
-0.09538777
0.2952679
0.1567608
-0.01854637
0.0007803584
-0.0003542124
0.002516992
-0.001447445
0.0002384389
-0.003026477
-0.002002375
0.001493504
0.002509678
-0.08305264
-0.02041032
-0.04826415
0.01288975
0.04225804
-0.09388936
0.2108512
0.165018
0.04591494
-0.08656167
-0.02228111
0.03089062
-0.1729858
-0.1302843
-0.1444606
-0.004707468
-0.1041484
-0.01416513
0.07817112
0.08638703
0.04704167
0.117487
-0.4288647
-0.1307349
0.1083035
0.5589184
0.05364955
0.01968223
-0.01507855
0.02294603
0.08057182
0.2687324
0.1297101
0.2080785
0.2897384
0.1662266
-0.0557504
0.1624459
-0.02542831
-0.001126266
-0.0399617
0.1495067
0.1300606
0.1380023
0.05006319
0.03398256
0.02716613
0.02005463
-0.2135237
0.2157704
-0.1153967
-0.03573973
-0.1416213
0.06950244
0.1089363
-0.1729952
-0.0880966
-0.08295667
0.1589633
0.1092492
0.08564193
-0.08211009
0.03597954
-0.07008103
-0.051019
-0.08580189
-0.04646366
-0.02889104
-0.04756017
-0.03288851
-0.03715064
-0.03028029
0.03234625
0.05470674
0.05466611
-0.04279194
0.01655633
-0.05482166
-0.04096689
-0.04176155
-0.05627675
-0.01770445
-0.0481116
0.01373347
-0.023945
-0.08078047
-0.05874339
0.01674769
-0.1119615
-0.02323512
-0.002832486
0.052476
-0.02641475
-0.03935486
0.01279151
-0.03169474
-0.04280774
0.05629699
-0.009139087
-0.1085144
-0.07274149
-0.04290421
-0.1382103
-0.1180688
-0.1105249
0.07471516
0.08260772
0.04042177
0.06618783
-0.009099721
-0.003508834
-0.01743212
-0.05067746
-0.05801916
0.02324465
-0.05230879
-0.05857184
-0.001326991
0.0009465826
-0.00131339
0.00289272
-0.002694852
-0.001716962
0.0003573049
0.0003328581
0.00124497
-0.09270549
-0.05722264
-0.004598619
0.07494182
0.1378448
0.1410345
0.1677197
0.1927107
0.1014545
0.0007722003
-0.001457194
-0.0005185305
-0.00106078
-0.0001653822
-0.002371282
-0.001683337
-0.003148472
-0.003908763
-0.03974453
-0.02127891
-0.02927283
-0.06037037
-0.07020341
-0.0957675
0.0638584
0.0120809
0.0672811
0.007800529
-0.0001879128
-0.02648001
-0.08234972
-0.08192425
-0.1185314
0.06971629
0.07597939
0.04213459
-0.004416101
-0.1411953
-0.08149001
0.01476377
0.0827908
0.003338067
-0.1121907
-0.1429165
-0.07152339
-0.001477676
-0.02192952
-0.06653421
0.05713677
0.04463477
0.1167916
0.1194747
0.1623055
-0.009079477
-0.002687864
0.06926148
0.05934339
-0.01796916
0.05723455
0.01653449
-0.08152352
-0.04825066
-0.06808504
0.1006902
-0.003149829
-0.004494771
-0.03089438
-0.04885895
-0.004803021
-0.0652685
-0.06429587
-0.1376886
-0.06719729
-0.006910963
0.01900926
-0.01229315
-0.107542
-0.03054743
-0.003565455
-0.01933745
-0.06476329
0.01923844
0.04291305
0.06134064
-0.0630391
-0.02359866
0.08067758
0.001754576
0.07524113
0.01566265
-0.1031415
0.04264
-0.1216813
-0.01446745
0.04696653
-0.003398467
0.001555254
-0.1425633
0.007983357
0.05961671
-0.1194015
-0.03946487
0.0370695
-0.008657673
-0.008652823
0.03114706
-0.05672298
-0.01535431
-0.01344023
0.1281556
0.02505914
0.04687827
0.1229637
0.08094529
0.04281072
0.008458789
-0.09020946
0.07760379
0.1268001
0.07715657
0.02424712
0.06041443
0.08731648
-0.01438031
0.08863933
0.04200549
0.02097228
0.07733862
-0.01519343
-0.133743
-0.1249851
-0.09486677
-0.0003991988
-0.01722043
-0.003901616
0.00412752
-0.002939142
0.002567326
0.001221126
0.002603574
-0.0002069291
-0.003502897
0.001439534
0.001091845
-0.09963213
0.03205291
0.0229388
-0.001421434
-0.0432247
0.121559
0.0997754
0.06220967
-0.152892
-0.001346275
-0.0003913516
-0.003274977
0.0004898977
0.002987041
-0.001215062
0.001298057
-0.002027877
-0.001128777
0.06519371
-0.03382728
-0.1547293
0.0485364
-0.001950227
0.03668397
-0.0441894
0.05329706
0.04450751
0.05113319
-0.1188591
0.04965327
0.01623181
-0.06322605
0.06070589
-0.02357323
0.00713962
-0.03621133
-0.02640844
-0.07129683
-0.0004280162
-0.2172311
0.3439678
-0.04321896
-0.1111234
-0.04843281
-0.1033077
-0.05439014
-0.1069984
0.04860812
-0.1978878
-0.0315526
0.1990156
-0.04320724
-0.07269739
-0.02925002
0.1063175
0.03188588
-0.01414135
0.02757698
0.07766734
-0.04449835
-0.08141264
-0.06665977
-0.1062012
-0.1486733
-0.104271
-0.1035251
0.04719717
-0.4415798
0.2152395
0.1322641
-0.3252601
-0.005230601
-0.1863628
0.06923692
0.05584673
-0.07404166
-0.05104476
0.06871352
-0.0445318
-0.1794054
-0.05918717
-0.08549117
-0.1353412
-0.02739803
0.0076363
-0.1451869
-0.1803915
-0.01565534
-0.1356111
-0.1416135
-0.1621854
-0.1518798
-0.1309716
0.09253473
-0.02098661
-0.1138113
0.0955698
0.0288798
-0.04581896
-0.04430752
0.0179522
-0.0642705
0.01727608
0.02519539
0.03752679
0.06074097
0.05815813
-0.0160113
-0.07766299
0.001823545
0.1786995
-0.01364807
0.1145298
0.07848573
-0.05655728
0.03697977
-0.005419604
0.06052695
0.04294883
0.01990702
0.08572309
0.08573718
0.03639057
0.1172403
-0.01694112
0.09046243
0.007203369
-0.01325707
-0.01625135
-0.1262163
-0.0649086
-0.1182752
-0.01903273
0.02724635
0.01120833
-0.0009130256
0.0007533454
0.0002435106
-0.0006175943
-0.0008479483
-8.907409e-05
-0.001467596
-0.000781724
0.0008278824
-0.05423509
-0.000728413
-0.06455212
0.04089658
0.009006008
-0.1476342
-0.2494578
-0.08763458
-0.09394737
-8.419742e-05
0.003183721
-0.002764469
-0.001321211
-0.001118929
-0.0009460559
0.001019668
0.001285793
-0.0004117851
0.03561831
-0.00939578
-0.05115495
0.1658706
0.1979606
-0.03916314
0.03559654
0.1279848
-0.02189663
-0.1534215
-0.05861219
-0.02519651
-0.1626109
-0.02488468
-0.0795044
-0.07745709
-0.03550386
-0.02524354
-0.3161822
0.2300983
-0.07452616
-0.2659518
-0.4280331
-0.1876253
0.1568794
0.26476
-0.1197523
0.1308046
-0.08254118
-0.1257287
0.05624367
0.1416994
-0.1455821
-0.1534294
-0.1239736
-0.03932609
-0.03041153
0.09526384
-0.0626236
-0.03644798
0.05521272
0.1361021
0.1279469
-0.04076273
0.02970481
0.002250401
-0.2076166
0.05432472
-0.02202604
0.2499575
-0.05084865
-0.09976504
0.1536554
0.05685388
0.08716345
0.01848724
-0.1000726
-0.003860718
0.09267627
0.07303226
0.01551009
0.05159422
0.1447797
