6.778827e-02
9.083589e-02
1.470119e-01
2.158846e-01
1.161897e-01
1.246296e-03
9.057336e-02
1.108622e-01
1.253492e-01
1.284833e-01
1.507797e-01
1.626654e-01
3.122894e-02
2.359346e-01
1.704933e-01
9.918133e-02
9.199147e-02
1.509724e-01
1.036730e-01
9.725507e-02
2.102343e-01
1.224129e-01
6.170176e-02
8.735002e-02
7.285328e-03
7.957360e-03
1.264685e-01
5.046254e-03
2.877018e-02
3.092077e-02
2.620960e-02
5.208922e-02
8.057229e-02
5.298509e-03
6.820022e-02
1.724742e-02
9.167229e-02
4.062937e-02
1.152443e-01
1.556822e-01
9.544284e-02
1.570273e-01
5.511689e-02
3.631867e-02
9.631664e-02
1.211101e-02
1.289979e-01
7.296454e-02
3.458584e-02
2.597228e-02
9.627302e-02
1.028048e-02
1.483015e-02
1.227724e-01
7.805098e-02
8.211095e-02
2.943153e-01
7.759405e-03
1.685362e-01
2.048891e-01
9.113216e-02
5.517117e-02
1.092470e-01
1.574594e-01
