-4.683628e-02
-1.078482e-01
-3.300682e-02
-5.184771e-04
1.184789e-01
-1.891403e-01
-1.448331e-01
-1.772791e-02
-1.012370e-01
-1.563875e-01
-1.409159e-01
-1.191663e-01
-3.081978e-02
6.503554e-03
-5.359912e-02
1.680092e-02
-4.996625e-02
-4.104457e-02
4.438044e-02
-9.491675e-02
-5.695602e-02
-2.637473e-02
-8.689190e-02
3.281356e-02
-2.430435e-01
-7.030188e-02
6.331792e-02
-1.653032e-01
-1.301294e-01
1.381136e-02
-9.008592e-02
-1.018291e-01
5.402037e-03
-6.559604e-02
-8.681238e-02
-3.091799e-01
-1.207288e-01
-1.116961e-01
-1.271700e-01
-1.094798e-01
-8.866373e-02
8.682637e-02
-7.505354e-02
-1.035868e-01
5.159125e-03
-1.120655e-01
5.147040e-02
2.893984e-02
6.690239e-02
2.734671e-02
-3.329214e-02
-5.757608e-02
1.801631e-03
-9.516577e-02
-1.216158e-02
-6.034961e-02
9.054816e-02
-2.744920e-02
-1.710652e-03
-9.974868e-02
-6.909260e-02
-1.757991e-01
-8.484614e-02
-3.438365e-03
