1.824691e+00
2.844917e+00
2.091305e+00
5.116319e+00
1.652278e+00
1.327494e+00
2.555055e+00
2.064924e+00
2.278542e+00
2.497664e+00
4.481027e+00
3.278162e-04
2.961605e+00
3.299375e+00
1.777489e+00
3.530496e+00
3.998383e+00
2.987700e+00
2.919765e+00
1.793399e+00
2.620040e+00
4.449687e-04
3.515632e-04
1.235530e+00
4.256186e+00
1.771505e+00
1.249039e+00
4.511839e+00
1.410887e+00
5.616368e+00
5.112443e+00
3.150826e+00
2.937792e+00
3.760135e+00
2.169069e+00
3.311709e+00
4.587787e+00
2.238817e+00
4.720586e+00
1.363748e+00
4.679813e+00
1.064044e+00
1.384493e+00
1.891141e+00
3.258392e+00
1.766219e+00
2.185506e+00
5.307163e+00
3.145746e+00
3.983081e+00
3.352829e+00
3.304172e+00
2.954817e+00
2.825488e+00
1.923166e+00
2.548010e+00
2.818490e+00
3.289422e+00
3.153003e+00
3.240402e+00
4.519805e+00
1.935796e+00
2.631684e+00
3.102639e+00
