-1.145088e-01
-1.914851e-01
-2.934074e-01
-1.164108e-01
-1.822970e-01
-3.206748e-01
-9.065171e-02
-1.864909e-01
-3.098384e-01
-3.105373e-01
-3.415683e-01
-2.913446e-01
-2.270407e-01
-3.967918e-01
-3.014333e-01
-2.773824e-01
-1.730177e-01
-3.012702e-01
-2.534231e-01
-2.672573e-01
-2.390537e-01
-2.370147e-01
-2.472224e-01
-1.880338e-01
-2.377947e-01
-2.497749e-01
-3.270766e-01
-1.886645e-01
-2.610457e-01
-2.399579e-02
-2.985010e-01
-3.431632e-01
-2.839193e-01
-3.246398e-01
-2.320170e-01
-3.672844e-01
-2.553363e-01
-1.947780e-01
-3.009971e-01
-2.145989e-01
-3.141357e-01
-2.220958e-01
-2.302246e-01
-3.563821e-01
-1.417151e-01
-1.562116e-01
-3.743803e-01
-2.910702e-01
-3.660877e-01
-4.159056e-01
-2.851480e-01
-3.451656e-01
-2.398806e-01
-2.879005e-01
-1.425815e-01
-1.773791e-01
-3.778218e-01
-4.509815e-01
-1.721803e-01
-2.551710e-01
-3.169525e-01
-2.254505e-01
-6.729878e-02
-2.743273e-01
