-1.602772e+00
3.415558e-03
-1.305488e+00
-1.438172e+00
-1.064633e+00
-6.791922e-01
-9.986689e-01
-2.023070e+00
-4.038430e-01
-3.426984e-01
-3.035183e-01
7.334742e-01
-3.219102e+00
-3.288431e-01
-1.460702e+00
-1.246461e+00
-2.510140e-01
-3.791027e-01
-1.979718e+00
-1.398497e+00
-2.747969e-01
-1.395740e+00
-1.091049e+00
-7.363151e-01
3.365548e-02
-1.125818e+00
-2.922857e-01
-1.632155e+00
-1.163777e+00
-4.774375e-01
-7.365858e-01
-7.367533e-01
5.678399e-01
9.847862e-02
-9.910004e-01
-1.131993e+00
-1.766597e+00
-3.634426e-01
-1.341313e+00
-1.361172e-01
1.039958e+00
-4.654343e-01
-4.363314e-01
-2.779225e-01
-2.460138e+00
-1.286018e+00
-1.096464e+00
-1.166428e-01
-6.800046e-01
-1.313675e+00
3.412406e-01
-1.116730e+00
9.498847e-01
-1.717555e+00
-5.536490e-01
1.060893e-01
-5.496411e-01
-1.175414e+00
-8.092115e-01
-6.021783e-01
-4.906636e-01
-1.355624e-01
-2.281446e-02
-1.877860e+00
