1.630676e-02
1.883991e-02
4.844338e-02
2.189517e-02
5.694430e-02
7.643439e-02
3.353170e-02
3.015617e-02
3.814930e-02
5.597955e-02
6.014510e-02
2.637969e-02
5.628263e-02
3.890424e-02
3.481090e-02
1.783323e-02
1.494359e-02
6.782847e-02
7.630039e-03
2.417287e-02
3.177331e-02
2.692141e-02
1.462218e-02
4.994761e-02
4.023263e-02
8.461108e-03
5.123219e-03
1.455149e-02
2.359974e-02
2.174432e-02
1.607127e-02
2.396961e-02
2.372767e-02
1.229873e-02
1.085589e-02
4.148267e-02
2.044221e-02
2.237873e-02
2.960462e-02
2.240439e-02
2.488882e-02
1.867381e-02
9.674965e-03
1.912923e-02
2.931885e-02
1.186267e-02
4.945901e-02
3.627324e-02
8.399147e-02
8.178428e-02
1.002539e-02
1.974783e-02
2.794348e-02
9.438870e-03
2.270175e-02
2.044322e-02
5.620020e-02
4.110920e-02
3.252488e-02
5.546273e-02
3.134840e-02
2.496276e-02
1.410641e-02
2.217750e-02
