4.566459e-01
5.460466e-01
4.770396e-01
4.562586e-01
5.796998e-01
4.807597e-01
5.459977e-01
4.296068e-01
5.556946e-01
4.839328e-01
5.153646e-01
4.800162e-01
5.359160e-01
6.580112e-05
4.815661e-01
5.174893e-01
4.835627e-01
4.697446e-01
3.830003e-01
7.800711e-05
5.107914e-01
5.259055e-01
5.104662e-01
4.381152e-01
3.970151e-01
4.852462e-01
4.693255e-01
4.473875e-01
4.355507e-01
5.354239e-01
4.850999e-01
4.595383e-01
5.409624e-01
5.040038e-01
6.745138e-01
4.814592e-01
6.375211e-01
4.743992e-01
4.800774e-01
5.446947e-01
5.365393e-01
4.638369e-01
4.845400e-01
4.631013e-01
5.762920e-01
4.413335e-01
4.928820e-01
4.500344e-01
5.019099e-01
5.220156e-01
4.498677e-01
4.827891e-01
5.062661e-01
4.703805e-01
-7.104878e-05
5.228209e-01
4.713768e-01
5.100568e-01
-2.018886e-05
5.215938e-01
4.316829e-01
6.231939e-01
5.771511e-01
4.298954e-01
