-1.866473e+00
-2.999807e-01
9.123597e-01
-1.536839e+00
-4.805786e-01
-5.092993e-01
-1.735697e+00
2.496010e-01
-1.846230e+00
-5.499060e-01
-1.431275e+00
-1.874752e+00
-1.886043e+00
-4.986780e-01
-9.794586e-01
-1.487572e+00
2.926584e-01
-6.560447e-01
-1.873562e+00
-1.912370e+00
-1.554210e+00
7.080698e-01
7.219815e-01
-1.115058e+00
-7.938776e-01
-2.177828e+00
-2.050276e+00
-9.576744e-01
2.242653e-01
-6.365573e-01
-2.728285e-01
-1.430122e+00
-4.485355e-03
-1.150235e-03
-4.721975e-01
-1.381649e+00
-2.550757e+00
-3.588514e-01
1.680273e-02
-1.924545e+00
-5.923761e-01
-7.580814e-01
9.500713e-02
-2.422028e+00
-4.332663e-01
-1.485070e+00
5.311483e-01
-9.941748e-01
-9.750748e-01
-2.566620e+00
-2.168100e+00
9.765672e-02
6.558977e-01
-1.141172e+00
-7.675790e-01
-5.417671e-01
-7.684214e-01
-1.315881e+00
-9.402718e-01
-1.557412e+00
-1.490408e+00
-1.615395e+00
1.132697e+00
-2.597396e+00
