3.984487e-01
1.381229e-04
3.762017e-01
3.841151e-01
3.763993e-01
3.902892e-01
3.912630e-01
4.166055e-01
4.069436e-01
3.900423e-01
3.358926e-01
4.312943e-01
5.025970e-01
2.575428e-01
4.555465e-01
4.085958e-01
3.088122e-01
4.035756e-01
4.050695e-01
5.034238e-01
4.815567e-01
4.170169e-01
3.882876e-01
3.525199e-01
3.548403e-01
3.614076e-01
4.088196e-01
2.689701e-01
3.575232e-01
3.842927e-01
4.223724e-01
4.372741e-01
3.932964e-01
3.692693e-01
3.672720e-01
4.364483e-01
4.193718e-01
4.385007e-01
4.313251e-01
3.323553e-01
3.306125e-01
3.853019e-01
3.461835e-01
3.806445e-01
5.080351e-01
4.422401e-01
3.453140e-01
3.517530e-01
4.423477e-01
5.033051e-01
3.974433e-01
4.175470e-01
4.156117e-01
4.144983e-01
3.843065e-01
4.150657e-01
3.904114e-01
3.702603e-01
4.170766e-01
3.763908e-01
3.712116e-01
4.766845e-01
3.525565e-01
4.103079e-01
