-3.702818e-02
2.056028e-01
-1.207582e-01
-5.886851e-02
-3.139815e-02
-5.561892e-04
5.140206e-03
-7.489382e-04
-3.217196e-02
-2.885547e-02
-2.211964e-01
-2.485155e-01
-3.828974e-01
-1.831659e-01
-5.794847e-02
-6.047617e-04
-3.386519e-02
-1.618820e-02
-7.942120e-02
-2.233134e-02
-6.806939e-02
-2.065900e-02
-4.577719e-02
-1.080191e-02
-2.131947e-01
-2.350049e-01
-2.124295e-01
-4.117430e-02
-1.457015e-01
-9.124280e-03
-2.151702e-01
-2.515284e-01
-1.449871e-01
-1.592738e-01
-1.713714e-01
8.421547e-02
-1.301356e-01
-1.547838e-01
-1.459083e-02
-1.352401e-01
-7.212920e-02
-3.393192e-02
1.188127e-01
6.755009e-02
-1.084981e-01
-6.233250e-02
-6.541567e-02
-5.623085e-02
-4.103328e-01
1.127738e-02
8.012728e-02
8.560562e-02
-2.604722e-02
-1.221031e-01
1.257315e-01
1.618182e-02
-1.704622e-01
-2.520199e-01
-3.290761e-02
-1.085184e-01
-1.170100e-03
2.126330e-01
3.457253e-02
-1.181278e-01
