1.191569e-01
-4.561077e-02
1.649875e-02
4.280947e-02
-6.681004e-03
-1.512523e-01
-3.124778e-02
-1.583358e-01
-5.111613e-02
-8.634774e-02
-8.883981e-02
-2.030667e-01
-1.395677e-01
-2.060679e-01
-9.685446e-02
-1.212369e-01
-1.769114e-01
-1.310058e-01
-1.107070e-01
-3.050497e-01
7.875641e-03
-1.041425e-01
3.266535e-02
9.127226e-02
-6.042691e-02
-7.697503e-02
-1.079870e-01
-2.052502e-01
5.054469e-02
-1.204332e-01
-4.428644e-02
-4.151360e-01
-1.733428e-01
-7.664950e-02
-1.425157e-01
-2.562477e-01
-1.412917e-01
-8.296599e-02
-9.163839e-02
2.645871e-02
-9.698365e-02
-7.091767e-02
-9.948221e-02
8.417619e-02
3.071567e-02
-1.762223e-01
-4.409850e-02
-6.599250e-02
-1.699839e-03
2.472170e-03
-1.331497e-02
-4.370079e-02
-9.531381e-02
-3.077747e-01
9.665015e-02
5.880583e-03
-1.405050e-01
-8.580038e-02
7.349810e-02
3.173200e-03
7.409302e-02
-2.369107e-02
-1.095854e-01
-5.904337e-02
