4.340174e+00
4.444236e+00
3.400517e-04
7.413011e+00
5.870805e+00
3.062267e+00
4.030956e-04
5.920830e+00
4.375636e+00
5.406571e+00
6.093018e+00
6.673717e+00
6.696231e+00
4.304793e+00
5.347806e+00
5.343036e+00
6.191384e+00
5.549393e+00
6.881920e+00
4.352956e+00
5.981454e+00
3.752531e+00
6.768116e+00
4.227302e+00
3.202369e+00
3.698844e+00
8.629211e+00
5.508391e+00
5.243704e+00
4.220109e+00
7.841205e+00
6.921046e+00
7.479718e+00
3.921668e+00
6.804312e+00
5.581127e+00
5.771221e+00
5.465576e+00
7.926333e+00
3.493266e+00
6.457015e+00
5.283553e+00
8.182213e+00
5.351459e+00
5.255341e+00
5.708475e+00
7.864119e+00
4.721027e-04
5.564899e+00
5.377709e+00
3.869909e+00
4.078946e-04
5.906215e+00
4.577665e+00
3.361929e+00
6.917541e+00
7.938522e+00
5.128829e+00
6.208696e+00
4.480871e-04
7.263572e+00
3.510885e+00
8.562952e+00
5.152254e+00
