-3.879588e-01
-4.373707e-01
-6.106042e-01
-4.972977e-01
-6.255360e-01
-3.630237e-01
-2.589678e-01
-3.878719e-01
-3.765636e-01
-3.889771e-01
-3.974479e-01
-2.149257e-01
-3.395003e-01
-5.390576e-01
-5.788166e-01
-3.845471e-01
-4.703908e-01
-3.667843e-01
-4.086857e-01
-3.836958e-01
-3.721034e-01
-4.765263e-01
-2.998707e-01
-3.105181e-01
-4.332413e-01
-2.574852e-01
-2.654977e-01
-4.449553e-01
-4.223722e-01
-3.998362e-01
-5.142145e-01
-3.335979e-01
-2.395614e-04
-1.059750e-03
-3.266906e-01
-4.289454e-01
-4.022231e-01
-2.757524e-01
-3.521901e-04
-3.379631e-01
-4.665949e-01
-4.803391e-01
-5.408622e-01
-5.111967e-01
-5.060796e-01
-2.058450e-01
-4.667695e-01
-4.409372e-01
-3.032260e-01
-3.658047e-01
-3.156037e-01
-3.013406e-01
-4.295152e-01
-4.298826e-01
-5.449236e-01
-4.228709e-01
-4.662499e-01
-4.755004e-01
-3.882461e-01
-6.169171e-01
-4.814423e-01
-3.659610e-01
-4.120702e-01
-2.364860e-01
