5.093105e-02
2.077696e-02
2.229695e-02
3.549794e-02
2.395139e-02
7.706312e-02
5.136164e-02
5.564402e-02
3.264449e-02
3.028251e-02
6.034259e-02
2.160793e-02
2.502386e-02
5.746142e-02
3.966846e-02
3.679694e-02
2.445067e-02
4.995111e-02
1.910953e-02
4.268974e-02
4.061095e-02
5.017046e-02
2.090424e-02
2.078284e-02
2.825763e-02
1.529387e-02
3.392923e-02
2.249491e-02
3.326977e-02
2.687735e-02
2.636340e-02
3.066355e-02
3.946319e-02
2.410811e-02
2.557449e-02
5.787044e-02
1.952626e-02
2.330085e-02
2.703842e-02
2.176811e-02
3.242142e-02
2.724167e-02
2.492660e-02
4.862789e-02
2.266963e-02
2.960189e-02
4.275900e-02
3.884821e-02
4.548493e-02
4.239688e-02
3.525600e-02
3.095987e-02
3.990770e-02
2.970663e-02
4.027436e-02
3.917896e-02
6.557362e-02
3.604844e-02
3.089760e-02
5.180231e-02
5.278820e-02
4.242538e-02
4.516784e-02
5.042982e-02
