-1.158230e+00
-3.763515e-01
1.155779e-03
-1.999333e+00
-5.659344e-01
-7.290835e-01
5.085357e-03
-1.646975e+00
2.092435e-02
-5.440039e-01
-4.711618e-01
-7.252538e-01
-2.291727e+00
-7.564946e-01
-5.212252e-01
-1.256062e+00
-1.292317e+00
-1.038073e+00
-3.359795e-01
-1.043599e+00
3.260613e-02
-1.578397e+00
-2.978821e+00
4.600233e-01
-7.132169e-01
-1.456553e+00
-1.410863e+00
-1.762602e+00
-7.668591e-01
-4.597125e-01
-2.098516e+00
-3.148951e+00
-1.608885e+00
1.063476e+00
-1.672460e+00
-8.379638e-01
-2.843508e+00
-1.055979e+00
-1.238624e+00
4.767368e-02
1.361540e-01
-1.216831e+00
-1.100426e+00
5.873654e-01
-2.589535e+00
7.942690e-01
-1.176499e+00
-1.011924e-04
-2.132089e+00
-1.322265e+00
-8.605226e-01
1.390898e-02
7.851821e-01
-4.862690e-02
1.082512e-01
-1.453977e+00
-1.480395e+00
-1.935527e+00
-1.239427e+00
3.494052e-03
-2.675645e+00
-8.514258e-02
-2.750069e+00
-3.938689e-01
