6.000103e+00
4.081623e+00
5.373672e+00
4.864421e+00
6.178128e+00
6.551965e+00
4.663406e+00
5.175055e+00
6.189130e+00
4.739247e+00
5.508471e+00
4.559132e+00
3.908824e+00
4.152959e+00
5.212363e+00
5.832592e+00
4.026309e+00
5.765637e+00
5.194449e+00
4.368186e+00
4.750163e+00
4.007419e+00
4.436722e+00
4.475510e+00
4.476585e+00
6.781660e+00
6.140450e+00
5.126852e+00
3.881091e+00
5.586782e+00
4.592503e+00
5.767233e+00
4.125521e-04
3.854489e-04
5.661852e+00
6.421717e+00
5.459362e+00
4.483274e+00
5.665201e-04
3.683041e+00
4.235132e+00
6.816786e+00
4.702157e+00
6.404543e+00
4.391437e+00
8.296887e+00
4.652180e+00
5.986004e+00
3.990872e+00
4.858237e+00
5.924994e+00
3.999944e+00
5.170097e+00
4.366777e+00
4.683700e+00
6.045909e+00
5.756544e+00
5.255346e+00
4.989855e+00
6.022110e+00
5.483655e+00
6.007132e+00
3.709871e+00
4.411349e+00
