3.640327e-01
5.034964e-01
6.800616e-01
5.544715e-01
5.241050e-01
3.612188e-01
3.412614e-01
5.823050e-01
6.263750e-01
3.949870e-01
5.229400e-01
3.864394e-01
6.842048e-01
4.763068e-01
3.660635e-01
5.827003e-01
2.225826e-01
3.973441e-01
4.736106e-01
4.819968e-01
6.462182e-01
2.553753e-01
4.777535e-01
4.571972e-01
3.573803e-01
3.137571e-01
4.801136e-01
2.802586e-01
2.705864e-01
1.648286e-01
4.807729e-01
2.372822e-01
3.944000e-01
2.663200e-01
2.429414e-01
1.990754e-01
6.475722e-01
2.582074e-01
4.369037e-01
3.343713e-01
2.675807e-01
5.290356e-01
5.519415e-01
2.347998e-01
4.168272e-01
2.815095e-01
7.373494e-01
4.266551e-01
2.073702e-01
7.815944e-01
5.036028e-01
4.682234e-01
-2.947229e-01
5.316648e-01
4.133257e-01
4.007559e-01
9.142356e-01
9.834883e-01
4.168241e-01
2.572051e-01
3.802875e-01
3.154136e-01
3.537172e-01
3.042893e-01
