1.644364e-02
2.953882e-02
4.053142e-02
3.443657e-02
3.537431e-02
3.586570e-02
1.446288e-02
3.724770e-02
3.843357e-02
2.715415e-02
2.866546e-02
2.768713e-02
5.603398e-02
2.561117e-02
1.569918e-02
2.604263e-02
1.334697e-02
2.494492e-02
1.736940e-02
2.223106e-02
3.953867e-02
1.126458e-02
2.808338e-02
1.889269e-02
1.940789e-02
9.792345e-03
1.784779e-02
1.091327e-02
8.775268e-03
9.009633e-03
1.498314e-02
6.953709e-03
1.556567e-02
8.160304e-03
7.438517e-03
4.827267e-03
3.186933e-02
9.539123e-03
2.519838e-02
2.035912e-02
8.745345e-03
1.722089e-02
1.867875e-02
7.492785e-03
2.454405e-02
9.873859e-03
5.167572e-02
2.451408e-02
1.594482e-02
6.187347e-02
3.854067e-02
2.506398e-02
8.897598e-03
2.516743e-02
2.160062e-02
1.684288e-02
1.150282e-01
8.669610e-02
2.129728e-02
1.816440e-02
2.208521e-02
1.556842e-02
1.107689e-02
1.088940e-02
