6.393275e-02
9.458492e-02
7.677586e-02
5.998774e-02
6.199852e-02
7.828130e-02
7.140919e-02
6.792147e-02
9.244730e-02
4.781422e-02
6.007810e-02
8.096158e-02
9.792886e-02
7.325210e-02
5.459518e-02
8.816312e-06
4.373017e-02
3.907277e-02
5.073309e-02
7.593162e-02
4.041749e-02
8.957884e-02
6.705032e-02
5.728706e-02
5.041335e-02
2.768631e-02
4.582584e-02
4.054535e-02
4.229582e-02
5.754281e-02
6.475225e-02
7.807630e-02
8.927958e-02
4.293230e-02
5.324101e-02
7.980023e-02
7.117759e-02
7.979475e-02
3.237021e-02
4.228572e-02
7.057732e-02
7.028839e-02
6.515567e-02
3.454887e-02
3.950902e-02
6.676566e-02
4.255484e-02
2.734174e-02
1.220036e-01
7.962634e-02
1.050710e-01
1.006908e-01
4.090705e-02
6.681554e-02
7.742573e-02
1.011607e-01
4.348945e-02
9.573495e-02
6.051209e-02
7.569682e-02
5.095290e-02
1.088032e-01
1.004325e-01
4.563870e-02
