2.324993e-02
1.176307e-02
6.022729e-03
2.677224e-02
2.911609e-02
5.978722e-02
2.068266e-02
1.868168e-02
3.048401e-02
3.565529e-02
7.426715e-03
4.855429e-02
4.442554e-02
5.829244e-03
5.900288e-02
1.543538e-02
6.627928e-03
1.581138e-02
2.657820e-02
4.688421e-02
1.896789e-02
2.197761e-02
1.336753e-02
7.676565e-02
5.536558e-03
3.471297e-03
8.975580e-03
5.224296e-03
3.803449e-03
7.431480e-03
8.819634e-03
1.829394e-02
4.560679e-03
4.078927e-03
1.983697e-02
5.549427e-03
3.812645e-02
1.800733e-02
3.281598e-02
5.675519e-02
2.999158e-02
4.678525e-02
1.421680e-02
1.771030e-02
5.220058e-02
1.293549e-03
7.628524e-02
1.262130e-02
4.836653e-02
1.351800e-02
1.923232e-02
7.580584e-02
1.050963e-02
2.461031e-02
1.377084e-02
1.986971e-03
2.819169e-03
9.755840e-02
3.860288e-02
7.441246e-02
3.811860e-02
8.983549e-03
4.629890e-02
4.598613e-02
