-1.075662e-01
1.106875e-02
-4.804967e-02
-4.414773e-02
-1.369092e-01
-1.437261e-01
3.813158e-02
-8.791399e-02
-1.664658e-01
-1.286830e-01
-2.474427e-01
-3.507445e-02
-6.308592e-02
-4.030150e-03
-8.480325e-02
6.749061e-02
-1.234545e-01
-1.635491e-01
-2.113953e-03
-1.115384e-01
4.430802e-02
-2.494401e-02
-9.543664e-02
-2.229122e-02
-9.232732e-02
-2.941282e-02
1.371137e-01
-1.145563e-01
-5.589540e-02
-1.910823e-01
-7.941879e-02
1.898740e-03
4.797637e-03
-1.157434e-01
-1.138788e-01
-1.869438e-01
-8.983903e-02
-5.510633e-02
-1.344373e-01
-1.814160e-01
-1.527763e-01
5.518760e-02
-1.130824e-01
-1.410406e-01
-2.900985e-01
-8.186048e-02
4.912869e-02
-8.850862e-02
-1.373128e-01
-1.495135e-01
-1.047615e-01
-4.161708e-02
-5.490487e-02
-1.835553e-01
-1.565298e-01
-1.609035e-01
-1.839724e-01
-8.611037e-02
2.545788e-02
-8.893181e-02
-1.533779e-01
-1.147038e-02
-1.720339e-01
-5.259107e-02
