7.369847e-01
7.083330e-01
1.177822e+00
1.210181e+00
1.137801e+00
-1.745037e-01
7.772806e-01
1.274783e+00
9.851383e-01
8.728436e-01
1.088495e+00
1.141406e+00
5.700305e-01
1.258480e+00
8.654193e-01
8.823769e-01
8.904995e-01
1.180367e+00
9.649317e-01
8.949459e-01
1.478665e+00
1.127681e+00
7.335181e-01
7.940112e-01
2.767489e-01
2.869231e-01
9.741004e-01
2.504241e-01
5.873201e-01
5.439999e-01
4.332015e-01
6.677768e-01
8.627980e-01
-2.805823e-01
7.233495e-01
-4.516653e-01
8.456690e-01
5.778867e-01
9.309950e-01
1.063837e+00
9.097509e-01
1.136114e+00
6.619963e-01
5.338544e-01
8.201361e-01
3.567538e-01
1.034239e+00
6.738292e-01
4.911744e-01
4.624400e-01
1.192888e+00
-3.248972e-01
3.473081e-01
-1.127325e+00
7.362188e-01
7.789741e-01
1.387758e+00
2.841943e-01
1.096153e+00
1.352589e+00
8.246642e-01
6.042245e-01
7.884369e-01
-8.972325e-01
