-1.599209e+00
-2.812309e-01
-1.606240e-01
-1.019523e+00
-3.556499e-01
-7.716266e-03
-1.444680e-01
-7.022919e-02
-1.202011e+00
-2.409672e-01
-3.056608e-01
2.674733e-01
-6.862502e-01
-9.423859e-01
-1.222213e+00
-2.250742e-01
-7.167497e-01
-6.871470e-01
5.887002e-02
-4.654773e-01
-1.099040e+00
-7.052943e-01
-1.001639e+00
-1.603971e+00
-2.277223e-01
-1.021040e-01
2.782931e-01
-1.626823e-01
-1.628567e+00
-1.414907e-01
-4.902788e-01
-9.561982e-01
-1.006499e+00
-1.141011e+00
-2.911311e-01
3.781424e-03
-6.762326e-01
-7.595450e-01
-1.507961e-01
-1.345170e+00
3.709609e-01
-7.833151e-01
-9.917281e-01
-1.644068e+00
-5.895160e-01
-4.530884e-01
-7.479489e-01
2.676230e-02
-2.401277e+00
-4.724651e-01
-9.477704e-01
-4.763444e-01
-8.000063e-01
-1.176668e+00
-1.043999e+00
-1.115558e+00
-7.800311e-01
-1.279767e+00
-2.943785e+00
-1.837804e-01
-1.396200e+00
-2.367227e+00
-5.759109e-01
-7.322015e-01
