2.826698e-01
3.005227e-01
6.498346e-01
-3.488952e-01
5.925193e-01
6.374038e-01
4.822857e-01
4.594212e-01
5.292801e-01
6.310182e-01
5.093039e-01
3.414437e-01
6.180487e-01
4.439079e-01
5.706882e-01
3.779569e-01
2.018338e-01
7.239634e-01
-2.221449e-01
3.367171e-01
5.164837e-01
4.347671e-01
2.736683e-01
7.883482e-01
5.437934e-01
1.727121e-01
1.488362e-01
2.086569e-01
4.187302e-01
3.738844e-01
3.171346e-01
3.389103e-01
5.038364e-01
2.763046e-01
2.463568e-01
5.570398e-01
4.888843e-01
3.203698e-01
4.144106e-01
3.259234e-01
4.629855e-01
4.272241e-01
2.583616e-01
3.305275e-01
3.819194e-01
1.897146e-01
5.496651e-01
4.569435e-01
7.148613e-01
9.219801e-01
1.732370e-01
3.094429e-01
4.642566e-01
1.821093e-01
3.892593e-01
3.165576e-01
6.841651e-01
5.760387e-01
5.066081e-01
6.409528e-01
4.909032e-01
4.469723e-01
3.124292e-01
3.859999e-01
