16 16 3
-0.05066518
-0.136721
-0.1540426
-0.04740175
-0.07905015
-0.1440612
-0.03909661
-0.04659546
-0.05052476
-0.02824466
-0.02533709
-0.0473874
-0.04071141
-0.09155003
-0.07704992
-0.04143815
-0.09583437
-0.08233543
-0.001944281
2.677969e-05
0.0005310677
0.0004286631
-0.00153365
-0.0008580735
0.0003235977
-0.002042024
0.00355741
0.01112911
-0.05400274
-0.008545457
-0.006366447
-0.07479431
-0.05607758
0.03136782
-0.05454248
-0.07750835
0.02468736
-0.01123796
-0.02115959
0.0179947
0.04128448
0.02377231
0.04410228
-0.006327511
0.01142858
-0.03309486
-0.1209243
-0.03107807
0.00918119
-0.09661639
-0.0309626
-0.01216756
-0.1679438
-0.09457987
0.05775253
0.02468074
-0.01291175
-0.08393955
0.02477612
-0.02506343
0.01870211
0.07142655
-0.04195488
0.03815695
0.0002985213
-0.1068268
0.03748131
0.0688875
-0.07446066
0.06394026
0.15087
-0.02229073
0.003234437
-0.0741761
0.06860916
0.007587111
0.007946992
0.09994419
-0.007678205
-0.07643747
-0.005288994
-0.000178037
0.002885004
-0.001364683
0.001444652
-0.001676965
0.0002521372
8.537588e-05
-0.002094729
-0.001167063
0.03086822
-0.01041406
-0.02633732
-0.04815457
-0.1153553
-0.153207
0.02201358
-0.0280046
-0.0467727
-0.0744523
-0.002377411
0.1359588
-0.0818023
-0.05198096
0.09890824
-0.05706014
-0.01786978
0.1109967
-0.02753731
-0.06409124
-0.01026787
-0.02588947
-0.09002881
-0.1367382
0.01390884
-0.08697988
-0.1411195
-0.06743215
0.01077513
-0.06296092
-0.01313024
0.05396752
0.003962447
-0.01258822
0.03390588
-0.01106284
-0.03424487
-0.02172238
0.03463843
-0.1234975
-0.1526313
-0.07365572
-0.09090477
-0.1735107
-0.07831976
0.001017776
0.0007179347
-4.324276e-05
0.001469069
0.006316317
-0.0002864203
-0.00190628
-4.314025e-06
-6.489071e-05
-0.1915748
-0.1291086
-0.04552384
-0.1817299
-0.02801014
-0.08230814
-0.0279905
0.02112984
0.02042422
-0.003692164
0.172703
0.09777763
0.01615402
0.1543064
0.03173589
-0.04272674
0.1677715
0.05572052
-0.001356803
-0.0001910794
-0.0008482558
-0.003743913
0.0001975391
0.0003585221
-0.002052034
-0.00118272
0.0002311155
-0.004251376
-0.1108135
-0.00942526
0.05616856
-0.1138894
-0.07475641
-0.09769417
-0.1438338
-0.01610279
0.056897
-0.05669242
0.01346213
-0.1001027
-0.07900254
-0.03677239
-0.04356047
0.09481823
0.1019233
-0.009050347
-0.1357562
-0.004796867
0.04997874
-0.05870984
0.1603696
0.1088321
-0.0008291127
0.1347684
0.001441117
0.01469843
-0.1493613
0.1308717
0.01226237
-0.2273011
0.09474557
0.1686114
-0.1696132
0.02729244
-0.08755178
-0.02020365
0.164769
-0.2331619
-0.01042818
0.02613816
-0.03052522
-0.1466255
-0.06314734
-0.1705175
-0.1151125
-0.03212966
-0.2197672
-0.08491361
-0.009067209
-0.1908916
-0.1172646
-0.00408371
0.001629073
0.001289835
-0.002751676
0.001167013
-0.001711947
0.0001303929
0.0008489704
-0.003194742
0.1355839
0.008246715
0.09507298
0.07031601
-0.04294093
-0.0225006
-0.04729167
-0.1061972
-0.07239267
0.08998521
0.009448348
0.06803835
0.02198504
-0.03814019
-0.00891442
0.02271647
-0.01716022
0.003421518
0.05507276
-0.004930841
-0.07635072
0.01855604
-0.002130424
0.0691881
0.02006805
-0.01269755
0.04471767
-0.02820627
0.005161429
-0.02039426
-0.05737521
-0.005717544
0.02551057
-0.03728921
-0.001195865
0.02044724
0.01974372
0.1191563
-0.08891486
0.03405394
0.08510955
-0.09942498
0.09482437
0.1342185
-0.03613062
-0.0001098739
0.0006286633
0.002384743
-0.001039548
0.00275493
0.001023926
-0.0002250852
-0.001413597
0.001466184
0.03510394
0.04471758
-0.01647103
0.00370991
0.008012905
-0.04173546
-0.03061816
-0.0006560669
0.02570784
-0.03391355
0.0633113
0.00913516
-0.03735764
0.0734392
0.02458667
-0.03474044
0.06470402
0.06307501
-0.002063014
-0.001091025
0.001363861
0.001262875
-0.002710453
0.001640361
-0.00110903
6.989745e-05
0.001579451
-0.008004609
0.02546373
0.06444262
0.05315372
0.04062988
-0.02411631
0.1494812
0.04104612
0.0124365
-0.0115494
0.01945708
-0.04688614
-0.03452993
0.05259428
0.008023667
0.03388097
0.1361647
0.08270904
-0.001088914
0.03753059
0.08490226
0.03596459
0.05491212
0.1436362
0.02447229
0.06976434
0.1533296
-0.1494311
-0.1539831
-0.03916717
-0.0735866
0.009942206
0.1463883
-0.09244479
0.06589872
0.1153454
-0.1308038
-0.07289741
0.08272205
-0.04506998
0.02622316
-0.01875339
-0.04753708
0.02026835
-0.04331103
-0.1179562
-0.05680012
-0.01539754
-0.05961232
-0.01550277
0.05995324
0.05122589
0.08726247
0.1124776
-0.0007061479
-0.0007149382
-0.0001508198
0.001210532
0.002884485
-0.000156531
-0.001679191
-0.00211862
0.003600534
-0.0165742
0.02520655
0.029937
0.08814858
0.0465071
0.005808774
-0.069805
0.02615603
0.09418416
0.07357621
0.05762065
0.05788869
-0.003744399
-0.04742603
-0.004564737
-0.03090284
-0.03552285
-0.02372393
-0.07988109
-0.01783452
0.01727131
-0.07770824
-0.01896856
0.04283984
-0.1277138
-0.0621239
0.05265358
0.08919849
0.04115568
0.0526256
0.08292396
-0.0004812571
-0.01158464
0.01760689
-0.01598582
0.005297184
0.03465198
0.05749795
-0.003263403
0.07190461
0.110782
0.02214891
0.08654344
0.1265196
0.0753224
-0.00121588
-0.002156702
-0.000474637
-0.0003012899
0.0004319508
0.002888153
-0.002394553
-0.002810022
0.002207137
0.08764829
0.0873408
-0.04653224
0.05030221
-0.03373595
-0.06784894
0.009248875
0.0057967
0.01715586
-0.09281716
-0.07670678
-0.08753455
-0.01659223
0.0007472372
-0.002230796
0.1186945
0.08110265
0.05916455
-0.001514791
0.000115692
-0.0006557998
-0.002479498
0.000169152
0.0007890383
0.001463262
0.001048391
-0.001709794
0.1031289
-0.03849282
-0.05719643
0.04734152
0.04241983
-0.0147256
0.1236567
0.01807682
0.01265063
-0.0970844
-0.2066512
-0.1554827
-0.06106642
-0.04216542
0.03665728
0.1019947
0.1487146
0.1093776
0.08291835
-0.2907645
-0.1565944
0.04921954
-0.219594
-0.1158917
-0.02023209
-0.2526145
-0.1668359
-0.01092902
0.02208401
0.02867075
0.1201922
0.07854328
-0.1907967
0.009265947
-0.06886392
-0.1476909
0.0237542
0.1387424
0.06395472
0.1871364
-0.009783938
0.01341229
-0.08647157
-0.1761024
0.02347236
0.03929432
-0.01308218
-0.02704983
0.07865732
-9.013133e-05
-0.04690203
-0.07231534
-0.158287
-0.1286498
0.0002478487
0.002496503
0.001893017
-0.001332252
-0.001969995
-6.807545e-05
-0.0006938678
0.001000921
-0.001315286
0.04067536
-0.06996246
-0.1833686
0.001214986
-0.1009866
-0.1535153
-0.02196935
0.013349
-0.03154076
0.05096347
-0.004921981
0.04480972
-0.06145237
-0.00198052
0.06954761
-0.09473217
-0.07039167
-0.01510247
-0.04132817
-0.1241436
-0.06173616
0.08329471
0.06036448
0.05584239
0.05452478
0.0531637
0.02095128
-0.09764482
-0.1140138
-0.08382235
-0.149789
-0.1980679
-0.06442758
0.113435
0.1500495
0.08395558
0.03212918
0.03623965
0.02576443
0.04625003
0.05617845
-0.02087245
0.06337618
0.05184318
-0.04587684
0.001035618
0.00173244
0.00357497
0.002168967
0.00177838
0.001200759
-0.0003641701
-0.001153904
0.001131028
-0.06732375
0.02011789
0.05998783
-0.01326337
0.04722474
-0.0277457
-0.04918853
0.0873092
-0.001321491
0.110062
0.0539007
-0.01091241
0.004429676
0.06104967
-0.05557796
0.05558888
0.06458459
0.0118369
-0.0006885235
0.0007638754
0.0009729287
0.0003382826
-0.0008618965
-0.002747945
0.0009425378
-0.0006482175
-0.001508184
-0.008078467
-0.1280418
0.04979132
-0.1359185
-0.1704091
0.1002382
-0.008750635
-0.1792893
-0.06934894
0.02091309
-0.0853411
0.0125894
-0.02071638
0.07774684
0.06904239
0.01932091
0.07154083
-0.07882298
0.05795922
-0.2448226
0.05589301
0.06014278
-0.1241472
0.02322826
0.08881024
-0.2089161
0.01766787
0.1372879
0.06329471
-0.1661578
0.2758578
-0.06316084
-0.4199647
-0.0685045
0.1328115
-0.009430309
-0.02280767
0.1722122
-0.01681581
0.1334105
-0.2940428
0.2888201
-0.1182586
0.007586618
0.08714369
-0.01968315
-0.03047635
0.06780469
0.08037228
-0.09812389
0.0502676
0.03873928
-0.09932253
0.06337757
-0.000487428
-0.0003013925
0.000659338
0.002906218
0.002332945
-0.001206001
0.002430709
0.001779312
0.0003864739
0.08746302
0.06496318
0.1219285
-0.002223782
-0.01322835
-0.06527197
-0.03909784
-0.1186846
-0.02276644
-0.09307224
0.02078485
0.1561656
-0.003068067
0.1001182
0.102698
0.06613209
0.02869058
0.02315343
0.03760682
-0.08923444
-0.0706847
0.1062958
-0.02133039
-0.0543406
-0.0151026
-0.1332767
-0.1499017
-0.1029087
-0.03389215
-0.1018785
-0.03832271
0.05177074
-0.05097802
0.2433631
0.09387226
0.1147027
0.09153606
0.04014599
0.07377753
0.06332295
0.01649809
-0.05316715
-0.03916297
0.04390004
0.0191494
-0.001102307
-0.0002021687
-0.001339399
0.0001087023
0.0004840834
0.0003664982
0.002398166
0.001469201
0.002741248
0.02016889
-0.02180771
-0.02288655
0.02809176
-0.0307834
-0.01205383
0.02732706
-0.03333381
0.01528287
0.01981753
0.01952829
0.04489175
0.01502813
-0.01957935
0.02546381
0.03917942
0.00103144
-0.04282719
0.0005259926
-0.0005701201
-0.0004679691
0.0013144
-0.0008942268
0.003429024
0.0003235958
0.0023316
-4.919814e-05
-0.07159331
-0.04056903
-0.06226093
0.008550086
-0.007735928
0.01249027
0.0719662
0.002611417
-0.02585629
0.006769897
0.02477656
0.07390147
-0.02182955
-0.1158605
-0.06797659
-0.009108108
-0.0339072
-0.05984139
-0.04382638
-0.03068159
-0.02213503
-0.02632685
-0.02661449
-0.02904878
-0.01095665
-0.02646843
-0.0766366
-0.1441895
-0.04160057
0.0442464
-0.1419266
-0.0456898
0.00735498
-0.1841779
-0.09352746
0.0280451
-0.0435701
0.002805649
-0.06625003
-0.008279826
0.08315535
-0.05744736
-0.06673259
-0.0630392
0.01465149
-0.05594998
-0.02503917
-0.01685856
-0.04567832
4.274593e-05
-0.02661142
-0.03584111
-0.03391297
-0.02933328
0.001192392
0.00259164
0.00168546
0.001969945
-0.001907297
-0.0006739122
0.0003568382
-0.0001548473
-0.001742044
-0.08374231
-0.07824863
-0.07158913
-0.03658589
-0.04220244
-0.07305741
-0.09839431
-0.03804234
-0.049334
-0.0352525
-0.01854298
-0.01284712
-0.03607281
0.004934844
0.04305423
-0.02372725
-0.03937825
0.01745499
0.01015411
0.01953154
0.1145866
-0.04697059
-0.03518665
0.06526871
-0.04911919
-0.06680597
-0.003477869
-0.02364356
-0.02915427
0.004660153
-0.05784531
-0.07556898
-0.0085062
-0.02682578
-0.009501738
-0.01702493
0.01061761
-0.01694437
0.001312305
0.0104432
-0.04446959
-0.0357027
0.04000176
-0.04187032
-0.05637506
-0.0008880302
0.001227826
0.001306272
-0.0001164168
-0.001113074
-0.003159425
5.795767e-05
0.001278685
0.0003431298
0.07131018
-0.02342184
-0.1421417
-0.03743783
-0.07535137
-0.1669764
0.03595529
0.009437473
-0.2373686
0.02211843
-0.01120727
-0.1079381
0.07869232
0.08941057
-0.1763568
0.1369493
0.1132955
-0.1254563
-0.002130626
0.0003507412
-0.0009375181
-0.0004774095
0.002025415
-0.002922383
0.001026935
-0.0002754404
-0.0007834204
0.07786746
-0.04221012
0.1314544
-0.0005461475
-0.0372462
0.1466976
-0.08784021
-0.03794824
-0.01731957
-0.138996
-0.07819074
0.04619374
0.06200445
-0.1125409
-0.1675252
0.1339874
0.06845652
-0.2059777
-0.3540174
-0.3110988
0.01868425
-0.1611107
-0.2549869
-0.00307368
-0.0946993
-0.3452783
-0.06569808
0.0645796
0.003968353
0.08370457
0.1049642
-0.5828357
-0.1767036
0.1100091
-0.1059327
-0.05334086
-0.0461541
-0.04304375
-0.007689347
-0.08062936
-0.3064134
0.1671121
0.01953531
-0.1256597
0.06996629
0.01645525
0.01399636
0.0407452
0.09606712
0.02528669
-0.04724733
-0.003879324
0.0146818
-0.02657549
-0.002830496
0.001304164
-9.943498e-05
-0.002999148
-0.001189716
-0.0008427575
-0.0002963039
-0.001786722
0.002910998
-0.04505798
0.01267633
0.07119254
0.03980281
-0.02414267
0.06300235
0.0987121
0.04057496
-0.08926827
-0.04596207
-0.04313098
0.0380452
0.04687277
0.09213793
0.1439446
-0.04661698
0.08625197
0.08414011
-0.04834308
-0.1811719
-0.04763724
0.1767378
0.09480537
0.03033485
0.1082401
0.073057
0.08799317
0.07153849
0.08729529
0.02785678
-0.02874741
-0.02871729
-0.05547058
-0.1003137
-0.1793605
-0.1331911
-0.09229538
-0.04808594
-0.0394955
0.08194748
0.08101065
-0.0729545
0.08864734
0.1109935
-0.01836965
0.001150638
-0.001520021
0.002266431
0.001002751
-0.001541618
0.00304381
-0.001552366
0.0009443607
0.001568854
0.01944709
0.04048789
-0.005089958
0.01489648
0.01762333
-0.006381822
0.007073622
0.01534482
-0.009778134
-0.02796225
-0.01341879
-0.01375487
-0.0365236
-0.004219428
0.00662426
-0.01721621
0.007587606
0.01235455
0.003564334
-0.0002354442
0.002578348
0.002006105
-0.0006810557
0.0008823192
-0.00582556
0.0007280646
-0.002942648
-0.0004872408
-0.001503105
0.03042085
-0.02428328
-0.009549427
0.04146415
-0.03529252
-0.03232714
0.03415909
-0.0267538
0.01740193
-0.0001407816
-0.01428594
0.004186627
-0.006955028
-0.0009868924
-0.01604187
-0.01185068
0.001149533
-0.08469751
0.09865895
-0.01786516
-0.07627652
0.1091491
-0.01251253
-0.04519555
0.1351409
-0.009243012
-0.001072024
-0.05907942
-0.005951408
-0.01804076
-0.01978486
-0.007782268
-0.05420065
0.01591312
0.01888845
0.02314064
-0.01165036
0.001994449
0.02003241
0.01525525
-0.02020628
0.006075675
0.03263042
0.003344069
0.005904327
0.006433392
0.007724148
0.002128604
0.02161103
-0.02264553
-0.01961208
0.01356002
-5.893257e-05
-0.003880251
-0.001098915
0.001421418
0.000646971
-0.003378257
-0.002476171
-0.001802774
8.67755e-05
-0.03239893
-0.02476662
-0.01846578
-0.005541169
0.02365314
0.01054436
-0.0002266141
0.009012153
-0.02348572
-0.004504999
-0.02027263
-0.005595894
0.006616215
0.007079271
-0.002200133
0.03080189
0.03048564
-0.0003198871
-0.02516429
-0.04101424
0.004294099
-0.03200842
-0.03539321
-0.009835036
-0.03024244
-0.01337667
0.007188424
0.001252317
0.00992935
0.005259016
-0.01569733
-0.01746943
0.001790304
-0.01128554
0.008367931
0.001473802
-0.04113282
-0.01046543
-9.214661e-05
-0.01433983
0.02442119
0.02063382
-0.02101252
0.02829164
0.004957601
0.003265644
-8.671029e-05
-0.0001776465
0.0007764955
-0.002181976
0.0002255333
-0.003024143
-0.001345617
0.003693413
0.09120419
-0.02017625
-0.05329823
0.03489179
-0.02211125
-0.01491662
0.06037326
0.02625421
-0.05541959
0.03750325
-0.07762313
0.001017272
0.04806567
-0.007706053
0.02384198
0.06818734
0.04000687
0.0668688
0.001843952
-0.001050832
-0.001768169
-0.002309741
0.001548238
-0.0007031202
0.0004687979
0.002746607
-0.004753632
-0.08669955
-0.1485243
-0.1009828
-0.1138915
-0.1386089
-0.1235661
-0.05954174
-0.100934
-0.157626
-0.07750783
-0.1315907
-0.0166723
-0.04690824
-0.1073783
-0.09797102
-0.005484581
-0.07161146
0.004166303
-0.01317431
-0.03813698
-0.02788134
-0.02252084
-0.05662831
-0.02934221
-0.03488612
-0.0758386
-0.05491657
-0.04371833
0.02618821
-0.06808455
-0.01571614
0.01143096
0.002504806
-0.01025298
0.0519743
0.04316228
-0.02672805
-0.01337609
-0.0003799547
-0.07171363
0.07211859
0.02390411
-0.02167858
0.0334238
0.04703695
-0.04924547
-0.1465956
-0.1384187
-0.1841681
-0.3123953
-0.2114794
-0.03920681
-0.2058033
-0.1890216
-0.0008699301
-0.0002382614
-0.002659657
-0.001476125
-0.001413379
0.001392612
-0.00347528
-0.002064751
0.001606958
-0.02171671
-0.1727302
-0.1522519
-0.1020134
-0.2772674
-0.2648439
-0.01953974
-0.1736019
-0.2337211
-0.03370931
0.02514946
0.01488463
0.05489437
-0.01516224
0.0596813
0.01487065
0.03676178
0.0462165
0.06483092
0.07356442
0.02021928
0.09381668
0.1076791
0.07505072
0.06177036
0.09998061
0.06211243
-0.03436507
0.005275521
0.003376389
-0.01051764
0.09999961
0.007950724
-0.1118284
0.02190021
-0.01520982
0.03071874
-0.0240408
-0.0206844
0.0494014
0.00739501
0.02292358
0.0659855
-0.005372602
-0.01621222
0.002418299
0.003815263
0.001093034
-0.0001696533
0.0002410209
-0.001560667
0.00371926
-0.001758238
0.002701068
-0.02825715
-0.01740574
-0.05556846
-0.02957842
-0.02045128
-0.02680377
-0.04196664
-0.04089802
-0.04304946
-0.05376958
-0.05228053
-0.02937949
-0.03943176
-0.01794494
0.0002066997
0.01583444
0.06316744
0.06669375
-0.001475631
0.001129564
-0.004415256
-0.0002081519
-0.001982911
0.002374819
0.0007620549
-0.0002415469
-0.001442407
0.00942178
-0.05642569
0.009309727
0.0005669948
0.05177437
-0.02126879
-0.01316264
-0.0523389
0.0110902
-0.02023242
0.02176837
-0.03579999
-0.02462971
0.02416967
0.02001262
-0.01784068
-0.02190645
0.003866541
-0.04426334
-0.1420191
-0.1240274
-0.03252363
-0.1507653
-0.1014528
-0.0003536387
-0.1362105
-0.1191358
0.03851567
0.1146006
0.04821336
0.04555769
0.1070558
0.05847343
0.0631621
0.009340496
0.07860334
0.06508853
0.04001901
-0.04140406
0.02817926
0.0236368
-0.05733322
0.03710303
0.05590548
0.02491473
0.04399529
-0.02006505
-0.04590037
0.05101064
-0.01909188
-0.03341993
0.04214947
-0.06299651
-0.08206051
-7.384457e-05
0.0008006109
0.0002027251
-0.001514545
0.001251822
-0.001665552
0.002596491
0.001365407
0.0001825074
-0.01340019
-0.02460242
0.02887422
0.0357657
0.01952318
0.05856854
-0.03572809
-0.04568369
0.007418643
0.01496204
-0.008650553
-0.002347643
-0.01446139
-0.0417174
-0.02714658
0.03365107
-0.0001088873
-0.001933659
-0.01218871
-0.05694004
-0.04157092
-0.007900245
-0.009812578
0.01810306
0.02163103
0.03610469
0.03776792
0.03464081
0.04146228
0.05412146
0.03486447
0.02709451
0.03205533
-0.04784396
0.03097708
-0.01018658
-0.08369297
-0.01153288
-0.0155148
-0.04886573
0.02199883
0.01892559
-0.03906144
0.01596988
-0.004501543
-0.00348695
-0.003212373
-0.0008337214
0.001217835
0.0001033769
0.003626508
7.964089e-05
0.001910567
0.0006304557
-0.03814419
-0.04861652
-0.04592887
-0.08048997
-0.06886479
-0.01653471
-0.020936
-0.06251515
-0.01361114
0.03788177
-0.05747858
0.003692809
0.006614358
-0.04178882
-0.01211006
-0.02961541
-0.05951075
-0.002026173
-0.0006020987
-0.002087095
0.0009216209
-0.0006330927
-0.0001952595
-3.728881e-05
-0.0008255395
0.00103069
-0.0001832683
0.05095785
-0.02606896
-0.05136909
0.1195872
0.04759703
0.03362829
0.01128403
0.1226469
0.1623394
0.005997826
-0.04000372
0.009190746
0.0006461877
-0.007242105
0.01546482
-0.03499971
-0.003318026
0.05743557
-0.02774302
-0.03209183
0.1393967
0.01795762
-0.02979929
0.1042638
0.02428732
-0.04112949
0.03591567
-0.06489307
0.0235412
-0.001208292
-0.07251754
-0.1034887
-0.06140618
0.005449749
-0.0001779929
-0.1197471
0.1333331
0.06022666
0.1148239
-0.008913402
-0.07463709
0.1293045
0.2235515
0.04048452
0.03491159
0.007695081
-0.067981
0.02850776
0.02984291
0.03350397
0.05900655
-0.04679783
-0.1125882
0.01932485
-0.0006166357
0.005279476
0.002914496
0.005131911
-0.003201068
-0.003635092
0.001088769
-0.0007540928
0.001284564
-0.1535518
-0.1315027
-0.09777792
-0.02226763
-0.0803338
-0.02435397
0.01735919
0.04315065
-0.04563601
0.03831581
0.07176882
0.1153882
0.07092588
0.05847282
0.0430183
-0.03139677
0.04694909
0.07222741
-0.01835792
0.001392614
-0.01195174
-0.07342127
-0.08780034
-0.007452455
-0.03126957
-0.1045528
0.002342482
-0.02666861
-0.04770848
0.02588818
-0.05448823
-0.00603906
-0.02700527
0.01547499
-0.01887275
0.02488616
0.08378453
0.07771218
-0.01125706
0.07991087
0.1261992
0.006353231
0.09884819
0.10366
0.04737385
0.00205123
0.0009340513
0.004836007
-0.001018036
-0.0001231346
-0.001628038
-0.001652617
-0.001460217
0.0004804633
-0.01558553
-0.08335266
-0.06253956
-0.05750746
-0.09180979
-0.03150625
-0.06151326
-0.08943854
-0.09746745
0.008100676
-0.004426244
-0.03308715
0.03449036
-0.02532369
0.02281721
-0.03444456
-0.03925523
-0.07953031
0.0005794872
0.001371683
0.0001616859
0.0004372821
0.001616328
0.003699144
0.00142467
0.0007848321
0.0002832318
0.01296453
0.0192186
0.02535212
0.01452323
0.03004847
-0.03099561
-0.03160163
-0.0887866
-0.04130651
0.04489147
0.02424975
0.02229314
0.0873699
0.07029177
0.004086944
0.07576984
0.03147476
-0.05842641
-0.07852748
-0.1274382
-0.07721993
-0.04487423
-0.0859279
-0.08757411
-0.1020451
-0.1732536
-0.1497293
-0.03083701
-0.1400257
-0.1021203
-0.14164
-0.1870543
-0.1658309
-0.06097107
0.01222549
-0.03707723
0.06566718
0.03884632
0.03814422
-0.05798902
-0.05381307
0.02264567
0.001038903
0.1006763
0.04711965
0.09457801
0.0749652
0.0052247
0.05935417
0.0008213089
0.06038561
0.05117345
0.06758491
0.1484257
-0.0009570508
0.0008961416
0.0002215755
0.002153019
-0.002225279
0.0004553529
-0.003914001
-0.0005620455
0.0009960189
0.02334837
0.07657257
0.09420038
0.1096584
0.1543165
0.1489134
0.06802934
0.04044687
0.02527966
0.01969564
0.07575081
0.06460113
0.05083719
0.03237728
0.06723853
0.07074014
0.05064549
0.1113973
-0.009693981
0.008513792
0.03024817
-0.04216095
-0.04110974
-0.007002431
-0.09416029
-0.1094114
-0.0154616
-0.09323115
-0.09446123
-0.08860866
-0.01175475
-0.02685805
-0.01436271
0.04313182
-0.02554875
-0.03338013
-0.0004107149
-0.02366702
-0.04109443
0.0218708
-0.06259726
-0.03937533
-0.004296756
-0.06172247
-0.02531898
4.060696e-05
-0.003833311
0.003655162
-0.00168973
-0.0001601889
-0.0002814471
-0.001315018
-0.002083018
-0.000724029
0.05873373
-0.08123842
-0.01207056
0.002699422
0.1337945
0.1050267
-0.008114635
0.1270669
0.1338214
-0.04889956
-0.01167726
-0.1248576
-0.01901528
0.09557615
0.1027376
-0.1104931
-0.2239432
-0.07687408
-0.001013008
0.001060298
-4.17782e-05
-0.001727999
-0.0002778249
-0.00236433
-0.001763421
0.00169298
-0.002208223
-0.1874436
0.09442641
-0.02616525
-0.1166598
-0.04919988
0.1332398
0.1233491
-0.07996839
-0.1522332
0.1200446
0.06811598
0.07818853
-0.1074948
0.1223424
0.1422364
0.02389199
-0.0629899
-0.2490595
0.09681176
0.08363943
-0.04687436
-0.04100525
-0.003121178
-0.0226881
0.04811151
-0.1242346
0.06906611
-0.06694257
-0.04545222
-0.01317374
0.08223274
0.1434281
-0.06744953
-0.3365048
0.07309403
0.238551
-0.1127269
-0.0902268
0.0142212
0.2667321
-0.2902559
0.1371293
-0.4430717
0.2663905
-0.02385605
-0.004733909
0.0006739831
-0.1836425
0.1657019
-0.08420145
0.1151229
-0.07939546
0.3745224
0.2460604
0.002535312
-0.002522749
0.001227946
0.0004072527
-0.000701149
0.001286125
-0.001396051
0.001598384
-0.0008070776
0.06664429
0.06890883
-0.04223314
-0.03768374
0.1037158
0.01534213
-0.1013075
-0.1575203
-0.005199506
-0.02815274
0.00489064
-0.03365122
0.142748
0.1252486
-0.0387935
0.1489057
-0.04793132
-0.1633762
0.1624539
0.05574943
0.02219696
-0.01095786
0.1703819
0.04944463
-0.1257357
-0.001882639
0.02808071
0.01805567
0.103673
-0.1030019
-0.1008664
-0.157582
-0.01700827
0.2576898
0.2152667
0.05195175
0.08745241
0.002308576
-0.1465959
0.03735879
0.01013044
-0.06995256
-0.007764457
0.06789624
0.04748858
0.002183928
-0.0009596063
0.0002457202
-0.0006561527
0.003679204
0.003194209
-0.0008486094
-0.0007009123
-0.0009916866
0.03932045
0.03348035
-0.04501995
0.01709678
0.03898376
-0.02697826
0.04300161
0.01185915
0.02904841
0.06012754
0.07280967
0.09232002
-0.06099156
-0.09367999
-0.07357627
0.008815639
-0.04119872
-0.0559832
-0.0005391279
-0.001783499
-0.0004445489
-0.001173112
0.002347229
0.0004562221
-0.001796602
-0.0006175461
0.00300528
0.005931054
0.007353617
-0.01698459
0.06610146
0.01845819
0.06788656
0.0413195
0.09757054
0.09987544
-0.007731173
0.05020164
0.1019273
-0.06284759
-0.06724761
-0.05858092
-0.03870744
-0.03370655
-0.006502061
0.01600063
-0.1644369
-0.001241292
0.01820754
-0.1502595
-0.03795151
0.03381868
-0.1300879
-0.002142673
-0.1310199
-0.05989459
-0.08139637
-0.04984016
0.05319966
0.08215944
-0.03082761
-0.03517066
0.01646365
0.0002485821
0.09606814
-0.1381078
-0.009039989
0.1379863
-0.04560552
0.07130636
0.06109095
-0.1543471
-0.0725855
-0.007109832
-0.01277772
-0.01081863
0.104144
0.1369344
-0.03310636
-0.008561896
0.03275792
0.001681056
-0.00132587
0.0001807505
-0.0006260404
-0.0009603229
0.001049754
-0.0008467913
0.001668683
0.001099927
0.1309125
0.2157992
0.1301186
0.2505326
0.3762332
0.2727948
0.08192108
0.2310218
0.1635661
-0.0749926
-0.07271639
-0.00146162
0.04764461
0.09717943
0.1138124
0.01294943
0.0274128
0.05982117
0.01500935
0.02205764
0.05409613
-0.006208943
-0.08191983
0.01722509
0.00205289
-0.03077818
0.05237122
0.01451574
-0.08947107
0.003123329
0.0293502
-0.04015654
-0.02344623
-0.0004132214
-0.01299581
0.002178262
-0.05189785
-0.0014579
-0.02382884
-0.05120459
-0.01959715
-0.01187929
-0.09362215
-0.08031729
-0.07866038
0.000340514
0.0005087356
-0.004363368
-0.0001272663
0.0001640848
0.0001988615
0.0003673616
-0.001977763
0.0009481477
0.06734172
-0.1267069
-0.08079366
-0.05281723
-0.07989591
0.003986264
-0.08441529
-0.09265395
0.04501797
0.1022639
0.03925229
0.07598323
-0.002208201
-0.07914195
-0.000331043
0.01080222
-0.06505999
0.0008467418
0.001383972
-0.0004153993
-0.001881102
-0.001269539
0.001100018
0.001421027
-0.0003493706
-0.0003808793
0.001572753
-0.008126608
0.01435227
-0.08942109
0.09095439
0.1062233
-0.08717337
0.1572012
0.1197427
0.01470963
0.04921957
-0.0006668922
-0.02005811
0.00460643
0.001817823
0.05002082
0.02032256
-0.04142851
0.0752551
-0.1803578
0.03629438
-0.09691036
-0.1521231
-0.01601734
-0.09106017
-0.2194502
-0.05810581
-0.1668967
-0.07686513
0.1744648
0.1568986
-0.2016754
0.229007
0.2398921
-0.132499
0.0650039
0.1229339
0.08794954
-0.005019134
0.05499614
-0.07979786
0.1535473
-0.08447358
-0.08393799
0.1045889
-0.02767096
-0.03281726
-0.02282328
-0.07730913
-0.01052818
-0.02456702
-0.08330982
0.03752375
0.006774252
0.02997599
-0.0009047801
0.0001934015
0.00421666
-0.00129787
0.003009391
0.0001477106
-0.0007423259
0.0006860428
0.001329995
0.02534951
-0.04287796
-0.05424471
0.08321702
-0.01311136
-0.09326313
-0.0168262
-0.07517479
0.01970093
0.01138532
0.009299537
-0.09818016
0.06551152
-0.0121328
-0.03071203
0.05325643
-0.0816351
-0.08990515
-0.03707511
0.01810498
0.04994337
-0.100149
0.03044633
0.05556088
-0.1311471
-0.1053695
0.04366244
0.0238537
-0.002631076
-0.002123655
0.1061247
-0.0104802
-0.01912242
0.06075314
0.03682075
-0.01876587
0.04475814
0.1045025
0.08319035
0.01505214
0.07460855
0.0314348
-0.01639532
0.009875953
0.004871326
0.0002057497
-0.001135547
-0.000530925
-0.002803839
-0.0008657538
0.0005719201
-0.001300386
0.0007512783
-0.0004939704
-0.02747234
-0.004876535
-0.09321605
-0.05747987
-0.06732696
-0.08839276
0.07846485
0.002268125
0.08570476
-0.05423448
0.02877297
-0.0338577
-0.01509033
0.07626461
0.04746829
-0.097353
0.03845588
-0.01613202
0.0009924516
-0.002466106
0.002146484
0.001245225
0.0006087532
0.0007662011
0.0001488003
0.00234802
0.001353006
0.1252978
-0.05048213
0.03324719
-0.01492518
0.09696072
0.01419836
0.01324779
-0.09473534
-0.01394698
0.06499342
0.007964418
-0.08375878
-0.004194031
0.07930328
-0.05590822
-0.09632935
-0.007867357
-0.04784834
-0.01951955
-0.1788108
-0.03337226
0.05124785
-0.09554271
-0.03925613
0.02692597
-0.142382
-0.05911157
-0.04235281
-0.2283925
-0.05118813
0.2722363
0.0980662
-0.04307142
0.1353175
0.2288923
0.2223706
-0.1290261
-0.06182443
0.0631356
0.14344
-0.2141645
0.2030156
0.03378918
0.06734054
-0.1122896
0.04653739
0.01176441
-0.05280274
-0.1673803
-0.0441541
0.1606394
-0.07357053
-0.2142098
-0.07221484
0.001219673
0.0005208959
-0.00334988
0.002113377
0.001605965
-0.0008806901
0.002142978
0.0004323421
-0.002374786
-0.02613902
0.07431497
0.06355061
0.05640352
0.07424133
-0.02339897
-0.06762418
0.035415
0.0765213
0.001877485
-0.007945832
0.1416352
-0.02162415
0.05703426
-0.0150019
-0.06548487
-0.1424168
-0.113894
-0.01930714
-0.01485672
-0.01323788
0.043025
0.114399
0.02611003
0.07195421
-0.08030361
-0.1135908
0.09500046
-0.0552211
-0.1364123
0.01182382
-0.09929293
-0.1507472
0.292302
0.1459955
0.05886838
0.03602044
0.06246523
-0.03906188
0.05738704
0.04224021
-0.1440259
-0.004135175
0.03916821
-0.06047173
-2.135886e-05
-0.001030108
-0.0007616342
-0.002486953
0.002867452
0.001130711
-0.001772272
0.001110649
-0.002815787
