16 16 3
0.04914113
0.02228798
0.06655343
0.0453239
0.04863519
0.06066546
0.01263966
0.03657906
-0.0735686
-0.06857941
0.02000232
-0.03753773
0.05313709
-0.1022281
-0.002730042
0.1104713
0.03201777
-0.007598791
0.0001351796
0.06842588
0.1322447
0.04885653
0.03690351
0.1060033
-0.01001471
0.02820098
0.02891013
0.03292235
0.0757893
0.0477408
0.09348644
0.1252938
-0.06246199
0.0196837
0.025796
-0.02900245
-0.05335344
-0.09347024
0.05768138
-0.2085674
0.3378521
-0.08678149
-0.01974517
-0.1120711
-0.04211015
-0.07116852
-0.03431888
0.1022566
-0.03409116
0.02598049
0.08012623
0.05148073
0.01553482
-0.04036772
-0.119234
-0.03608955
-0.1992673
-0.1174272
0.1922336
-0.008529939
-0.04359695
-0.02755885
0.1136097
-0.02554196
0.1173997
-0.1250677
0.05676778
0.09345505
-0.09586699
-0.06299657
-0.1303702
-0.08004099
0.1315477
0.0788947
0.05712507
0.1081791
0.02741206
0.009314124
0.08018024
-0.004233175
-0.05128536
0.01566077
0.06447344
0.004410098
0.120122
0.002539759
0.07152938
0.08819661
-0.003289552
0.01645662
0.05079144
0.1244573
0.08191697
0.05953971
0.00127727
0.08987854
0.03850956
0.04473326
0.06522624
0.01077086
0.05364667
0.1178218
0.05789957
0.1104421
0.1614356
0.1044679
0.08814959
0.1150123
-0.2898
-0.2493428
0.1356933
-0.1383781
0.2185517
-0.05810055
-0.1058225
0.1313122
-0.06125473
-0.01989145
-0.034505
-0.06905041
-0.04941256
-0.05032031
0.02155655
0.02467388
0.01263901
0.02125733
0.07118829
-0.03079274
0.01641152
0.06291925
-0.2323538
0.2305838
-0.08017664
-0.004769824
-0.0697886
-0.0609211
0.04032478
0.06626969
0.1074889
0.3473513
-0.03829147
0.1315742
0.05994061
0.04894928
-0.09587663
-0.04740252
-0.006281225
0.01100234
0.03447824
0.03385331
-0.03220561
-0.04027744
0.005194274
0.02409634
0.1211043
-0.01165794
0.04187315
0.08556391
0.04548322
0.1183427
0.1128107
-0.0182084
-0.04727947
-0.005549438
-0.002190425
-0.004143058
0.1013605
0.04165268
-0.08333343
-0.03612093
-0.07153199
0.05191224
0.1702317
0.001773931
0.08082809
0.2146113
0.07686166
-0.08629564
0.1029258
-0.1619484
-0.1716082
0.005402557
-0.1645235
-0.1250591
0.06349815
-0.1977946
-0.08072938
0.02164664
-0.09325758
-0.006604842
-0.04135103
-0.04189446
0.01028635
-0.05533369
-0.01589634
0.09373296
0.05559932
0.04322438
-0.06299456
-0.06683077
-0.03733658
0.03076677
-0.08536897
-0.2072419
0.08024587
0.08131539
-0.03725079
-0.06296039
0.05659171
0.05492033
-0.005795877
0.1194703
0.08587957
-0.2013106
0.08547277
-0.01233515
-0.007670895
0.0443388
-0.00841158
0.09483636
0.1906615
0.08750837
0.08675521
0.144512
0.003996699
0.07010207
-0.05220427
-0.06580798
-0.008255268
-0.01546536
0.01469219
0.01466168
-0.009531757
-0.008848282
0.107158
0.2075229
0.08445035
0.3080043
0.4248609
0.2421988
0.005171036
0.1853042
-0.05939928
0.08283046
0.03959464
-0.00931665
0.1665891
0.1338424
0.07829147
0.0138639
0.0117995
0.01351683
-0.1129725
0.05778409
0.02082165
0.03330133
0.08129448
0.1013978
-0.02238405
-0.07489416
0.08634181
0.09149361
0.1233863
0.1600215
0.1112739
0.09623393
0.09156284
0.06333976
0.09676784
0.06786071
-0.01022
0.1750565
0.01772767
0.006062696
0.1636131
0.05764379
-0.006730172
0.1459869
-0.003331298
-0.02461674
0.06942136
-0.0006300982
0.1715461
0.1687973
0.09013746
-0.04089271
0.1370604
-0.1218927
-0.0003774274
0.001462538
0.0007287757
0.003691269
0.0007749324
-0.002378525
-0.004118881
0.001347822
-0.0007157293
-0.001731666
8.962876e-05
-0.0009141426
-0.0002379757
0.002723144
0.0009870615
-0.002673303
0.0008198891
0.0005185553
0.002093518
-0.0005222213
0.003145986
-0.001918511
-0.001231918
0.00251165
0.001291407
-7.095954e-05
0.001749284
-0.0006048313
-0.0009864601
-0.000101072
-0.0007705102
-0.0003426707
0.0004817657
0.001823061
0.003419087
0.0002593886
0.00157812
0.001677579
-0.001115135
0.002605846
-0.0004971709
-0.004451586
-0.002285163
0.000846618
-0.0007569853
-0.003678712
0.001891317
0.001600656
0.002247429
-0.0006413232
-0.001775552
-0.000931718
0.0009409592
-0.001843789
0.0033116
-0.001272984
0.0002021821
-0.0003880594
0.0009652666
-0.001900059
0.0002493329
-0.00117788
0.002613515
0.002835295
-0.001111221
0.002368012
0.0002041124
-0.0005945888
0.001720476
0.0009341361
-1.325301e-05
-0.001272422
0.003087476
0.0008580299
0.002032266
0.00115953
0.001669533
-0.001697026
0.002190756
-0.001125487
0.002629311
6.889388e-05
0.0006426614
0.003330965
-0.0002385786
0.002199737
-0.0005519647
0.0006222447
-0.0001966832
8.146821e-05
-0.0001175453
-0.0006420592
0.000338177
0.003535823
-0.003979911
-0.0002521462
0.002315881
-0.00117057
0.0003720634
0.0004001664
0.001696658
0.001262528
-0.001204946
0.001324813
0.00263699
-0.0009576755
0.0002393777
-0.0009040289
-0.0001962367
0.0009378813
-0.002666002
-0.0008250512
-0.00168828
-6.382345e-05
-0.0004611614
-0.001245501
-0.001000599
0.001722516
-0.001880971
-0.0002473309
-4.082405e-05
0.000195406
-0.0002663845
0.002053123
0.000310981
0.0004439091
0.002246569
0.000999905
0.0007959478
-0.0007513356
-0.0006244553
0.002991632
0.001861725
-5.698461e-05
0.001317661
-0.0003989621
-0.001002187
-0.0006357256
-0.0005688386
-0.0004171403
0.0002528548
-0.00103661
-0.000396439
-0.002945553
-0.02840813
0.03140157
0.09308386
0.2206429
0.1675512
0.09849738
0.2031537
0.004097601
-0.1461221
-0.1201058
-0.1135334
0.1066568
0.03642049
0.1128619
0.1182137
0.08581609
0.1293818
-0.0458471
-0.08203787
-0.02433672
-0.04912638
-0.08543816
-0.02610988
-0.007467758
-0.1057458
-0.04405476
-0.06416886
0.0146225
-0.1072945
-0.1087474
-0.01437611
-0.09753642
-0.02846649
0.01515433
0.01198207
0.1351036
-0.1456639
-0.2031188
0.01981641
-0.1582037
-0.09121627
0.1945786
-0.03161255
0.1919758
0.1936034
-0.1923867
0.03404773
0.05945746
0.01515036
0.08951203
-0.07448239
0.207909
0.03409595
-0.2049623
-0.02330624
0.06795789
0.104001
-0.03734288
-0.01584437
-0.01892976
-0.08234864
-0.06646626
-0.03639016
0.3594038
0.1040804
-0.210796
0.1091228
-0.2616954
-0.316503
-0.2353483
-0.2982025
0.0223192
0.1155192
-0.04196088
-0.126394
0.002927571
-0.1152248
-0.07521659
-0.151368
-0.1571362
-0.009054464
0.1716059
0.2473993
0.1653783
0.1815182
0.06211305
-0.05265218
0.0496953
-0.08881879
-0.01493512
0.02044147
0.02230734
0.01744163
0.08140638
0.08325779
0.01796668
0.03947587
0.03634291
0.04291502
0.002586073
0.03676867
0.05681894
0.0742783
0.0135113
-0.06652211
0.0931491
-0.01652364
-0.08164354
0.05048547
0.1085046
0.0008540507
-0.006600395
-0.04799918
-0.1531704
-0.1510931
-0.06475607
-0.1061043
-0.01835177
-0.009125166
-0.006700473
-0.01661062
0.01417264
0.03029241
0.0334755
0.02577071
0.003915068
-0.1044692
-0.04917448
0.04723031
-0.02254347
0.006043363
0.04729895
-0.01601553
-0.03345047
-0.01137922
0.1059612
0.1837676
0.01028637
0.1735522
0.03300823
0.078052
0.02585247
0.02302034
0.1123812
0.3749762
0.2582574
0.1072623
0.2456432
0.0435734
-0.1683327
-0.1235792
-0.2469749
-0.3267227
0.008443513
0.1714829
0.1686973
0.07112346
0.1128159
0.003987726
-0.0302627
0.003175227
0.0003116674
-0.05341379
0.08899705
0.104245
0.01688667
-0.0007808082
-0.07797757
-0.1919957
-0.1173563
-0.09497986
-0.08201567
-0.1150721
-0.0345311
0.009536408
0.07681965
0.1870779
0.08675792
0.1198556
0.131877
-0.05430315
-0.2281597
-0.157367
-0.1012371
-0.05871825
0.1106395
0.06150477
0.2797388
0.2109513
-0.07778572
-0.003901652
0.003430395
-0.01022199
0.04985784
0.01161966
-0.01778561
0.03214771
-0.006091292
0.1362416
0.07913805
0.03258357
-0.0662607
-0.1116058
-0.1635916
0.03525723
0.08835503
0.07846618
-0.07264081
0.002345104
0.0308246
-0.01165643
0.05600492
0.06178258
0.0506385
-0.02489744
-0.1146488
-0.004375821
0.002383332
0.06961424
-0.004412705
0.006095365
-0.0390273
-0.01407622
-0.02530082
-0.04942742
-0.004500738
0.05499445
0.064954
-0.1005468
-0.06850968
-0.03731037
0.0231801
0.05483358
0.1279904
0.08854541
0.1421202
0.05517736
0.005591839
0.03831191
0.02899831
-0.1125855
-0.07783211
0.0598199
-0.05940306
-0.0236438
-0.07485907
0.02268396
0.09297045
0.04964625
0.05244428
0.1282256
0.1010186
-0.04135897
-0.1538651
-0.150827
-0.2153515
-0.1088629
0.04586666
-0.07314572
0.1336375
-0.1152021
-0.05545835
0.05865975
0.07590836
0.04476167
0.03094885
-0.02080631
-0.105381
-0.05421369
-0.047486
0.1129257
0.1854462
0.121646
0.09022857
0.01877136
-0.0453715
-0.04387102
-0.0666118
0.00916528
-0.09036128
-0.1257264
-0.04611264
0.07178355
0.244623
0.2566921
0.06813347
0.1921003
0.03812856
-0.1654265
0.007801515
0.2628166
-0.1338869
-0.0013735
0.1918804
-0.0135641
0.06455217
0.1681073
-0.0888553
-0.08889698
0.03856213
-0.09060229
-0.02507673
0.03821462
-0.07903932
-0.06586704
-0.07052835
-0.07514887
-0.0230981
0.02209868
-0.07149307
-0.01269148
0.07708357
-0.03649924
0.01650571
0.1359791
-0.08554891
-0.07066759
-0.1170137
0.02263898
-0.008711365
-0.04870545
0.06722371
0.04803078
0.002265563
-0.07751632
-0.1129015
0.1126096
-0.07857267
-0.1310665
0.1752303
-0.16337
-0.054745
0.1327979
-0.2464221
-0.06139193
0.08558214
-0.186881
0.01139732
0.166324
-0.0957925
0.01532433
0.1083721
0.04883682
0.04022684
-0.009975858
0.001726045
0.02453855
-0.04469764
-0.05959943
-0.009054118
-0.09674787
0.1381887
-0.05607424
-0.1485072
0.135069
-0.1712184
-0.1977167
0.02313866
-0.1501087
-0.1101481
0.09434914
-0.05285786
-0.1697206
0.03766695
-0.05230571
-0.09411693
-0.05264352
-0.09897025
-0.07064077
0.3004085
0.2074961
-0.06303012
0.2802526
0.09034897
-0.1899549
0.2559225
0.02057999
-0.1679346
-0.02405832
0.04655765
0.07879414
0.06510685
0.09426721
0.06743183
0.03452859
0.077004
0.01449677
0.06099657
0.04819378
0.0190715
0.05371784
0.02454955
-0.02521209
0.03245674
0.00102442
-0.03723175
-0.1526894
0.008486809
-0.02585406
-0.0998989
-0.01523717
0.008136485
0.03855939
-0.02494763
0.04225191
0.007078691
-0.002575038
-0.006677603
0.03132784
0.02205768
0.03911935
-0.02089289
-0.01172526
0.02203097
-0.08216652
-0.1344719
0.0676744
-0.06648067
-0.1095739
0.09981458
0.009580309
-0.1075693
0.1522347
0.0812572
0.1376743
0.1124979
0.1445459
0.03520112
-0.01821029
0.1026349
0.012561
-0.1224702
0.08107258
0.0257824
0.04670827
0.009656964
-0.07877563
-0.05263431
0.02859899
-0.04596644
-0.07093461
-0.05318739
-0.06539626
-0.09720241
-0.07680372
-0.1176437
-0.1402369
-0.178745
0.0439997
0.004579726
0.09431542
0.0716992
0.02910393
0.1305941
0.04409366
0.00926186
0.06690405
0.06027635
0.08067399
0.05859758
0.05230495
-0.08805041
0.1655964
0.1597396
-0.1317803
0.0007130338
-0.05040666
-0.1600365
0.03356611
-0.04518889
0.05045537
-0.03225013
0.1111247
-0.0350886
-0.143929
0.002599623
-0.06124573
-0.06237092
-0.01900729
-0.002261181
0.0491081
0.03298528
-0.01476511
0.02907166
-0.03073151
-0.03825909
-0.1051864
0.007443585
0.1192134
-0.145967
0.1347248
0.1989519
-0.149131
-0.01429039
-0.02401418
0.01194607
0.0992517
-0.108201
-0.03608653
0.07512028
-0.07647195
-0.10331
-0.076321
-0.07443108
0.04117039
-0.01074769
0.04036888
0.0732342
0.05921547
0.00375209
0.009081846
0.002407979
-0.01676713
-0.005080052
0.1260061
0.05398785
0.02629916
0.03756374
0.09220111
-0.001098259
0.009592115
0.09397759
-0.07915864
-0.02731049
-0.05054715
-0.07461521
-0.04738022
-0.05204068
-0.01289606
0.06881461
0.03903713
-0.03020872
0.02352824
0.03077097
0.04284487
0.1279569
0.08598725
0.1135011
0.1570527
0.04096667
-0.1418298
-0.1823196
-0.2971179
-0.1296895
0.07296664
-0.08554196
0.03694056
0.1558984
0.009691354
0.009559697
0.01061506
-0.03779534
0.0268903
0.00635338
-0.01835647
-0.02717588
-0.01466077
-0.02503941
-0.1602048
-0.06782943
-0.105621
-0.05032306
-0.1933938
-0.004467635
-0.02777176
-0.03072491
0.03499135
-0.02523573
0.04089791
-0.06153212
-0.03252947
0.2156223
-0.1219232
-0.03514978
-0.03996629
-0.1394733
-0.2372965
-0.232996
-0.01993488
-0.2855626
-0.03443908
0.2320728
-0.06182155
0.2322897
0.3555576
-0.1047008
-0.01663094
0.01291898
-0.06327385
0.02564031
-0.06876945
-0.1648394
0.08608919
-0.01661396
0.08137273
0.1359792
0.1762761
0.180294
0.08557766
-0.02935665
0.02680208
-0.0330545
0.001474067
-0.005001637
0.03543043
0.09700464
0.05336916
0.1142452
0.1176822
0.01480879
-0.00789458
-0.1403489
0.1480654
-0.1035015
0.0793359
-0.03785205
0.01860047
-0.01405868
-0.05537354
-0.03557548
-0.2753357
0.06626859
-0.002261118
-0.2002333
0.1316605
-0.02378281
-0.1759872
0.03815974
-0.1065163
-0.1751953
-0.00419264
-0.1345413
0.002766082
-0.09349921
-0.1313983
0.0381879
0.05189779
0.1611774
0.138902
-0.160801
-0.2327387
-0.1754937
-0.2458542
-0.1410255
0.07446639
-0.2002375
0.09101699
0.1199243
0.1107994
0.01235709
-0.003463679
0.08898325
0.02078131
0.01951202
-0.006144382
-0.01399478
0.09238806
0.1498947
0.1978732
0.05368983
0.09381007
0.003293258
-0.1106355
0.01725633
-0.04118791
-0.001419152
-0.006351529
0.08097925
0.00265425
0.07316265
0.06119352
-0.02607169
0.05230189
0.002121527
-0.03019335
0.1809797
0.1264349
0.03888268
0.05893083
0.03380827
0.03813188
0.05426873
0.02520339
0.08410416
-0.02028125
-0.1294486
-0.1471662
-0.06136877
-0.1628136
-0.08312131
0.04933468
-0.07854029
0.02007403
0.002184237
0.02182096
-0.03259066
0.09820817
0.006246902
-0.103803
-0.03751196
-0.04321564
-0.01725281
0.02980091
0.1723871
-0.003295845
0.07192805
0.001291754
-0.1846052
0.1194975
-0.03032286
0.03657774
-0.03723779
-0.07617985
0.01542663
-0.009386764
0.1889894
0.1387011
0.1187687
0.07620129
-0.03108807
-0.007528346
0.07671928
0.01581859
0.08474898
0.1328518
0.04723306
0.01587964
0.03269303
0.01876009
0.01003623
0.02373933
-0.02462338
0.03229997
0.05879248
-0.004526217
0.04893418
0.06572603
-0.01407958
0.002892818
0.009574658
-0.0170795
-0.02646399
-0.006045036
-0.01337249
-0.04417014
-0.02445269
-0.04389651
0.1329738
0.08794454
0.004527067
0.1078873
0.06041234
-0.007697616
0.07649321
0.03950758
-0.002613659
-0.06563791
-0.09463079
-0.07885727
-0.08820719
-0.06503116
-0.02834379
-0.07928758
-0.09922018
-0.06991286
-0.03956447
-0.05642122
-0.06952166
-0.02488451
-0.02956674
-0.02852173
-0.001208817
-0.01859877
-0.01196726
-0.01705555
0.02001979
0.04073706
0.008039908
0.05796195
0.08169586
0.050032
0.02425714
0.02743471
-0.03177328
-0.01959176
-0.047588
-0.002599211
0.0370436
0.01642773
0.03244566
0.05990808
0.03666551
0.004704563
0.0119823
0.003705482
-0.0001943661
0.03840818
0.04191575
-0.001931033
0.05002444
0.02594254
0.05709004
0.03101001
0.04505646
-0.01223224
-0.0330827
0.02092983
0.01283693
0.00205784
0.0322692
0.03983985
0.04618254
-0.0122879
0.06854644
0.05483123
-0.002031829
0.02384137
-0.0007807082
-0.05233634
-0.05330703
-0.0115902
0.01704549
-0.06416561
-0.02388269
-0.01326646
-0.07527943
-0.06980357
-0.0521776
0.06708566
0.08961358
0.1033323
0.06386812
0.08972673
0.01349795
-0.01145254
0.08297497
-0.01298454
-0.001952098
-0.01450557
-0.02092507
0.005044038
0.002692642
0.01666356
-0.002720283
-0.01399804
0.00031507
0.01627397
0.0172055
0.03829053
0.0188588
0.05163459
0.04450383
0.0468808
0.02910377
-0.0106368
0.02817732
0.03835362
-0.01737514
0.09243636
0.08065113
0.05639755
0.07204822
0.03977604
0.05678488
-0.07734124
-0.02656496
-0.01287024
0.04992061
0.05323528
0.07583995
0.02172231
0.08531757
0.1387643
-0.06745414
-0.08859183
-0.1354126
0.06731763
0.08076406
0.02397445
-0.05468216
0.07927511
0.07164153
-0.01753326
-0.0143482
0.04103803
0.04037194
-0.01043634
0.0166446
0.009977832
-0.1106909
-0.1393398
-0.0702752
-0.01228402
-0.009795675
-0.102723
-0.1043731
-0.03423213
0.01632691
-0.1573975
-0.1215344
-0.01944591
-0.1228805
-0.2183071
0.1203799
0.1742244
-0.08431898
0.1070859
0.1439647
0.08642545
0.1884036
0.03259922
-0.2784003
0.1492376
0.2169274
-0.009060427
-0.2355074
-0.005551907
0.05267189
-0.07777321
-0.1979216
0.04060439
-0.04061769
-0.1772822
-0.1314384
0.02135235
-0.08798265
-0.09631352
0.04377025
0.3967166
0.3241225
-0.2666349
-0.0743246
0.1697934
-0.06979001
-0.2543477
-0.09114509
0.2134073
0.03685455
-0.1062351
0.1405725
0.1675564
0.1261327
-0.05908401
0.0565765
0.1423402
-0.05941642
0.1179266
0.1685125
-0.1611347
-0.06258587
0.1112688
-0.18291
-0.1800707
-0.0819604
-0.1208067
-0.09695517
-0.01687028
0.05138641
-0.001851412
0.01559479
0.1158298
0.02766596
0.06007758
0.03913048
0.06195719
-0.008047791
-0.02599522
0.1047746
0.1008712
-0.1772693
-0.03279224
0.0451132
0.0870534
0.03054442
-0.04611903
0.01495358
0.03983793
0.1132215
0.1314865
0.128998
-0.07300547
-0.0249117
-0.04157235
-0.01956806
0.06693642
-0.01355926
-0.05220672
0.02683636
0.008190145
-0.05513273
0.06168531
-0.08296357
-0.1370259
0.1173648
0.001445536
-0.0579871
0.07840337
-0.03290739
-0.1321414
0.04145939
0.09257413
0.009028416
-0.1285696
-0.02197425
0.08237205
-0.1251892
-0.2317817
-0.09096634
-0.09530941
-0.05035587
-0.01485489
-0.008737843
0.03162053
0.01680107
0.04705888
0.02700887
0.01545292
-0.08766983
-0.1609066
-0.0509433
-0.2474609
-0.1497899
0.0001151669
-0.148567
-0.1453902
-0.08662878
-0.03539614
-0.01556504
0.04975877
-0.06308115
0.1043526
0.1872032
0.008806256
0.08018375
0.05875494
0.2017209
-0.04792383
-0.07782017
0.2334596
-0.09988377
-0.135288
0.1215995
-0.0583167
-0.0788141
0.07734197
0.05123773
0.08756434
0.3718822
-0.2040824
0.1012568
0.01469909
-0.0623401
0.02772239
0.003915587
-0.01897259
-0.09443441
0.02196611
-0.04320372
-0.1070221
-0.03747951
-0.04256047
-0.07310332
0.01807023
0.008406136
-0.2113162
0.3279533
0.1508664
-0.1090856
0.03757099
-0.00576742
-0.2166068
0.004206739
-0.1072908
0.05783062
0.04251138
-0.008609369
0.0434933
-0.04965747
0.02931745
-0.07453235
-0.001847188
0.0446977
-0.02870768
0.0553801
0.1241978
0.03661043
0.01916925
0.02075881
-0.01174771
-0.02925436
-0.06063964
0.07454585
-0.1344935
0.04972656
0.1094055
-0.07528371
0.01122655
0.006348519
-0.06028322
-0.06459521
0.06514067
-0.0671198
0.1045982
0.1232925
0.009243366
0.09486085
0.08152752
0.142719
0.156656
0.280798
0.2126292
0.1956947
0.2990345
0.1589483
0.138353
0.1954167
-0.1650397
-0.03014819
-0.0164869
0.1483453
-0.1145969
-0.1339051
0.02612072
-0.1220857
-0.04031994
-0.003465503
-0.03751659
0.01880503
0.046426
0.132845
0.150139
0.005213704
0.01955291
-0.01232883
-0.07532812
-0.03780192
0.02509084
-0.2589592
0.3208114
-0.070118
-0.07883461
-0.03978106
-0.1348459
0.06140724
-0.05849
0.08972187
0.1848699
-0.05431328
-0.04528243
-0.07237631
-0.02708056
-0.007979268
-0.07673983
-0.09427512
-0.09027878
-0.2102044
-0.1637736
-0.1265226
-0.2027206
-0.1172968
-0.063628
-0.02595752
0.01754997
0.02584374
0.006682098
0.01244221
0.007360409
0.02852702
0.03232971
0.03967056
-0.07787598
0.04321091
0.03661403
0.0357996
0.1084137
0.08617383
0.03161158
0.08280498
0.09245356
0.04224584
0.08872698
0.1052484
0.05216273
0.08953311
0.06646762
0.06526875
0.05143053
0.01863523
0.2091478
0.2607995
0.2245616
0.1291319
0.3307143
0.2493947
0.1268761
0.2317741
0.05994955
0.08399833
0.1766325
0.0918422
0.04834211
0.0442067
0.007404421
0.1104443
0.01382417
0.02101935
0.1291958
0.04994114
0.014087
-0.004107465
-0.0469138
-0.07131077
-0.01924472
-0.02231647
-0.09799775
-0.05440888
-0.04033269
-0.1084205
-0.09803432
-0.1005533
-0.1433512
-0.1516817
-0.1311033
-0.1142675
0.0009682432
0.002899903
-0.003861146
0.0155606
-0.0101277
-0.04874681
0.02030106
0.005795364
-0.03470609
-0.0626768
-0.01225888
-0.007484328
-0.003977261
0.006336254
-0.04292686
-0.06722961
-0.09381142
-0.120307
0.04761429
0.1325894
0.1148048
0.0964906
0.1323756
0.08539196
0.1131479
0.1235961
0.05605969
-0.009158128
0.03600266
-0.07294101
0.07628167
0.1170904
0.01225783
0.1019012
0.1232668
0.0253737
0.01342301
-0.07001831
-0.07807463
-0.04731408
0.0298972
-0.01256448
0.00148501
0.02484602
0.02763075
-0.05797154
-0.05262721
-0.068929
-0.03983521
-0.041668
-0.03116101
0.01571338
-0.008461758
0.004945801
0.01166704
0.01027193
-0.03560019
0.06309047
0.005039332
-0.01585043
-0.002972621
0.02511826
0.05737695
-0.05457754
-0.01106014
0.003065844
-0.09392519
-0.01657664
-0.03673076
0.0497129
0.03956001
0.002729604
-0.003518742
-0.02400517
0.01713694
-0.06525079
-0.02740381
0.01419038
-0.08443719
-0.009881436
0.0569708
0.08404169
0.01701589
0.004479924
0.03834157
0.0278645
0.003681452
0.007778557
-0.03132753
0.008117405
-0.00477318
-0.04754645
-0.06712075
0.02616624
0.0237572
-0.04481993
0.01593084
0.01084954
0.02671846
-0.05621364
-0.00752598
0.03147967
-0.08652662
-0.05931561
0.01771712
-0.04890876
-0.03043316
-0.00639076
0.03407103
0.1242178
-0.1493238
-0.002974862
-0.1563084
0.1640946
-0.06357336
-0.1163183
0.01676058
0.05919454
0.02527447
0.004377576
0.0102773
0.05056552
0.04908048
-0.06432427
0.04792643
0.07344192
0.02967273
0.02919035
-0.06212339
0.01085995
-0.077547
0.02543728
0.01768594
-0.06932449
-0.03438951
-0.06062955
-0.001099653
0.07712931
-0.02422113
0.03244072
0.06163794
0.08756112
0.1166235
0.007062155
0.01042347
0.05227403
0.07037251
-0.02585067
-0.00348582
-0.002287636
-0.009790124
-0.06827882
-0.08515231
-0.03529689
-0.04292431
-0.0002661149
-0.02830451
0.04498114
-0.02329113
-0.02366511
0.08365189
0.02217053
-0.02444196
0.002873992
0.06550438
0.03400496
0.007510206
-0.03152165
0.0294614
-0.002741831
-0.02613561
-0.002189228
-0.03771413
-0.04328742
-0.0513467
-0.07088536
-0.05800169
-0.04887856
-0.07422804
-0.09100537
0.02553164
0.03857052
-0.1887084
0.002082967
0.06579193
-0.07479002
0.005871123
0.006384787
0.02757708
-0.0433036
-0.03421203
-0.02586856
0.008381221
0.03623153
-0.02103116
0.02135096
0.01023132
0.003422913
-0.06082452
-0.07902639
-0.01082003
-0.02118854
0.04902528
-0.09780013
0.02839444
-0.07237509
-0.08972043
0.05780942
0.1062227
-0.04971356
-0.05458356
0.02372947
0.049876
0.04970548
0.0617042
0.02122819
-0.007964023
-0.01718334
-0.05129979
0.0186673
-0.01551041
-0.08655781
0.1543614
0.1187457
0.02115405
-0.05199885
0.01967794
0.04233541
-0.05865857
0.00343581
0.002500229
0.02066989
-0.02523308
-0.05423368
-0.004911358
-0.02891118
-0.00380638
0.01565267
-0.01266987
-0.001889061
-0.01159396
-0.05300744
-0.05413532
0.07306225
0.05617374
0.007481625
-0.01683833
-0.009124289
-0.0273996
-0.1351553
-0.1159281
-0.1456961
0.009311719
-0.07315262
-0.03283802
0.0263447
0.006247151
0.01380376
-0.0494626
0.05312864
0.03911093
-0.05350071
-0.06672147
-0.05159707
-0.06263518
-0.06491153
0.007761495
-0.01619798
0.02258649
0.0651928
-0.008361191
-0.02704887
-0.03890417
-0.002439016
-0.02932172
-0.1282334
-0.03706042
0.01297331
0.04033124
-0.04395904
-0.01325489
-0.03505968
0.01640794
0.02290774
-0.0528366
-0.02079493
-0.04580114
-0.07248413
0.01623709
0.03799677
0.03764828
0.04738202
0.091438
0.09205117
-0.08123293
-0.04575348
-0.06524632
0.0754925
0.06553341
0.02039099
-0.002200922
-0.0003611014
0.009796198
0.04442785
0.03325645
0.04466053
0.1564743
0.1359147
0.1729602
0.2771973
0.257254
0.2723759
-0.0158119
-0.07571857
-0.01793317
0.04878398
0.07500418
0.0748242
0.1336086
0.1195961
0.09483428
-0.06998887
-0.0614883
-0.04383711
-0.07156204
-0.03304957
0.005403746
0.1418381
0.07920597
0.1578618
0.04512076
0.08007725
-0.002521737
0.001336571
-0.01055385
0.02337419
0.05305295
0.06125823
0.04256596
0.03363269
0.009155756
0.01450853
-0.0001494293
0.03535619
0.0342004
0.02515228
0.02891826
0.01053562
0.06246973
-0.04202485
-0.001284773
-0.05019445
-0.04040539
0.00470978
0.04636908
0.04502881
0.002384159
0.005899061
0.03560949
0.03878157
-0.001371735
0.0009752676
0.001231844
0.001939882
0.0006656185
0.002083266
0.0001336075
0.001291269
0.001551011
0.002435459
-0.004005966
-0.002214149
-0.0006580564
0.003239201
0.001932547
0.001158825
-0.0009143663
-0.002951313
0.0007695693
-2.775116e-05
0.0001858512
0.002533071
-0.001148253
-0.0003525027
0.001094162
8.161882e-05
-0.001982039
0.0004310556
-0.002221697
0.00195047
0.0003579033
0.003298821
-0.00162258
0.0007120667
0.002320989
0.001053383
0.001739038
-2.103295e-05
-0.002741064
0.001614026
0.001627281
0.001224718
0.0004529148
-0.001272449
0.002820768
-0.00125156
0.002557635
-0.0004336559
-0.001021825
0.0005026737
0.001362614
-0.0005064149
0.005301421
0.000496475
0.0002582185
0.0005250623
0.002083188
-0.000378829
-0.002942948
0.0006584205
-0.001197572
0.000489338
0.0008595615
-0.0008784724
-0.0008586121
0.002510032
0.0005538851
0.0009521634
-0.001126844
-0.003054362
0.001968796
0.001638258
1.568675e-05
-0.002515037
0.001976578
-0.003967388
-0.0008741361
-0.0006340553
0.0002016104
-0.0001102223
-0.0002813264
-0.0001881929
0.0003116182
-0.001529304
-0.002686935
0.0002175123
-0.0007477999
0.002273917
0.0001994551
0.0009334316
-0.00111321
-0.001695276
-0.001911442
0.0009745565
-0.0002223698
-0.0001418697
-0.0002570671
-0.001440792
0.002939888
-0.0003372942
-0.001927423
-0.002399194
0.0008010151
-0.0003859217
-0.002058767
-0.001470762
-0.001580797
-0.001487399
-0.0007809218
-2.173459e-05
0.0003399254
0.001410081
0.0006045736
-0.001479213
0.003421808
-0.0004143654
0.003926701
-0.0003874561
0.001133037
0.001164788
0.0002813899
-0.0007447375
-0.0008345462
-0.001174744
-3.665364e-05
0.0007289943
0.003306988
2.310805e-05
-0.001788394
0.001748594
-0.002565849
-0.001739521
0.003151644
-0.0004041425
-0.0004679112
0.002415522
0.001025811
-0.003402242
0.001364243
-0.002565873
0.0001447885
0.0005926698
0.005559859
0.0006936646
-0.07262475
-0.03973841
-0.05334456
0.07224789
0.1108013
0.09769803
0.0204402
0.1630144
0.09860744
-0.05685221
0.02818631
0.08909656
-0.09744629
-0.07381955
-0.0108379
0.05334205
0.1080127
0.07718953
0.06684783
0.1819222
0.185243
-0.05800337
0.04368918
-0.05872713
-0.0707783
-0.06020538
-0.1727982
0.006716105
0.03643422
0.01735329
0.1506485
0.1855627
0.09517714
-0.05863358
-0.07119992
-0.09980062
0.01384446
-0.15363
-0.08962663
0.03840833
0.3041364
0.1234007
-0.01297026
-0.1751082
0.04677158
0.1080023
0.1683399
0.07986289
-0.03144167
-0.00122064
-0.01718264
-0.1553136
-0.1049825
-0.1177885
0.09765948
0.05578805
-0.002633229
-0.07187792
-0.1378318
-0.1674522
0.1771494
0.0734466
0.08001797
-0.02830346
0.01488952
-0.03603546
-0.1905538
-0.1462051
-0.1265292
-0.07918286
0.01702043
-0.02813844
0.2044075
0.1664184
0.179741
0.0251456
-0.08548688
-0.04945333
0.1209466
0.125866
0.1479778
0.08636814
0.1065779
0.1199547
-0.03942462
-0.1348134
-0.06012071
0.1450702
0.1571561
0.1281704
0.06030192
0.1448593
0.08688287
-0.2251941
-0.1982104
-0.1522527
0.05401013
0.1520154
0.1195183
-0.03903083
0.02871359
0.007360447
-0.06705517
0.01685579
0.0004139319
0.0373268
0.1061031
0.1276073
-0.3146692
-0.4594572
-0.2575101
0.2022611
0.6639918
0.1813841
0.04106367
-0.1561939
-0.05871685
0.1415051
0.1815236
0.1285706
-0.09582196
-0.0912412
-0.1377013
-0.005517699
0.08898363
0.02174223
-0.02956159
0.1301574
-0.04185788
-0.1261082
-0.08249066
-0.07009182
-0.07624418
0.1669168
0.01967493
-0.04613053
-0.07754872
-0.07587145
0.2949888
0.360691
0.2072095
-0.1399839
-0.1885027
-0.150165
