-1.112426e-01
2.674525e-02
-1.073650e-01
-1.592728e-01
-2.853570e-02
-1.957531e-01
-9.459249e-02
-1.503679e-01
-1.826141e-01
-5.595336e-02
-1.228578e-02
3.253869e-03
-7.225648e-02
1.530326e-01
-1.911717e-01
-3.414096e-02
1.002363e-01
-9.312828e-02
-1.233027e-01
-1.437931e-01
-1.658694e-02
-2.446402e-01
-1.959830e-02
-1.969886e-02
3.902616e-02
-9.186412e-02
6.530931e-02
-6.915388e-02
3.552183e-02
-8.203639e-02
-4.110163e-03
-6.046431e-02
-9.570044e-02
-1.406981e-01
-1.141626e-01
-1.480056e-01
-2.768100e-02
-7.200288e-02
-7.687563e-02
-7.252444e-02
-1.630812e-01
9.392061e-02
8.028392e-03
8.154401e-02
-1.625952e-01
-1.501099e-01
-1.871586e-01
-7.681992e-02
-1.467218e-01
-4.828063e-02
-5.087568e-02
-6.855232e-02
-1.236277e-01
-3.620903e-02
6.738638e-03
2.173126e-02
-9.026100e-02
-9.586523e-02
-8.796632e-02
3.462192e-02
-1.268343e-01
-9.764680e-02
-2.114335e-01
3.313242e-02
