-1.631874e-01
-5.632870e-01
-2.344775e-01
3.910591e-02
-1.946925e-01
2.237678e-03
-3.857056e-01
-7.560342e-04
-2.620425e-01
2.955123e-01
-2.270857e-01
-1.568483e-01
-5.619735e-02
4.345144e-01
-2.959796e-02
2.911254e-03
-5.862278e-01
1.766158e-01
-4.813662e-01
-4.057335e-01
-3.720978e-01
-1.657356e-01
-3.186812e-01
-8.374728e-02
-2.755035e-01
-1.623934e-01
-3.507333e-02
1.329379e-01
8.042610e-02
5.151376e-01
-9.392408e-02
1.114399e-01
-5.330646e-01
-2.032188e-01
-1.014679e-01
-2.756291e-01
-3.385555e-01
-3.130395e-01
-2.825304e-01
-4.777350e-02
-2.528390e-01
-3.680356e-01
-1.218999e-01
-5.870087e-01
-3.207480e-01
-3.014980e-02
-1.834124e-01
-3.557588e-01
-4.822591e-02
3.255932e-01
-5.849004e-01
4.029545e-01
-6.341163e-01
-1.348812e-01
-3.543235e-01
2.346745e-01
1.900797e-02
-1.278024e-01
-1.334677e-02
6.049208e-02
-2.134948e-03
-2.110583e-01
-4.295198e-01
-1.429226e-02
