-1.146343e+00
-2.553848e-01
1.209759e-01
-3.690186e+00
-5.231076e-01
-2.753704e-01
-2.125343e-01
-4.395481e-01
-5.338985e-01
5.460886e-01
-2.132602e-03
-1.807063e-03
-6.998069e-01
-1.194516e+00
-2.393879e-01
-6.525616e-01
-7.523952e-01
-8.583990e-01
-3.354083e-01
-4.482394e-01
-3.210487e-01
-6.781897e-03
-2.286381e-03
-3.736697e-02
-1.738068e+00
2.335333e-01
-1.235448e+00
-2.021721e+00
-9.815722e-01
-2.867732e+00
-1.188086e+00
-1.187014e+00
-8.445868e-01
-2.201933e-01
-4.619386e-01
5.886990e-01
-1.898557e+00
-5.597727e-01
-1.366425e+00
-5.258136e-01
-3.683801e+00
-2.460061e-01
-5.161240e-01
-7.453798e-01
-6.399676e-01
-3.589649e-01
3.284353e-01
-1.960618e+00
-4.928606e-02
-4.472230e-01
-4.324306e-01
-3.074798e-01
-8.613756e-01
-9.244763e-01
7.888754e-04
-4.768442e-01
-3.285177e-01
-1.030750e+00
-1.301583e+00
-4.217942e-01
-1.411993e+00
-6.600838e-01
-4.791117e-01
-9.647743e-01
