-1.385358e-01
-5.432944e-02
-1.659736e-01
-6.219662e-02
-1.203735e-01
-2.688200e-01
-9.701350e-02
-1.111684e-01
-7.003841e-02
-1.864611e-01
-3.399584e-01
-2.513854e-01
-2.316740e-01
-1.861004e-01
-2.576832e-01
-1.674213e-03
-8.303938e-02
-8.095296e-02
-1.430752e-01
-6.575049e-02
-1.883300e-01
-1.937312e-01
-1.527237e-01
-5.347306e-02
-2.136401e-01
-2.255372e-01
-3.545825e-01
-2.574285e-01
-1.794007e-01
-3.149175e-02
-3.594141e-01
-4.576565e-01
-2.258789e-01
-2.487561e-01
-1.801547e-01
-1.642568e-01
-1.608931e-01
-2.906939e-01
-2.206087e-01
-1.686108e-01
-2.529818e-01
-8.956049e-02
-9.716059e-02
-6.838882e-02
-1.649770e-01
-5.520828e-02
-2.887143e-01
-3.664319e-03
-2.599770e-01
-1.742663e-01
-1.107345e-01
-1.782756e-01
-1.174933e-01
-2.069223e-01
2.210647e-03
-1.152213e-01
-2.318111e-01
-3.342931e-01
-2.293203e-01
-2.158188e-01
-1.166170e-01
4.415165e-02
-1.724704e-01
-1.128773e-01
