-2.111068e-01
-1.950012e-01
-3.334500e-01
-2.871951e-01
-2.935717e-01
-3.477934e-01
-3.057317e-01
-2.348426e-01
-3.262411e-01
-3.536332e-01
-4.080669e-01
-2.004606e-01
-4.053465e-01
-3.445985e-01
-1.857808e-01
-2.192092e-01
-2.879984e-01
-4.055024e-01
-2.456926e-01
-3.630053e-01
-4.186024e-01
-2.421372e-01
-2.563843e-01
-3.678956e-01
-4.037011e-01
-3.099436e-01
-2.825221e-01
-3.789085e-01
-2.728751e-01
-2.744563e-01
-1.899560e-01
-3.320151e-01
-3.974222e-01
-3.424764e-01
-3.403028e-01
-3.783626e-01
-3.803858e-01
-3.352976e-01
-2.970252e-01
-3.378358e-01
-3.176077e-01
-3.034921e-01
-3.364114e-01
-3.367577e-01
-3.050947e-01
-2.828487e-01
-4.220451e-01
-2.676396e-01
-3.940504e-01
-5.664340e-01
-2.156649e-01
-4.180511e-01
-2.753561e-01
-3.117137e-01
-2.844783e-01
-4.045870e-01
-3.721570e-01
-4.840718e-01
-2.699272e-01
-3.045412e-01
-2.976543e-01
-1.970625e-01
-3.284452e-01
-2.569107e-01
