-6.105095e-01
5.078670e-01
-2.544699e-01
1.425187e+00
-5.365270e-01
8.751029e-01
-4.136135e-02
4.253183e-01
3.537796e+00
-1.253399e+00
6.418582e-01
-1.278709e+00
-8.946552e-01
-6.655730e-03
9.811846e-02
-2.756004e+00
2.725815e-02
-2.992804e-01
-1.684245e-01
8.690684e-03
-1.354810e+00
-1.370478e+00
-1.015045e+00
-1.020585e+00
4.045814e-01
3.000245e-01
9.520585e-02
-2.254810e+00
4.130917e-01
7.111439e-01
-1.594595e+00
1.668296e-01
2.037070e+00
-1.709726e+00
3.184257e-01
3.678336e+00
-3.201908e+00
-3.833579e+00
2.473311e+00
-1.771525e+00
1.106977e+00
-1.025716e+00
1.440677e+00
-5.944743e-01
-2.418644e+00
2.075247e-01
-1.133461e+00
3.662046e+00
7.316381e-01
-4.065863e+00
-1.912994e+00
-1.640527e+00
-1.183097e+00
3.917685e-01
5.431270e-03
7.482923e-01
-2.275280e+00
2.788469e+00
-1.647765e-02
-2.729663e+00
-9.504793e-01
-3.117383e+00
7.610267e-01
-2.110750e+00
