16 16 3
-0.05569731
0.06977898
0.00690618
0.04569044
0.0265925
-0.03954531
0.03965188
0.002784211
-0.02497493
0.02122353
0.04049611
-0.02188959
-0.0571152
0.03908284
0.02291658
-0.0001973077
-0.04962242
0.007509567
0.07648638
0.07939039
-0.1041262
-0.02563056
0.04293441
0.05253294
-0.05757119
-0.02072004
-0.01628384
-0.0157127
0.01256886
-0.01256852
0.01544533
-0.02053863
-0.01432682
0.01001181
0.02829057
-0.002061698
-0.03807705
0.0009056436
0.0145859
0.01830799
-0.02123246
0.02768792
-0.01582351
0.02853211
-0.01660785
0.028809
-0.02589625
-0.02466923
0.007273427
0.0410861
0.03662712
0.02354904
0.02698532
0.02127249
-0.0130975
-0.03261691
0.01865145
-0.02233342
0.01322891
-0.01454429
0.01132669
0.01439665
-0.02964909
-0.02292558
0.05954457
0.01809428
-0.06292567
-0.02125563
0.03712296
0.04322872
-0.09372882
-0.02042121
-0.01778283
-0.01262657
0.02094425
-0.003528217
0.006538067
0.01242908
0.01973134
-0.005896751
-0.0126422
0.03920014
0.02804938
-0.008254176
0.03482575
-0.01079764
-0.00504138
0.02123111
-0.005035782
0.009807118
0.04881358
-0.03948784
-0.004050503
-0.004646068
0.03478764
-0.0126114
-0.01677535
0.01276547
0.01339858
0.04113574
0.04175351
0.004285065
0.03065865
0.02757433
0.02955081
-0.00601147
0.03507952
-0.009051812
-0.004456823
0.01008364
0.008623452
-0.003119486
0.01982374
-0.0009727278
-0.02392656
0.004123874
-0.01370932
0.01027106
0.03208468
0.00913897
0.01038315
0.006614363
0.04085151
0.01963857
0.01095053
0.02321031
-0.005642683
0.04632207
0.01303538
0.02397984
-0.0319414
0.002425215
0.0386395
-0.06085673
0.04219326
0.01823928
0.02016046
0.01621888
0.01911112
-0.001685138
0.01390329
-0.005963577
-0.0112907
-0.006414383
-0.02516948
-0.06804349
0.07134518
-0.08970041
0.01526153
0.07791892
0.04252368
0.0357042
-0.02854479
0.03699834
-0.008572442
-0.02393046
-0.009993849
0.07024244
0.02606422
0.08549738
-0.009056866
0.06709
-0.1157195
-0.1241829
-0.07484043
-0.1038144
-0.07178725
-0.1108144
-0.07068991
-0.08831706
-0.07382528
-0.05962129
-0.09028851
-0.1094755
-0.04364503
-0.001452887
-0.005176611
-0.2181262
-0.03559322
0.01282798
-0.01511881
-0.009951385
0.02668102
-0.07026111
-0.1987779
-0.1220349
-0.002163311
-0.1220135
-0.1130981
0.06656208
-0.02383694
-0.0494555
0.03018932
-0.08978445
-0.06252785
-0.000956791
0.01224652
-0.01977361
-0.068725
-0.06308444
-0.07858957
0.06729094
-0.09410026
-0.02698649
-0.03713045
-0.09747466
-0.008225661
-0.1081351
0.07583455
0.02714503
-0.01650789
0.1002707
0.2359169
-0.02899564
0.04235815
0.1848372
0.008624746
0.09975379
0.09925076
0.1333758
0.1295485
0.16601
-0.01815244
0.07776488
0.0855309
-0.1337087
-0.1974337
-0.1194795
-0.006003364
-0.1067513
-0.1323106
-0.01903148
-0.09138905
-0.08204597
-0.05098573
-0.08374503
-0.05395851
0.04511241
-0.01984918
-0.06743641
0.01711755
-0.03471477
-0.01863416
-0.01356188
-0.01617596
0.04613443
-0.0123424
-0.03387406
-0.04712677
0.02127934
-0.02978848
0.01647803
0.0001908421
-0.002466625
-0.02652651
-0.02983774
-0.007988129
-0.01588773
-0.1144379
-0.0778508
-0.0403685
-0.1234871
-0.1387806
-0.07281227
-0.05372883
-0.0412593
-0.02420341
-0.005798138
0.007148735
0.06421671
0.09588012
0.1716175
0.09819438
0.1641992
0.3124723
0.1870034
0.1346311
0.3311394
0.2133494
0.01370683
-0.05676819
0.003770081
0.02354509
-0.01854065
0.02737981
-0.01937392
-0.001775319
-0.007665395
-0.0460458
-0.1189876
-0.1655667
-0.2182298
-0.1937561
-0.0927866
-0.1260336
-0.08037999
-0.04134915
-0.02378823
-0.02286969
-0.01900247
-0.00285347
-0.08625637
-0.08970246
-0.09169129
-0.03849202
-0.06097914
-0.2725072
-0.1787051
-0.0902833
-0.1331099
-0.2681819
-0.3013126
-0.08706021
-0.1655696
-0.2707607
-0.04547078
0.006752264
0.09165061
-0.08947281
0.009295097
0.017115
-0.008095368
0.0478892
0.0727464
-0.1174895
-0.0787784
-0.123407
-0.1337606
-0.2068586
-0.1222196
-0.08185535
-0.1692087
-0.1225836
-0.03842673
-0.02213085
0.001320191
-0.08642067
-0.0292444
-0.07080733
-0.02729047
-0.02419314
0.02505007
-0.01097947
-0.0005774921
0.05063685
-0.06361205
0.0365876
-0.0621304
-0.04321174
0.05684592
0.08431866
-0.02314541
-0.1133918
-0.03911045
0.04003864
-0.1042867
-0.1119498
-0.05790696
-0.06097052
-0.09508228
-0.02643011
-0.01228974
0.01495937
-0.07354808
-0.006199433
0.04805761
0.07862493
0.1110808
0.1283918
-0.032414
-0.03764461
0.01419481
-0.1394842
-0.07360636
-0.09119692
-0.06876359
-0.1007692
-0.08361237
0.05527783
0.04932307
-0.009910188
0.1905117
0.07862934
-0.02271835
0.1374085
0.08413032
0.0255495
-0.1613059
-0.1073704
-0.04448248
-0.01841198
0.02243316
0.007037258
-0.003468882
0.09119221
0.05979791
0.02550274
0.05082901
0.1232031
0.128445
0.03213282
0.09173235
0.1220599
0.1117391
0.08983997
0.1101533
0.01961971
0.0290498
0.03480934
-0.02241337
-0.0813072
0.04230113
-0.03184282
-0.09788486
-0.04291316
-0.1169975
0.03410698
-0.2668462
-0.2212698
-0.1444951
-0.1047067
-0.1857315
-0.1171144
-0.03573325
0.04024685
-0.04332782
0.0619477
-0.07333094
-0.05878093
0.06783301
0.01175965
-0.002083312
0.07706958
0.1217355
-0.02575171
0.09474207
0.04576187
-0.06334776
-0.0621411
0.02205002
0.1333535
-0.07527013
-0.02767991
0.06491185
0.04896663
-0.03798502
0.01643428
0.1008489
0.04790243
-0.008798844
-0.1288952
0.06669506
0.07017272
-0.07622454
-0.01114639
0.08053946
0.08070698
0.03047312
-0.03061596
0.06807827
0.05561133
-0.02304737
0.02827722
0.01697937
0.0006659355
0.03219756
0.04189718
-0.008311141
-0.00865271
-0.009589036
-0.02830167
0.1075601
0.1578128
0.02072372
-0.05925538
-0.03069123
-0.08935779
-0.03529856
-0.06178126
-0.07193081
0.004349063
-0.007345579
-0.0282095
0.1638717
0.1386645
0.05671836
0.05398031
0.03881261
-0.04099067
0.01753109
-0.04944533
-0.04060262
0.005000758
-0.002017169
-0.006397869
-0.07290186
-0.03840622
0.03578233
0.09960277
-0.01484132
-0.05411851
0.09612376
0.06455389
-0.07845088
0.07992839
0.04197584
0.01987433
0.04809093
0.08638715
-0.0142217
-0.01161355
0.08721544
-0.01039724
0.09477609
0.005452562
-0.05944447
0.03780919
-0.01907003
0.0279699
-0.004964896
0.03468003
0.02487187
-0.01616414
-0.02592713
-0.005114129
-0.05271183
0.02266122
-0.02045314
0.04464737
0.008852012
-0.01660513
0.04636183
0.03088108
-0.01253837
0.04120458
0.005705541
-0.02315562
0.08807006
0.07760818
-0.03316845
-0.02034649
-0.04427141
-0.1001419
-0.01240203
-0.0005718708
-0.06663501
0.05491369
0.02937806
0.01117812
0.003406533
0.006442725
0.01410061
0.02220858
-0.01026292
0.01793618
-0.01366048
0.03319355
0.009269125
0.007477676
-0.05510679
0.01286414
-0.008998901
-0.03555947
-0.01506633
-0.05580495
0.02542187
-0.005987466
-0.05541212
-0.0506812
-0.04038566
0.0009288906
-0.03268964
-0.0527533
0.04984618
0.03190292
-0.01645678
0.05300152
-0.006134884
-0.07962376
-0.102904
0.1029721
0.1272801
-0.1966429
0.030615
0.1176179
-0.1269606
-0.113971
-0.07826307
-0.1351181
-0.1565249
-0.06194966
-0.07026828
-0.02238642
-0.05186496
-0.1799351
-0.1763615
-0.03324312
-0.1785244
-0.3444896
-0.08550508
-0.0174545
-0.2042228
-0.1401024
-0.02755056
0.006745263
0.07983195
0.05241662
0.03019258
0.05362846
0.04071476
0.005701486
0.05424843
-0.02226662
-0.03162787
-0.1263417
-0.03582351
-0.2046143
-0.06143276
0.03482008
-0.001915736
-0.08497038
0.08222769
-0.1379237
-0.03771333
0.1358061
0.04005004
-0.09371763
0.05313684
-0.07388913
-0.04262962
0.190294
0.05998432
0.0601281
0.09056094
0.1195377
0.06498814
0.08206288
0.0486456
0.08279221
-0.03280933
-0.05778222
-0.09823281
-0.05483754
-0.1929292
-0.07514766
-0.03809327
-0.1092978
-0.09569754
0.112238
0.1055718
-0.06462163
0.04408801
0.08348569
-0.04267705
-0.08211274
0.02398725
-0.05663517
0.1263637
0.01286102
0.07416454
0.01810752
0.00370551
0.2084287
0.03255405
0.1103295
0.1345053
-0.1112362
-0.1554702
0.009813568
-0.03421099
-0.08026671
-0.07199986
-0.09532619
-0.05638665
-0.07242759
0.03576201
0.04347184
0.2038842
0.01239397
0.1167833
0.1439571
0.04502324
0.05404762
0.1285739
0.001912218
0.0315858
0.1028339
0.08749431
0.03311782
0.03798024
0.1343454
0.04082146
0.03565188
-0.004890894
0.04558171
0.05149225
0.04796906
-0.0222629
0.1952732
0.008575427
0.03482312
0.1686857
-0.1331185
-0.211087
-0.08247469
-0.07526598
-0.04877704
-0.2052075
-0.05726055
-0.1143981
-0.09935997
-0.07603245
-0.003641394
-0.0617835
-0.1557926
-0.001961377
-0.06841083
-0.1729854
-0.1634576
-0.08064989
0.05727706
0.04392995
-0.05496798
0.04620011
-0.038102
0.001397742
0.01044516
0.007253062
0.03189939
-0.00347728
-0.0184366
0.02377756
0.009366819
-0.01758878
-0.03345225
0.003559853
-0.00679812
0.007395761
-0.002143422
0.03831124
0.03751894
0.0295501
-0.02582688
-0.05120269
0.002119313
0.042925
-0.0238711
0.01479131
0.004332552
0.006821318
0.003936559
0.005270396
0.01727502
0.02166872
0.02433638
0.03256767
0.02329031
-0.002169696
0.02723385
0.01118239
-0.005869542
-0.03481779
0.01729371
-0.007146859
0.004066105
0.01370155
0.01870976
0.03339802
-0.02735722
-0.05981086
-0.03879864
0.03534496
0.06390703
0.04104726
0.009099144
0.01784573
0.01404016
-0.01609433
0.004706854
0.00798455
-0.04232636
-0.02229097
0.006601705
-0.03377925
-0.04105987
0.03592716
-0.06274683
-0.01233413
-0.01445716
-0.01602296
0.002014129
-0.004011223
-0.01827184
0.01515479
-0.01601519
-0.03068018
-0.01343945
-0.02517755
-0.04642389
-0.02083445
0.003624852
0.02565041
-0.004095668
0.0153591
-0.004010292
-0.004860539
0.01912401
-0.005299078
-0.004562201
0.01952167
0.02444201
0.03066991
-0.01076948
-0.03414705
-0.04221676
-0.0343616
0.0118841
0.001172921
-0.006000706
0.02694692
0.01678386
0.0221571
0.005611771
-0.006404458
-0.01161249
0.01155496
0.01360341
-0.006958903
0.009610063
0.02050821
0.02018785
-0.0140766
-0.008660451
0.0004315616
0.005811582
-0.02704278
-0.002092069
-0.02652384
-0.02536246
0.00305743
-0.01181249
0.0187879
0.002792214
-0.007317483
0.01251331
0.002729902
0.004993364
-0.02070982
0.002280462
-0.002281865
0.01462645
0.01247062
-0.02321508
-0.002531214
-0.01006085
0.03308959
-0.02567422
-0.01451913
0.01118172
-0.0459253
-0.06970349
0.01455952
-0.01170009
-0.02860525
-0.02071823
0.01895503
-0.008499982
0.03411857
0.1483551
0.0391185
0.01529056
0.02276991
0.04380546
-0.06036821
0.1056836
0.07675823
0.001073484
0.1467446
0.02155479
0.1325608
0.07486651
-0.07351296
0.02137025
-0.00224057
0.08409544
-0.09399607
0.112925
0.07524224
0.0802445
0.04908149
0.06459223
-0.01171825
0.003512584
0.003527416
0.09246136
0.1180653
-0.002349737
0.05262404
0.1959858
-0.0838647
0.05742513
0.09993801
-0.07800729
0.04799931
0.0218722
-0.03445612
0.05938916
0.001146281
-0.06195552
-0.0347028
-0.03479051
-0.003538051
0.09495588
0.07703499
0.05357765
0.0880119
0.0741014
-0.03327265
0.06092453
-0.0001022245
0.05086147
0.02252235
-0.004868501
0.09150353
-0.03987281
-0.0070117
0.0218578
-0.1037578
0.1391968
0.1705075
0.1079463
0.180532
0.2665572
0.3397813
0.1041332
-0.03748881
0.1252834
-0.01143057
-0.008371389
0.187043
0.05371305
0.02474549
0.09802892
0.04263053
0.004158662
0.006129029
0.03476971
-0.02041512
0.01070078
0.03963243
0.08497599
0.02899288
0.04249346
0.006728649
-0.01532733
0.07126924
0.04821868
0.02861119
0.012352
0.1665771
0.004044921
-0.0286243
-0.08571683
0.06851425
-0.04985645
-0.1014563
0.07141747
0.005032556
-0.0384193
-0.01042944
-0.05659888
0.02910045
-0.03083682
0.1668325
0.09613466
0.002538472
-0.001293975
0.1534928
0.03098876
0.05576739
0.02997715
0.02158772
0.05138737
0.02053243
0.08377942
0.1349902
0.206517
0.123495
0.07830147
0.1237154
-0.05199218
-0.06972975
0.1111898
0.01088972
0.0180164
-0.007570851
0.003743787
0.08393515
-0.1481849
0.03410855
0.06514769
0.07655645
0.09079715
0.1509585
0.05494337
0.06864988
0.1086224
0.04772865
0.136196
0.08442091
-0.05301406
0.07534601
0.04986154
-0.05550149
-0.08136286
-0.03411836
-0.02742328
-0.08991201
0.01909002
0.05338857
-0.08975697
-0.05258913
-0.03454604
-0.05443368
-0.06047292
-0.04671219
-0.09522257
0.05954346
0.08309598
-0.1109313
-0.0693186
0.001614171
-0.02404285
-0.1168675
-0.02742537
0.02088074
0.03230186
0.02363059
0.02774447
0.007599638
0.03404965
0.05572141
0.0241603
0.009132301
-0.0008870853
0.06919371
0.1626807
-0.03128674
0.1803258
0.1244899
0.01479331
0.05358982
0.1101595
-0.05451414
0.05139043
0.06452716
-0.08272374
0.03367003
0.04852351
-0.145214
-0.06774378
-0.09836925
0.0775236
-0.02135592
-0.03476099
0.07437752
-0.00741171
-0.01483359
0.05223333
-0.02294405
-0.02148206
-0.09218141
-0.09627489
-0.05531779
-0.02606183
-0.1368213
-0.0541575
0.1364114
-0.1059904
-0.1033424
0.09895954
0.05746916
-0.03513532
0.0729366
0.04360606
-0.02145331
-0.01936058
-0.002079215
-0.01802251
-0.01336885
0.01070039
-0.01596045
0.02164678
-0.03531151
0.001834529
-0.01668473
-0.01649083
-0.001279975
-0.04433198
0.02902891
-0.009593346
-0.1225154
-0.06935427
-0.0412533
-0.07880015
-0.03728626
-0.1063125
-0.003882651
0.005466883
-0.07065451
0.05850911
0.1000418
-0.03624417
0.05277502
-0.03106628
-0.08343521
-0.05276184
0.01331958
-0.02309505
-0.07767954
-0.0716865
-0.08343284
-0.06688181
-0.1124121
-0.1370635
-0.001042837
-0.03668161
-0.0003368401
-0.0311982
-0.09658469
-0.04101378
-0.02702959
-0.1101041
-0.09270582
0.09337568
0.06012545
0.08406489
0.1116756
-0.006346946
0.1188706
0.08952525
0.04625443
-0.03246466
0.08036834
0.1088734
0.04007288
0.05423179
0.04626376
-0.02270678
0.1117953
0.1497817
0.06584881
0.05252107
0.007293925
0.0196269
0.04464436
-0.02379061
-0.01861948
0.1165935
-0.02963018
-0.07605182
-0.002578254
-0.1359495
-0.1279358
0.008443568
-0.1220854
-0.153475
0.02506265
-0.009820827
-0.09410971
-0.1172659
-0.3156827
-0.2526498
-0.137417
-0.2933437
-0.2771157
-0.08846869
-0.1886763
-0.2500482
-0.08469391
-0.04405033
-0.06393066
-0.01742698
-0.0411793
-0.0631545
0.03432008
0.001595219
0.01892688
-0.02802173
-0.1153008
-0.06783602
-0.09723392
-0.2424999
-0.2469057
-0.06032621
-0.1399448
-0.104182
0.009123881
-0.1032343
-0.1093047
-0.06234382
-0.07804408
0.02647835
-0.0001965776
-0.06599083
-0.02372849
0.0339022
0.001799759
-0.008434064
0.00354466
0.01223994
-0.02815392
0.003099272
-0.04840833
-0.0002048363
-0.07255406
-0.2038965
-0.1530337
-0.1003325
-0.1811487
-0.2057378
0.002987698
-0.06644379
-0.1088719
0.00471597
0.09231403
0.004935753
0.0273481
0.02555371
0.03961683
-0.001781307
0.0191619
-0.01258226
0.07197182
0.06767811
0.05860757
0.1433131
0.07133069
0.01233568
0.1269054
0.02637203
-0.07423928
-0.07912055
-0.196513
-0.2125745
-0.1363788
-0.1630602
-0.09099917
-0.02004451
-0.06371183
-0.1141055
-0.01734784
0.07965304
0.06566785
0.0363965
0.08511366
0.09575933
-0.0166085
0.09730677
0.08021726
-0.1008685
-0.1884118
-0.1800419
-0.09161179
-0.1571723
-0.1452202
-0.03778491
-0.1590632
-0.02870546
0.1032107
0.06048249
0.111261
0.0368109
0.05991761
0.04268915
0.07986914
0.1335885
0.1180982
-0.06126318
0.002613624
-0.1118824
-0.02587505
-0.07606748
-0.06480177
0.05339516
0.0257744
0.007521775
-0.01843196
-0.09542398
-0.04580799
0.07071151
-0.06626931
-0.07337269
0.08419178
-0.03122403
-0.0950672
-0.03609998
-0.05057568
-0.07848763
9.231014e-05
-0.06225296
-0.0193499
0.02117562
-0.01773741
0.03355781
0.03680529
0.04907106
-0.05088066
0.01304248
0.04630074
0.04983669
-0.01813692
0.02892642
-0.003794241
0.06721196
-0.05207786
-0.05373458
0.04211568
0.1122514
-0.004205837
-0.06603754
-0.005658761
0.03905493
-0.02309546
0.01529363
-0.006903555
0.002849785
-0.014471
-0.004481458
0.0009890089
0.00778546
0.003068289
0.0379367
0.02261251
0.02810875
-0.03023379
-0.07359145
-0.0589838
0.05748251
-0.005295017
-0.02644422
-0.008221957
-0.06631916
-0.06320911
-0.008096267
-0.0196943
-0.0525989
0.03098929
0.0308094
0.02016113
-0.05134717
0.01588912
0.006240438
-0.03999781
0.02566844
-0.01041084
-0.007123947
0.04321502
-0.0261451
-0.01784538
0.03016269
-0.002250588
-0.04805524
0.02283395
0.03982496
-0.01971867
-0.04748791
0.009876642
-0.02050574
-0.0095493
0.02955116
-0.02000508
0.001436363
0.03468018
0.01321285
0.004280857
0.01980603
0.015589
0.00268604
-0.004188072
0.02009084
0.001530239
0.01407275
0.0345457
0.008806214
0.05080649
-0.01616654
-0.06830078
-0.03488134
0.07408741
0.01879067
-0.05654183
0.01792422
0.06519923
0.04983678
0.01181747
-0.01008477
0.009394424
-0.01618544
-0.01550302
0.00128398
-0.0669211
-0.05081928
-0.02157753
0.03545864
-0.002354806
0.007260439
0.0637989
0.01774493
0.0203708
-0.007549397
0.01445898
0.03553413
0.03779181
0.05185355
0.05921563
-0.0182758
0.02056223
0.03941253
0.005195297
0.03251193
0.02798676
-0.03601076
0.03368828
-0.007134646
0.04280185
-0.01857278
-0.01283866
-0.04888386
-0.05090054
0.001365796
0.02401859
0.04221661
0.02576867
0.01826898
0.04218652
0.04348541
0.03664804
0.02578102
0.05819848
-0.1480609
-0.2511667
-0.2288829
-0.1872867
-0.3549578
-0.2607381
-0.1766244
-0.2540835
-0.2866486
0.02707838
0.003641179
0.08112034
0.05753924
0.02567838
0.1839253
-0.051069
0.04967492
0.02962398
0.09377216
0.1547031
0.1196158
0.03423287
0.2438519
0.1926839
0.00194197
0.1777095
0.2000064
0.1396683
0.1537816
0.1637611
0.2072352
0.1542906
0.1675033
0.1394209
0.2244835
0.2072142
0.07943206
-0.0816603
-0.1064737
0.06098765
-0.07941559
-0.08623059
-0.1011152
-0.1434634
-0.0001439193
-0.01141553
-0.1400128
-0.1047938
-0.07777631
-0.2238225
-0.1343927
0.1016395
-0.07704571
0.005454366
-0.09946179
-0.1644986
-0.1527601
-0.07124503
-0.1605397
-0.1124992
0.02096448
0.005542258
-0.08749679
0.01067358
0.02089549
0.0547924
-0.005927075
0.03628305
0.1176124
-0.05758068
0.09496608
0.1115478
-0.1113036
-0.06514698
-0.07505819
-0.05692822
-0.07430352
-0.1269829
-0.01353427
-0.07133961
-0.1482125
0.03808426
-0.06888866
-0.06166882
0.01082984
-0.02521761
-0.0637996
-0.02176855
-0.07716367
-0.1605145
0.02235135
0.03109518
-0.005099528
-0.03638632
0.03104842
0.1143809
-0.03302551
-0.003367738
0.0760675
-0.09643053
-0.2078408
-0.1537158
-0.1625437
-0.149814
-0.1259864
-0.05519463
-0.1988172
-0.1767311
0.05586671
0.1018461
0.08795582
-0.02821553
0.1705343
0.1609841
-0.06878839
0.05425605
0.133357
0.1130386
0.1635802
0.05884596
0.08811899
0.1501977
0.06301944
0.01161132
0.1016522
0.1190728
-0.02150692
0.108106
0.1049937
0.08919612
0.1943919
0.2205595
0.08924838
0.215436
0.186889
0.0428907
0.109338
0.0833739
-0.04119731
0.1667459
0.1125491
0.006030514
0.07819211
0.1388581
-0.07846787
-0.167136
0.006271737
-0.06897745
-0.09129456
-0.009791794
-0.04525961
-0.1154254
-0.05127845
0.002066889
-0.02445711
-0.05975341
-0.07404905
-0.1426435
-0.1101589
-0.05206129
-0.09634242
-0.04477323
0.07714205
-0.01409282
0.007401083
-0.07707987
-0.06135538
-0.1009656
-0.05536048
-0.05662359
-0.07418454
-0.05382365
-0.07168354
-0.03272102
-0.04427652
-0.08503363
-0.03357815
-0.04326925
-0.06800857
-0.03395574
0.1595973
0.1557044
0.09793235
0.09403234
0.175687
0.1755605
0.1790226
0.0725347
0.02339096
0.0404643
0.09547953
0.06519452
0.02064928
0.05473447
0.006696929
0.08157866
0.02631783
0.01449061
-0.1144798
-0.09747452
-0.08413791
-0.1296486
-0.08138855
-0.06371938
-0.0901197
-0.07583042
0.03280523
-0.1036739
-0.08417331
-0.1056675
-0.1680709
-0.2129818
-0.2193981
-0.2046537
-0.2550618
-0.08662451
-0.04085739
-0.1139716
-0.07446808
-0.1116464
-0.1104886
-0.05383771
-0.01654055
-0.08216647
-0.05911702
0.01849976
-0.01759448
-0.02654401
0.05443219
-0.04834764
0.00056085
-0.01474162
0.002253891
0.00380536
-0.02813869
-0.02252859
-0.04171339
-0.05117274
-0.04589223
-0.1191711
0.01473246
-0.04453272
-0.03920997
-0.06269848
-0.05450645
0.006606138
0.0005247482
0.04304946
-0.02617321
0.05748571
0.008711046
-0.05324483
-0.06378943
-0.1184176
-0.09615733
-0.01138084
-0.08148903
-0.112946
-0.05415639
-0.1190574
-0.149969
0.06365938
0.02362183
0.08429188
-0.003798699
0.04989677
0.01828171
-0.004097668
-0.001131606
0.03788656
-0.009264128
-0.04013497
-0.04938183
-0.0685923
-0.1285833
-0.1030512
-0.09268381
-0.1462264
-0.1601135
0.01898644
0.06428687
0.1272463
0.004227693
-0.0405457
0.02464948
-0.1174793
-0.101953
-0.03564134
0.02076169
-0.100892
-0.07856502
0.006459443
0.34416
0.3095161
0.2200916
0.4109592
0.3389925
-0.01655779
-0.1065235
-0.1006699
0.0719059
0.02410933
-0.04649934
-0.0832653
0.03844396
0.0173541
-0.0501029
-0.07553301
0.08749451
0.2471646
-0.2066359
-0.0459733
0.1256021
0.09967978
-0.04053689
0.005119754
0.04406732
-0.1348078
0.09463825
-0.04954823
-0.0717137
0.09463999
0.01334078
-0.004896326
-0.09714068
-0.007538755
-0.1033241
0.1169439
-0.1689072
0.03278702
-0.1678869
0.08340702
0.008295607
0.151503
0.07972997
0.0537425
-0.1281659
0.1105841
-0.1240719
-0.0494251
-0.01298129
0.01428235
0.06884994
0.04047308
-0.04628573
0.1720389
0.1821927
0.06327955
0.139851
0.2311822
0.1434146
-0.08944272
-0.2050295
-0.1828631
0.1842094
-0.1382939
-0.2103309
-0.03998296
-0.0593155
-0.132869
-0.0363488
-0.09557544
-0.01953576
-0.08927722
0.06463811
0.09123587
-0.1310268
0.04089386
0.09677581
-0.01565053
-0.1307194
0.0944816
-0.002719009
0.1311186
0.204216
0.05924914
0.241069
0.1658686
-0.01280417
0.08430888
0.06679955
-0.08882611
-0.1067182
-0.05652521
0.0851921
0.1086533
-0.07886178
0.2610617
0.1949271
0.1199222
0.09847412
0.2757567
0.07023877
0.01479245
0.04242823
0.1458751
-0.1178885
0.07587083
0.04010843
-0.01476585
-0.03639697
-0.06786562
-0.05882766
-0.07622747
-0.07143596
0.003961714
-0.08004041
0.06852285
0.06882561
-0.1464592
0.08559544
-0.03218215
0.1430114
-0.0007918832
0.1389666
0.007529926
-0.06490909
0.1441755
0.2139994
0.02971333
0.1304065
0.05697864
0.05864568
-0.02633273
0.07046151
-0.0733021
-0.001104132
-0.02510789
-0.06479308
-0.01947463
-0.06330004
-0.02495653
-0.1591713
-0.1027458
-0.1173828
-0.09055956
-0.08705018
-0.09017562
-0.04732453
-0.1478163
-0.1744732
-0.08664067
-0.03921866
-0.02386096
-0.02470488
-0.0314631
0.005334596
0.01001719
-0.06478783
-0.07439909
0.07413328
0.1052981
0.03891153
-0.0264624
0.06333797
0.01065244
0.06886191
0.07155439
-0.06719417
-0.08999179
-0.09108664
0.02765297
-0.0267046
-0.04361279
-0.0009381495
0.05866374
-0.06425175
-0.04479668
0.1591646
0.3252741
0.2385122
0.0919366
0.06721378
0.09822212
0.1537423
0.3258106
0.242554
0.1694198
0.2393176
0.2511244
0.2535287
0.3230194
0.4168952
0.136144
0.3335616
0.3226117
-0.01565402
-0.08895431
-0.1137823
-0.04315124
-0.1345692
-0.05219415
-0.03624859
-0.1101769
-0.02224867
-0.09883922
-0.1227028
-0.1027926
-0.003593197
-0.0162518
-0.05448826
0.002441044
-0.01884102
0.01717092
-0.03557199
0.03186627
-0.02810009
-0.001583245
-0.004759787
-0.003884604
0.01810721
0.02862211
-0.02390645
-0.01907111
-0.04260107
-0.1189779
-0.07805905
-0.0597571
-0.07831316
-0.09239899
-0.1678984
-0.1263865
-0.06739879
-0.0424847
-0.009288799
0.01986875
0.1308529
0.2988199
0.03329059
0.1197469
0.06425941
0.02021846
0.03705041
-0.01931988
-0.0160498
0.08175182
0.04147071
-0.02579119
0.0709823
0.04245392
0.07994159
0.06518404
-0.03012688
0.08264928
0.09887251
-0.02447308
0.0308382
-0.01201524
-0.06875831
-0.06918883
-0.06420556
-0.007902497
-0.03360663
-0.05299853
0.01280035
-0.03633544
-0.1164545
-0.08262888
-0.09514051
-0.07649028
-0.03641472
-0.06732536
-0.1805477
-0.08411735
-0.07581732
-0.1268411
-0.111077
-0.008908537
-0.05627589
0.03948102
-0.0006010997
-0.002408177
0.05304473
0.01188049
0.02076421
0.08458872
-0.0770371
-0.01736989
0.1238063
0.1014878
0.0976381
0.08561163
0.03361209
0.05824855
-0.02852961
0.03117349
0.1077728
-0.007344405
0.1415272
0.05721975
0.1126798
0.04083712
0.006584661
0.1038182
0.005376792
0.06152063
0.02759802
0.07504831
0.0830133
0.08778957
0.04454137
0.06691644
0.09243062
-0.03126887
0.04701238
0.00860169
-0.08852936
-0.04387064
0.003205543
-0.01350841
-0.1146351
0.02219999
0.02743149
-0.0566067
-0.04841023
0.02411731
-0.02143968
0.01364133
-0.0329326
-0.01113002
-0.04810463
0.06231798
0.1023107
-0.0005868375
0.01261855
-0.05721386
-0.08851123
0.0003741615
-0.07699621
0.01325663
0.05065493
0.0742496
0.04653512
0.09970614
0.1461998
0.1799344
0.09583963
0.09848299
0.1407526
0.04017928
-0.07596267
0.04817257
0.02661913
0.04935544
0.1036396
-0.07226742
0.05953846
0.1763465
-0.1300637
-0.07539607
0.03209748
-0.1416187
-0.05914598
0.0725774
-0.09503329
-0.04863663
0.07541162
0.008120573
0.09275783
0.05582107
0.076654
0.1214585
0.01065327
0.03235605
-0.03683308
0.01788628
0.08710685
0.02947657
-0.0834026
0.1204656
0.1782457
0.05555313
0.061545
0.1106492
0.1423147
0.02434466
-0.06514574
-0.08210377
-0.01196341
-0.06415457
-0.0555885
-0.02189549
-0.02782118
-0.06209397
-0.01570391
-0.02698794
0.01034023
-0.02018252
0.03865418
0.1037939
0.03413188
0.03093361
0.09364302
0.04921396
-0.02849465
-0.01318483
-0.00216515
0.01685752
-0.08461881
-0.04951499
-0.003506184
-0.07828923
-0.128801
0.06996427
-0.06008943
0.007531128
-0.002877556
0.03813468
-0.1822612
-0.2104816
0.0481387
0.0690979
-0.007309174
-0.04663751
0.115139
0.02490048
0.03221138
0.04754934
0.04270107
0.03696228
-0.02036881
0.03545356
0.08522521
-0.05434494
-0.2210756
-0.0349198
-0.004762163
0.03602277
-0.1123521
-0.1052806
0.1698172
0.09542336
0.1797958
0.0587433
0.05575221
-0.003256827
0.109461
-0.1132602
-0.04723558
0.3698266
0.06746258
0.120719
0.02476796
0.1481873
-0.01614225
0.1147006
-0.07031163
-0.09884243
0.07193203
-0.02191365
0.07860523
-0.07000394
0.0352467
0.1633808
0.01038696
0.03080112
-0.1387192
-0.04109074
6.225836e-05
-0.1419611
-0.03958183
0.07498655
-0.01678522
-0.1309252
-0.1395301
0.05774504
-0.01231659
-0.01662323
0.02175897
0.09413201
0.05342607
-0.1307293
-0.001267389
-0.02414891
-0.02267051
-0.1157554
0.05750859
-0.05357926
-0.07103062
-0.040829
0.05459438
-0.003634167
0.02071066
-0.06033116
0.04319906
0.2514897
0.04059406
0.207739
0.05297865
0.03317624
0.1199058
-0.1116076
0.05041498
0.05179276
-0.01215873
-0.02139487
0.05452677
-0.02862897
-0.02544434
-0.03194514
-0.04291325
0.03822055
-0.01547515
-0.02125074
-0.10692
-0.1268768
0.01966657
0.02378742
-0.04314889
-0.002867278
0.1011388
0.02061564
0.06735967
0.08816364
0.2576167
0.1239234
0.1093735
0.06372942
-0.1826356
0.01933207
-0.08614003
-0.136484
0.03227895
-0.1469696
-0.009467439
0.01620794
0.01230819
-0.04489281
0.006446301
0.01973232
0.000518706
0.1770455
0.198105
0.002210917
0.1257379
0.1815704
-0.02010108
-0.09414665
0.09607632
0.08092864
-0.05025861
0.05704059
0.1067525
-0.0140643
0.01985201
-0.06697106
-0.07676189
-0.03689433
0.08754162
-0.05315829
-0.08057059
0.01524607
-0.07997578
-0.08689535
-0.0759154
0.03557101
0.160961
-0.09095637
0.08251831
0.3241095
0.0130575
0.09527776
0.006795077
0.009377497
