5.256804e+00
5.927370e+00
4.692477e+00
7.686180e+00
5.253788e+00
4.419634e+00
6.559683e+00
5.436536e+00
4.845705e+00
4.077737e+00
6.032334e+00
1.175521e+01
7.502998e+00
5.274068e+00
6.792386e+00
8.268653e+00
6.266527e+00
4.892764e+00
7.064813e+00
6.424730e+00
4.078334e+00
5.094436e+00
5.575774e+00
4.602682e+00
6.679201e+00
4.762817e+00
3.619078e+00
5.962656e+00
4.801621e+00
6.733041e+00
6.145924e+00
5.980380e+00
7.101693e+00
6.022830e+00
5.009581e+00
8.066579e+00
6.278822e+00
5.479285e+00
4.908270e+00
6.020492e+00
6.340275e+00
6.975396e+00
6.523047e+00
5.209715e+00
6.938531e+00
4.889936e+00
8.626890e+00
6.425027e+00
6.860988e+00
9.163284e+00
5.655727e+00
4.564078e+00
5.915421e+00
4.601088e+00
4.104569e+00
5.393521e+00
4.265517e+00
7.659056e+00
7.013495e+00
6.854322e+00
9.361761e+00
6.577734e+00
8.356513e+00
4.614506e-04
