-2.835368e-01
-3.751287e-01
-3.785887e-01
-2.916502e-01
-2.966285e-01
-2.209835e-01
-2.945312e-01
-4.222617e-01
-2.120838e-01
-3.906411e-01
-5.873114e-01
-5.449469e-04
-3.154386e-01
-3.520173e-01
-1.822102e-01
-5.408963e-01
-5.006133e-01
-3.776951e-01
-3.400916e-01
-2.605873e-01
-3.765332e-01
-3.255198e-04
-3.422973e-04
-1.800592e-01
-3.258636e-01
-2.902070e-01
-1.302701e-01
-4.666332e-01
-1.266956e-01
-9.515272e-02
-4.682205e-01
-3.156749e-01
-4.495605e-01
-4.305073e-01
-2.774165e-01
-4.878176e-01
-2.835398e-01
-3.610442e-01
-2.416982e-01
-2.389000e-01
2.815709e-02
-1.167218e-01
-8.923790e-02
-1.810261e-01
-4.906090e-01
-2.150003e-01
-2.384931e-01
-3.818097e-01
-2.862604e-01
-4.018924e-01
-5.861473e-01
-3.869912e-01
-3.454578e-01
-3.957900e-01
-2.301622e-01
-4.110216e-01
-3.340124e-01
-3.900603e-01
-1.939047e-01
-4.554941e-01
-4.163958e-01
-2.970385e-01
-5.603689e-01
-2.568919e-01
