-6.228284e-02
-2.500480e-01
-3.195836e-02
3.900729e-02
2.384044e-02
1.146649e-01
-1.320102e-01
6.895992e-03
-1.073354e-02
-4.826824e-02
8.589468e-02
-4.512003e-02
-3.115531e-02
1.141459e-01
-1.255598e-01
-1.870753e-01
-6.296145e-02
-1.094895e-01
2.117349e-02
-1.594448e-01
-7.150724e-02
-1.320307e-01
-3.184701e-01
-9.513658e-02
-1.074137e-01
-8.562344e-02
1.268067e-01
-1.095164e-01
-6.828497e-02
-1.264975e-02
-1.701837e-01
-5.355633e-02
-2.303747e-02
-5.842888e-02
-3.165369e-01
-3.270458e-02
-3.902822e-01
-1.629098e-01
-2.272776e-02
-1.881552e-01
1.007035e-01
3.683966e-01
-1.697570e-01
-7.406480e-02
-2.333905e-01
-1.912299e-03
1.872126e-01
-2.886908e-02
1.084442e-01
-2.179874e-02
-1.049486e-01
3.164754e-01
-2.381616e-02
-7.360891e-02
-1.711502e-02
-5.043735e-02
2.521173e-02
2.222285e-01
6.991443e-02
7.280830e-02
-2.523217e-01
-7.367236e-02
-1.275672e-01
3.463670e-01
