16 16 3
-0.06644715
-0.1198814
-0.1576016
-0.05790327
-0.1188666
-0.0717172
-0.1297719
-0.06289937
-0.04334429
0.008286017
-0.05479646
0.0003465125
0.1948492
0.165664
0.07186753
0.1200889
0.1582049
0.06368356
0.007666809
0.01329828
-0.00370854
0.002886699
0.01523796
0.004960006
-0.03596273
-0.02718109
-0.05425541
0.03095725
0.03791274
-0.01009621
0.08077024
0.07710472
0.05716119
-0.02694574
-0.1618235
-0.01341916
-0.2116209
-0.06692225
0.09035675
-0.1787057
0.1408275
0.3698521
0.06645157
0.3258886
0.3788088
-0.08190586
0.002145248
0.0250592
-0.1346859
-0.17922
-0.1409405
-0.1148724
-0.2329741
-0.2541943
-0.1773444
0.04202842
0.2163142
-0.1094047
0.08498006
0.3607233
-0.1324081
-0.004555897
0.1679407
-0.1446337
-0.1376643
-0.139694
0.1251607
0.06540539
-0.136269
0.2624032
0.2120307
0.0668711
-0.04620885
-0.02114901
-0.01849844
-0.04050854
-0.04753689
-0.04339632
0.03857667
0.01705991
0.005013253
-0.0525942
0.01563466
0.02400133
0.02453637
0.08195784
0.03863917
0.01108646
0.02759229
-0.02396605
0.03600301
0.03604567
-0.05615088
0.07674022
-0.02980396
-0.1887407
0.05771473
-0.1103003
-0.1752611
-0.09875581
-0.1246505
-0.1398468
0.08136792
-0.01430293
-0.009000357
0.1673864
0.1140249
0.09310923
0.0609973
0.0008592562
-0.033046
-0.0114144
-0.1751238
-0.1142817
0.01148192
-0.2044131
-0.1489679
0.0292855
-0.01105733
0.02558293
-0.002012406
-0.1980375
-0.1459107
0.07518226
0.0408919
0.07533031
0.005953867
-0.04104809
-0.006256521
0.1120807
0.01236642
-0.03786846
0.1260806
0.05266966
-0.03484102
0.0001186311
-0.0005927428
0.00151213
0.0007070516
-0.0006753051
-0.00382599
0.0005247546
-0.001392026
-0.001327959
0.009403797
-0.01199946
0.04045462
0.1145779
0.1110983
0.1050792
0.00947509
0.00906508
0.04695019
-0.0213494
-0.04950066
0.09843007
0.09468774
0.06067997
0.04064401
0.1074977
0.1255728
0.04965402
0.0247708
0.03313181
-0.009725121
-0.01469127
-0.007573758
-0.01598491
0.05569778
-0.005337607
-0.04052625
0.03245169
-0.08995324
-0.006503837
0.04900866
-0.03135553
-0.02539101
-0.08734132
0.01700467
-0.06191995
-0.06323152
0.06219247
-0.09210157
-0.06589589
0.1470317
0.06791091
0.06866174
0.1206413
0.112595
0.04982963
-0.03506677
-0.07701299
0.03834316
0.005374946
-0.04659082
-0.06969108
-4.261114e-05
0.006788979
-0.03405567
0.04638274
0.1141537
0.03667876
0.07953648
0.09098842
0.01598216
-0.02707679
-0.03129561
-0.03338138
-0.03463428
-0.0506402
0.1557053
0.1543123
-0.21451
0.0941775
0.02839619
-0.2091083
0.02563669
-0.003416279
-0.04472892
0.03374961
0.0410361
0.05166458
-0.07020184
-0.00247485
0.0423059
0.03350608
0.004470627
-0.004883032
-0.03176856
-0.1322246
-0.0223759
-0.001011495
-0.08299737
-0.1862051
-0.03328459
0.05379249
0.005502957
-0.01208912
0.06937689
-0.01137608
0.0269531
0.02141199
-0.005023303
-0.05702572
-0.08134615
-0.01211082
0.1201703
0.08132102
0.1481622
0.1098686
0.0524951
0.1082639
0.07353883
0.07544518
-0.1136019
-0.001222172
0.06470663
-0.03959652
-0.1665081
-0.08744235
-0.06894414
0.1667594
0.04041079
-0.04684657
0.2214011
0.2128069
-0.134229
0.07234251
-0.1024922
-0.03998016
0.02921869
0.005095402
0.08367231
0.0471024
0.0238598
-0.02338112
-0.07776212
-0.08798379
-0.06714673
-0.001721464
0.002978313
0.003016271
0.0009177233
-0.001878125
0.002479331
-0.001799022
-0.003539846
-0.003137283
-0.07601471
-0.04954857
-0.07182766
-0.09149496
-0.0424008
-0.07153461
-0.01829563
0.0367763
0.03072988
-0.04504472
-0.1051726
-0.07202452
-0.007525465
-0.04987768
-0.05110925
0.03404227
0.01188807
0.002489408
0.04120712
0.03649791
-0.009077176
0.06706245
0.08123623
0.04966123
0.004849335
0.01903145
-0.04155795
-0.07642743
-0.003178542
0.1100826
0.004721903
0.04289431
0.08900116
-0.04155957
0.01145307
0.04050424
-0.06735547
0.02433217
-0.07538398
-0.1652668
-0.09312564
-0.1087897
-0.006471909
-0.01481597
0.005850513
0.04739948
0.1102534
0.07081235
0.02835095
0.1304902
0.0805029
-0.0411715
0.06767075
0.04718253
0.08267914
0.054194
0.161504
0.01072936
0.01417965
0.09239139
-0.0184924
-0.02712701
0.04085502
-0.01814318
-0.04578129
-0.02094491
0.008093173
0.08852756
0.007295184
-0.1240693
-0.06313835
-0.06393233
0.03119297
0.03158846
0.006119969
0.03468392
0.03732368
0.02863847
0.02148347
0.03668923
0.004350634
0.0112208
-0.03396773
-0.1253467
0.1556039
0.1734522
0.1509103
0.2280845
0.210431
0.1279916
-0.006732248
-0.02586652
0.05203575
0.02338318
-0.02099735
-0.03192153
0.01913623
-0.0131875
-0.04697207
-0.1109101
-0.07997187
-0.05994023
-0.06240964
-0.112075
-0.05448942
-0.02868168
-0.03772856
0.005743247
-0.03984631
-0.03586228
0.02855825
0.00845571
-0.005716129
0.007377937
-0.04064419
-0.07401449
-0.1130654
-0.05343715
0.05584676
-0.04398939
-0.1162394
0.02925111
-0.07316413
-0.1114399
-0.07439808
-0.02139435
-0.05148935
0.005378223
0.08754879
-0.07832256
-0.02258695
0.04541789
-0.1017466
-0.06398181
-0.01019114
-0.0004256665
-0.0008627797
0.0006759606
0.0007276105
-0.0006624927
0.001470567
0.0001590611
-0.0006080134
-0.004624072
0.01485474
-0.01675827
0.00340658
-0.005200984
-0.01219067
-0.005104347
0.01382237
0.006273946
-0.02653983
0.001970593
-0.04792776
-0.06492008
-0.01278663
-0.03009062
-0.0732962
0.02616416
0.000160123
-0.02969976
-0.1033396
-0.04850342
0.003547628
0.0130034
0.05104841
0.1021668
0.01417186
0.01012422
0.01287573
0.06552207
-0.008758625
0.07788531
-0.02919484
0.002664925
0.06421494
0.03128231
0.01667917
0.008943584
-0.05260688
0.03167352
0.07105622
-0.05862791
0.04310558
0.05588992
-0.04122674
0.03088823
0.04387509
0.004395259
-0.006168503
0.02716139
0.02836529
0.04263869
0.03924538
0.04829057
0.07367176
0.07488843
0.0401466
0.09187424
0.1185375
-0.0197788
-0.004357549
-0.003931992
-0.03610817
-0.07958411
-0.1076096
-0.09066673
0.04893475
0.05668315
-0.1236469
0.2111394
0.1002946
0.05447442
0.1938023
-0.003595753
-0.03339262
-0.01251742
0.001583794
0.08395066
0.09075503
0.1096303
-0.1304686
-0.1642592
-0.1454473
-0.0006855029
-0.001492148
0.004945338
0.07379349
0.04000356
0.03316522
0.07178161
0.05825157
0.0546649
0.03640176
0.04549556
0.09974916
-0.0375969
-0.05462027
0.0226409
-0.1034004
-0.1088863
-0.01624362
-0.004407105
-0.005257319
0.02601966
-0.05940776
-0.05842666
0.0317008
-0.06396347
-0.0313621
0.0225657
0.03854533
-0.007455125
-0.007841717
0.05777184
0.1047004
0.1563203
0.03682811
0.03495357
0.1146515
-0.1337617
0.1147305
0.1000456
-0.1708339
0.1649152
0.06557694
-0.1095173
0.1059065
0.05779715
-0.05621433
-0.02591603
-0.01645271
0.04328179
0.06253234
0.0232352
0.07816772
0.05605611
0.03622913
-0.0002155528
0.001597623
0.001995167
-0.0008962268
0.001352115
-0.0003273395
0.0008872401
0.003219151
0.0004854058
0.1031958
0.1385177
0.06419837
0.1756373
0.06364059
0.1413967
-0.04753879
0.1273782
0.06006831
-0.1043939
0.05582497
-0.09971302
0.2459973
-0.04801233
0.08325737
0.05563502
-0.1135014
-0.1413361
0.08276328
0.1021019
0.07486577
0.1297546
0.1003972
0.05154743
0.05328829
0.1773259
0.2022963
-0.04892391
0.1680035
-0.1615939
0.09098567
-0.1369191
0.03284005
0.2029824
0.02630256
0.2283161
-0.01355337
-0.08562624
0.01262668
-0.133191
0.2048221
-0.01150573
-0.333321
-0.291334
-0.2603298
0.07828602
0.1547529
0.1024669
0.1079867
0.005941471
0.05113767
0.1181982
0.01879765
-0.06871165
-0.03049751
-0.04965181
-0.164588
0.1255546
-0.06642423
0.0885957
0.1031492
0.03610226
0.1865694
0.06419507
0.1818886
-0.04082087
0.2163749
-0.4492209
0.4077614
-0.1873293
0.05185662
-0.1593512
0.0340086
0.001561969
0.03986656
-0.1484598
-0.129883
-0.1898308
-0.08732138
-0.1186933
-0.1377847
-0.04519658
-0.1337626
0.1298358
-0.0445099
0.08572417
-0.009042951
0.1570169
0.04691268
0.1978774
-0.1230577
-0.02577481
-0.05264589
-0.05111334
-0.07654069
-0.008155355
-0.1098416
0.07534023
-0.1176755
0.007934709
0.09654766
0.0584344
0.04038458
0.1139181
-0.01020381
0.01898017
-0.08167177
-0.07132088
-0.1539859
0.01252495
-0.1391553
-0.3139948
-0.08748378
0.04319778
-0.1631283
0.02199749
-0.007611522
0.1307623
-0.3373965
0.078663
0.09146946
-0.4670878
0.06618766
0.04307221
-0.2017047
-0.04913708
-0.07018648
-0.1042893
-0.0968471
0.0277602
-0.003554972
-0.06215714
0.0565986
0.06697121
-0.2132484
-0.0001090837
-0.002351983
-0.003017417
0.001164392
-0.001382363
-0.003862091
0.003423192
0.000777313
-0.002226664
-0.07309464
-0.0113991
-0.08467846
0.01155281
-0.006345313
-0.0675561
0.04274374
0.09317803
0.001142013
-0.1139815
-0.1779276
-0.06724138
0.09887093
0.1407896
-0.03009566
0.2705353
0.4096466
0.04761486
-0.1158025
-0.05808048
-0.08837144
-0.01801067
-0.006094397
-0.07961664
-0.01309384
-0.02942025
-0.09972998
0.005774861
0.09089424
0.05543367
0.00585612
-0.07487591
-0.1218813
-0.0397316
-0.07939982
-0.1280989
0.05592987
0.1085779
-0.2154343
-0.0229841
0.3446742
0.2238205
-0.1818219
0.06230747
0.245376
0.02035997
-0.05549435
-0.006736588
0.02385532
-0.08949956
-0.0825183
0.08697701
0.05726797
0.01426116
-0.09609272
-0.003996391
0.1063505
-0.002766973
-0.1309005
-0.1364227
0.08674528
-0.1806546
-0.2809436
0.09110422
0.1461486
0.04386955
-0.09011555
0.007870424
0.06866042
-0.1539702
-0.151037
0.07116356
0.109429
0.09125609
0.08629676
-0.002712589
0.0001965908
0.00091312
-0.02319824
0.002740343
0.01661506
-0.03692421
0.03420652
-0.02912605
-0.06502357
0.01249838
0.09175639
-0.03241063
0.02057022
0.1207541
-0.05758107
-0.06370416
0.04844485
-0.02678683
0.01093293
0.1039642
0.07404935
0.007814743
-0.007666777
-0.1033169
0.03377312
-0.002052559
0.02892031
0.117432
0.09693586
0.1050916
0.1650162
0.1202793
0.02545844
-0.06643606
-0.1904546
-0.155463
0.0136959
0.0007822997
-0.2965287
-0.01596057
0.2598124
0.004353799
-0.0362028
0.1734783
0.04178326
0.04903836
-0.1039258
0.09855096
0.02953023
-0.1304671
-0.1701544
-0.1833592
-0.05877389
-0.04569195
-0.08887824
-0.114099
0.1822855
0.2133962
-0.0965487
-0.001472425
0.001485258
0.0003910042
-0.0002949855
-0.001103436
-0.0007496538
-0.001228906
0.002671693
0.001505621
0.05034033
-0.007364042
-0.06372372
0.07172123
0.03723042
-0.05524263
0.07682201
0.1142062
0.003899049
-0.00178879
0.03000963
-0.02143741
0.05116241
0.1623756
0.09852897
0.005988939
0.01802107
0.02453151
0.07030317
0.07373334
0.07995801
0.007685118
-0.0576556
-0.05336461
0.001432258
-0.009897395
-0.04339773
-0.01657596
-0.06176376
-0.08756997
-0.108949
0.01111766
0.1190531
0.07245205
-0.0525813
0.09291093
-0.06733783
-0.2016267
0.08136393
0.09921771
-0.02326723
0.08214074
-0.04559344
-0.06415346
-0.1038121
-0.05091753
-0.03371602
-0.00176874
-0.1162762
-0.03603441
0.112694
-0.08391065
-0.02017304
0.1542614
-0.0403129
-0.04389341
-0.07445937
0.05396066
-0.01400586
-0.05768494
0.1389406
0.1076231
0.1131811
-0.03953915
-0.1628775
0.04266984
-0.2427747
-0.08583297
0.5233628
0.01362163
0.002662965
0.2747743
-0.02799188
0.008281186
0.06297398
0.05219745
0.007647749
-0.01056674
0.1128688
0.006553308
-0.04994677
0.05470954
0.05047349
0.07995516
0.05496446
-0.04005026
-0.08649295
-0.08460757
-0.09646
-0.04276682
0.000116675
-0.07944592
-0.01532753
-0.005546282
-0.05277923
-0.0187345
0.04539198
0.02057357
-0.03062157
0.07509251
0.04916924
0.07462732
-0.0375567
-0.02392038
-0.03091498
-0.0398154
-0.01431112
0.03223042
-0.02820555
-0.08443732
0.0440421
-0.1199883
-0.03646691
0.1264192
-0.01322057
-0.1470709
-0.05092071
-0.1799273
-0.1210026
0.3469471
-0.1816498
-0.1923238
0.3933533
-0.08647916
-0.1530726
-0.06578243
-0.1571952
-0.05791069
-0.04476744
-0.08839618
0.05226775
0.05829921
-0.02607227
0.01932528
-0.03081786
-0.003762511
-0.003780844
0.003478626
-0.001492027
-0.001394284
-0.0001709002
0.001590374
0.0004085017
0.002348116
0.1613209
0.2772476
0.1044084
0.06996024
0.09447045
-0.09711125
0.1441697
0.02147677
-0.08595013
-0.003382108
-0.1554872
-0.07040222
-0.07845789
-0.179486
0.1566326
-0.06429622
-0.01892098
0.3350078
-0.05814595
-0.004239894
0.05799779
-0.04086821
0.02007766
0.06589719
-0.1482328
-0.1135816
-0.08983646
-0.1373547
0.0404628
0.0542707
-0.0813654
0.1786053
0.08872643
0.0225847
-0.06164704
-0.1178282
-0.01043911
-0.2142538
-0.07720904
0.1403122
-0.1477464
-0.1995488
0.2503063
0.2445953
0.1353136
0.01828223
0.1905505
0.07890851
0.02511051
0.05797353
-0.005167819
-0.01401359
-0.1369769
-0.1440683
-0.1950165
0.09134296
0.2873431
-0.2268805
0.06706008
0.2783199
-0.172006
-0.01649161
0.1579919
0.06126907
-0.07260161
-0.274355
0.1504588
0.1021857
-0.1498901
0.02066378
0.03384169
0.1714776
-0.02679832
0.02205724
0.04686084
0.1914689
0.1829708
0.1339162
-0.02143975
-0.05612454
-0.1251593
0.08149882
0.2336491
0.170404
0.1490351
0.2547975
0.1485309
-0.0006839221
0.1883369
0.06208082
0.001555904
-0.1052438
-0.1697913
-0.1110472
-0.2135047
-0.3181176
-0.1052668
-0.07988107
-0.1234558
0.04250096
0.1456135
0.1934938
0.02337733
0.228828
0.1153777
0.01586439
0.124346
0.09458753
0.1397563
0.0162429
-0.08182554
0.2708044
-0.0393496
-0.4095797
0.07515866
-0.2448783
-0.5102932
-0.09080787
0.01812028
-0.004767257
-0.1229979
-0.1116127
0.1369079
-0.01019152
0.04734529
-0.02930585
0.02922584
0.07081727
0.1255924
-0.1041267
-0.2035416
0.09686702
-0.2292077
-0.2703121
0.1114278
0.002720158
-0.001231045
-0.0003994277
0.00201206
0.002939842
-0.004437122
0.0006153786
-0.001585212
0.000576214
0.01356061
-0.03250739
-0.01915902
0.07736163
-0.03342872
-0.04206921
0.07475977
-0.05107826
-0.05400976
-0.04321847
-0.1246066
-0.117351
-0.05708039
-0.19615
-0.1284796
-0.05917105
-0.1540677
-0.106631
-0.06231102
-0.0691437
-0.06151344
-0.07229912
-0.05767392
-0.06290617
-0.03892696
-0.05024171
-0.05587397
-0.02996466
0.03155357
0.1342874
-0.02015854
0.01006288
0.1114217
0.02143191
0.01879647
0.08248017
0.1423456
0.05487117
-0.06123734
0.1157016
0.04304868
-0.08775099
-0.03198351
-0.05870925
-0.09674596
-0.04398401
-0.03575855
-0.02801609
-0.02452751
-0.0001582266
0.003387749
-0.03025199
0.03368785
0.08312096
0.05511516
0.07624251
0.1101197
0.0263559
0.04880095
0.1177548
0.07484821
0.1253363
0.1619589
0.03420189
0.06358343
0.1751637
0.007653767
-0.02062693
0.1079784
-0.009378383
0.04416922
0.05436888
0.01357829
0.02111725
0.02224807
0.02399454
0.02879664
0.02347214
-0.01574904
-0.0259575
-0.03073571
-0.0195085
-0.06919375
0.0021311
-0.09793045
-0.1079876
-0.04210693
-0.07377046
-0.1305444
-0.1203739
-0.004439957
-0.02242423
-0.03073934
-0.03479081
0.003148123
0.01525216
-0.07207861
0.01188738
0.08217227
-0.1274654
-0.0404155
0.03757505
-0.03882004
0.02049859
-0.009706632
-0.02357386
-0.02046142
-0.08670577
0.02763982
0.08103769
0.05377696
0.1062793
0.1234859
0.05841406
0.004907412
0.01834224
-0.01352908
-0.03933309
-0.0992903
-0.01866071
-0.06045134
0.02324472
-0.03515793
-0.0002948152
0.1168499
-0.002444889
0.007897246
-0.04795188
-0.1060828
0.02194472
-0.07306236
-0.09954461
-0.01346883
-0.06342904
-0.09790474
0.0006800421
0.002307697
0.002756509
-0.001079697
-0.001450969
-0.00228256
0.00192221
0.0006777632
-0.001911115
0.05049548
0.05671696
-0.1057181
-0.02230765
0.01461527
-0.09484819
-0.1227089
-0.06975298
-0.04896832
-0.1910513
-0.2258024
0.01842275
-0.1359369
-0.08162716
0.1103919
-0.03466182
-0.03045908
0.1423144
-0.05457212
-0.03930004
-0.02138782
-0.1566919
-0.1496046
-0.1138263
-0.1494347
-0.2025487
-0.1794359
-0.04287256
-0.08663768
-0.01529848
0.01761764
0.1181638
-0.006675619
-0.0006961291
0.05447057
0.01963762
-0.02782631
-0.06819101
-0.2098677
0.03900023
-0.07566575
-0.1871886
-0.006731881
-0.01526139
-0.2104777
-0.1298869
-0.1850521
-0.1695819
-0.08081832
-0.1002619
-0.05404102
0.01161011
0.07991124
0.1134646
0.1456651
0.1231995
-0.04958893
0.08572397
0.1773693
0.08224426
-0.0007909542
0.1061342
0.06748971
-0.03335803
-0.03291325
0.1088263
-0.09529946
0.182579
-0.009618449
-0.2104286
-0.01222827
0.05392699
-0.01118444
0.0129144
-0.003402832
0.02321142
0.03164655
0.0534885
-0.05925433
-0.04480191
-0.01568706
0.05044877
0.06883389
0.02593008
0.1053342
0.0296359
-0.003324477
0.06538778
0.04874162
-0.0009921844
-0.0005100185
0.1352775
0.1862469
-0.02143046
0.1465059
0.1828886
-0.0146813
0.1094387
0.1848509
0.1515575
0.1629046
0.04997115
0.009332466
0.08168776
0.06453044
-0.1358335
-0.05832635
0.123542
-0.04720485
-0.09781045
-0.2176411
0.09454704
-0.009123762
-0.2313336
-0.02313417
0.04344913
-0.1203465
-0.1477524
-0.001181049
-0.02214376
-0.01373228
0.0673733
0.05778693
0.04036415
-0.04524723
-0.07040186
-0.1317821
-0.02734423
0.07772257
-0.152121
-0.1102301
0.07138667
-0.167363
-0.08228821
0.1225597
0.000113941
4.042709e-05
0.0004055377
-0.00307388
-0.001332472
-0.0008348321
0.0009365774
0.001068321
-0.004711628
0.02539383
-0.003555126
0.01174766
0.006667966
-0.03667167
-0.003975203
0.04646824
-0.02831097
-0.03202237
0.03228454
-0.01829394
-0.08277648
-0.04168148
-0.02754458
0.0006157281
-0.08338665
-0.01136316
-0.01552812
-0.02097204
-0.024029
-0.03017531
-0.1024275
-0.09472396
-0.09749673
-0.05336849
-0.02229352
0.02920291
0.09471776
0.06031249
0.0007186603
-0.02219694
-0.1086701
-0.03132308
0.05578974
0.008528779
0.01929389
0.02193746
-0.07034469
0.04076388
-0.0009107794
-0.07798501
-0.03791399
0.0232103
-0.07730334
0.04355161
0.1574007
0.1273973
0.09780917
0.1478948
0.00814391
-0.05696732
0.05028046
-0.06996404
-0.1389904
-0.03425667
-0.04686769
-0.02436809
-0.008220335
-0.004126431
0.06256106
0.009627547
0.01511819
0.05246052
0.1261292
0.07597145
0.02107391
0.01580235
-0.1538095
-0.02872354
-0.05186696
0.02000851
-0.1523545
0.1323618
0.1180934
0.1264191
-0.1720248
-0.1701311
-0.1751749
-0.1839149
-0.1614467
-0.1506319
0.09002905
0.0621496
0.06353696
-0.06116268
-0.02417788
-0.002775635
0.05767947
0.02947486
0.05779937
0.01997033
-0.08506969
-0.0200475
0.02334893
-0.06085796
-0.01971249
0.03192743
-0.02570089
0.03178601
-0.02186699
-0.006426794
-0.01687451
-0.04145911
-0.01830547
-0.0459636
0.01015232
-0.04596255
-0.07884535
0.03175548
-0.01336956
-0.01098136
-0.03301302
-0.166987
-0.1403928
0.123017
-0.04195434
-0.0792466
-0.08009166
-0.1350515
-0.08208405
-0.03089089
-0.07646231
-0.0406679
0.03698761
0.1170572
0.02215239
0.08772623
0.01311842
-0.01241344
0.03610509
-0.001937338
0.0243727
0.05124594
-0.01360767
-0.02705741
3.085685e-05
-0.002765421
0.0004579393
-0.0008237745
-0.002345156
0.0001756908
-0.001412301
0.002771923
0.000758319
-0.0001042438
0.03084503
0.008481648
0.07910015
0.1313463
0.08676775
0.02252431
0.05614672
0.03394639
-0.03625047
-0.05678567
-0.002185616
0.01571579
-0.07007357
-0.05206126
0.1091398
-0.05237192
-0.1161785
-0.02937538
-0.05280542
-0.04490872
-0.0194072
-0.03844358
-0.02533453
0.02374363
0.02329828
0.02540806
-0.1103726
-0.1076416
0.002888133
-0.05714707
-0.04086973
0.004620801
-0.02142068
-0.07989392
-0.0796549
0.01608717
-0.06930324
-0.1280238
0.1647939
0.1456314
0.06153152
0.03403984
0.07298408
0.08033054
-0.05728677
-0.04797277
-0.02900967
-0.01182424
0.07035822
0.1373067
0.03723206
0.198246
0.2853015
0.03741789
0.01985508
0.008841597
0.0004899499
-0.02745427
-0.08965118
-0.03995255
-0.06688617
-0.1273024
-0.1062896
-0.04841851
-0.01350558
-0.0481851
0.1190399
0.06730755
-0.06442947
0.01054695
0.01253884
-0.07070871
-0.03343946
-0.02414428
0.03642778
0.02907857
0.02278367
0.007122464
-0.02422097
-0.03713182
0.007195586
-0.04330631
-0.07798497
-0.1233279
-0.1244995
-0.1370443
-0.004716907
0.02419057
0.007857877
0.0001209372
0.03940456
-0.00238719
0.03575123
0.04185311
0.01394299
0.006526907
0.01122466
-0.0092165
0.08319774
0.07277247
0.04660241
0.09498851
0.1219104
0.1507166
0.08863185
0.1012527
0.1454168
-0.03676993
-0.0565767
-0.1066021
0.02738007
0.1079612
0.06211114
-0.07549105
0.03164434
0.1026131
-0.0666795
-0.06199117
-0.0755892
-0.02146455
0.04075215
-0.1107193
-0.04580216
-0.03776795
-0.1722539
-0.1496179
-0.1047167
-0.08708432
-0.01676514
-0.02599946
-0.01928479
0.09369291
0.07099012
0.06286906
0.001410781
-0.001342283
0.001854334
0.002295593
0.001513403
0.001796697
0.003159876
0.002036433
-0.001445505
0.03188228
0.05503066
0.02362299
0.03973234
0.121739
0.2145289
0.1217613
0.1723825
0.03206927
0.02198202
0.09403053
0.01100534
-0.02956544
-0.2268659
0.02271756
-0.06103313
0.04232201
-0.168696
-0.1420419
-0.1524919
-0.122704
0.03825963
0.1058291
0.07415439
-0.164681
0.0007623436
0.07286254
-0.08862551
0.3318692
-0.01997377
0.0005840953
-0.332716
0.04296808
0.06328325
0.2381492
0.07916432
0.01658128
-0.1154527
0.03072024
-0.01923914
0.3089373
-0.05962795
0.07354259
0.1220744
0.199752
0.04472749
-0.005478638
-0.0664838
0.09988756
0.03771698
0.006847973
-0.02588401
0.0869353
0.02695385
0.16475
0.1222928
0.05215081
-0.03736976
-0.0001960367
0.0373907
-0.004139697
0.05395425
-0.1873141
0.07109877
0.03390479
0.04964867
-0.0655277
-0.4554959
-0.01855106
-0.130796
0.7183398
0.01156554
0.1007974
0.129622
0.1275353
-0.2996437
-0.2794566
-0.302122
0.138618
0.1384157
0.118405
0.1037141
0.01357986
0.02700319
-0.01356927
0.1596347
-0.01252269
0.02324131
0.06442183
-0.05517187
0.06633006
0.04477349
-0.1197199
0.06999159
0.04489059
0.09341343
0.03024785
0.1092667
-0.1638041
-0.03894015
0.1736815
-0.01330808
0.03090201
0.1262363
0.07821051
0.0795441
0.08961505
0.1831013
0.1325932
0.1457054
-0.003752183
-0.02720858
-0.08806085
-0.05990695
0.1734002
0.2970225
0.2193902
0.05612971
-0.360956
0.1510082
-0.07347093
0.2431048
-0.1401662
0.1660079
0.3008346
-0.006743034
0.04073826
-0.08454792
-0.123082
-0.3457394
-0.1041545
0.06908774
0.09458318
0.1076247
-0.07990433
0.002176961
0.003566637
0.0009793108
-0.003610567
0.0002760718
0.0007889895
0.0004534203
-0.0004157051
0.001268546
0.0156446
0.01478204
0.0251663
-0.03339503
-0.02972811
-0.003394188
-0.02117843
-0.01406527
-0.02053865
0.003125253
0.007253503
-0.004373889
-0.000810435
-0.0117111
-0.02433709
-0.04307169
-0.03616713
-0.04086009
-0.02943948
-0.01809964
-0.02344023
0.02914575
0.02410229
0.01726852
-0.03420503
-0.03178682
-0.02989987
0.02341831
0.06184424
0.07878241
-0.03204787
0.03173855
0.03093019
0.06936934
0.08215302
0.07862785
-0.03515058
-0.05225006
-0.06216581
-0.03154458
-0.01772692
-0.03820179
-0.03275262
0.002029933
-0.001702286
-0.07099887
-0.05696669
-0.0541443
-0.04929447
-0.03178674
-0.02849956
-0.05264091
-0.02875494
-0.02167828
-0.02030745
-0.01232875
-0.0238684
-0.01692984
-0.01936847
-0.04433753
0.03482395
-0.000105284
-0.04638167
0.04906956
0.07289454
0.04420852
-0.05025678
0.01379144
-0.04113978
-0.003990254
0.02859351
-0.02275017
-0.003066962
-0.003601867
-0.004711976
0.1244303
0.1182961
0.1264503
0.09286128
0.09318738
0.06853189
0.05963148
0.03083673
-0.02963724
0.1111188
0.10153
0.08487676
-0.0456248
-0.02289088
-0.04051885
-0.04161077
-9.323436e-05
0.03685806
-0.04891503
-0.02633447
0.02848126
-0.01520177
-0.02843321
0.004645468
0.04158328
0.05871963
0.04642146
-0.05890461
-0.06325577
-0.04785464
-0.07358903
-0.06211022
-0.05219688
0.009275603
0.007019048
0.00141316
0.006173021
0.04368584
0.008978819
0.03956629
0.07763055
0.08031603
-0.01255297
0.06681735
-0.01008772
-0.03904676
0.03333454
-0.03408382
-0.02725099
0.05416297
-0.00648573
-0.01912964
-0.0005463233
0.02956634
-0.03418864
-0.02709466
-0.0250472
0.006131612
-0.00976175
-0.01265588
-0.0002785961
-0.002031582
-0.0007577223
-0.0001975718
0.0004701371
-0.0008276239
-0.001993994
0.0005305025
0.0005609157
0.02490246
0.06179947
0.08710502
0.103617
0.1209158
0.09823928
0.03674397
0.03775998
0.03200372
0.02099577
-0.04612849
0.07606989
0.01442522
0.02182901
-0.01819092
0.02687526
0.1245639
0.1061948
0.06468672
0.04533709
0.02514551
-0.01285741
-0.005672736
-0.01123551
0.01593478
-0.04001199
-0.0994346
-0.03617641
-0.1270244
0.1002346
-0.07454641
0.1399402
0.03594317
-0.08607934
0.1121431
-0.03303095
-0.1362344
-0.01544527
-0.07411
-0.003085255
-0.07577308
0.09289405
0.04036299
-0.004093877
0.1333827
-0.007356987
-0.07953649
-0.01391347
-0.007310286
0.09431478
0.08185112
-0.05728543
0.08906791
0.1119531
0.003031289
-0.003472173
0.01588879
0.0388778
0.07265926
0.02301604
0.04057551
0.06184542
0.02072412
-0.2216288
0.08209626
-0.1249125
-0.0700424
0.55204
-0.2229076
-0.02567968
-0.0589677
-0.1754059
0.02887114
0.01122964
-0.0003166531
0.05698325
0.03413641
0.05585493
0.05572986
0.09326459
0.1030057
0.1227092
0.1119766
0.1082188
0.09154112
0.06457208
0.04939723
-0.005584308
0.0995087
-0.09862178
0.004766942
0.009476386
-0.02671641
-0.03273848
0.01363944
-0.008993157
0.03057427
-0.1108255
0.007271611
-0.06841774
-0.02674895
0.004392774
-0.02080229
0.01169752
0.1477717
-0.07796129
0.002956899
0.06424132
-0.07274391
0.06770854
0.06438207
0.006337962
0.1539897
0.01811569
-0.05046361
0.04214475
0.0116048
-0.2019871
0.1777396
-0.272045
-0.1520062
0.4149525
-0.1090887
-0.1765951
-0.2233927
-0.07637536
-0.02960329
0.07561474
0.004982285
0.05315122
0.08345039
-0.04829833
0.05670413
0.01812067
0.04951173
-0.002964532
0.0006082032
5.276655e-05
0.0001595265
-0.0004810651
0.0003663829
-0.00283726
-0.001016119
-0.004697755
-0.04058848
-0.03580869
-0.03872641
0.0595571
0.04024701
0.07002025
-0.02500635
0.0009559158
-0.01100233
0.006445091
0.0223983
0.02314595
-0.07824527
-0.1645254
0.1315205
0.03726469
-0.101678
0.06346888
0.005122264
-0.02556063
-0.0109268
-0.03816753
-0.04179423
-0.06219371
-0.1096451
-0.0529359
-0.0224668
-0.0687574
0.2896798
0.04036676
-0.1232098
-0.08362414
-0.003253189
0.006339045
-0.0477729
0.04815954
0.05266436
-0.1399148
-0.06145832
0.1323284
0.1624832
-0.03827714
0.08379374
0.1672526
0.1710928
-0.03413118
0.02667883
0.02726277
0.009179407
-0.02109998
-0.02593881
0.0226672
-0.0117113
-0.07831478
0.01356988
0.06627563
-0.03307264
0.06738362
0.01280669
0.02337378
0.06248823
0.03338778
-0.0951091
0.001992353
0.1453099
0.08145557
-0.01116892
-0.3430823
0.1649024
-0.1271422
-0.02128039
0.1162429
-0.04927056
-0.06142332
-0.05140717
0.01670125
0.008501341
-0.00854943
-0.09574849
-0.04854739
-0.07592262
0.04072887
-0.03018888
0.009760982
-0.05793002
0.1062961
-0.01233173
-0.1124871
-0.08825318
0.005127792
-0.02917866
-0.003540925
-0.07409433
0.02145231
0.1460887
0.1047731
0.02742938
0.1594553
0.08746545
0.06295218
0.0004160311
-0.08144185
0.1427591
0.1610784
0.002229215
-0.03215811
0.03850651
0.05774643
0.1244451
0.0409105
-0.04236064
-0.04593728
-0.109413
-0.1032727
0.1242217
0.1339651
0.02671333
-0.04557895
-0.06230372
-0.04648828
0.2163165
-0.005476841
0.008271817
0.1910035
0.2075155
0.01853923
-0.009100635
-0.0283214
-0.011476
-0.1607826
-0.1367281
0.0471445
0.03092165
0.06426881
-0.006951768
0.002519901
0.0008215018
-0.002266832
0.000330274
0.001170886
-0.002977975
0.0001013425
-7.665413e-05
0.00157085
