1.214538e-02
9.534027e-02
7.890391e-02
6.311679e-02
9.826334e-03
-6.570328e-03
5.571014e-02
4.156248e-02
-1.255140e-02
1.576061e-01
-1.649668e-01
1.212585e-01
-2.910758e-02
-9.238028e-02
9.385029e-02
-5.109838e-02
1.103786e-01
-7.274261e-02
-1.420697e-01
-7.338371e-02
-9.226692e-02
-5.717568e-02
6.140164e-02
-6.235468e-02
3.794330e-02
2.259415e-02
8.677379e-02
5.995117e-02
-7.379272e-02
5.701383e-02
2.189217e-02
2.178081e-02
-1.420423e-01
-2.841178e-02
9.044874e-02
-1.127923e-01
1.174302e-03
4.747411e-02
4.077743e-02
2.919843e-02
-5.698414e-02
4.440421e-02
4.211186e-02
-1.008396e-01
-3.980397e-02
4.025912e-02
1.499816e-02
2.119756e-02
-2.958744e-02
-8.281326e-02
7.222051e-02
3.852057e-02
-2.067507e-02
1.926738e-01
-6.160388e-03
9.010924e-02
-1.851897e-01
-1.481443e-02
-1.010926e-01
-1.475928e-01
-1.627955e-01
4.216932e-02
4.881577e-02
4.241708e-02
