-1.963496e+00
-2.093199e+00
4.663954e-02
-4.504516e-01
-2.736887e+00
1.085879e-02
-1.557796e+00
6.497450e-01
-1.341473e+00
-1.785226e-01
-9.641815e-01
-1.243984e+00
-4.355204e-01
-1.543984e+00
-2.652805e+00
-2.173738e+00
-1.492730e+00
3.393438e-01
-1.046597e+00
-1.993711e+00
-1.918940e+00
-7.932648e-01
-1.549500e+00
-7.849959e-01
-1.578725e+00
-5.924150e-01
-2.081597e+00
-1.611502e+00
4.070907e-01
-1.792609e+00
-1.706413e+00
-1.026999e+00
-5.586051e-01
-7.813342e-01
8.766598e-03
-3.933195e-01
-4.738278e-01
-1.357607e+00
-8.656799e-01
-1.226802e+00
-8.893401e-01
-6.380079e-01
-1.871713e+00
-2.896282e+00
-1.561539e+00
-1.985384e+00
-1.368430e+00
-2.478771e+00
-1.158410e+00
-1.898162e+00
-1.095905e+00
1.012556e+00
-6.517391e-01
8.242479e-03
-1.374918e-02
-1.050635e+00
-3.611716e-01
-2.107602e+00
-4.441835e-01
-1.546764e+00
-1.398713e+00
-1.773282e+00
-3.520009e-01
-1.997823e+00
