-3.920326e-01
-4.541268e-01
-4.594032e-01
-3.957040e-01
-3.557875e-01
-4.858878e-04
-3.183835e-01
-4.111669e-01
-4.610625e-01
-4.761366e-01
-4.137490e-01
-4.150969e-01
-3.898430e-01
-2.762051e-01
-3.378127e-01
-3.918664e-01
-2.124137e-01
-4.642374e-01
-5.263747e-01
-4.004133e-01
-3.501672e-01
-3.398366e-01
-4.147083e-01
-4.395494e-01
-3.996240e-01
-5.132053e-01
-3.101382e-01
-5.118045e-01
-4.449751e-01
-2.408127e-01
-4.387991e-01
-2.727293e-01
-3.156146e-01
-2.943418e-01
-1.926467e-04
-3.505724e-01
-4.802490e-01
-4.123246e-01
-3.889571e-01
-4.623376e-01
-2.787332e-01
-3.045096e-01
-3.769818e-01
-5.191458e-01
-2.994937e-01
-3.532259e-01
-5.148031e-01
-3.469374e-01
-4.216919e-01
-3.124689e-01
-3.927345e-01
-5.098749e-01
-4.570804e-01
-1.839091e-04
-3.041854e-01
-3.540714e-01
-3.629206e-01
-4.396581e-01
-4.870988e-01
-3.566311e-01
-2.851797e-01
-5.556407e-01
-4.370326e-01
-5.178795e-01
