-2.567410e-01
-1.719238e-01
-1.953476e-01
-1.124750e-02
2.952600e-02
-2.569511e-01
-1.630136e-01
-1.188413e-01
-8.423188e-03
5.256696e-02
4.670181e-04
-1.346383e-01
-2.954840e-01
-1.851497e-02
-9.682122e-02
-9.864150e-02
-2.551807e-02
-7.707574e-02
1.226233e-02
-2.599048e-01
-1.198153e-01
-1.329471e-01
-1.120356e-01
-1.278267e-01
-5.173852e-03
-1.358369e-01
1.818802e-01
-1.773659e-01
-1.010744e-01
-8.465724e-02
-1.269539e-01
1.401330e-01
-7.510198e-02
-5.991302e-02
-3.684434e-02
1.316265e-01
-1.602238e-02
-1.673566e-01
-1.172704e-02
-2.830121e-01
-1.343424e-01
9.726165e-02
-6.964829e-03
-2.282865e-01
-2.381649e-01
-7.264584e-02
-1.209280e-01
-1.958661e-01
-2.067153e-01
-1.423123e-02
-6.473248e-02
-2.160045e-02
-9.152673e-02
-1.190219e-01
1.100226e-01
-8.900651e-02
-1.099249e-01
2.701519e-02
-1.015795e-01
-1.163754e-01
-2.829966e-01
-1.833689e-01
-1.992373e-01
1.235880e-01
