5.829258e-01
2.892963e-01
4.245745e-01
4.208748e-01
3.744709e-01
6.999631e-01
4.960773e-01
6.814667e-01
4.119607e-01
3.966953e-01
5.505250e-01
2.787077e-01
2.555614e-01
5.679511e-01
5.756683e-01
5.077248e-01
2.003709e-01
5.000141e-01
3.447243e-01
4.448039e-01
6.103557e-01
5.321928e-01
2.712458e-01
4.062538e-01
2.927350e-01
2.258872e-01
5.114099e-01
2.868042e-01
3.863353e-01
3.406526e-01
4.568831e-01
4.578579e-01
4.708705e-01
3.321356e-01
3.363861e-01
5.396975e-01
3.381975e-01
2.568825e-01
3.480490e-01
2.793369e-01
3.979642e-01
4.451638e-01
3.585029e-01
4.756626e-01
3.074964e-01
3.261245e-01
6.137917e-01
3.931799e-01
4.823793e-01
5.727178e-01
3.644826e-01
4.117153e-01
4.700388e-01
3.583133e-01
4.470325e-01
4.396409e-01
7.358632e-01
4.665597e-01
3.850895e-01
-5.900763e-01
5.272554e-01
5.152202e-01
5.774411e-01
5.790355e-01
