6.365754e+00
6.936606e+00
6.270226e+00
5.171208e+00
7.229973e+00
5.350256e+00
5.846439e+00
4.662045e+00
8.879042e+00
6.751147e+00
4.964157e+00
5.358943e+00
9.732931e+00
4.788242e-04
5.242042e+00
9.037999e+00
5.936605e+00
5.366562e+00
4.512549e+00
6.927089e-04
8.136336e+00
7.171546e+00
9.095106e+00
5.125596e+00
3.350448e+00
5.308946e+00
6.165096e+00
5.693173e+00
6.404842e+00
6.382419e+00
6.353951e+00
4.850510e+00
5.209861e+00
6.454609e+00
1.004784e+01
8.081323e+00
6.524664e+00
9.827611e+00
4.674157e+00
7.124250e+00
6.404862e+00
7.961274e+00
5.113730e+00
5.311059e+00
7.928801e+00
4.818762e+00
6.175890e+00
4.001937e+00
6.946171e+00
6.698429e+00
6.177954e+00
7.665305e+00
9.409271e+00
6.411066e+00
4.168135e-04
1.336390e+01
7.671918e+00
5.798626e+00
4.524273e-04
5.765884e+00
4.872037e+00
7.885168e+00
8.531064e+00
6.613035e+00
