16 16 3
0.1175207
0.07049733
0.01238308
-0.05988582
-0.09937668
-0.1022167
-0.1233077
-0.05288821
0.02201397
0.05820889
-0.06577353
-0.0616168
0.02725284
-0.08558632
-0.06542946
0.0562594
-0.06211896
-0.02222039
0.135246
0.1037603
0.03575486
-0.03243579
-0.04756803
-0.1053186
-0.09543138
-0.1458688
-0.1323385
-0.1510607
-0.2160413
-0.04784025
-0.05020711
0.1079715
0.2624663
0.1093757
0.1954477
0.05635999
0.1719185
-0.03441167
-0.1534987
0.1584045
-0.1069745
-0.09563236
-0.002450536
0.1982197
0.1692566
0.0237508
-0.009974557
0.0004061795
-0.1087722
-0.1174064
-0.1060257
-0.01170572
0.09237541
-0.0001709865
0.02421911
-0.07964624
-0.1169392
-0.1269101
-0.09208979
-0.0003086228
0.06122691
0.1430276
0.2163883
-0.1058785
-0.08605184
0.002012252
-0.02226367
0.167484
0.1448185
0.009508226
0.06115724
-0.151474
0.06157235
-0.0004508414
-0.01048896
0.05622394
0.0009142478
0.04047586
0.02907751
-0.06815294
0.01169066
-0.06895772
-0.02723489
0.04739331
0.02072921
0.08661839
0.1411423
0.07471127
0.01701709
0.03730564
0.03701539
0.1603283
0.1591214
-0.1032316
-0.05122646
-0.1093911
0.01585257
-0.07783769
-0.1567133
-0.008902668
0.07625145
-0.001446622
-0.1303905
-0.123194
-0.1814572
-0.1494913
-0.05011142
0.01895333
-0.04240822
-0.1504165
-0.3047814
-0.1143451
-0.2677595
-0.2252584
-0.2182519
0.05843435
0.2565553
-0.0354974
0.1512321
0.1359314
-0.1702585
-0.02454274
-0.1198889
-0.05843083
0.0845151
-0.05203088
-0.08364329
0.02501685
-0.0463757
-0.09149593
0.116844
-0.1241378
0.1290251
0.05667213
0.1135565
0.07257641
-0.3474508
-0.1819464
-0.3877439
-0.2356426
0.1460883
-0.06996568
0.3465717
0.1948674
-0.03090535
0.0007969553
0.07032186
-0.05200873
-0.03822321
0.03538664
-0.04737747
-0.09505824
-0.09245887
-0.01353292
0.03823498
0.1668644
0.03297587
-0.01995168
0.04422698
-0.03802795
-0.02282519
-0.03894819
-0.05770292
-0.01923961
0.07200294
0.004324229
-0.03604407
0.1001746
0.1521772
-0.04475936
0.03615165
-0.1120444
-0.02615027
0.1519773
0.02947105
-0.1029534
-0.2127439
0.1764379
0.007089979
-0.2022177
-0.03177266
-0.1304957
0.02808731
0.1938299
-0.1119336
-0.1649127
0.08243872
0.1942121
-0.1077031
0.04187407
0.02773332
-0.0250552
-0.05874318
0.02303252
-0.02915896
0.01885081
0.02825781
-0.03289944
0.0536584
-0.2405504
-0.4556725
0.1501428
0.275322
-0.2001091
-0.1281755
0.3817566
0.02983288
-0.04714497
-0.108352
-0.08551873
0.1353587
0.006281501
-0.1127805
0.07786086
0.04668932
0.03583458
0.03225407
0.006248907
-0.06161516
0.01198668
0.04391453
0.02308894
-0.0956991
0.01192311
0.1231639
0.04021509
0.1040644
0.01053601
-0.03992492
0.0735071
0.1383117
-0.08233249
-0.06327492
0.1010936
-0.05227662
-0.04790267
-0.05982572
-0.1281774
-0.01656125
-0.05285607
-0.1651928
-0.1090748
-0.1514728
0.05906739
-0.04519535
0.007371775
0.04624054
-0.01576723
0.05191633
0.01906945
-0.05473329
-0.01753872
-0.2132925
0.004884331
0.3321236
-0.1977468
-0.2698935
0.01816705
0.1199532
0.02770479
-0.1721296
-0.07315532
-0.04468246
0.1313627
-0.06921566
-0.05922762
0.05491265
-0.01881336
-0.02914333
-0.07048206
-0.07689519
0.2110744
0.04427011
-0.2233708
-0.009577635
0.1103239
-0.05791673
-0.1271162
0.03254223
-0.256075
-0.1907591
0.291131
-0.07563289
-0.1214859
-0.1197836
0.1116855
0.2402288
-0.2409813
0.001097583
-0.01354898
0.007441414
-0.04909014
-0.0586068
-0.01333754
-0.009766355
-0.06832586
-0.1035071
-0.02100644
0.03070807
0.04015075
-0.05836408
-0.04517118
-0.01178079
-0.07134407
-0.08450176
-0.07534838
0.02303776
0.02218946
-0.006857457
-0.03198514
-0.001494965
-0.0369294
-0.01242127
-0.006382219
-0.05508233
0.01116969
-0.0136363
0.06517633
-0.01742798
-0.03392242
-0.01481146
0.04497749
0.07058477
0.07629412
-0.000819865
0.01442227
0.07191321
-0.06401849
-0.1243039
-0.01044429
0.07807308
0.09058467
0.07986375
-0.06477369
0.01811081
0.1001685
-0.04921698
-0.08818004
-0.03686613
0.07505723
-0.03092094
-0.102348
0.02107336
-0.008919085
-0.09656589
0.08530016
0.01896785
-0.03898833
0.07741749
0.1247467
0.1554782
-0.07063629
-0.2615063
-0.1871972
0.2122439
0.05392537
-0.1640205
0.1406885
0.2445186
0.1508395
-0.02103718
-0.01424082
0.1057708
0.005478361
-0.04611352
-0.008365046
0.004463045
-0.01482013
-0.01661698
0.0673029
-0.09578645
-0.1725526
0.1716001
0.1040357
-0.07839004
0.03731915
0.136112
0.08667692
-0.001676233
0.03117246
0.01415942
0.03214567
0.07855555
0.01479974
-0.07786208
-0.05517858
-0.02129655
-0.04720712
-0.02430381
-0.07340264
-0.03401846
-0.01613376
-0.03327418
0.04452648
0.05754711
0.02375145
0.06028468
0.03486022
0.1311182
-0.05184576
-0.1226467
-0.05966607
-0.07661001
-0.1241572
-0.2028245
0.0006718946
0.04159391
0.006947119
-0.03407149
0.005427454
-0.0306511
-0.03691966
-0.03195382
-0.1030511
-0.02580765
0.05284333
0.0323775
-0.1071074
-0.01895256
-0.09299014
-0.05983888
0.004546279
-0.0475137
-0.0006138224
-0.02475019
0.09465972
-0.2239797
-0.1661122
-0.1753343
0.1028907
-0.02362205
-0.1095438
-0.03722165
-0.1440994
0.1410854
0.07591058
-0.1337919
0.2495233
-0.03775351
-0.1473882
0.1852166
-0.09869372
-0.1454778
-0.2602196
-0.09174397
0.009269897
-0.2524522
-0.1516796
0.1135974
-0.2806823
0.001749595
0.04587784
0.1728861
0.02347499
-0.1059554
0.1175652
0.06643772
0.07339198
0.1130037
0.09753668
0.03998598
-0.08366047
0.103199
0.0864531
-0.06146269
0.05483302
0.01848522
-0.1074557
0.06804012
-0.07875404
-0.05008811
-0.1931501
0.5767857
-0.3447324
-0.2117048
0.3619973
-0.1990773
0.04713773
-0.05734874
0.04002221
0.0102073
-0.0419006
-0.001045728
-0.01214055
-0.046839
0.02692811
-0.3608706
0.2176455
-0.1326927
-0.4725803
0.4888858
-0.1367934
-0.2867036
0.3053899
0.04712742
-0.01441463
-0.04715393
-0.1084478
-0.02199358
0.08139157
-0.03690779
-0.08796445
-0.02334648
0.01664446
0.01223539
-0.05517868
0.02194266
0.114164
-0.06148776
0.03383495
0.06569321
-0.06891724
0.0339105
0.1130262
0.00363819
-0.05787241
0.09175924
-0.06226516
0.01037688
0.1464965
-0.1052255
-0.01874093
-0.04320806
-0.02053143
-0.006961926
-0.04565412
0.009212188
0.03058249
0.06702179
0.03065105
0.0604238
0.1612756
0.0763501
0.1709435
0.1056211
0.03997795
0.1002564
0.1661541
0.07734883
0.1065383
0.2207952
-0.2983385
0.07596818
0.1004873
-0.07288773
-0.04525995
-0.2259069
0.1567967
-0.197449
-0.005355483
-0.03342953
0.2037176
0.04037886
-0.1380644
0.1775294
0.03273409
-0.1243915
0.2082991
0.05312983
-0.295292
0.1849242
0.3914603
-0.5630819
0.5341502
0.2904135
-0.4868848
0.1447241
-0.1223733
0.1135911
-0.03717721
-0.1046058
0.1871881
-0.05807831
-0.1572102
0.2427156
-0.2085495
0.01636155
-0.03238691
-0.01665681
-0.008285866
-0.09481131
0.02083277
-0.01894601
-0.04402431
0.04194507
-0.1008856
-0.09255365
0.0389039
0.0688033
0.09945045
0.02595557
0.08458456
0.07678925
-0.1133448
-0.0009832043
0.05331862
0.1105364
0.2154236
0.1030302
-0.008999696
0.2542556
0.03518461
0.04939775
-0.02234882
-0.1632507
0.05737659
-0.1046568
0.06867487
0.1641101
-0.1038785
0.173207
-0.03207058
0.07354124
-0.1567513
0.02299336
0.2585388
-0.422291
0.2528022
-0.4399822
0.4794783
-0.06625068
0.08277541
0.08561851
0.07915227
-0.006734832
0.01436071
-0.01046874
0.01961151
0.01190266
0.01656776
0.1869042
-0.02470551
-0.110072
0.05987813
0.1416977
-0.1465493
-0.4199811
0.03066922
0.1566524
0.1260469
-0.06039393
0.04438078
-0.02379872
0.07630432
0.02863486
-0.06527224
0.06203346
-0.05717402
0.09283485
0.1570365
0.01539945
0.03793192
0.09653725
-0.011237
0.1310785
-0.04440337
-0.02147226
-0.009745321
0.04279201
0.03901196
-0.08442359
0.06194663
-0.003504814
0.01492459
-0.06447282
0.04503061
-0.1255657
-0.06615167
-0.09946413
-0.1598569
0.04668015
0.01956357
-0.03418764
0.09119909
0.09351409
0.03669866
0.01276097
-0.008676648
0.03726697
0.03100583
0.02462754
-0.05454877
-0.006319447
0.1790685
-0.2024795
0.06090749
-0.2098331
0.4655332
-0.8086025
0.1534602
-0.3412671
0.2958661
-0.1772958
-0.09620144
-0.005476285
-0.04420437
-0.006784838
0.08588982
-0.01940261
0.04437139
0.04666868
-0.01245157
-0.260846
0.1814302
-0.05585605
-0.08804711
0.1561861
0.0150067
0.2851379
-0.2423679
0.05174595
0.1543254
-0.05244612
-0.002778899
0.2562547
-0.115092
-0.1172744
-0.1558916
0.2029332
-0.1603814
0.08753109
-0.0322908
-0.08503406
0.1449535
-0.008148254
-0.06471184
0.1172955
-0.04404329
-0.08761348
-0.009059407
0.1291508
-0.139726
-0.06172025
0.2436396
-0.06408252
-0.140181
0.1913186
0.01212245
0.004563673
-0.0008684362
0.09455144
-0.01552919
-0.02029906
0.06100221
-0.006091388
0.03386565
0.04909577
0.03474851
0.08445152
-0.06402763
-0.01124947
0.08346353
0.02065338
-0.1339685
0.07113861
0.1188335
-0.08137836
0.1731227
-0.1179373
-0.07379533
0.2335056
-0.06703471
-0.03723438
0.02169165
0.05485403
0.05346807
0.02373432
-0.04476331
0.002396021
-0.01908196
-0.01634882
0.008138332
-0.01321632
-0.02484211
-0.2163881
-0.01003788
0.0795051
-0.1342716
-0.031606
0.1811882
-0.1277871
-0.1552103
0.1090488
-0.1803245
0.02047274
0.1083462
-0.1654673
-0.05812982
0.1607549
-0.1505163
-0.1099021
0.1347864
-0.04725584
0.06097105
-0.05380865
0.03890597
0.1238192
0.01559891
-0.02605991
0.05586572
-0.03106938
-0.03596305
0.03896298
0.06825826
0.03482025
0.02905462
0.02207837
0.02220755
0.04450227
-0.06309855
-0.01195267
0.02793325
0.03178893
0.003882238
0.06094055
0.1157526
-0.01313939
0.01502547
0.03224912
0.0592282
0.02455118
0.06625623
0.03844189
-0.001740937
0.03334402
0.08739726
-0.01566221
0.002656693
0.1141694
-0.06403694
0.06123219
0.1133975
0.03095884
-0.08527535
0.05655469
-0.001152965
-0.03298654
0.1057176
0.007017541
0.09405074
0.03053045
-0.1052331
0.008816223
0.08082805
-0.04329251
0.01865944
0.1389361
-0.2201352
-0.1012327
0.2537134
-0.1784138
-0.1405542
0.1061997
0.004122463
-0.2186087
-0.1315385
0.08990706
0.005482683
-0.1644736
0.07315102
0.02572527
-0.1163741
-0.1217594
0.05204343
-0.04700296
0.0322341
-0.02321853
0.01203627
0.04646694
0.008295482
-0.09462661
-0.01335646
0.01380555
-0.03468463
-0.003638247
-0.09682044
0.008427333
0.2019444
0.002771385
-0.05363726
0.1062203
0.08460447
0.08754242
-0.02657446
0.06045614
0.1165534
-0.1013666
-0.08090209
0.05490707
-0.03553947
-0.03863462
0.03752104
0.1198384
-0.002870027
-0.1386719
0.06684872
-0.05428296
-0.1327515
0.04932028
0.02193869
-0.2143433
-0.004911887
0.1529696
-0.2882392
0.004559232
0.2149235
-0.1646209
-0.1797612
0.1039963
-0.1427259
-0.07392407
0.0403912
-0.1282217
-0.04685251
0.1293764
-0.08004422
-0.07982945
0.0664682
-0.353293
-0.02854799
0.008483984
-0.370067
-0.05703655
0.3357008
-0.225943
-0.1392882
0.2181001
0.1245094
-0.1679885
-0.09293916
0.1755606
-0.08905316
-0.01702444
0.1974848
-0.03298353
-0.009813034
-0.05985931
-0.05686538
0.04173104
0.04488857
-0.05307847
0.005181087
0.07991651
-0.01817601
-0.001158758
0.1907602
-0.04306372
-0.2025893
0.2605176
-0.001490658
-0.2525148
0.1977287
0.03118036
-0.3050734
-0.05005805
0.001963032
-0.01839326
-0.09238757
-0.01473774
0.02045734
-0.06446646
-0.05334209
0.04945805
0.1088266
-0.0276208
0.1929417
0.05675587
-0.07197618
0.1442373
0.1155292
-0.07195521
0.09117749
0.3059696
-0.1217706
-0.0941624
0.133485
0.01871607
-0.2231759
-0.01878152
0.04957466
-0.1999918
-0.02208487
-0.04144578
0.0839563
-0.05409861
-0.1145751
0.05023679
0.01665344
-0.05354055
0.1313702
0.004136568
-0.1397391
-0.09004188
0.1659739
-0.1922628
-0.2261922
0.04054123
0.02639986
-0.2152958
0.1882331
0.08923411
-0.2311734
-0.03860404
0.07547689
-0.09654047
-0.002954093
0.02228888
0.1028186
0.02381094
0.01554484
-0.0349239
0.004854821
-0.02924804
-0.02229941
-0.03252749
-0.001019719
0.05711231
0.1307864
-0.1052952
0.05974149
-0.08695942
-0.1374814
0.1074613
0.02896162
0.1375127
0.005216567
0.04645692
-0.09997015
-0.03908124
-0.05263179
0.1111904
0.1825356
0.1597675
0.1402028
0.04660113
0.230244
0.04683563
-0.1967342
-0.005735874
-0.1575365
-0.07960902
-0.2091127
-0.04047197
0.163312
-0.1783852
0.3814351
-0.007550212
0.3446699
0.03513021
-0.442573
-0.1682258
-0.3887273
0.3288807
0.04042661
0.06910592
0.01811695
0.03552613
-0.04677081
-0.07203288
0.0356171
0.03210288
0.002420564
-0.2779797
0.09208623
0.1673354
0.2047672
0.2017763
-0.06766482
0.0357187
-0.2308862
-0.2316532
0.003963874
0.02268491
-0.06269553
0.07497791
0.04443291
0.02877269
-0.1149345
-0.03492293
0.01322832
0.05945855
-0.08368286
0.0111926
-0.04332901
0.0282025
0.09122289
0.136263
0.110621
0.02175599
-0.04613343
-0.1681888
-0.04344214
-0.07978135
-0.01941466
0.1667943
0.1277736
0.2254356
0.07015031
0.01127506
-0.06143945
0.04448878
-0.1147209
-0.1519585
0.01862928
0.03114824
0.06471777
-0.02647929
-0.07597984
0.02686222
0.1171278
0.1012541
0.09507338
0.01525839
0.06410433
-0.1054957
-0.1621266
-0.3305092
0.3529871
0.2160986
0.2443356
0.1933279
-0.6384263
-0.06238452
-0.5156252
0.1746817
-0.09441043
-0.04565287
-0.01415983
-0.01526113
0.08139172
0.04051246
-0.01934885
0.1302707
0.04366798
-0.07056475
-0.2771175
-0.004624002
-0.2522815
0.0897326
0.2145265
0.1251994
0.1458202
-0.1118547
-0.03271442
0.1254865
0.0007911971
0.1073037
-0.1601719
-0.1928687
-0.09511
-0.08817162
0.02727094
0.02522576
0.06743617
-0.1186925
0.0249092
0.04181687
-0.1486462
0.04852085
-0.005800074
-0.1745635
-0.1939283
-0.1890128
0.121437
-0.2488814
-0.06422196
0.1541236
-0.2374225
0.09710057
0.02752121
0.05286789
0.06727571
-0.03686273
-0.01895946
0.08128196
-0.1215492
0.03886451
0.0846142
-0.02866576
-0.06111399
-0.1499165
0.2102606
-0.1299274
-0.09151965
0.3026949
-0.3034821
-0.07871556
0.1515522
0.1172033
-0.137277
-0.04824214
0.1280269
-0.4431029
0.3671967
-0.2447442
-0.2115882
0.5292226
0.003512091
0.03943393
0.003461221
-0.03768737
0.02114888
0.006515725
-0.02758854
0.04676075
-0.01562326
0.1294649
-0.1189464
-0.2109759
0.3337927
-0.3019583
-0.0655802
0.1251048
-0.2509873
0.06454624
0.06946754
-0.199216
0.06602444
-0.01974151
-0.2070803
0.1827586
-0.1299396
-0.09569153
0.1798624
0.1055771
0.02367733
-0.004140198
0.02004073
0.05701349
0.02207937
-0.03121119
-0.04846251
0.0183269
0.04858061
-0.120717
0.04733546
0.02278931
-0.05732189
0.03629276
0.06014474
0.01359386
-0.1205774
-0.01546398
0.09228575
0.07398655
-0.003685927
0.08710185
0.02432234
0.03474711
0.09200768
0.0677809
0.1170372
0.07689352
0.06306647
0.0569193
0.0008705189
0.08610582
0.05248004
0.01369335
0.1441053
0.02166164
0.1061094
-0.2226892
0.1434941
-0.115139
0.02833804
0.1540018
-0.28262
0.02424867
-0.06321696
0.04162805
0.04394312
-0.0802839
0.1444573
0.01169302
-0.1518079
0.09787161
-0.02117891
-0.2038503
0.1738437
-0.03436464
-0.2737406
0.4418302
-0.3533029
-0.05023572
0.225932
-0.3158082
0.08594302
-0.2090438
0.04932147
-0.04448452
-0.2108969
0.1633337
0.05493166
-0.00841056
0.06999577
0.03295489
0.01311135
-0.01011786
0.04402599
-0.004481023
-0.006270998
0.04103927
-0.03664779
-0.03350998
0.05335065
0.05199959
-0.002393729
0.05385878
0.04819774
0.003129409
0.03695101
0.0373415
0.03725455
-0.03040383
0.0310702
0.03094669
0.01958874
0.04344844
0.05744401
0.01935201
0.02136946
0.01429846
-0.02926818
-0.05331112
-0.05562838
-0.02398567
-0.02867732
-0.0007268459
0.02446671
0.01663766
0.07311857
-0.04562955
-0.008183149
-0.01611412
-0.04945847
-0.02513869
-0.02174654
-0.01143636
-0.02018703
-0.0574442
-0.02267971
-0.009634815
0.0345919
-0.01129469
-0.02088851
0.02679421
-0.02553656
-0.01435517
0.009812531
-0.0500588
-0.00611785
0.007971013
-0.07660525
-0.04731289
-0.06123736
-0.01843906
-0.05005295
-0.07441781
-0.03240154
-0.03647704
-0.007255902
-0.04926921
0.0004133726
0.05541878
-0.0422518
0.02198298
0.09841288
0.02327835
0.03735968
0.03719347
0.02523426
0.02343954
0.02313524
0.03647486
0.01369804
0.003715995
0.04462672
-0.005184995
-0.003090659
0.01684719
0.01237285
-0.0006669608
-0.03092419
0.002013652
0.007568396
0.02738502
0.003936888
-0.04231115
0.04028647
0.02009143
-0.03077183
0.009263169
0.006672961
-0.01896981
0.03154742
0.00315218
-0.01882431
0.04313402
0.02245805
-0.01759814
0.0005882196
-0.008321594
-0.04663434
-0.02572838
-0.03538886
-0.03029479
0.02811899
0.02689847
0.0255744
-0.03584717
0.01037827
-0.01776934
-0.07640336
-0.07486238
-0.05826819
-0.05827314
-0.02729055
-0.008368396
-0.0789551
-0.04548312
-0.01902705
-0.008524654
0.02472255
0.003010672
0.01644247
0.004408659
0.01712126
0.006087425
0.008404181
0.01571662
0.1049694
0.1027824
-0.02764586
0.07676351
0.1469359
0.02925703
-0.00320994
0.1375048
0.08355308
0.2128678
-0.1057793
-0.05520411
0.2097056
-0.06675882
-0.008660605
0.1158666
-0.06927761
0.01853847
-0.05660611
-0.0247017
-0.04231191
0.01846926
0.03816485
-0.1103149
-0.05065518
0.002487034
-0.1665643
0.01263941
-0.133062
-0.1140819
0.06942056
-0.1248952
-0.04783934
0.08880059
-0.1228312
-0.01297246
-0.06233928
-0.04125426
0.06672422
-0.03475196
-0.02309002
0.04740135
-0.03135717
-0.07939765
-0.04981336
0.07964006
-0.03140887
-0.05925686
0.09482834
-0.02508285
-0.0373435
0.09033538
-0.01181026
-0.001709869
0.03497906
-0.1000945
-0.1942071
0.0941059
0.03459783
-0.1317254
0.09041775
0.07518474
-0.1112759
-0.01760917
-0.1362636
-0.1168084
0.08514021
-0.04081924
0.117099
-0.02771823
-0.06666899
-0.0558726
-0.2577024
-0.03835671
0.4674763
-0.2998201
-0.05108108
0.5355842
-0.307603
-0.2167116
0.3315732
-0.138197
0.09706003
0.02365861
-0.1296389
0.1420759
0.02938921
-0.195968
0.06084805
-0.01816102
-0.1621764
-0.08859033
0.179165
-0.05380504
-0.1114943
0.1405003
-0.056047
-0.170391
0.0584496
-0.103328
-0.01712943
-0.09442806
-0.04882457
0.01567989
0.005496196
-0.05353248
0.03445302
0.01475545
0.0766215
0.02755601
0.05698141
-0.0005223475
-0.03376287
0.06573878
-0.01332538
-0.09420618
0.005459539
-0.06778369
-0.114608
0.09494973
-0.1089333
-0.1285222
0.1861926
-0.0229318
-0.07346101
0.1502475
0.06320226
-0.04394178
-0.04498265
0.06282605
-0.008026225
0.00473228
0.1462825
0.08397827
0.04727398
-0.05715416
-0.07740407
-0.1132897
0.07499784
-0.03605988
-0.1293333
0.03557226
0.04497586
-0.0988436
0.007133282
-0.04027043
0.1739932
-0.1765363
-0.1160693
0.1982987
-0.1554909
-0.1381469
0.3169156
-0.03984087
0.08389254
0.2588697
-0.1203162
-0.03097541
0.2106103
-0.06946773
-0.1035114
0.01954169
-0.06826387
0.03765418
0.09670169
-0.07232194
-0.08121666
0.0439525
0.05671204
0.0393592
0.1260524
0.1063969
-0.01206825
-0.05256307
-0.01824141
-0.08195177
-0.08453675
0.06773778
-0.044639
-0.1521243
-0.01961968
0.04162363
0.01521083
0.01386901
0.0161867
-0.05926238
0.02661042
0.08944304
0.07716893
-0.0371014
0.04513353
0.1056337
-0.01922593
-0.04481372
-0.01157876
0.01740418
-0.06835444
0.004960882
0.06261419
0.1472
0.1886894
-0.03049205
-0.009329229
0.03584033
-0.1072467
-0.06609415
-0.09130721
0.02841423
0.07649922
0.005437876
-0.08590989
0.07846252
-0.00772458
-0.08584691
-0.01163313
-0.1056602
-0.09223641
-0.2420504
-0.2061152
0.162153
-0.09931464
-0.269658
0.3435768
0.1126729
-0.1140757
-0.05756206
-0.03286606
0.09145157
-0.1066514
-0.1295724
0.09995676
-0.04751122
-0.1000139
0.1095482
-0.04162603
-0.01401947
-0.02600864
-0.01162179
0.02587631
-0.03223631
0.07112779
0.114752
-0.01867043
0.09984104
0.07515819
-0.04321019
-0.008765594
0.03487105
-0.08979139
-0.09305407
-0.05024932
-0.1063065
0.008964003
-0.03981344
-0.02570649
0.03725677
-0.009030536
-0.04456624
-0.01610732
-0.0703238
-0.1203937
-0.06864515
-0.0926474
-0.1482571
0.1495511
0.1220378
-0.2269193
0.1983904
0.3198753
0.007071537
0.05687945
-0.03975756
-0.1641317
0.09539988
0.04005624
-0.1277109
0.0199476
-0.003928354
-0.1377903
0.02134882
0.03865411
-0.1326962
-0.1654161
0.01281976
-0.03972837
-0.07096109
0.05695803
-0.03962431
-0.1387791
0.02437664
0.03500385
-0.08649865
0.06643399
-0.1146099
0.02814176
0.2342423
-0.09948198
0.03521831
0.03180649
-0.01191177
0.02707703
0.0397726
0.03134881
-0.003404136
-0.02647364
-0.02695555
-0.01226224
-0.001555127
0.01372683
-0.002713659
-0.002621976
-0.004748145
0.01442211
0.04620935
0.04015288
-0.001407588
0.04494806
-0.003664161
-0.01836178
0.02514513
0.01534764
0.002434532
0.01177823
0.01500204
-0.00633482
-0.005493769
0.02542179
0.0334424
0.03377773
0.02082508
0.01357702
0.03724376
0.04451333
-0.01821644
-0.006322767
0.01744276
-0.08295507
-0.02389403
-0.02576041
-0.1054359
-0.1336244
-0.0892195
-0.003330372
-0.002672528
-0.01457896
-0.007568785
-0.01885447
0.00525833
-0.01123362
-0.04653374
-0.03097123
0.07509255
0.04342069
-0.04787163
-0.003305685
0.03144395
-0.005250627
-0.05078205
-0.02655705
0.01159484
-0.007806066
-0.04244996
-0.05148928
-0.01313232
-0.02882135
-0.02594646
0.01950965
0.06432231
0.05669989
-0.01422785
0.02881844
0.039696
-0.02878685
-0.007412431
0.01902818
-0.03068595
-0.005105426
0.02377544
0.00182605
-0.009867307
0.01078226
0.007456644
-0.03419593
-0.04243393
0.04832857
0.02429312
-0.03143741
-0.006513695
-0.01170224
-0.02293702
0.01981933
0.01285982
-0.01568965
0.04642234
0.041219
-0.02067554
-0.001034595
-0.02634755
-0.04634308
0.04009826
-0.002714731
-0.02807005
0.06014133
-0.01035926
-0.06873859
-0.03336112
-0.04287345
0.01617539
0.003481758
-0.08572377
-0.02652654
0.005103795
-0.02792934
0.0266333
-0.02983893
-0.07927138
-0.0668364
0.01368772
-0.007283736
-0.01599451
-0.0008741005
-0.02958311
-0.02940182
0.01131121
0.03854087
0.005422531
-0.00255169
0.01066114
0.004324865
0.05244852
-0.01867672
0.001392542
0.007666396
-0.0001687387
-0.02675552
0.0929202
0.03895471
-0.06624051
0.1051889
0.1320915
0.03619187
-0.02015353
0.01666633
0.01514875
0.02468537
0.04935132
0.05098518
0.05467243
0.07604531
0.06301576
0.0530737
0.04621521
0.04187429
0.03526592
0.0305475
0.04843418
0.04356847
0.04544047
0.04875321
0.02947479
0.0230759
0.01540231
0.01297495
0.01378633
-0.008478239
0.002781104
-0.008341174
-0.03799526
0.04423188
0.01998764
0.001712556
0.03797853
0.02155209
0.005192793
-0.001626713
-0.01498861
-0.03435701
-0.04532552
-0.0563609
-0.07564747
-0.01855558
-0.005438891
-0.03857486
0.02363242
0.00496134
-0.019055
0.0450851
0.04887241
0.05772214
0.07655919
0.04918807
0.05354363
0.06146611
0.03059515
0.03207964
-0.02076041
-0.01162317
-0.02504499
-0.03157208
-0.01483799
-0.02019457
-0.01015597
0.01201878
0.04254493
0.1154294
0.08737542
0.1178003
0.02723705
0.03386843
0.06075673
-0.05465591
0.01124633
0.02977332
-0.02619138
-0.004128148
0.01792725
-0.03148932
-0.02746849
0.002837707
0.006003724
-0.00586208
0.01582569
0.01808944
-0.01589636
-0.03456303
0.0279362
-0.002313115
-0.01736294
-0.007433253
-0.005580373
-0.01088539
0.04026259
0.03823666
0.01119911
0.0115427
0.02472568
-0.007051196
-0.00562944
0.01763042
0.02165156
0.06558277
0.06334676
0.03435847
0.05885502
0.04699839
0.0153841
0.08153884
0.07395798
0.04019104
0.007826752
0.01659494
0.06234915
-0.01696527
0.01260548
0.04265681
-0.04135225
-0.02408149
0.01030615
-0.01807225
0.010763
0.003465597
-0.02037378
-0.003348618
-0.01158685
-0.02401201
0.001939706
-0.006440902
0.00644814
0.04526935
0.04249978
-0.01812652
0.02427775
0.01691545
-0.05356964
-0.02839389
-0.01512715
0.04175693
0.04051704
0.03441462
-0.002540481
0.02102448
0.02573242
0.01022931
0.02499654
0.009386387
-0.1140676
-0.04938604
0.143071
-0.1101436
0.002644959
0.1334984
-0.04612866
-0.03111243
0.04545812
-0.2098774
-0.2160267
-0.06650838
-0.1287002
-0.1367802
-0.004755085
-0.1200713
-0.05824742
-0.06938931
-0.1412989
0.1050606
0.1100756
-0.1504541
0.2005365
0.1910025
-0.1285555
0.08179664
0.04544996
0.1273874
-0.1189155
-0.001045142
0.1532057
-0.1153295
0.1652254
-0.02739754
-0.1668666
0.0810281
0.08505392
-0.122683
-0.1526281
0.2784501
-0.2195213
-0.2032385
-0.06212826
-0.1262035
-0.008934659
0.07943323
0.06241009
0.05691083
0.02007253
-0.007094912
0.06941672
-0.08870499
-0.1053944
-0.06574924
0.3282063
-0.2298252
-0.4677944
0.6347543
-0.1083484
-0.560379
0.358101
-0.1248488
-0.3597731
0.0745457
0.04566205
0.05419641
0.02089234
-0.03712181
-0.01760368
-0.04459767
0.01242829
0.03903924
0.1421863
0.1419286
-0.1106513
0.1799063
0.1671753
-0.1058085
0.1455722
0.1078866
-0.08686397
-0.06322496
-0.02352135
-0.06049967
-0.1596374
0.06208504
0.03264007
-0.07187717
0.1759801
0.1315804
-0.09680127
-0.05163742
0.07452856
-0.03444907
0.02270193
0.006681817
0.02601904
0.07248528
-0.07005525
0.2233473
0.1743551
0.01711727
0.1518033
0.06561805
-0.04923317
0.1508301
0.1047126
0.01065608
-0.1518468
0.08182514
-0.07758624
0.01992108
-0.1453243
0.02199081
0.08579829
-0.0002396543
-0.00133638
-0.01392569
-0.04148135
0.09480328
-0.02357267
-0.005787531
0.1327647
0.06975178
-0.02130185
0.08135203
-0.1582192
0.1737764
0.04177391
-0.1826911
0.2294888
0.07774408
-0.08399576
0.02047668
-0.003623808
-0.1506302
-0.2029327
0.01296948
0.1054339
-0.05831637
0.1150246
0.01706695
0.07850319
-0.1030865
0.001945279
-0.001324396
0.0001850459
-0.001474852
-0.001725079
-0.001370669
-1.979739e-05
0.001173185
-0.001051397
-0.002678443
-0.002449338
0.005102939
0.0003919537
-0.002389826
-0.00201462
-0.0008898987
-0.0004366524
0.001166949
0.000404261
-0.001121378
-0.0009103768
-0.001801464
-0.001473937
0.0005065544
0.00134012
0.000196712
-0.002141266
-0.002207638
-0.000697114
0.002542921
-0.003828903
-0.001585671
-0.003170132
0.0005502393
-0.002268472
0.00183616
0.0003059984
-0.0004331586
-0.0002630342
-0.001203182
6.05367e-05
0.0002958683
0.001084443
5.508499e-05
-0.001803594
0.0002376798
-0.00334884
-0.00186537
-0.0002460536
-0.003945283
0.0004013458
-0.003526384
0.001004695
-0.0003372914
-0.000655657
0.001300665
-0.001706387
0.0003754533
0.000143592
0.001972223
-0.001730193
0.002501879
-0.001118135
-0.001729359
-0.0002757307
0.003100708
-0.0009958993
0.001798213
-0.0009493005
-6.699619e-06
0.001125936
0.003831349
0.002048203
0.0023593
0.0003422951
0.0005979094
0.0004411558
-0.002145029
0.0002106516
-0.0009995202
0.0003807321
0.0008923855
-0.002342493
0.003730877
-0.0008035398
0.001019249
0.0004470845
-0.0009809273
-0.0003293875
-0.0002738667
0.0005234845
-0.001976846
2.340387e-05
0.003368086
0.001611052
0.002167473
0.002026327
0.000718927
0.001054956
0.0004564944
-0.001299814
0.001128651
-0.002932096
-0.002034264
-0.001865015
-0.001821012
-0.003043582
0.002746511
-0.001191471
-0.001401123
-0.003126897
-0.002689996
-0.0007328585
0.001216923
0.0002592639
-0.0003876225
-0.0009046433
0.001548313
0.001870755
-0.0009516941
-0.001540286
-0.001147958
-0.0003601079
0.0001191707
0.001160831
-0.0001412907
-0.001615683
0.001270538
0.002141364
-0.001275802
-0.002905737
-0.002891137
-0.0003511911
0.0009561843
-0.003703021
0.00175624
0.000148128
0.003055558
0.0006144587
0.0006720211
-0.003194259
-0.0003433281
0.0007063336
-0.000846072
