16 16 3
0.1083869
0.02221764
0.01858063
0.03487912
0.04902795
0.04436293
-0.02972854
-0.01671188
0.005813396
0.0923763
0.1296118
0.07329131
-0.05129163
0.01286761
-0.03077998
-0.126932
-0.1665824
-0.1212684
0.01881173
0.005690174
0.007877616
0.01909165
-0.001438626
-0.003816951
-0.001974778
-0.01700245
-0.02512157
-0.0254054
0.1129353
0.1735281
0.01974326
0.0959262
0.1257393
0.1044572
0.08153699
0.0146346
0.003091801
0.1666618
-0.2102715
0.2964653
0.4344915
0.1604124
0.07251323
0.1908129
-0.00807971
0.08455671
0.06348494
-0.1595974
-0.07587755
0.02820793
-0.02968767
-0.1225638
-0.09557371
-0.0858769
0.1931171
0.06278995
0.002651352
0.158687
-0.005423517
-0.08028581
0.09277434
0.09269464
0.06085824
-0.1756081
-0.03491768
0.08931171
-0.1253508
-0.07158119
0.07207862
0.04726285
0.1212078
0.1637051
0.03196349
0.07599673
0.0429215
-0.01800713
0.09651949
0.09880279
-0.01174748
0.08313066
0.1120322
-0.08224893
-0.03469805
0.009389476
0.003680697
-0.01575713
-0.02909861
0.09452204
0.07836984
0.08078749
-0.01650344
0.00901999
-0.07584167
-0.06054583
0.0029841
-0.04463005
-0.07109012
-0.01540186
-0.04858093
-0.00248083
0.03499135
-0.01270819
-0.0521383
-0.03835769
-0.03369158
-0.08945909
-0.1028153
-0.08765791
-0.01981468
0.001068094
-0.02262033
-0.04566834
-0.1358062
0.03167357
-0.01343545
-0.05311546
-0.04402269
-0.035713
-0.01475147
-0.0336941
0.05140606
0.1008041
0.1160094
-0.0157427
0.009937752
-0.002124139
-0.008846289
-0.002456546
-0.0001942145
-0.05652715
-0.05270511
-0.06106432
-0.01358654
-0.01619394
-0.04344056
-0.05974632
-0.0250022
0.06505971
0.07108754
0.03424805
0.1931141
0.004952461
-0.02216774
-0.04072751
0.05099874
0.008026298
0.05868402
-0.1358221
-0.144559
-0.08490776
-0.08153075
-0.04940555
-0.01445934
-0.09929017
-0.04929342
-0.1786401
-0.1928957
-0.03582672
-0.09317268
-0.1118463
0.1378069
0.1185821
-0.08691655
-0.0382246
-0.03724991
-0.07044403
-0.03518938
-0.05171006
-0.03150969
-0.005240635
-0.03384527
0.09822154
0.1391418
0.09690794
0.03006204
-0.008261921
0.0005118549
-0.04757207
-0.08899961
-0.01780488
0.02739281
0.009458695
-0.09581421
-0.06269112
-0.2653715
-0.05750543
0.07075315
-0.07475728
0.1083568
-0.1414389
-0.1380895
-0.09267146
-0.0596713
-0.0639626
-0.04906666
-0.1119932
-0.09582343
-0.09806634
-0.1133401
0.0008336151
-0.000611275
0.07589028
-0.0298454
0.01921186
0.09317993
0.0798935
-0.001934196
0.06013262
0.05949353
0.07848712
0.1231823
0.03922534
0.004046964
-0.1058692
-0.238671
-0.2965621
0.04872249
0.03984703
0.0643066
0.05195182
0.04997269
0.001689607
0.04449981
0.1066977
0.04614103
-0.04104759
0.008906352
0.05334412
0.08108303
0.1887696
0.1252367
0.1034614
0.1798513
0.06866986
-0.1145243
-0.1787087
-0.1216465
-0.008903146
0.01161323
0.02674039
0.05010422
0.05901802
0.05284609
-0.01896191
0.03480674
0.05981461
0.05830916
0.0937894
0.1015165
0.01340931
0.0806324
0.05436758
-0.1055069
0.07597704
-0.0617972
-0.04507958
0.1090525
0.09827374
-0.02291248
-0.04985665
0.001655498
0.08480989
0.08755048
0.02404184
0.05012121
0.04365886
0.03707911
-0.02605233
-0.01899353
0.02786162
-0.03347285
-0.05998082
-0.01008429
-0.04310977
0.08949412
-0.03004382
-0.005312188
0.1153076
0.04261715
-0.0261058
-0.0312939
-0.01279023
-0.07214928
-0.06714301
-0.08867048
-0.09387482
-0.06608469
-0.0735762
0.0009503076
0.05564678
0.01836883
0.02863014
0.0273436
-0.02029044
-0.009683398
-0.06252076
-0.09689071
0.04365437
0.05213926
-0.03944912
0.08018243
0.02679513
-0.003281774
0.05414056
-0.0304934
-0.05256755
-0.03982072
-0.02324146
-0.003209852
-0.03663207
-0.01041613
0.02153678
-0.02960003
-0.01589451
0.01233575
0.04062781
0.1847183
0.1340985
0.05212491
0.1825875
0.111569
0.02554826
0.1320389
0.01972481
-0.1341465
-0.1448417
0.1189533
-0.1009127
-0.09630316
0.1827387
-0.1516506
0.01170811
0.1408273
-0.0717075
-0.04387117
0.009151272
-0.03096373
-0.01930961
-0.01318185
0.04395014
0.07792719
0.05216197
0.003137466
-0.09580909
0.07001727
-0.04827981
-0.04739188
0.02459642
-0.08193399
-0.0426126
0.03405093
-0.02011267
-0.07316965
-0.06436819
0.01014719
-0.04749454
-0.06692398
-0.01637152
-0.05139886
-0.06136557
-0.006489981
-0.04568687
-0.07439798
-0.007853044
-0.01708119
-0.03902955
-0.002015909
-0.007435049
-0.04472446
0.1066302
0.09712477
-0.0141339
0.03188935
0.077567
-0.04313878
0.05956294
0.08311543
-0.01840991
-0.09791034
-0.01504942
0.02673702
-0.1021639
-0.01689909
0.008285588
-0.1063684
-0.03919987
-0.0306721
-0.02104902
0.00433998
0.03840563
-0.02749874
0.05241318
0.1228859
-0.008579753
0.1023737
0.1638083
-0.05742251
-0.02190669
0.01268664
-0.04069292
-0.02348343
0.065718
-0.1006325
-0.004112442
0.02826009
0.01997624
0.09976635
0.04787506
0.02496072
0.07337717
0.01682526
0.02255728
0.02076785
0.00352571
-0.02605976
0.0953417
0.01054126
-0.00145872
0.07098864
0.03967237
-0.02497073
0.02170498
0.03105022
0.04402159
0.05287751
0.1615873
-0.04805899
-0.02467935
0.02454623
-0.07632484
0.04422941
-0.01851198
-0.03101801
-0.03148429
-0.01011387
-0.01597776
0.02951035
0.05960683
0.03860535
0.05792945
0.06796622
-0.116884
-0.1451547
0.05044234
-0.09819569
-0.07338845
0.1132445
-0.03752132
0.04433444
0.08785588
0.006060185
0.01610711
0.003685436
0.0169639
-0.01042096
-0.02340967
0.02326107
-0.00322165
-0.01903991
-0.05450482
-0.00972039
0.02692381
-0.07547753
-0.01522793
0.05734892
-0.03229777
-0.05454346
0.002198315
0.01116481
0.1076892
0.1346052
-0.1248901
0.007310977
0.09466404
-0.07615817
-0.07641114
0.04545095
-0.1400004
-0.1329494
-0.07878789
-0.04962634
-0.04500949
-0.05017213
0.08852448
0.03795085
-0.017674
0.1674833
0.07144617
-0.02569989
0.08221077
-0.02340976
-0.1445177
-0.0225493
-0.1341251
-0.2637847
-0.03650663
-0.008075058
-0.04253797
0.09985472
-0.01421918
-0.1581321
0.02641672
-0.07661872
-0.1611364
-0.07820819
-0.03666648
-0.07933963
-0.05651682
-0.105341
-0.09076384
-0.05467746
-0.1089726
-0.05886458
0.01916044
-0.01464581
-0.01132142
0.09554914
0.01375517
-0.04885795
-0.009912617
-0.05792441
-0.1086352
-0.0501456
0.03343225
0.03914778
-0.02202651
0.02427357
0.02809582
-0.01230346
0.0174509
0.02195162
-0.1288611
-0.1073058
-0.07769686
-0.0703757
-0.06257892
-0.0491396
-0.01588638
-0.02343461
-0.05518759
-0.02918182
-0.04955299
-0.1682482
-0.02332023
-0.01213303
-0.1222583
-0.120058
-0.1117501
-0.08209338
-0.03111591
-0.05846299
-0.03905554
-0.05551887
-0.08178754
-0.04931907
-0.06123786
-0.07217965
-0.02199335
-0.03745181
-0.03871931
-0.01863738
-0.02327487
-0.07190359
-0.05060808
-0.01026248
-0.07351396
-0.0468975
-0.1098776
-0.03908049
-0.04925482
-0.08684186
-0.09016533
-0.08600093
0.0003743862
-0.07483282
-0.126012
-0.2213496
-0.2769856
-0.2515334
-0.0496148
-0.02674383
-0.04736458
0.2546367
0.2848283
0.1388793
-0.06863431
0.06066167
0.03574619
0.03526671
-0.0358233
0.03799029
-0.06657489
-0.01169747
0.05812387
-0.00531818
-0.0005845737
-0.01280451
0.05471256
0.03416671
-0.003326238
0.01844894
0.02062911
-0.008528841
0.03508551
-0.04753282
0.01099977
0.1285581
0.01582174
-0.004153859
0.0882913
-0.07724774
-0.01086792
0.03833151
0.3341574
0.388173
-0.03411264
0.2401371
0.2186064
-0.1863519
-0.3783453
-0.122057
-0.1893828
-0.03074917
0.004816567
-0.1539872
-0.1656021
-0.1069036
-0.2360452
-0.2912752
-0.3040275
0.1128175
0.04327917
-0.01644128
-0.09827115
-0.006340025
-0.04601831
-0.01688437
0.0197738
-0.0574237
-0.2000294
-0.31214
-0.1912982
-0.06689705
-0.1291907
-0.02967345
0.1282386
0.1996687
0.1901291
0.05623513
0.09342239
0.07410048
0.05180031
0.01453243
0.09602396
0.018742
-0.04166957
0.02864468
-0.02819979
-0.109193
-0.0580709
-0.0199107
-0.1320932
-0.08301657
0.1109423
0.1491703
0.1640824
-0.0870785
-0.07048424
-0.1083444
-0.05736763
-0.04330584
-0.04146668
-0.1238725
-0.06244159
-0.09876259
-0.04970488
0.01718466
0.02118601
-0.05797311
-0.1007067
-0.1150235
-0.1141025
-0.1604735
-0.1958616
-0.08703031
-0.2279675
-0.157045
0.06117022
-0.02428343
-0.2906633
0.1250272
0.2024872
0.02210731
-0.07333045
-0.0342385
-0.03334488
0.01282496
0.0397612
0.02743554
-0.03374097
-0.0738546
-0.05128342
-0.07799538
-0.07055485
-0.04411001
-0.06607234
-0.04387072
0.01142715
-0.07242507
0.04523852
0.03715702
0.001950606
-0.1584912
0.04901046
-0.02297208
-0.05699927
-0.06198921
-0.04992684
-0.13449
-0.1779529
0.1627825
0.1361901
0.09475035
0.1149145
0.1068278
0.08989482
0.09907673
0.0724507
0.1511361
-0.02820539
0.08274731
-0.03554079
-0.1540111
0.01838698
-0.06593323
-0.08334133
0.007197218
-0.03163054
0.0259577
0.1254763
0.0005687336
0.03623588
0.1306388
0.01839231
0.056053
0.1463113
0.04012723
0.03141932
0.02041704
-0.1218747
0.1204467
0.1532789
0.0650032
0.04541523
0.07670301
-0.04290677
-0.1702494
0.005363635
-0.1459534
0.03604617
0.1463397
0.002442913
-0.1174104
-0.001994486
-0.1708328
0.03330333
-0.01505476
0.00618605
0.007359897
-0.05155366
-0.04029272
0.02535523
-0.03672202
-0.0407703
-0.06255484
0.05198394
0.0308373
0.03178425
0.01859559
-0.1019855
0.007674625
0.1109276
-0.07457864
0.0296895
0.05356138
-0.0702889
0.05210076
0.1909986
0.07422744
-0.0864276
0.1610731
-0.01137058
-0.02298751
-0.05549245
0.04918295
-0.02212057
-0.0478548
0.0281938
0.04216209
0.0008749416
0.04779077
0.0008716131
-0.005671065
0.001897369
0.02509546
0.05917234
0.04978693
-0.06960562
-0.02923589
-0.006377612
-0.04340291
0.02035689
-0.04706688
0.02102681
0.08529525
-0.008411824
-0.05231895
-0.00563238
-0.09884727
-0.01624554
0.04931846
-0.002610886
-0.0159971
0.02831705
-0.03358018
0.02807054
0.07264259
0.03123362
0.03516107
0.1668763
-0.02681275
0.08118577
0.1704309
0.09455007
-0.1162497
-0.07286213
0.02767168
0.1158518
0.01494259
0.01340739
0.3976544
0.2856969
0.2958513
0.1836156
0.0772446
0.05991124
-0.007660078
0.03959768
0.0226121
0.01316453
0.02975299
0.02082145
0.09940982
0.03511401
0.09421168
-0.03791149
0.1144313
-0.1192255
0.2071718
0.3254699
0.2014088
-0.03872817
0.180375
-0.1207012
-0.003943905
0.002925744
-0.0005543009
0.001966378
0.002111374
0.0003693974
-0.002189113
0.002080475
5.146761e-05
0.0005102548
0.004160898
-0.001257818
-0.001841051
0.002101656
0.001223239
0.001359967
0.0006163275
0.0003619789
-0.0001665541
-0.0007472048
0.000779485
-0.003205032
-0.0001675199
-0.0007467254
0.001688694
-0.0008132103
-0.0006688032
-0.0003652725
0.002241033
-0.0003522078
-0.002353934
-0.0007271135
-0.0001331502
0.0002475762
0.0006297118
-0.0005138167
0.002386269
-0.00125634
0.002252128
0.002695466
-0.0008228076
0.001443084
-0.002697266
0.003289122
-0.00244186
-0.0003112068
0.003692162
-9.01068e-05
-0.0008804491
0.0008309777
0.0004419268
-0.002567237
0.004560432
-0.0001137925
-0.001690749
0.0009114077
0.0007366381
0.0003073329
0.001206825
0.0002177048
0.002756201
0.001205702
-0.002263388
-0.002080934
0.002080787
2.15524e-05
0.001942213
0.001274814
-0.000125236
-0.002628654
-0.001390699
-0.0001439469
0.0001369258
0.00195566
-0.001298899
0.004467139
0.002252023
0.001045035
-0.003177308
-0.001566578
-0.001193982
-0.003079813
-1.878617e-05
-0.002709692
-0.0001759646
-0.0009973927
0.002539595
-0.0009086502
-0.0006895934
-0.0008043558
0.0009616296
-0.002653172
-0.001597823
-0.001607045
-0.002163689
0.001948871
0.002093911
-0.003522743
-0.003338968
0.003005525
0.0008180242
0.002777551
-0.0002836507
0.00187201
0.000659894
-0.0007421418
0.002464567
-0.001727069
0.0005448995
-0.001970833
0.001096122
-0.001115839
-5.148088e-05
-0.0007360526
-0.0005302054
0.0003716007
0.001569286
0.0004167753
0.00149959
0.0005884391
-0.0008143149
-0.0008751533
-0.001215299
0.001271692
-0.001533957
0.001652939
0.004438748
-0.0003552878
0.0005153495
-0.0007787289
-0.0005954581
0.003691042
0.0003865793
-0.001119523
-0.002271124
-0.001127401
-0.002413987
-3.743158e-05
-0.001532957
-0.002013359
-0.005060001
0.001832594
0.0002837386
-0.002003724
0.0003418015
-0.01336352
0.02617425
0.004371095
-0.008006198
0.005818735
-0.1132495
-0.08845068
-0.06830113
0.04371813
-0.00581789
0.2000346
0.0175172
-0.02669647
-0.008933874
-0.02233935
-0.1201876
-0.1357339
0.03945196
0.05601695
0.08759985
-0.002405027
0.03380592
0.0513739
-0.03329584
-0.04091529
-0.03164874
-0.03769769
-0.09321563
-0.02236609
-0.005899793
0.01704295
0.0651558
-0.01396627
-0.01649204
0.01236826
0.1535213
0.02118959
-0.1131675
-0.05849729
-0.03220224
-0.05533675
-0.1007943
-0.01902134
0.2712182
0.1040151
0.05139862
0.08212771
-0.03063954
0.01249447
-0.003993121
-0.1086733
-0.06698361
-0.1036075
0.09728745
0.1596339
-0.05932177
-0.06960309
-0.04176642
-0.01372545
-0.05353038
-0.1595779
0.01284258
0.1100807
0.06548586
-0.09959728
-0.01346007
0.1047962
0.1141826
-0.06086544
-0.03821273
-0.0408168
-0.01992669
0.002895975
0.106172
-0.0165419
0.007123726
-0.004145049
-0.00404426
-0.01641184
-0.06223317
0.05384902
0.01761933
-0.004800883
-0.04053385
-0.0889086
-0.100679
0.03970417
-0.0251722
-0.02974297
0.0457962
0.1598227
0.1949197
-0.1082035
-0.07856697
0.02649884
0.003506256
-0.1337175
-0.1510267
-0.06198033
-0.05437386
-0.05773228
-0.0843008
-0.07693503
-0.08000832
-0.02677364
-0.07483797
-0.1051441
-0.01944312
-0.1823871
-0.2015721
-0.0432146
-0.2679062
-0.3470234
-0.05129981
0.2585912
0.3691622
-0.01460743
0.01030249
0.005523271
0.04247314
0.06136407
0.06635729
0.003773426
0.02237262
0.06405022
-0.01453062
-0.00178773
0.1199027
-0.04526103
-0.05819777
-0.05170031
0.01424339
-0.09808617
-0.1218178
0.09921913
-0.04799211
-0.09102355
0.09552464
0.1464645
0.0788091
-0.01548647
0.09952253
0.1496807
0.00311156
-0.0001775452
0.0003851092
-0.0021411
0.00207946
0.002064436
-0.000143713
0.002754853
0.001847041
-0.001935632
0.001903142
0.002702354
0.002605052
-0.001683105
-0.001607817
0.001396261
0.001351304
0.001676564
2.089357e-05
-0.001002687
-0.003269124
-0.001179266
-0.001471697
0.0013372
-0.001578701
-2.054205e-06
0.0002526112
-0.000188363
-0.000359388
-0.002313744
-0.003631509
0.002684749
-0.0001640379
-0.0001481888
-1.769186e-05
-0.002585242
0.000464744
4.711149e-05
0.001344911
-0.0003462277
0.0001929277
0.001572436
0.001580524
0.00102213
-0.001990414
-0.00185027
-0.00302914
0.0009364501
-0.001178859
0.001621133
0.0006040749
-0.0007366973
0.002323734
-0.002166139
-0.0003719491
0.004164505
0.0006614229
0.0008141554
0.004516466
0.0004961768
-0.002833646
-0.001277781
0.0008162358
-0.001241753
0.001973774
-0.0002156772
0.0007988528
0.0006089168
-0.001570794
0.002992749
0.0007369347
0.001049223
0.002193654
-0.004400414
0.0002095047
0.0003661652
0.003098924
-0.0008178163
-0.0004624971
0.002142017
-0.002120148
-0.0006021417
0.004893591
-0.001146631
-0.0002298081
0.002749005
-0.002555421
-0.001394797
-0.003604306
-0.0006477216
0.002716447
0.002252622
0.002693769
-1.426176e-05
0.001695723
0.0005988824
-0.001338122
0.004135808
-0.0004217295
-1.417654e-05
-0.002686986
0.0005415885
-0.003566702
0.0004034027
-3.49228e-05
0.0007455869
0.0004599242
-0.002208826
-0.002597415
5.663777e-05
0.001217331
-0.0008699059
0.001756663
-0.002573434
0.00132796
-0.002916032
0.0002048265
-0.0009235055
-0.001397692
-9.542053e-05
0.001289877
-0.0004476014
-0.0006995667
0.00338139
-0.0002679436
-0.002843455
-0.002976695
0.0006844943
0.00106987
-0.0002881668
4.828644e-05
0.0003168168
0.0033543
0.000253289
-0.0002768333
0.0006808938
0.000744778
-0.001336519
-0.001710463
-0.0006794586
-0.0009215947
0.00303106
-0.0008487528
-0.001144112
-0.06204402
-0.2100259
-0.2079818
0.08996605
0.04451312
-0.007749754
0.08699704
0.2005492
0.1733646
0.01440607
-0.0100523
-0.141347
0.05944932
0.08890276
0.05326224
-0.07467537
0.1032257
0.1458021
-0.05006054
-0.005788798
-0.03717795
-0.03614955
0.007606603
-0.02725777
-0.04193648
0.006656128
-0.04219614
0.2236217
0.3208462
0.2267445
0.1168821
0.1438349
0.07751548
-0.1034844
-0.1560399
-0.1507363
-0.037215
-0.05517321
-0.04218512
0.01942012
0.06083606
-0.003194354
0.001483956
-0.07465577
-0.1207491
-0.01900473
0.03746683
-0.04715157
0.04883693
0.09238945
-0.04152505
0.06285473
0.06641203
-0.008256367
-0.08351547
-0.03794453
0.1614266
-0.05340599
-0.01047114
0.07119702
0.07390375
0.09745365
-0.01372638
-0.1470288
-0.09726302
-0.1447525
-0.0578283
-0.1093016
-0.1475762
0.08076134
0.0341817
0.0272696
0.07341819
0.08416297
-0.009667297
0.02807075
0.07073047
0.006340355
-0.02870632
0.01599123
0.006102963
-0.08253288
-0.006968007
0.04622676
-0.07849109
-0.05832204
0.001556067
-0.008077012
-0.01271105
0.01255285
-0.136491
-0.1179821
-0.08702311
-0.04092602
-0.04029633
-0.02178591
-0.1662315
-0.1414349
-0.1342959
0.004393839
0.1063152
0.1044135
0.03915266
0.126824
0.1162001
-0.05996425
-0.01681661
0.004647258
-0.140005
-0.0411283
0.03986071
-0.04065447
0.1793748
0.1789041
0.08198971
0.1264287
0.06361334
0.1219377
0.1486432
0.07670993
0.1658525
0.206711
0.1627399
0.08885457
0.1042188
0.1100829
0.02900529
0.03015724
0.03379262
0.006151015
0.0002413877
0.04131802
-0.1030806
-0.04406258
-0.02465731
-0.019786
0.0867481
0.08324341
-0.1710255
-0.055916
-0.08806274
-0.08197961
-0.03385881
-0.07547965
0.003891999
-0.03873133
-0.09392362
0.04911611
0.03694593
-0.02791238
-0.0002712807
0.0002272865
-0.05131142
-0.002208232
0.0618837
-0.05417247
-0.09736487
0.01532823
-0.05053559
-0.08746022
0.02497881
-0.02634528
0.01068452
0.002303934
0.01907879
-0.0007431235
-0.005524485
0.01448952
0.02829483
0.03483149
0.05170416
-0.03011971
0.07352244
0.07833003
-0.01359718
0.0677288
0.06696504
-0.07146349
-0.01105622
-0.0375762
-0.01277987
-0.0528478
0.05559511
-0.009656301
-0.03142897
0.04154746
0.00188048
-0.0008817056
0.01414893
0.04500127
0.008028028
-0.01731774
0.006796019
-0.01627254
-0.04528443
0.05102712
0.06270526
0.02511734
-0.03028606
-0.02667556
0.01344511
0.01637712
-0.01943978
-0.02658519
-0.00188231
0.009226135
0.0874949
-0.09241013
-0.03937346
-0.001131771
0.01179652
0.07345225
0.08399185
0.000616207
0.04609435
0.07059607
-0.03840523
-0.003037791
-0.001439186
0.01342086
0.05470018
0.03057967
0.02695382
0.0343454
-0.005046146
0.04688705
0.06805876
0.03018095
0.1120311
0.09962644
0.06043077
0.1023438
0.08134557
0.04815459
0.0467993
0.01745858
-0.0009368637
0.06445966
0.05445578
0.05520081
0.01018381
-0.001666994
0.02806482
0.05024537
0.05597671
0.05417979
0.03931572
0.05156959
0.04771661
0.1093799
0.1010532
0.1021396
0.06848842
0.07781216
0.02801824
0.086999
0.165245
0.2342802
0.07096867
0.1583522
0.03556843
0.02156826
0.02376597
-0.01204065
0.1884181
0.2090139
0.1989484
0.18375
0.1747955
0.137527
0.0158688
0.03254578
-0.001842486
0.01248805
0.02915706
-0.004385286
0.03441364
0.02953022
0.0559889
-0.07167403
-0.08668351
-0.02724795
0.04889969
0.06451208
0.102122
0.1178788
0.1366534
0.09539484
-0.02653757
-0.05507377
-0.009033198
-0.04235875
0.00446232
0.03490674
-0.05656695
0.01150084
-0.01700224
-0.1206644
-0.006001407
-0.1566201
-0.00995447
0.3590089
0.09790891
0.0501155
-0.08779857
0.05387109
0.060911
0.03918549
0.01057006
0.04786722
0.07566595
0.02179455
0.04767852
0.02424881
0.04305291
0.2149962
0.160188
0.1302692
-0.1470047
-0.1484771
-0.01534113
-0.07501729
0.02576543
-0.05410697
-0.01898238
0.2298441
0.2193098
0.2771004
-0.4056356
0.1372018
-0.191751
0.2181682
-0.2369051
-0.05613708
0.01882468
0.001898825
0.001220683
-0.009719335
0.008748444
-0.03545347
0.04824675
-0.06737914
-0.1820678
-0.1550316
0.07227173
0.1648719
0.03431834
-0.03876104
-0.04320772
0.1957567
0.02220309
-0.02522786
-0.01737017
-0.02587679
0.07262585
0.1492361
-0.05666216
-0.1086376
0.07930374
-0.02453147
0.05148834
-0.05444976
-0.01395789
-0.04276752
-0.009610493
0.02949067
0.03302193
0.05168894
0.108717
-0.1083402
-0.1381201
-0.145427
-0.04630773
0.1518445
-0.04726111
0.002157793
-0.05420477
-0.02782641
-0.1287362
-0.1882415
-0.2126917
0.06556271
0.1409798
-0.007790571
0.04893411
0.01934949
0.002657349
-0.02727797
0.01749315
0.03761611
0.1405928
0.09566061
0.02496398
0.05645543
-0.02985227
-0.05390677
-0.01695947
0.5955506
-0.07712636
-0.1542398
-0.494823
-0.1174435
0.01870342
0.1123603
0.06078552
-0.08523023
-0.0508432
-0.05097152
-0.1293472
-0.07431004
0.01645867
-0.009634888
0.004269008
-0.006498923
-0.06122802
-0.009148185
-0.1047501
-0.00281583
0.1679585
-0.03481356
0.06283679
0.005612953
0.1196771
0.1534833
0.1196553
0.06051261
-0.1330452
-0.4402188
-0.1647422
0.1104539
0.2550222
0.01038647
-0.1798844
-0.1911142
-0.08027624
-0.05824545
-0.04983041
0.01966191
0.04186923
0.1165519
0.1416359
-0.1141889
-0.05073816
-0.03902514
0.1555324
0.02792707
-0.1050962
-0.0947767
-0.05361836
0.04674202
0.04323665
0.06066342
0.04250828
0.06042046
0.08300804
0.06418467
0.01157491
0.05910635
0.02888507
0.01247669
-0.002711777
0.05006798
0.005747002
0.08721436
0.04024552
-0.02989794
-0.1338613
-0.1185028
0.2396354
-0.210978
-0.02835738
-0.1811707
0.1546907
0.1155695
-0.0615518
0.007450971
-0.07900512
-0.1158689
-0.0919773
0.03547364
-0.01617155
0.03873798
0.07298689
-0.05588684
-0.0117424
-0.01178106
0.02363602
-0.03986161
-0.03894491
-0.1259397
-0.1184519
0.06335103
-0.09049488
0.002762937
-0.1020672
-0.006875138
0.09789429
0.02511285
0.05227369
0.06541713
0.01105775
0.04052785
-0.1005675
-0.1851844
0.1273548
0.1083947
0.07366439
0.1416761
0.04381847
-0.0405852
0.05755798
-0.01631856
-0.08598433
-0.07741299
-0.006784179
-0.0159138
0.1187465
-0.03451375
-0.04985752
-0.009458605
-0.13179
-0.08876397
0.02202941
0.06061335
0.02421755
-0.02581929
-0.1011572
-0.01823631
-0.008058738
-0.06613853
0.02487589
0.002352564
0.01689255
0.006823393
0.04678215
0.04323447
0.04970165
-0.05496588
-0.02414526
-0.01646028
-0.08106466
-0.411352
-0.1454888
-0.2069907
-0.08278443
0.1213073
-0.07107548
0.1823889
0.01555915
0.0372558
-0.005282577
-0.01298197
-0.005130234
-0.03668157
-0.02134146
-0.02475566
-0.04483195
-0.02278701
-0.0224373
0.07248177
0.02416153
0.1060467
-0.02590468
0.02157316
-0.01031371
-0.03193345
0.06536517
0.04624289
-0.0746678
0.01684277
-0.10563
0.1310954
0.03139567
0.07657656
-0.1167922
-0.08021216
-0.02061544
0.06071584
0.07492151
-0.01747184
0.09483962
0.0888362
-0.0250588
-0.09189595
-0.1424066
-0.1060815
-0.09446993
-0.05335264
-0.1148638
-0.07550951
0.01275871
0.02299928
0.01599596
0.08023894
-0.06532273
-0.05437303
-0.04343493
-0.06978599
-0.05955307
-0.07191073
-0.03450584
-0.05150466
-0.06323308
0.1189259
0.03539415
0.00973802
0.07334413
-0.06266841
-0.1213649
-0.0937304
-0.1198904
-0.1458858
-0.03348539
-0.1358951
-0.0008527995
-0.03775369
-0.2382996
-0.0768448
-0.05990981
0.05527917
-0.02082383
-0.08313591
-0.01106779
0.06612775
-0.02141414
-0.03955361
0.008250209
0.06005701
0.1129824
0.03089203
0.001083499
0.01853564
0.04690092
0.05120245
0.07658492
0.08083465
0.02081672
-0.01255336
0.05104502
0.02050235
-0.1131829
-0.04154085
0.01604994
0.07155578
0.00923888
-0.08850706
0.009639887
0.05830503
-0.1154349
-0.1237688
-0.03559436
-0.1032166
-0.1341197
-0.06166128
-0.05844708
-0.07929728
-0.009926172
-0.01139142
-0.02873915
-0.05838992
-0.04600355
0.007758091
-0.07465827
-0.02650902
-0.0265911
-0.01083316
-0.1299125
-0.1611034
-0.1569036
-0.03397753
-0.01750268
-0.02404031
0.08106581
0.04115625
0.03459068
-0.005051255
-0.02293053
-0.02997706
0.01258011
-0.0357279
-0.06159114
0.06350121
0.04313779
-0.005244483
-0.0188635
-0.07322894
-0.08716233
0.08117856
-0.1164066
-0.01968316
0.03962292
0.2380133
0.02436532
-0.0325917
-0.04366456
-0.02585082
-0.05464733
-0.104545
-0.08590005
-0.06103049
-0.08045957
-0.04911193
-0.1044362
-0.05963056
-0.08840101
-0.06667717
-0.0301838
-0.06689521
-0.01503444
-0.0659641
-0.05723127
-0.04099733
-0.1079426
-0.02261883
0.002682189
-0.1579293
-0.1780038
-0.1151232
-0.06028489
-0.136727
-0.001830603
0.01141851
0.2005494
-0.02130745
0.02739462
0.09631997
0.08793504
0.08326802
-0.03587572
0.1884454
-0.2448418
-0.0262839
0.2631293
-0.1448282
-0.1423681
-0.04473723
0.07036441
-0.1734351
-0.04181984
-0.02558505
0.04548644
0.004547755
-0.02838793
0.02069292
-0.04426575
-0.06405151
-0.06716915
0.01110078
0.007754922
-0.186192
0.02858462
0.1221611
-0.06398264
-0.05379773
-0.06156747
-0.01408368
0.07000253
0.04177888
-0.1534408
-0.2382364
0.4928519
-0.1573088
-0.01916087
0.04174206
0.1040504
0.09474939
0.01234788
0.1007646
-0.02152548
0.03028844
-0.04019827
-0.01646658
0.01542277
0.05178645
-0.2542689
0.02561393
0.06957352
-0.2795485
-0.01279322
0.1335013
-0.1315162
-0.0643996
-0.02088599
-0.08544796
0.03579654
-0.2204725
-0.1111651
0.0632616
0.08098392
-0.02051033
0.02130533
0.0874246
-0.03043289
0.02856621
0.00467748
0.1038586
0.02011361
-0.0432436
0.1014867
-0.02804136
-0.02821846
0.008774512
-0.02653502
0.000255221
0.1044713
-0.1100576
0.07648069
0.03209627
-0.04866891
0.08131856
0.0110603
-0.06084577
0.03763487
0.09132843
-0.06742554
0.001660047
0.04096313
-0.06780558
-0.07576361
0.01448218
0.02683631
0.03595603
0.004603444
0.04549311
-0.0139613
-0.03680259
-0.01119991
-0.06706065
0.08691663
-0.1169743
-0.03177521
-0.04163803
0.2959303
-0.09863185
0.04749988
-0.03414763
0.02266103
0.1306507
0.09109991
0.04345725
0.1604455
0.1013384
0.02723843
0.06333254
0.06581914
0.09429822
0.06496103
-0.1366794
0.1369251
0.1645799
-0.1324235
0.1698225
-0.00861684
0.005608041
0.05394282
-0.1625479
0.07652398
-0.1482099
-0.2853168
0.2611585
-0.08441325
-0.01451114
-0.08943529
0.0008649606
-0.008221408
-0.04900764
-0.03806547
0.0519877
0.005807922
-0.01927906
0.09669521
0.05265541
-0.01937431
0.01701018
-0.02532603
-0.07079607
-0.0288887
0.06300602
-0.07591113
0.07229795
0.1612767
-0.1521056
-0.03778534
-0.04258705
-0.02571709
-0.01932251
-0.04304426
-0.03404513
0.01002388
0.01201289
-0.02065789
0.04596661
0.0255271
-0.0412746
0.02053098
0.04247195
0.03138166
-0.1139287
0.0005383954
0.09086531
0.04917907
-0.04299203
0.2022982
0.004562251
0.307894
0.08854924
0.07552912
-0.1163632
0.2710567
0.06140848
0.01475147
-0.008521015
0.01238812
0.04690189
0.02156088
-0.02418422
0.02877033
0.05944081
-0.06312948
0.003291847
0.08841106
-0.06187575
-0.03568846
0.0562472
-0.09225649
-0.1740444
-0.04171002
0.0508652
-0.01947856
-0.02205583
0.07857807
-0.05135348
0.04823355
0.09739067
0.03000566
0.1378362
0.05370397
0.03856377
0.1033669
0.03448389
-0.004852528
0.08612265
-0.05083814
-0.03306275
0.007832713
0.04737076
0.002375691
-0.1363231
0.1454407
-0.0477016
-0.1115561
0.151948
0.1233262
-0.04581038
0.05058079
0.02170048
-0.05993595
-0.003518984
-0.03666464
-0.05901358
0.01397037
-0.02233914
-0.08933816
-0.02222223
0.06150395
0.08431109
0.07294329
0.07930476
0.04683892
0.0519496
-0.004700564
-0.01880713
-0.04222933
-0.1485846
0.01475225
0.126253
0.1719403
-0.2589982
0.06416863
-0.002341422
0.05655321
0.02835143
0.03502013
0.00484875
0.01617309
0.0476466
0.007082977
-0.06746095
0.06206682
0.07112859
0.03948293
0.05679179
0.04357311
0.0212799
0.01437666
0.05928068
0.0002296331
0.1140157
0.008642731
0.04998898
-0.01307775
-0.001331367
-0.03951906
-0.07373705
-0.103014
-0.1441176
-0.1794006
0.02175107
