4.945316e-01
7.111110e-01
6.578843e-01
4.846838e-01
4.977207e-01
7.510792e-01
5.578706e-01
7.256434e-01
6.087934e-01
4.134105e-01
4.472986e-01
5.326298e-01
6.113555e-01
4.442658e-01
4.689336e-01
1.848048e-04
1.902111e-01
1.610433e-01
4.367336e-01
4.343573e-01
3.106745e-01
5.292488e-01
3.946631e-01
5.389978e-01
2.715344e-01
-2.907887e-01
3.800325e-01
2.999643e-01
3.327727e-01
4.001042e-01
5.975164e-01
6.703424e-01
4.843329e-01
3.805575e-01
3.142852e-01
3.589613e-01
-5.061473e-01
4.694268e-01
2.697968e-01
3.340774e-01
3.882166e-01
5.993327e-01
3.559463e-01
2.411440e-01
2.544620e-01
3.459104e-01
3.404636e-01
1.949260e-01
8.278461e-01
6.040109e-01
6.218038e-01
7.622733e-01
3.829474e-01
4.624166e-01
6.394369e-01
6.716203e-01
4.795132e-01
7.320711e-01
5.812640e-01
5.334408e-01
5.910131e-01
6.804308e-01
6.128459e-01
4.150513e-01
