4.670633e-01
4.051277e-01
4.317661e-01
4.914759e-01
4.304036e-01
4.397218e-01
3.886538e-01
4.141952e-01
4.284304e-01
4.243734e-01
4.515621e-01
3.858818e-01
4.050437e-01
4.385239e-01
5.206396e-01
4.828989e-01
3.867837e-01
4.016051e-01
4.228290e-01
4.316212e-01
4.116149e-01
3.636670e-01
3.974668e-01
4.552550e-01
4.034596e-01
4.466797e-01
4.452003e-01
4.327267e-01
3.670875e-01
4.393462e-01
4.066800e-01
4.201944e-01
1.451245e-05
2.403913e-04
4.431192e-01
4.861221e-01
5.140935e-01
3.921642e-01
-4.735700e-05
4.226410e-01
4.271078e-01
4.743849e-01
4.463735e-01
4.890030e-01
4.185905e-01
3.972960e-01
3.986015e-01
5.044239e-01
3.833876e-01
4.356218e-01
4.073121e-01
3.959914e-01
3.899376e-01
4.436727e-01
4.604426e-01
4.144250e-01
4.715585e-01
4.676507e-01
3.750191e-01
5.332115e-01
4.767272e-01
4.342975e-01
4.148503e-01
3.552333e-01
