3.549633e-01
2.453488e-01
1.227647e-01
1.375280e-01
4.283485e-01
3.359005e-01
3.646466e-01
4.087538e-01
3.793198e-01
1.660946e-01
2.259327e-01
2.552001e-01
4.033976e-01
4.209222e-01
4.249916e-01
3.936076e-01
3.942672e-01
4.462920e-01
2.373739e-01
3.424688e-01
3.945951e-01
3.308277e-01
3.740515e-01
3.488479e-01
3.091881e-01
3.231089e-01
2.585543e-01
3.122487e-01
3.052137e-01
3.618772e-01
2.742538e-01
4.895149e-01
4.034943e-01
3.762574e-01
2.931327e-01
3.526337e-01
3.106301e-01
3.577939e-01
1.789490e-01
3.442742e-01
2.267436e-01
3.844114e-01
4.309993e-01
3.667375e-01
2.420811e-01
3.978755e-01
2.886027e-01
2.793436e-01
4.145299e-01
3.456477e-01
1.781217e-01
3.857000e-01
4.493781e-01
3.455049e-01
1.904072e-01
2.578867e-01
2.929557e-01
3.664913e-01
3.623118e-01
1.174644e-01
3.315244e-01
3.807945e-01
3.432890e-01
4.274704e-01
