16 16 3
0.2135483
0.1359466
0.08380834
0.02539907
-0.1378171
-0.1193838
-0.1050025
-0.210459
-0.1047411
0.04589984
0.0008069901
-0.03207811
-0.07562388
-0.1466569
-0.1260504
-0.1028838
-0.1514142
-0.02757417
-0.01479369
-0.02359742
-0.02194086
-0.02158356
-0.01756941
-0.01103097
-0.02292471
-0.02007807
-0.005589622
0.09969459
0.09952728
0.08058719
0.03820642
0.005714106
-0.01292973
-0.0828923
-0.02960019
-0.03449557
0.01520598
0.07999225
-0.02975602
0.03555342
-0.04223673
-0.01892383
-0.1015036
-0.01550457
0.03802657
-0.09510504
-0.07559896
-0.0367045
-0.08749153
-0.06236826
-0.0145421
-0.06054543
-0.006720682
0.05286957
0.01622169
0.009465251
0.02452751
-0.01270068
0.03401497
-0.02432995
-0.0737903
-0.005753098
-0.08474144
-0.15754
-0.0255113
0.09472673
0.05039047
0.1819849
0.1645291
0.04714098
0.06015724
-0.07264806
-0.07094169
0.03361281
0.1444329
-0.0193359
0.1442377
0.08261189
0.03974859
0.1064877
-0.04856999
-0.2233849
-0.1936089
-0.03305179
-0.0921
0.05024114
0.2089203
0.05405305
0.1785076
0.2940431
0.01488215
0.02697695
-0.04752276
-0.03590771
0.005347772
-0.05763986
-0.1037957
-0.09798118
-0.1032318
-0.03905442
-0.04174384
-0.04229796
-0.02093079
-0.008885219
-0.0238311
0.003363336
0.02458408
0.02107706
-0.07046413
-0.1088471
-0.1380164
0.03847303
-0.05785045
0.06547099
0.04518777
0.06801786
0.07721622
0.08730694
0.06564984
0.02123163
0.05515483
0.01459778
-0.01811286
-0.01257632
-0.02853622
-0.07858656
-0.04766914
-0.04173435
-0.03847532
-0.04555989
-0.01624563
-0.01067907
-0.03230254
-0.01844518
-0.01488003
-0.02819407
-0.04318396
0.003682319
0.01999142
0.0002071814
0.007171104
-0.06924828
-0.009442596
-0.02488168
0.0677469
0.07620224
-0.0174521
-0.1775014
-0.04530735
-0.05361065
-0.1638272
-0.1784556
-0.1217507
-0.07124726
0.1323467
0.09755839
-0.1302338
0.01227014
-0.001927937
-0.03652665
-0.2061223
-0.1596758
-0.02205405
-0.02382274
-0.01329551
-0.03632558
-0.01496752
-0.01530205
-0.02341621
-0.02948842
-0.01474834
-0.09839856
-0.1524742
-0.1053286
0.06287522
-0.06588788
-0.06135174
0.2784048
0.1548384
0.04697742
-0.3924932
-0.04291233
-0.01298434
-0.03010646
-0.04154835
0.4175831
-0.1184028
0.1343674
0.1787678
-0.03920509
0.01708082
-0.07681734
-0.02228072
-0.08619924
-0.1082658
-0.02519513
-0.06914613
-0.09329464
-0.07733593
-0.1839975
-0.1240513
-0.1173558
-0.1014755
-0.07191446
-0.1608164
-0.06949136
0.04898408
0.1124172
-0.1137579
-0.09917627
0.02200771
-0.233935
-0.1949339
-0.03240376
-0.1001209
0.03683405
-0.004647455
-0.01946238
0.06912518
-0.1815465
-0.1134315
0.1625798
-0.1728275
-0.1921159
0.1362813
0.1967367
-0.0318797
-0.0414978
0.1014218
-0.09465413
-0.279398
0.03858918
-0.09102981
-0.1648811
-0.1121593
-0.1523602
-0.09511837
-0.07040424
-0.109772
-0.02446302
-0.05309625
-0.07214106
-0.0184295
0.01664945
0.05823605
0.09323248
-0.04464508
-0.05540614
-0.05431668
-0.007135674
-0.09542505
-0.1213989
0.001226547
0.07982376
-0.05045384
0.1910714
-0.1137074
-0.1582689
0.009977401
0.1432827
-0.1763429
-0.1423326
-0.05536834
0.01296877
-0.03991458
0.005111248
0.01691901
0.11052
0.1440117
0.0909751
-0.0127425
-0.01867269
-0.02005557
-0.05742301
-0.08540111
-0.06452115
-0.08404946
-0.1127677
-0.09987471
0.09321435
-0.02812078
0.05259416
0.11849
-0.1149868
-0.03621554
0.1093627
0.05367092
0.0668761
0.06676823
0.01709534
-0.02732635
0.02074997
-0.03168059
-0.1432275
0.007037793
-0.03385271
-0.1725781
0.01577418
0.00115277
0.1054144
-0.04560554
-0.01379435
0.04944897
0.02810628
-0.00338449
0.03274006
-0.0003420141
-0.004911268
0.003108792
-0.006108162
-0.002834215
0.002648696
-0.002082329
-0.00301101
-0.000719237
-0.02335715
-0.08530997
-0.1385609
0.01970646
0.008202279
-0.0177819
-0.01202013
-0.02907853
-0.0602937
-0.196606
-0.1387683
-0.1463103
-0.1863932
-0.1531789
-0.07232147
-0.1021855
-0.03729832
0.03066441
0.0761926
0.08239407
0.1315206
0.05967842
0.06245384
0.1030223
0.02201611
0.01328505
0.03509528
-0.03136321
-0.02155955
0.0009695888
-0.0553936
-0.07531945
-0.05570005
-0.06700566
-0.06449132
-0.03121835
0.1220004
0.09290664
0.06044137
0.1448968
0.07247284
0.02683486
0.01510839
-0.02822712
-0.01970211
0.01130811
0.02393343
0.1336529
-0.09747095
-0.06317497
0.06102295
-0.1048374
-0.08007032
0.04181221
0.08921477
-0.001521684
0.004316958
0.1455494
0.0259001
-0.0249027
0.06563903
-0.06200047
-0.08218548
0.05396223
0.03727925
0.03224315
0.009030717
-0.02138831
-0.06361238
0.03369002
0.01022151
-0.02862686
0.09051572
0.05995265
0.04619638
0.08190687
0.04275225
0.03611289
0.07092026
0.01486715
0.000144751
0.06310672
0.06787714
-0.02071139
0.05820609
0.02236977
-0.0003150601
-0.026887
0.05867331
0.09787146
0.01766111
0.002899942
0.008161241
0.1183889
0.1111824
0.1328351
0.06644271
0.07669412
0.1011697
0.09231576
0.05640053
0.04836919
0.1089847
0.06948683
0.05339291
0.08142792
0.04242795
0.02877817
0.04360846
0.0307225
-0.001267776
0.08664667
0.1185409
0.1552269
-0.05198841
-0.04073333
-0.04343797
-0.1598863
-0.06382511
-0.09329476
-0.06999882
-0.03975313
-0.03928074
0.1119114
0.06404631
0.0944322
-0.08576475
0.03051651
-0.1892333
-0.01351047
0.0685489
0.003732416
0.158799
0.01222129
0.1400681
0.04617541
-0.01566993
-0.01055429
-0.00585573
-0.0118861
-0.004386283
0.01032219
0.004979216
0.02895017
0.07996564
-0.02045328
-0.03750651
-0.051146
-0.08192438
-0.06378164
-0.02540525
-0.00324086
-0.04957848
0.06362543
-0.02033164
0.1126234
-0.03086577
-0.5216982
-0.04449084
-0.273176
0.178316
-0.0270946
-0.08160152
-0.01826826
-0.0228256
0.01220169
0.009003691
0.02324585
0.009630873
0.04192343
-0.01001133
-0.003737176
-0.02559523
0.01173314
0.07182831
-0.02845404
-0.01567369
0.04673323
-0.06219671
0.1070638
-0.04797082
-0.1421985
0.05736239
0.03175941
0.03333098
-0.1125505
-0.02642801
0.03469081
-0.04728929
-0.04109666
-0.03174967
-0.1095489
0.002729431
-0.0003956969
-0.09697835
0.1066693
-0.1559564
-0.07086515
-0.06585111
-0.005639982
-0.01569439
-0.03152339
0.161447
-0.07241079
0.02760533
-0.02339051
-0.02828335
-0.02710269
-0.03068561
-0.008544688
0.02569891
0.02826086
0.01164404
-0.0006899818
-0.0830275
-0.03958
0.008193991
-0.02774168
0.02115069
0.01003687
-0.01909232
-0.01066323
0.0894635
0.03950651
0.06623171
-0.08075024
-0.00233903
-0.112438
-0.01913446
-0.4048286
-0.02350697
0.0183649
0.350108
-0.02237114
-0.05960415
-0.009147578
-0.01089809
-0.06331658
-0.06820478
-0.05297572
0.0006579633
-0.06402056
-0.1547288
0.003010671
0.03668673
0.04244215
0.02067226
0.02900104
0.01196285
0.04934985
0.02011743
-0.0199558
0.01825324
-0.04931911
-0.05779756
-0.07407415
-0.1635351
-0.08234983
-0.03875338
0.2198466
-0.1044725
0.1842602
0.1925562
0.07053886
0.156056
0.01119659
-0.1502758
-0.2239452
-0.2622438
-0.349441
0.0619195
0.05760738
-0.01994038
0.1018855
0.2235436
-0.048074
-0.02581135
0.2228896
-0.05123223
-0.03783386
-0.002711809
0.006461806
0.00174021
-0.01677709
0.01649705
0.008841129
-0.02384232
0.003467043
0.06508874
0.06616772
0.03950606
-0.08151636
-0.05172808
-0.03737898
0.03033271
0.01098833
-0.01136638
-0.1510526
-0.4447705
-0.4693935
0.03942811
0.4165677
-0.2165733
0.2925398
0.4266132
0.3080228
-0.08577508
-0.08450142
-0.07464372
-0.2064185
-0.08785503
-0.0812958
-0.0336884
-0.01092521
0.04605062
-0.08740068
-0.07272869
0.003363473
0.01102096
-0.0485517
0.05777659
0.1223955
0.1237424
0.0781257
-0.0379875
0.1484345
0.01453855
-0.3667755
-0.203062
0.05918188
-0.113759
-0.1291279
-0.003155874
0.01684914
-0.003029306
-0.06576782
-0.1244353
0.09098203
0.04270767
-0.2179054
0.2711785
0.2191152
-0.1217066
-0.01791067
0.01264504
-0.2187615
-0.2946682
0.009753441
-0.09155816
-0.1661191
-0.03447068
-0.1355755
-0.1380055
-0.1557749
-0.09881975
-0.1154336
-0.2028132
0.01122105
0.1005887
0.02797236
-0.06877785
-0.04107373
-0.0423392
-0.1006427
-0.07670277
-0.03545738
-0.126785
-0.02625138
0.03862949
-0.05534111
-0.0508607
0.009406151
-0.1468649
-0.01960967
-0.1026097
0.04401187
-0.356223
-0.09533309
0.03186932
-0.0363392
-0.1323889
-0.006804752
-0.02578279
-0.1485089
-0.05332704
0.01709131
-0.05577631
-0.01916544
0.01505102
-0.002805294
0.02046334
0.01491945
-0.02902009
-0.04029822
-0.01932714
-0.06323918
0.07510581
0.05367499
0.09871139
-0.1997664
-0.09182596
-0.03812173
-0.2147406
-0.2354658
-0.03873463
0.02894031
0.04330832
0.009185702
0.2024409
0.172039
0.07107809
0.2309866
0.2019653
0.1102812
-0.01947048
0.05360152
-0.03813348
0.03367862
0.1539086
0.04149988
-0.007726738
-0.001662443
0.008722387
-0.01089149
0.003890516
0.001129359
0.006362564
0.0116146
0.00836222
-0.004767647
0.01293446
-0.001915323
0.08576915
0.005775634
-0.08102931
0.06208513
-0.02146745
-0.08972863
-0.03499279
-0.04636239
-0.0846073
-0.009190233
0.04107713
0.08913516
-0.002413173
-0.01258718
0.04108806
-0.1246577
-0.1253403
-0.0553755
0.02929112
0.01110141
0.02546969
0.007352334
-0.03535265
-0.01155946
0.001581296
-0.03466528
0.02384324
-0.04478648
-0.02801418
-0.02237565
-0.07204773
-0.08140535
-0.02626151
-0.1767119
-0.1254559
-0.03808456
0.0347434
-0.04735007
0.02502198
-0.00708589
-0.03115534
0.06394867
0.0483315
0.09589478
0.0812727
-0.0032104
-0.04155239
-0.0007034444
-0.03317735
0.003186068
0.04247284
-0.02443201
0.008263031
0.06625409
0.07404041
0.06056309
0.0003840448
0.1070242
0.1387863
0.0829016
0.01233269
0.08698762
0.09797687
0.1895337
0.1997242
0.1204503
0.2629428
0.2983043
0.1606097
0.1585583
0.2091584
0.08146945
-0.01244086
-0.01640812
-0.0399064
0.01749545
-0.007625249
-0.02116497
-0.009260627
-0.04338316
-0.0541205
-0.09245464
-0.0294684
-0.09211475
-0.1015424
-0.1177555
-0.1422537
-0.1489746
-0.1077412
-0.08324984
0.03779219
0.01642323
0.02350035
0.0665568
0.05005208
0.03894145
0.0993956
0.08815508
0.04236732
0.009778333
0.00466257
-0.02325751
0.01116893
0.009237441
-0.02287888
-0.02189232
-0.008505142
-0.01720079
0.03471532
-0.007995902
-0.005773586
0.01154145
0.005635476
0.0219962
0.04220181
0.05029197
0.005207884
0.09825827
-0.01546397
-0.3484776
0.213934
0.06913798
-0.3404737
0.2198033
0.07997046
-0.2456278
-0.06195446
-0.1589907
-0.1338532
-0.06292256
-0.08134661
-0.1232769
0.1077162
-0.02690423
-0.09045146
-0.01118079
-0.03546103
-0.04108534
-0.01569491
-0.02016968
-0.02783079
-0.0113006
-0.02415346
-0.02366561
0.1120903
0.005829953
-0.02772053
0.06878918
-0.01976813
0.01579574
-0.0790926
-0.05321572
-0.03948273
-0.1232781
-0.06847192
0.1157986
-0.1666571
-0.4336261
0.0279207
-0.1579403
-0.1906053
0.02572327
-0.1224178
-0.1038152
-0.04578135
-0.05965928
-0.0579959
-0.01632456
-0.003274119
0.003692689
-0.03786571
-0.1048193
0.02454396
0.05178706
-0.1155907
-0.05623254
0.0004620094
-0.1236449
-0.0953692
-0.01246666
-0.04785366
-0.1018809
-0.1891102
0.04627637
0.003382355
-0.1793309
-0.04003888
0.03338167
-0.07661214
-0.002920709
0.01247061
-0.07522723
-0.03316621
-0.02735599
-0.09497838
-0.02580084
-0.08019675
-0.127829
-0.0907786
-0.1059646
-0.03037429
-0.1983796
-0.05055994
-0.04292879
-0.1555549
0.01107076
0.08473529
-0.08461115
-0.1080327
-0.01305933
-0.1196556
-0.1453069
-0.04124735
-0.09827187
-0.1499334
-0.05595765
-0.1312048
-0.110619
-0.06476511
-0.1638176
-0.1435019
-0.08423876
-0.1654312
-0.1350974
-0.08231004
-0.1005071
0.06333469
0.01964527
0.05009199
-0.05354103
0.1148643
-0.152372
0.02449634
0.2201179
0.01540666
0.02345547
-0.007350497
-0.05444348
-0.01159903
-0.01581924
-0.1467013
-0.07897125
-0.07431174
-0.05684048
-0.008974274
-0.02676035
-0.005894638
-0.005949974
-0.03485202
0.01371513
-0.01469163
-0.04255479
0.02311459
0.024833
-0.04572437
0.05183691
-0.02230804
-0.13058
-0.150035
-0.04796565
-0.1105089
-0.01562273
0.20945
0.2231925
-0.04532707
0.1308178
0.07387073
-0.06930684
-0.3265905
-0.1473219
-0.4378637
-0.1399552
0.06845217
-0.4740168
0.4167187
0.1063968
-0.1354498
0.02578734
-0.06637474
0.008540975
-0.02992495
0.03149923
-0.02092127
-0.02933578
0.0351504
0.004700324
-0.02244131
0.07109168
0.07693164
0.08721052
-0.02928895
-0.0287647
-0.1533324
0.05314509
-0.1263024
-0.04718743
-0.05272792
-0.181285
0.09801077
-0.2227356
0.5928614
-0.7090824
-0.008925353
0.1050883
0.1943784
0.1535196
-0.06815967
-0.001348275
-0.0179128
-0.05528791
-0.04101416
-0.03476848
-0.09097517
-0.02284662
-0.07255828
0.009850465
0.08243363
0.1191306
0.2393467
-0.02446917
-0.1701035
-0.2053269
-0.2517666
-0.2175507
0.04327778
-0.06745602
0.05630895
0.1182826
-0.1454194
0.1220115
-0.1930233
-0.1370608
0.09211831
-0.01131734
-0.2428428
-0.1413883
-0.07657477
0.09777927
-0.1037447
-0.04668579
0.07396529
-0.1250235
-0.02235383
-0.121883
0.01774196
-0.08635657
0.2170362
-0.03718019
-0.123173
0.1294705
-0.04155673
-0.2597821
-0.001037924
0.1656585
0.004655526
0.1455768
0.01027818
0.1428247
0.04509627
-0.07627746
0.02563296
0.02920494
0.03948071
0.0003020992
-0.001703841
-0.1848641
0.0644557
0.01196485
-0.06338183
-0.2481041
0.4320335
-0.3549633
0.04452436
-0.6346114
-0.09841832
-0.0730968
-0.00885504
0.004866446
0.01921333
-0.06197705
-0.0009053841
-0.2694882
-0.26109
0.05674788
-0.07690751
-0.05026054
-0.007791693
0.0260204
0.03052064
0.04376653
-0.01973344
0.01789207
-0.03643747
-0.007425842
-0.04343008
-0.07189871
-0.01038497
0.05775342
-0.08320087
0.04779983
-0.3535082
0.2018306
0.07480658
-0.01554746
0.1785193
-0.06554717
-0.06155612
-0.112151
0.03604976
0.0239528
0.002751974
-0.05110696
-0.03362615
-0.0253561
0.021011
-0.002724082
0.00968325
-0.02964557
0.01252503
0.05733315
0.0008268591
-0.03777218
0.006423746
0.002875289
0.0117871
0.01098686
0.01801006
0.01420854
-0.001846771
0.01279494
-0.001732115
-0.007362642
-0.002615053
0.04356162
0.0165266
-0.001420513
0.06053922
0.06153111
-0.08459002
-0.03842875
-0.0941532
0.04464229
0.008422825
0.07934549
0.1358848
0.1671774
0.07055519
-0.1059872
-0.05811663
-0.1427863
-0.02540978
-0.06264862
-0.03625349
-0.03854298
-0.03441763
-0.0002300896
0.01815851
0.03855088
0.04162878
-0.002537719
0.02746872
0.04511958
0.0124559
-0.01294249
-0.06238163
-0.09285238
-0.04540653
-0.05388168
-0.1041368
-0.03976141
-0.04879436
-0.07203496
-0.02008639
-0.09061935
-0.02106182
0.02242002
0.005581442
-0.04535886
-0.005414398
-0.02059614
0.01544503
0.06422718
0.02768202
0.02771086
0.05134742
0.02646971
-0.05456281
0.007252463
0.04381826
-0.08989356
-0.05372101
-0.01587493
0.004902248
0.008360194
0.03621448
0.02349835
0.01722674
0.03005883
0.0632621
0.08719907
0.1043226
-0.08590403
-0.06864121
-0.07863835
0.1006697
0.1169471
0.07998744
0.01889446
0.04432368
0.04449716
-0.08486542
-0.05285204
-0.06227677
0.0105079
-0.01200599
-0.01877682
0.2361517
0.2155131
0.2535221
-0.150303
-0.1532349
-0.172739
-0.03208347
-0.01853639
-0.02700909
0.1872768
0.2002803
0.1862886
-0.007417439
-0.009696123
-0.04888827
0.03986188
0.04521882
0.04100035
-0.01731152
-0.01160274
0.003879504
-0.07761521
-0.06584142
-0.0542382
-0.01197682
-0.01008839
-0.02480993
0.002020608
-0.004237741
0.007695565
0.1376398
0.2054382
0.1553021
0.01217773
-0.01973702
-0.0773112
0.09666329
0.04742704
0.01117424
0.02949188
-0.0004154579
-0.01413999
-0.1229448
0.02019444
0.08616608
0.04607746
-0.03873935
0.01288357
0.08414467
-0.06078882
-0.07606515
0.005200326
-0.0118646
-0.01517739
-0.007318874
-0.01691444
-0.0112275
-0.02609966
-0.01891865
-0.008003994
-0.03600716
-0.06540654
-0.001121921
0.07509568
0.1158218
0.1244316
0.1595973
0.2135322
0.09062736
0.09514091
-0.2651871
-0.03537509
-0.10382
-0.06052795
-0.1424356
-0.09400677
-0.1327784
-0.132852
0.04382076
0.0600407
0.08932972
0.02836077
0.1067949
0.108782
0.02030999
0.05409893
0.05191572
0.1162681
0.06082036
-0.08159391
-0.0664765
-0.0001350362
-0.01401215
-0.09683998
-0.02006323
0.07038184
-0.01815352
-0.05602958
-0.01697062
-0.1422627
-0.1061663
-0.1034543
-0.1349103
-0.08778653
-0.0975754
0.08108761
0.1322237
0.02531863
0.06816024
0.05284316
-0.02422874
0.05673544
-0.01765283
-0.04746687
0.07239384
0.2304018
0.2344298
-0.08615397
-0.03921166
0.03662883
-0.1454731
-0.1465402
-0.06692787
0.004074899
0.08474832
0.04041963
-0.01786742
0.002601572
0.03894887
-0.08615627
-0.07120728
-0.06699739
0.04678721
0.03649675
0.007267288
-0.06999591
-0.02513459
0.0002862902
-0.1177353
-0.02190098
0.01006693
0.05694486
-0.1219323
0.01014649
-0.04051388
0.01541205
-0.04026195
-0.1115711
-0.1788958
-0.0358224
-0.02835165
-0.03578646
-0.02302362
0.03081344
0.06565685
0.07317908
-0.05896091
-0.01031066
-0.01858831
0.02780636
0.03421545
0.01424991
0.01430526
0.0004721561
0.008977059
0.01214668
0.01102286
0.004064475
-0.06257734
-0.1314697
-0.1331235
0.148077
0.2558898
0.1336414
0.08669327
0.1637826
0.1327753
-0.08228109
-0.04827132
0.1141217
-0.0660257
0.02053459
0.1472771
0.07006874
0.07946036
0.1541768
0.08636648
-0.08386785
-0.04976587
0.1479967
0.04303686
-0.006450531
0.1737128
0.06822956
-0.02681263
-0.009413635
-0.01238919
0.001865286
-0.02355673
-0.006148732
-0.006991746
-0.01654994
0.0007292992
-0.02332025
-0.0007262973
0.06831858
-0.01426642
0.01252816
0.07861177
0.0583823
-0.006121282
0.08779148
0.05897357
-0.08893593
0.07656132
0.06009465
0.1289084
0.2138152
0.1184439
0.0005128523
0.1939629
0.06948439
-0.08100753
-0.05472415
-0.08567248
-0.08393584
-0.09289311
-0.1115096
-0.09658838
-0.05621462
-0.05095732
-0.01948356
-0.1105947
0.01594481
-0.1326213
-0.1346532
-0.08102167
-0.1384956
-0.1311558
-0.09109679
0.2352316
0.2202702
0.07196818
0.01830673
0.04275765
0.0004380532
0.03309783
0.1696441
0.1496473
0.1548813
-0.03633603
-0.1775973
0.07132006
-0.0625252
-0.1793253
0.0756476
-0.009284636
-0.1287992
0.01575555
0.0504165
-0.05468208
-0.01853861
0.00134458
-0.07567833
0.02808613
0.0413889
-0.006807371
-0.07722041
-0.07028016
-0.06936224
-0.04300407
-0.06865131
-0.08036971
0.03804633
-0.03521236
-0.0573718
0.02889361
0.07434777
0.02642045
0.05315186
0.08751263
-0.005699868
0.05344773
0.06157663
0.0004918973
-0.118759
0.08247154
-0.04402988
0.04248857
0.07112075
-0.07978306
-0.08713369
0.003407253
-0.05626896
0.006728574
0.03091924
-0.007606756
-0.02572535
0.005916825
-0.00347222
-0.05336046
0.002767308
0.01604245
0.02439035
0.04999138
0.03818344
0.02101105
0.03907461
0.04061979
0.02468058
0.04614742
0.01035482
-0.1169301
0.03671267
0.01646364
-0.1221772
-0.02587294
0.02949948
-0.1822057
-0.04474494
-0.04733449
0.3753707
0.3447556
0.3350532
-0.05691175
-0.1128401
-0.04580275
-0.3128228
-0.305068
-0.1998953
-0.002440403
-0.02867083
0.0055692
-0.01135884
-0.1351948
-0.14254
-0.03713813
-0.06440059
-0.07066126
-0.007479003
-0.03287687
-0.02091322
-0.002669842
-0.01501089
-0.003888419
-0.002833942
-0.003073473
0.01575196
0.1113144
0.07146984
0.1031506
-0.07062095
-0.03690242
0.03920455
-0.07285944
-0.04761742
-0.002925096
-0.1379647
-0.2221628
-0.1698308
-0.09256697
-0.04055962
-0.02444305
0.191397
0.250068
0.235774
-0.1746947
-0.146477
-0.1263694
-0.07355368
-0.02966954
-0.02441117
0.08057871
0.1165339
0.09363907
-0.003168892
0.04517421
0.0008293071
-0.04780842
-0.02019206
-0.005020851
0.009823473
-0.01813848
0.005184361
-0.03747963
0.07528964
0.01511116
-0.02676286
0.08312063
-0.04011718
-0.1424964
-0.1936911
-0.2494712
-0.09822985
-0.002529115
-0.07041875
0.1019414
-0.0270855
-0.1553198
0.1988003
-0.02434412
-0.1296961
-0.1746571
-0.1187868
-0.1520974
0.03026743
0.1668817
0.1405558
0.06462797
0.2192407
0.1715949
0.08084743
0.07178027
0.01345633
-0.02715448
-0.04717574
-0.03954566
-0.09593114
-0.08090533
-0.04591715
-0.1995471
-0.2439155
-0.2042017
-0.1130357
-0.1320431
-0.08565811
0.02595784
0.03563948
0.01516511
0.02114627
-0.08610176
-0.009698794
-0.1315063
0.01567411
0.001746637
-0.1129643
0.05019366
-0.05301668
0.06344664
0.06727266
0.06290559
-0.04225878
0.008103606
0.01435795
-0.1468375
-0.1253222
-0.1323424
-0.004236867
0.01164817
0.007743476
-0.02965789
-0.0385172
-0.01129775
-0.05221063
-0.06933258
-0.05997889
0.02747839
-0.01074275
-0.09712745
-0.02805572
-0.008167923
-0.09403159
0.01176661
0.006044335
-0.08474879
-0.1946176
-0.1352727
0.06610219
-0.04544389
0.005373987
0.06429732
0.2265134
0.194666
0.1933507
0.04628249
-0.03295131
-0.1922794
0.1308068
0.2113427
0.09393469
0.05965664
0.07132677
0.1970703
0.02179545
0.002608272
-0.003521841
0.003775483
0.004737908
-0.001002183
0.01210214
-0.001039898
-0.0003003786
0.01371659
0.1114888
0.01464163
-0.06222107
-0.02827973
-0.06604048
-0.07287595
-0.0006225911
0.00846734
0.1786554
0.2723756
-0.03261268
0.395655
0.1242975
-0.2313179
-0.02776748
0.2516807
-0.1140348
-0.001582028
0.00180344
0.03772647
-0.07766701
-0.03381512
0.0791094
-0.1420751
-0.08156765
0.02773321
-0.03808144
-0.07049938
-0.1709619
0.1168901
3.626849e-05
-0.1289628
0.1943859
0.02105436
-0.1091849
-0.1183302
0.09117769
0.3040631
-0.2235643
0.1090526
0.2651138
0.04250802
0.2874658
0.1830758
-0.03510547
0.00888442
-0.164292
-0.06784935
0.2530591
-0.007855386
0.01247402
0.2804431
0.03382849
0.0584698
0.03635298
0.1275528
-0.04566418
0.003757578
0.1074203
0.149513
0.02165565
0.03136386
-0.1640545
-0.09002481
-0.1164346
0.1410332
0.1718107
-0.00516538
0.1652256
0.1045188
-0.01543284
-0.03270907
0.04525708
0.08494591
-0.001808743
0.09876207
0.1361884
-0.09422732
0.01077908
0.07677491
-0.04162944
0.05718234
-0.006414699
-0.2209479
-0.5022869
-0.1721052
-0.08953628
-0.09514537
-0.03869642
-0.110673
-0.04396464
-0.1103394
-0.06908868
-0.04961025
-0.03779374
-0.04921609
-0.06427234
-0.05707333
-0.09771957
-0.03244752
0.01695218
-0.05125324
0.03218473
0.04438693
-0.06094496
0.03444482
0.04944101
-0.1907017
-0.04924133
-0.0142629
-0.2416552
-0.1527373
-0.1137853
-0.1522295
0.04640852
0.02109422
0.0226492
0.01145335
0.03050686
0.01115377
0.1211633
-0.0163571
-0.08050716
-0.002367431
-0.0766825
-0.3026266
-0.1317691
-0.1345823
-0.4955643
0.3348359
0.1648195
-0.4217841
0.2115136
0.05551177
-0.02905943
-0.0001907556
0.02036293
-0.01585401
-0.01924455
-0.001046644
-0.01821953
-0.01305317
0.02773903
0.05724759
0.07425822
0.04280963
-0.005522189
-0.04918816
0.09708265
0.01539959
-0.005924292
0.0937814
0.001892593
0.1086913
0.167777
-0.05506335
-0.2500727
0.1656961
0.2441932
-0.3969917
0.3034664
-0.0003504325
0.04629309
0.1723967
-0.03523872
0.001701777
0.04117749
0.05243303
-0.06191495
-0.01375587
-0.1594919
-0.1570537
-0.100362
0.1378254
-0.1326933
-0.3121724
0.1446584
-0.02879452
-0.2844085
0.0331413
0.0617961
0.1128982
0.3212581
-0.2014109
0.01142145
0.1121961
-0.06242494
0.02788944
-0.01749549
0.04214717
-0.0249906
-0.06380678
0.03577679
-0.1228108
-0.08870628
0.09034335
-0.06487361
-0.09497116
-0.1175945
-0.03817921
0.05433128
0.09645312
-0.01672909
-0.03665596
0.1826051
-0.1036061
-0.1112935
-0.1593081
-0.1504118
0.06093654
0.2085282
-0.01013331
-0.0106274
0.2620888
0.06829289
-0.05241992
-0.006877199
0.09886095
0.02192473
0.06400477
0.06791373
0.006081155
0.03962906
0.007437409
-0.09019459
0.2192168
0.06361388
-0.1195077
0.1326081
0.08425462
0.0271847
-0.4061755
0.1319008
0.001445416
0.04423528
-0.003332746
-0.145226
-0.04749896
0.04693012
-0.2400027
-0.08599684
0.09497067
-0.008495783
-0.002716341
0.04818834
0.02894861
0.1016587
0.08628885
-0.08982018
0.04269893
0.05920534
0.1121644
0.08342444
0.1240081
-0.06329357
-0.3847986
-0.01826945
0.1155231
-0.2588186
0.02782637
-0.05689872
-0.07915718
-0.1010932
-0.05068563
-0.01099561
-0.06494734
0.07805958
0.0250005
-0.02813408
-0.08717087
-0.07147393
0.1089944
-0.0821364
-0.01670991
0.1718902
-0.005484631
-0.08353356
-0.0742499
-0.01197594
0.01162654
-0.005943283
-0.04472313
-0.0007113763
-0.0106281
-0.01496241
-0.0001844848
-0.02179581
0.0004413756
-0.03420809
-0.07090073
0.03097364
-0.0475205
-0.06149092
0.09401777
0.01899436
0.03340751
-0.2068528
0.1338366
0.3554618
-0.04478457
0.1113572
0.1997683
-0.2836651
-0.2325969
0.06951859
0.01119875
-0.01664984
0.02066198
0.0160026
-0.04030597
-0.03846835
0.01029149
-0.02661334
-0.03466524
0.03544042
0.04615537
0.03246834
0.0193531
0.06561362
-0.03944405
-0.02281995
-0.01110942
-0.03320133
-0.002569715
-0.1587193
-0.153219
0.0786949
-0.04612538
-0.06647486
0.07298487
0.1342772
0.148842
-0.1560689
-0.1507372
-0.006796348
-0.2478048
-0.2105414
0.1071551
-0.1241871
-0.1250455
0.05870356
0.1243035
-0.08382675
-0.1194933
0.1332569
-0.05758106
-0.08586129
0.05831435
-0.03365979
-0.005597338
0.00760844
0.009552406
0.01126996
0.04568098
0.09637209
0.07563446
0.1157079
0.03435748
-0.03022275
0.009681391
0.02980903
0.01725713
-0.02676386
-0.05520425
-0.1086172
-0.04050446
-0.1300261
-0.179834
0.0169312
0.1126351
0.03318845
0.1642833
-0.004339793
-0.2468234
-0.1417054
-0.04618752
0.03380924
-0.05968538
-0.08621915
-0.08625688
-0.04045663
-0.1304058
-0.09655461
-0.02214842
-0.02957978
-0.004830249
-0.008306869
-0.01926337
-0.02861965
0.01330165
-0.016449
-0.01825875
-0.03741967
-0.06121948
-0.05854537
-0.01327821
0.03784926
0.01704984
0.02310566
-0.06817626
-0.08205432
-0.01275796
0.03771834
0.08495203
0.002000612
-0.002236894
-0.00406321
-0.002228215
-0.002295495
-0.001353089
-0.001117463
-0.003624105
0.002174666
0.002787495
-0.0006032218
-0.001031286
-0.001890813
-0.001056838
-0.002359406
-0.0004206726
0.0001148313
0.0005668247
-0.002236828
0.001301857
-0.003281986
0.003253552
0.0009606578
0.003214878
0.001502445
0.00100231
0.002518845
0.003220012
-0.0004263535
-0.001342682
0.001620098
0.0009523272
-0.0002348047
-0.00114437
-0.0008209196
-0.0007744549
0.001165061
-0.001344073
0.0002284949
-0.002852122
0.001288137
0.0001189243
0.002945278
-0.001450304
0.00199037
0.002095046
-0.001888374
-0.0006657145
-0.00185755
0.00221527
-0.0007373157
0.0001001193
-0.0001376948
-0.001949979
-0.002489448
0.00192285
-0.0005379425
0.001169734
-0.002330654
-0.002029125
0.003425886
-0.002421978
-0.001915078
0.001463713
0.001382582
0.0006493511
-0.001858655
0.000106692
-0.003853813
0.001340284
0.0001299465
-0.0007552086
0.0003961556
-0.0007053409
-0.001467686
0.0003079665
-0.0008518835
-0.001071633
0.0004406775
0.0003845467
0.002378893
0.0003815625
0.000769202
-0.001406368
0.0001718298
0.0005465841
-0.001395605
0.005392153
0.0003589864
0.002665318
-0.00154591
0.004044396
-0.003145389
-0.002161087
2.617048e-05
-0.002337454
0.001215953
0.000571476
-0.0003472803
-0.002203018
-0.001147899
-0.0009480239
-0.0008500367
0.0006858363
-0.001157666
-0.002060615
-4.197181e-05
-0.0009808971
0.001056626
0.0006616394
1.809856e-05
0.002359849
0.0003107014
0.0003345401
0.003178176
0.0005858557
-0.001568764
-0.001244578
-0.0003282341
-0.004322145
0.001410572
-0.002012864
0.0008206037
-0.0002473718
-0.0007629817
-0.0002696659
-0.0005516413
0.001759532
0.001128882
0.0008697928
-6.548114e-05
0.002980208
0.001441768
-0.001496473
-0.001337259
-0.0006769666
-0.0008793297
0.000701913
-0.002426608
-0.0002197799
0.001402512
-0.0001625788
-0.001222719
2.455115e-05
