4.074496e-01
3.841363e-01
3.409275e-01
3.572746e-01
3.492609e-01
2.970578e-05
4.488915e-01
2.335721e-05
4.052906e-01
3.306319e-01
5.080066e-01
2.778773e-01
3.801580e-01
5.034117e-01
3.288975e-01
1.957946e-05
2.937472e-01
2.604232e-01
2.432432e-01
2.444671e-01
3.292476e-01
2.058277e-01
2.792363e-01
1.997757e-01
2.719839e-01
2.909594e-01
2.546160e-01
2.482118e-01
2.545654e-01
2.550099e-01
2.628901e-01
2.242352e-01
4.083855e-01
2.216404e-01
2.362392e-01
3.860021e-01
3.306457e-01
3.926504e-01
2.862160e-01
3.138237e-01
1.859934e-01
2.556919e-01
1.938487e-01
2.934052e-01
2.318127e-01
3.254996e-01
3.253815e-01
2.476935e-01
2.429970e-01
3.864101e-01
4.789419e-01
3.465139e-01
3.541307e-01
6.270989e-01
3.471950e-01
3.578303e-01
2.564192e-01
2.585956e-01
4.001471e-01
3.583626e-01
2.728677e-05
3.629206e-01
4.644574e-01
2.876821e-01
