4.432020e-01
4.861366e-01
4.242191e-01
3.822966e-01
4.949331e-01
4.898017e-05
3.971173e-01
3.751839e-01
4.111007e-01
3.969696e-01
4.338295e-01
4.863300e-01
4.161253e-01
3.998967e-01
4.915940e-01
4.206562e-01
4.594024e-01
-4.289361e-01
4.189270e-01
4.286809e-01
4.552082e-01
4.221635e-01
4.046768e-01
4.860466e-01
4.729812e-01
4.306424e-01
4.348875e-01
5.099996e-01
3.842716e-01
3.713604e-01
4.084449e-01
3.873015e-01
4.048622e-01
4.080825e-01
4.557571e-06
4.050128e-01
4.350405e-01
4.415339e-01
4.377857e-01
4.852217e-01
3.587509e-01
3.821149e-01
4.172299e-01
5.505750e-01
3.852400e-01
4.178955e-01
4.256647e-01
4.888046e-01
4.460329e-01
4.391369e-01
3.978163e-01
4.123541e-01
4.303668e-01
-2.581248e-05
3.696526e-01
4.044214e-01
5.155517e-01
5.073959e-01
3.974643e-01
4.228849e-01
4.283084e-01
4.644311e-01
4.280297e-01
4.748560e-01
