16 16 3
-0.007233705
-0.05238865
-0.03743729
-0.03598012
-0.05865001
-0.03716259
0.01228111
-0.01796204
-0.05266033
-0.01763101
-0.1018246
-0.1121288
-0.05035751
-0.1757437
-0.1014021
-0.09435858
-0.184135
-0.04642854
-0.1283437
-0.0489177
-0.06600155
-0.07398586
0.003712365
0.01400157
-0.0444781
-0.007095357
-0.04796512
-0.08097529
-0.09824578
-0.07802097
-0.0424404
-0.06567685
-0.03511079
-0.1629912
-0.1235929
-0.06056323
0.05663192
0.02872622
0.03301162
0.0954467
0.06029503
0.009860645
0.01550506
-0.007451303
-0.01026032
0.0561388
0.06593925
0.04402895
0.04802383
0.0193867
-0.0371661
-0.0202846
-0.08216289
-0.1098254
-0.01920152
-0.004181838
0.04693125
-0.1225765
-0.1030274
-0.0698572
-0.06411049
-0.1895145
-0.10631
0.05039901
-0.05538093
0.01068007
0.02306616
-0.1301223
-0.1122564
-0.01468327
-0.1860507
-0.1591847
-0.1444203
0.01468774
-0.05619102
-0.1316254
0.02517218
-0.02944541
-0.05952767
-0.01033204
-0.06085643
-0.02109556
0.02914201
0.04306519
-0.08035515
-0.02682061
-0.06132088
-0.02738221
0.02227543
-0.01961514
0.1040698
0.00311708
-0.04684321
0.06732085
0.003056174
0.009276775
0.03819307
0.001284869
-0.03004367
0.01209329
-0.03004166
-0.06267485
-0.03035088
-0.1027181
-0.07582219
0.008542199
-0.1309868
-0.03415684
0.01844843
-0.02936647
-0.003704522
-0.002915375
-0.0624512
-0.09055143
-0.01151701
-0.03643293
-0.1145871
0.07484824
0.04062459
0.03918346
0.03540325
0.02740107
0.05467603
0.08550064
0.06098077
0.08015716
0.0173676
-0.03776656
-0.04307609
-0.0392996
-0.06080196
-0.0342937
-0.06252965
-0.09479198
-0.05483009
-0.06866921
-0.114615
-0.09544755
0.008998526
-0.02314466
0.006383441
0.02703428
0.0414989
0.1182085
-0.07349196
0.03793716
-0.06570229
0.009430391
0.08044951
-0.02205403
0.03173988
0.05021703
-0.0290326
0.1079353
0.08849066
-0.02438864
0.02069785
0.1137658
0.060318
0.0569445
0.1009515
0.02363565
0.05423377
0.00934025
-0.03489718
0.04120565
0.05505029
0.01540526
0.005703429
0.05171932
0.02761215
-0.03987451
0.004455142
0.01300054
-0.0544227
0.00692512
0.06285505
-0.06630987
0.03246497
0.1210381
-0.01877529
-0.03597596
-0.000517547
-0.05148087
-0.07693837
0.03844897
-0.04418496
-0.08727159
0.04244466
-0.009055153
-0.049303
-0.03464416
0.02788233
-0.03769767
-0.01997922
0.001397527
-0.0235121
0.03501335
0.01814673
-0.1930082
-0.1161814
0.0812211
-0.05863526
-0.06124047
0.05201052
0.1080385
0.008019038
-0.00197944
0.2040676
-0.02649533
-0.01722392
0.1788145
-0.05348429
-0.06538089
0.2842725
-0.01590597
0.1401078
-0.02102453
0.1036032
0.1441616
-0.1170889
0.07628107
0.2425919
-0.1494254
0.1712528
-0.02999428
-0.04705072
-0.0380909
0.03327642
-0.01188899
-0.08161074
0.09523335
0.03794153
-0.01269959
-0.1035396
-0.0605919
-0.07027549
-0.058932
0.01869627
-0.02628264
0.008942148
0.05921821
0.05127596
-0.1018189
-0.01579884
-0.2254832
-0.2060476
0.01693695
-0.1360285
-0.2306152
-0.008036634
-0.1232835
-0.03629671
0.1086409
-0.03199632
0.01302244
0.1689672
-0.004010723
-0.07798477
0.2030744
0.007203084
0.03789267
0.05637059
0.1131569
0.0299449
0.06324374
0.08223046
0.04125146
-0.001020371
0.02644951
0.01092369
-0.01989483
-0.04059626
0.009222466
0.03792528
0.04260188
0.01466311
0.08370715
0.01893861
-0.001186203
-0.03010398
-0.03345418
0.006581561
0.07683962
0.008298607
0.09109194
0.1943441
0.09357684
0.03130264
0.06068829
-0.05812144
-0.05863861
-0.05108562
-0.09386509
-0.1303593
0.003875968
0.06094034
-0.05665291
-0.03621933
-0.1159287
0.07149257
-0.01574091
-0.09865094
0.04854355
0.01579101
-0.1587564
-0.01202813
0.03951981
0.08221737
-0.0001907517
0.004044157
0.06267834
0.02109889
-0.02502295
-0.06246799
0.1030457
0.08459839
0.09641962
0.01091473
-0.05899132
-0.0939385
-0.09332632
-0.1068259
-0.09397769
0.07161939
0.06379097
-0.1044178
-0.03183264
0.0381012
0.0268445
-0.08395428
0.04345498
0.04849176
-0.09097255
-0.05958167
-0.02023637
-0.008798792
0.06055211
0.03964958
0.101899
0.1080023
0.09616328
-0.2222138
0.05931747
0.06531117
-0.05262449
0.05982823
0.06473582
0.05443684
0.111081
-0.02510919
-0.1095168
-0.06852657
-0.04355053
-0.1505638
-0.1448879
-0.01206278
-0.06664295
-0.1052506
-0.03376015
0.03629231
0.06207553
0.0378282
-0.06277501
0.03702866
-0.02501325
-0.1358813
0.03344915
-0.01131784
-0.07236677
0.09042665
0.08561552
0.07595708
0.2065082
0.1031858
0.06203409
0.1561481
0.03622729
-0.07240712
0.07771251
0.04894656
-0.07588971
0.04065261
0.09047163
0.03921809
0.003156886
-0.04319806
-0.1539907
-0.1763651
-0.1385576
-0.07080865
-0.2560338
-0.1294841
0.005139441
-0.1844087
-0.08908464
-0.04728262
-0.06071732
-0.01368498
-0.09806468
-0.06996237
0.03221012
-0.07382926
-0.02658131
0.0298336
0.09652369
0.1021847
0.05653797
0.05519426
0.03782868
0.02077485
-0.08759323
-0.08206998
-0.07868119
-0.07319309
-0.0508452
-0.03736954
-0.04444186
0.05920208
0.07087743
0.006183184
0.09227761
0.04324729
0.001710605
-0.01325904
0.07185633
-0.09306715
-0.0981346
0.0004096066
-0.1250431
-0.1283851
-0.0453026
0.2428448
0.06774673
-0.0622899
0.103078
0.02772219
-0.04788163
-0.07192446
-0.0974967
-0.03257222
0.06119378
0.01063467
0.01081723
0.1653985
0.09035069
0.1055214
0.08384963
-0.02068892
0.004956725
-0.08525921
-0.07210185
-0.1004776
-0.01843797
-0.02003588
-0.06940312
0.07137856
0.05407256
0.07025219
-0.09542181
-0.1003083
0.03697015
-0.2741268
-0.1063643
0.06722056
0.02530382
0.099583
0.09029343
-0.04586395
-0.06618304
0.08967904
0.02485088
0.1073754
0.1338525
-0.0179816
-0.1634692
-0.08194146
-0.04854982
0.01094346
0.01983956
0.03117053
0.1102074
0.09445957
-0.01558287
0.05547727
0.05707054
0.06398439
0.1824843
0.06377061
0.02658396
-0.04660466
-0.1182183
-0.1866847
-0.2374274
-0.2603726
-0.1290837
-0.0672038
-0.05403931
-0.002642779
0.1665897
0.05030159
0.1822497
0.1542412
0.07011336
-0.2649973
-0.102351
0.0162024
-0.2402215
-0.07964281
0.2141641
-0.1251875
0.05082415
0.2171867
0.02172431
-0.02912362
-0.1335397
0.0555727
-0.1914533
-0.1902082
0.09316587
0.02418107
-0.01369171
0.1583938
0.1250982
0.04348563
0.1275477
0.05186719
-0.0520499
-0.01732685
-0.1733448
-0.2912247
-0.05549265
-0.0241441
-0.01082806
0.1721717
0.1113257
0.1340101
0.1335281
0.0969732
0.07015672
-0.05731616
-0.0652317
-0.07420369
-0.0332069
0.1080776
0.08146777
0.08867697
0.1702683
0.08152869
-0.07882138
-0.009668036
-0.01808633
-0.1415915
-0.08715741
-0.07067663
-0.04655192
-0.04486439
-0.01464279
0.02954096
0.07994605
0.05196546
-0.002591681
0.02670264
0.04012469
-0.07382987
-0.08847289
-0.09919322
-0.01999112
0.1200162
0.2773777
-0.08999871
0.07832615
0.1966444
-0.2130184
-0.06826687
0.01742904
0.05699641
-0.08470885
-0.04269177
0.02472181
-0.08201203
-0.01088365
-0.08903758
-0.06623466
-0.01650016
-0.09181227
0.0708764
-0.06056194
0.08073917
0.03119496
0.0007523248
0.09110558
-0.03311351
-0.07265704
0.02812258
-0.003176326
-0.02472457
0.003789844
-0.000494555
-0.01665694
0.02863525
0.02742066
0.1026683
-0.02196865
-0.06136847
0.01211326
-0.05562534
0.08595662
0.06912734
0.1385383
0.130545
0.1035455
-0.1897114
-0.1555219
0.06783237
0.0594711
0.1891692
0.03354134
-0.04819803
-0.2746447
-0.04616829
-0.001792055
-0.02044161
0.04562803
0.007525749
0.0127578
0.03298188
-0.02755553
-0.04571714
-0.01762147
0.07153013
0.151261
-0.04930549
0.02419796
-0.2116598
-0.04289457
-0.02698607
-0.09988806
-0.006492773
0.04444524
-0.1119329
-0.0669477
0.0007132625
0.1305685
-0.05773424
0.1710987
-0.08753128
-0.02081278
-0.001877353
-0.05498302
-0.006900828
-0.03592202
-0.05527147
0.2466636
-0.06129519
0.09166924
0.07578709
0.03248753
0.03115656
0.0382
0.03376121
-0.08908234
0.08788884
0.0121769
0.09718852
0.02383811
0.03408873
-0.0335
-0.04123696
-0.07326327
0.002977158
-0.1038253
0.01028837
-0.06571452
-0.04110542
-0.1242143
-0.0004096838
0.09463151
-0.07546897
0.2299653
-0.05851099
0.03671673
0.003501818
-0.1363802
0.1151015
-0.1633657
0.01978494
0.07388616
-0.001598126
-0.03393043
-0.0151318
-0.09435106
-0.00163044
-0.1254416
-0.1495718
-0.1391592
-0.1309249
-0.1313006
-0.1051846
-0.05471969
-0.04826224
-0.04008105
-0.01710671
0.003103883
0.03544793
0.04531639
-0.02019127
0.01432479
-0.09695546
-0.06850135
-0.0571407
-0.09339738
-0.05613025
0.02586606
0.07229603
0.05661069
0.08146574
0.04464981
0.008330726
-0.001995262
-0.03917055
-0.05237578
-0.01555712
-0.06780221
-0.05097262
-0.005210632
-0.005855958
0.006516735
0.03399646
0.08190678
0.01227122
-0.04468112
-0.000995762
0.02021111
-0.01330978
0.02584327
0.005634831
0.04160244
0.02158984
0.001762638
0.01330673
0.01611974
-0.01004248
-0.02878192
0.01552674
0.003499325
-0.006077698
0.03627975
-0.02424202
-0.1261723
0.005214988
-0.01015501
-0.07305058
0.007946846
0.03200788
0.03715014
0.005173808
0.0367912
-0.03628521
0.006760097
0.0493899
0.05174008
0.02614879
0.01162877
-0.009310165
-0.008411294
0.04331958
0.07410028
-0.01913711
0.03655767
0.06939273
-0.02732285
-0.01387812
0.009819708
-0.05017832
-0.04224806
-0.05564549
-0.001846592
0.02725597
-0.03385723
-0.01731003
0.02791942
-0.02221976
0.04399478
0.02068903
0.1223855
-0.02238955
0.0143803
0.1115657
-0.05168856
-0.00873205
0.01262572
0.06069936
0.08263668
-0.009423306
-0.04148509
0.04473948
0.04028041
-0.0658995
-0.05853106
0.01609115
-0.04457745
-0.09447502
-0.02967076
-0.001977182
-0.07382983
-0.05292821
0.054256
0.01537695
-0.004224611
-0.03709188
-0.01380941
-0.0423426
-0.01835005
-0.06037824
0.02066913
0.006962849
-0.02185838
0.01824589
0.1316404
-0.04704056
-0.09833736
0.06048792
-0.01045749
-0.09278639
0.1048816
0.0223894
-0.115357
0.02264894
0.01630631
0.03243622
0.00720131
0.00367167
0.06458811
-0.04598233
-0.01051433
0.07411978
-0.09844367
-0.06885206
-0.04939887
-0.04112845
0.02950467
0.009282146
-0.006785614
0.1058543
0.09062584
0.009848982
-0.04632838
-0.08255797
0.007417573
-0.02619697
-0.07215533
0.005488937
0.02284583
-0.0009100027
-0.0786569
-0.0923497
-0.07124862
-0.02494827
-0.05563139
-0.05319305
0.02502606
0.04025097
0.01792899
-0.06591456
-0.152603
-0.1108659
-0.1190556
-0.1418208
-0.03276356
-0.08670265
-0.05345595
-0.1034615
-0.1295524
0.06182614
-0.08275962
-0.01412179
0.1795546
-0.01068191
0.02950486
0.1135297
-0.01188815
0.01091925
-0.06549808
-0.02008101
-0.01167951
-0.1032492
-0.06853336
-0.04201086
0.00375753
0.01420829
0.08356073
0.0303231
0.1042752
0.03400424
0.1138878
0.07227802
-0.01046961
-0.01043767
-0.1115369
-0.04542163
-0.05007721
0.08610342
0.02104888
-0.05687078
-0.2074752
-0.1074439
-0.01460661
0.02848852
0.02311416
-0.04575932
-0.001468114
0.07006183
-0.00816945
-0.007794071
-0.02655747
0.005610331
-0.04781929
0.08526538
0.04444387
-0.09081957
-0.08911955
-0.04573437
0.09338453
-0.06481142
-0.141977
0.005162373
-0.008254867
-1.76585e-05
-0.1220335
0.08502385
0.2347272
-0.0797767
-0.03970946
0.1143098
-0.04730484
0.08651681
-0.1604146
0.0332605
0.2486155
-0.156899
0.2014481
0.1208055
-0.1981056
0.06980229
0.04939931
0.07503238
0.1026981
-0.1648348
-0.02176117
0.1467567
0.0373654
-0.03965886
0.07045253
-0.04596328
-0.1692262
0.02150209
-0.04308457
-0.02031341
0.02387227
-0.08104838
0.04887028
0.02356177
-0.1033071
0.1943209
0.09379449
0.05158769
0.3723765
-8.265595e-05
-0.00837146
0.2443324
0.1041127
-0.02788381
0.01175427
-0.1306285
0.03029851
0.1429733
0.05148399
-0.05524047
0.124336
0.1680985
-0.006453828
-0.08073182
-0.05237795
-0.02150045
-0.08887085
-0.08836453
-0.07376437
-0.1064596
-0.09976757
-0.01412546
0.04310269
0.0244077
0.04542778
-0.04455206
-0.01445042
0.003640339
0.04387666
0.03799334
0.02681548
0.04989257
0.04442572
0.03720552
0.02438361
0.0469775
0.03672386
-0.01614138
0.01471099
0.1069103
0.1108104
0.04265613
0.1322088
0.06032198
0.01202001
-0.02488866
-0.06996164
-0.02674626
-0.004626617
-0.07263567
-0.1604145
0.09095638
0.05178613
-0.1373811
0.1041646
0.09191918
-0.08853151
0.001254219
0.04566551
0.04037625
-0.02695825
0.001148011
0.01811874
-0.04532591
-0.05093804
-0.0289757
0.07703663
0.1460241
0.09025469
0.0698471
0.07585252
-0.06989186
0.004188132
-0.09771428
-0.2056348
0.03055234
0.01446643
0.0387859
0.05141506
-0.002849555
-0.04471799
-0.02321876
0.02590394
0.01032105
0.02597427
0.06502578
0.06674714
-0.03621471
0.03064163
0.07621616
-0.0599375
-0.01194341
0.01862997
0.0355787
0.0553827
0.02895199
0.06150571
0.06672335
0.007945064
0.1047211
-0.002913564
-0.06268316
0.147961
0.00131908
-0.1458278
0.1317433
0.02651607
-0.09180247
0.07671057
0.02784988
0.01021386
0.05398044
0.007801652
0.006293953
0.1193526
0.05003812
0.02678664
-0.03244374
-0.03792317
0.03559042
0.01733865
0.05990057
0.0857567
-0.07959152
-0.1032876
0.0277952
-0.1184393
-0.1617138
-0.07979439
0.1812333
0.09551745
-0.059363
0.1513477
0.07909324
-0.07970019
0.1147175
0.0383124
-0.02332203
-0.05689902
-0.003497196
-0.1473268
0.05077397
-0.02082659
-0.1429628
0.004434071
0.02750986
-0.2200747
0.05847816
-0.04949147
-0.09747159
0.03109929
-0.09695166
-0.07073002
0.007369755
-0.0869676
-0.03262295
0.133259
0.05766027
0.02076397
0.1083462
0.05041827
0.04874896
0.05868406
0.04645763
0.09660819
-0.02979574
0.004417216
-0.006074616
0.01774839
0.004088366
-0.02136925
0.04391108
0.03072357
0.001592673
-0.01726131
0.01863127
0.03724311
-0.06845421
-0.05669077
-0.03166373
-0.1032208
-0.1272321
-0.1048266
0.01206044
-0.01517282
-0.01995923
-3.576662e-05
-0.02608481
-0.04134964
0.03169672
-0.04431207
-0.01481001
0.09207909
0.07054308
0.07707428
0.07927169
0.08725437
0.07765396
0.06565378
0.01075002
0.07385816
-0.004733342
0.004675336
-0.001072116
-0.0006674773
0.00396665
-0.00236796
-0.08435059
-0.0619587
-0.07985421
0.04537999
0.05702319
0.07044526
0.105844
0.07282425
0.06404465
-0.01654856
-0.01230682
-0.07327464
0.03116888
0.03705794
0.01030928
-0.01481861
0.04523554
0.09025618
0.0248625
0.08244187
0.04456185
-0.01252893
-0.05299259
-0.0827291
0.006661325
-0.03222638
-0.04221024
0.03300494
-0.0122418
-0.02578269
-0.08227894
-0.1806797
-0.1161503
-0.09904489
-0.124558
-0.1291071
-0.03487625
-0.04524228
-0.08644884
0.07640035
0.01347018
0.02638725
0.03722915
0.03629807
0.05665956
-0.00259858
0.05992379
0.05204555
0.03118196
0.04990971
-0.07708529
0.01878465
0.04512191
-0.06839696
0.001436297
0.06868745
-0.04705688
-0.01847951
-0.01759627
0.006539605
-0.00898973
0.01942455
-0.01165455
-0.02669784
-0.01988929
-0.05394068
-0.00836008
-0.00382454
0.03548919
-0.04511325
-0.01056449
0.03874786
-0.1034796
-0.04831648
0.01574836
0.132459
0.066246
0.05096659
0.0594349
0.08028282
0.06990464
0.03661795
0.08731089
0.07820469
0.0518253
0.05602338
0.0175949
0.0855284
0.05111611
0.02697889
0.07488389
0.04075604
0.04918683
-0.03130531
-0.03699666
-0.01635184
-0.07721059
-0.05657878
-0.01290596
-0.1105997
-0.08951285
-0.03039758
-0.01223508
-0.04076702
-0.04388757
-0.03992926
-0.04896347
-0.06802681
-0.02152518
-0.0348105
-0.02686067
-0.03173057
0.01487308
0.03075429
-0.003548808
-0.04167084
-0.02682177
0.01515144
-0.06380617
-0.09619327
-0.01422709
-0.09802449
-0.1489622
-0.03969087
-0.1372827
-0.108247
-0.09283485
-0.1941617
-0.1104298
-0.05376141
-0.1521975
-0.07736965
-0.006474368
-0.0350359
-0.08744831
-0.02675362
0.04024944
0.001489677
0.09491673
0.1156025
0.08803782
0.0785862
0.07216527
0.06429613
0.02375916
0.03635346
-0.008159181
-0.01506863
0.01281264
-0.01120196
-0.03145412
-0.09507732
-0.1362448
-0.03526294
-0.09875927
-0.12787
-0.03414433
0.01010438
-0.04411009
-0.04718398
0.02466897
-0.01411317
0.06202749
0.0424865
-0.02913196
0.00470616
-0.02215156
0.01851171
-0.03223404
-0.02031828
-0.001769099
-0.007097818
-0.007876455
0.009099499
-0.04838328
-0.1184115
-0.07037545
0.03228689
-0.08650111
-0.1081184
0.1242132
-0.006260033
-0.1420296
-0.08762491
-0.1886468
-0.1401491
-0.07712704
-0.1598332
-0.07834908
-0.1276111
-0.01419412
-0.01133004
-0.04100466
-0.05206345
-0.09667773
-0.003314468
-0.1053795
-0.1262494
0.01291074
-0.1040741
0.03959988
-0.05384125
-0.0335065
-0.02153797
-0.09388839
-0.04998847
-0.08159763
-0.03371682
-0.05203683
-0.04914908
-0.02459588
0.02495191
0.05732856
-0.0203614
0.008409751
0.05703178
-0.04235721
-0.005737068
0.07205825
0.08823716
0.009972214
0.009404578
0.1020616
0.05444589
0.03050378
0.03877266
0.06932704
0.06080884
-0.01057511
-0.06057061
-0.08581676
-0.004817624
-0.08700853
-0.06311126
0.01471211
0.03268383
0.012283
0.003594982
0.02266678
0.04280214
-0.01710649
0.02747085
0.03674997
-0.03382108
0.006910968
0.01897994
-0.08571589
-0.04473371
-0.008140204
-0.06938814
-0.06618534
-0.0623888
0.006439212
-0.04873894
-0.04040006
0.1423498
0.113012
0.04936307
0.05080996
0.02132306
0.03347446
-0.08043493
-0.1162714
-0.1068026
-0.1123203
-0.01459952
-0.03566909
-0.01397714
0.02884806
-0.03902389
0.0574325
0.05827658
0.05525192
0.08192097
0.09561531
-0.01110878
0.01641787
0.0756928
-0.04291403
0.001884465
0.03583692
-0.0579682
0.005006233
-0.02769055
0.02559464
0.04892967
0.04863705
0.04421701
0.01609469
0.01081033
0.02153891
-0.02186715
-0.003474497
-0.08939926
0.1248656
0.1081307
0.05130985
-0.004972631
0.008116317
0.08220754
0.09256092
0.09963768
0.03817419
-0.0002201532
-0.0442972
0.07980667
0.1237905
0.2179083
0.01829748
-0.01919935
-0.003185463
0.01157956
0.0004777599
0.02011396
0.03721862
0.006830997
0.03008214
0.04047884
-0.07375669
-0.08527128
-0.1877116
-0.01280703
0.1205731
-0.036851
-0.009407291
0.07372137
0.12613
-0.05719831
-0.02106282
-0.01030314
-0.003877185
0.06294237
0.02969438
-0.04063892
0.1161229
0.05175141
-0.05459306
0.05755519
0.04091189
0.001793863
0.06253702
-0.006626126
0.0113933
0.00670386
0.02553426
-0.07596958
-0.06180635
-0.1166127
-0.06132847
0.01395275
-0.00734739
-0.03834743
-0.02473847
-0.0001095883
-0.07195216
-0.03821148
-0.05107382
0.1010147
-0.0259874
-0.02700633
-0.01101799
0.1201536
0.0178805
-0.07022548
0.01226559
-0.04976033
-0.1149168
0.06130999
-0.04837879
-0.1166678
0.0468104
-0.07863633
-0.06433105
0.03011398
-0.003989032
-0.03421292
0.05927026
0.006245163
-0.04073159
0.05643335
-0.01650574
-0.01512787
-0.02621468
-0.03813828
0.002943544
-0.02227986
-0.02023058
-0.001838733
-0.03427948
-0.03300894
-0.0119889
-0.01185661
-0.02783258
0.001236016
0.03585102
0.01227346
0.05197772
0.0645396
0.0586021
0.05720071
0.02383287
0.09026343
0.08962157
0.06602815
0.06453006
0.02607258
0.06320103
0.08073328
-0.01927149
-0.02156072
0.03683823
-0.004463842
-0.07949667
-0.05073753
-0.003265066
-0.02658584
-0.06679503
-0.07517594
-0.0576181
-0.05010044
-0.07694346
-0.1213665
-0.1010671
-0.04240473
-0.08476012
-0.1061888
-0.07049099
-0.06112371
-0.02581395
-0.0744037
-0.08307492
-0.07436384
0.0463854
0.001573896
-0.02955123
0.03523852
0.02947337
0.003279273
0.02789897
0.001425287
-0.03071644
-0.003272603
-0.03607659
-0.0006003362
-0.07087912
-0.1011051
-0.09611889
-0.09379344
-0.05688963
-0.0020524
0.01720678
0.001718208
-0.004215537
0.02936637
0.04198067
0.05494865
-0.001429658
-0.03556516
-0.06841485
0.04282674
-0.01061853
-0.03565025
0.01075745
-0.07193477
-0.1184441
-0.07362478
-0.006266701
0.007706826
-0.0635438
0.0348872
0.117069
-0.1097566
-0.1360028
-0.06232238
-0.1276855
-0.1210904
-0.1002875
-0.1788094
-0.1895868
-0.1066177
0.002747562
-0.06698619
0.01658704
0.01905581
-0.0003234737
-0.01697897
-0.03748107
-0.02459964
-0.04793351
-0.07436939
-0.021651
-0.004466175
-0.02583735
0.1130786
0.1412027
0.0001585846
0.07567418
0.06855911
0.002469166
-0.04752529
-0.1260155
-0.1032698
-0.07035802
-0.03306691
-0.04330286
-0.04177708
0.03217889
-0.2045601
-0.1275526
-0.2210266
-0.2561241
-0.3314685
-0.2527343
-0.2671683
-0.302499
-0.2728966
-0.2387479
-0.2064192
-0.1060326
-0.3018157
-0.1889174
-0.183839
-0.3479063
-0.1754305
-0.150453
0.06967177
0.03703501
0.01781627
0.02261767
-0.05396004
-0.0216118
0.03079821
-0.01213673
-0.02450226
0.009370728
-0.002784697
0.006018412
0.01145945
-0.04045647
-0.08227131
0.02138661
-0.03071008
-0.02588301
0.04433341
0.0671882
0.09947785
0.01383609
0.02557184
0.1080039
0.07450194
-0.01598586
0.05681111
0.04308334
0.01808741
-0.1427815
-0.01332787
-0.06734737
0.02737254
-0.08402351
0.1448843
0.2023938
0.06422865
0.1857934
0.03307004
0.0231766
-0.04568711
0.0364213
-0.1254162
-0.2162139
-0.147945
0.03489385
0.002700587
-0.0289752
-0.1262955
-0.1399088
-0.1041537
-0.06390103
-0.00153638
0.08429801
-0.007461629
0.00849805
0.03095314
-0.169896
-0.08591217
-0.06243559
0.1239858
0.01709639
0.02382705
-0.1797048
-0.2013118
-0.001326072
0.1698841
0.3847961
-0.04145797
-0.2058964
-0.3607735
-0.1503696
-0.1514389
-0.08046898
-0.02584122
-0.1306042
-0.00553374
-0.06380436
0.02163981
-0.004134083
-0.02252594
-0.02241253
0.009426307
0.0009409068
0.1478653
-0.148275
0.1182711
0.1711782
0.276398
0.02099658
-0.04295976
0.1022549
-0.02693038
-0.03442214
0.09674951
0.04569636
0.1542296
0.008518388
0.1307279
0.1402143
-0.006626971
-0.04566159
0.05278224
-0.05632197
-0.05278727
-0.08135229
0.038334
-0.1437832
-0.1259821
-0.1910971
-0.1442917
0.1604459
-0.02705166
0.09454409
0.08214565
0.2838371
0.1097293
0.1236847
0.04869759
-0.03497596
-0.1553265
0.03388729
-0.07731575
0.2502783
-0.03431118
-0.07383658
0.02298176
0.0690171
-0.08119678
0.03477448
0.2267374
0.05049274
0.04143038
0.02375172
0.2308104
-0.06463442
-0.04228526
0.005607498
-0.05003071
0.1225751
0.1280389
0.0804892
0.03313074
0.08915173
0.008294834
-0.009484745
-0.06508451
-0.01942692
-0.05305838
-0.04272495
-0.05771712
-0.04807847
-0.03274839
0.0828166
0.05906719
0.04290655
0.01641949
-0.0431265
-0.01792845
-0.1196065
-0.0584319
-0.07470538
0.01141643
0.1054637
0.043607
0.01018121
0.03871267
0.06424909
-0.1102099
-0.1076942
-0.06317542
-0.05997344
-0.02419975
-0.07095002
0.06662966
0.001534602
-0.01724037
0.04833592
0.0164142
-0.06767888
-0.0212066
-0.1056044
-0.003202702
0.007492823
-0.05574965
0.009632153
0.06081411
0.006405068
0.059531
-0.07120921
-0.03695955
-0.01293731
0.06272153
0.06697975
0.1239319
-0.003290916
0.01420607
0.01296921
-0.09726433
-0.03947856
0.01752141
0.02572541
0.05751321
0.1092158
-0.1176373
-0.1245624
-0.07298864
0.05029867
0.08933479
0.07624016
-0.3245974
-0.3849574
-0.3497028
0.1995235
0.3374568
0.1625183
-0.02359828
0.05653851
-0.006001567
0.04530029
0.0434917
0.07056303
-0.03705291
0.03993338
0.007544356
-0.1070382
-0.08772124
-0.07473897
0.04092936
0.166254
0.1679641
-0.03496458
-0.1479244
0.03440956
0.04060194
0.07228755
0.0998956
-0.1318747
-0.07767206
-0.03033404
-0.01272423
-0.02722241
-0.01241095
-0.07095481
0.01685691
0.04654178
-0.04812608
-0.008448252
0.0273409
-0.0333173
0.04841109
0.00817778
0.02193648
0.09348564
0.05768105
-0.133065
-0.05749473
-0.03425118
-0.03360059
-0.02133836
-0.05681983
-0.03574862
-0.09484109
-0.1062058
0.1057477
0.1042931
0.05413911
-0.09323846
-0.006207088
0.008450932
-0.01920797
-0.01735046
-0.02078715
-0.004361351
-0.1460245
-0.05996019
0.03044912
-0.001617467
-0.135868
0.01243683
0.0149588
-0.008089532
0.01216228
-0.08956295
-0.08524106
-0.05135966
-0.08661342
-0.05300722
0.003536969
0.01498157
-0.04667323
-0.0408456
-0.07644983
-0.09336317
0.005590374
-0.01311333
-0.01137094
-0.1941253
-0.1428112
-0.1410405
0.009825008
0.02437646
0.04593162
0.08079144
0.07335985
0.1009948
-0.07349809
-0.07768487
-0.03363946
-0.01352528
0.02067317
0.07688568
0.08115271
0.08158684
0.0933632
-0.08850738
0.06838187
-0.02134674
-0.1251256
0.1696575
-0.02292381
-0.0863435
-0.06804609
0.04941264
-0.02517107
0.05364563
0.04514984
-0.05483154
0.038441
0.05654417
-0.08697359
-0.02561206
-0.1622432
-0.03913941
-0.02170255
0.06645504
-0.06355276
-0.01589875
0.1325116
0.03057923
0.0784003
0.07517366
0.00530386
0.05814168
-0.005938364
0.1488117
0.03865171
-0.03694962
0.1467472
0.07003874
0.05760645
0.0147417
0.1254604
-0.08423827
0.006274816
-0.1016939
0.04861391
0.05729407
0.1240943
0.05821161
-0.0223013
0.06097439
-0.04534706
0.02676888
0.04401745
-0.01778064
-0.004481404
0.05180482
0.03602933
-0.147227
-0.2828125
-0.1419472
-0.08650779
0.2399019
-0.2122476
-0.01180814
0.05718817
-0.01631134
-0.04552193
-0.06618511
0.04258798
0.1872251
-0.1944723
0.09484114
-0.0757065
-0.05641329
0.01059293
-0.1618855
0.03170998
-0.1824766
-0.2049692
0.2735288
-0.3665416
-0.04983644
0.05266703
-0.2420237
0.08123851
-0.04091786
-0.1567715
7.326157e-06
0.2020154
-0.1660013
0.02736654
0.1378607
-0.005716787
-0.1859956
-0.05136769
-0.1453692
-0.0134469
-0.08044335
0.009088009
0.1258105
0.05304047
-0.03574108
-0.03727859
-0.03035077
-0.133736
-0.1071113
-0.04901138
0.170001
0.01091759
-0.07556608
-0.007475509
-0.07926632
-0.009891839
0.1407026
0.01293414
-0.05124082
0.1544206
-0.02380282
-0.01305559
0.120223
0.1033743
0.1196389
0.1605375
0.01392923
0.009945852
0.03128545
0.04851465
0.0366535
0.01512065
0.02674901
-0.02476429
-0.04956757
-0.07224719
0.01199036
0.05261295
0.04898021
0.1090506
0.04454646
0.01625059
0.01157832
-0.009030723
-0.09906942
-0.06336125
-0.03656244
-0.1177037
-0.04422027
0.1107066
-0.09888916
0.05106741
0.1389671
-0.09013788
0.1322105
0.01283014
0.09796492
0.1340903
0.01018554
-0.1049414
-0.03935349
-0.01817448
-0.02907905
-0.07530716
-0.04777116
0.07292472
0.02410952
-0.07299589
0.01070935
0.006575141
0.0336865
0.01488007
0.0553801
0.08706878
-0.1049721
-0.1679348
-0.1162513
-0.09488323
-0.06605463
0.00940361
0.08852243
0.09675049
0.165696
-0.1631293
-0.002392261
0.08237384
0.1997622
0.2802168
0.08163376
-0.1805068
-0.178729
0.07301326
0.1340144
0.0209228
-0.03743162
0.1441803
0.06001848
-0.05870588
0.0744405
0.03821926
0.09211683
0.08141487
0.0698407
0.09893703
0.0235034
-0.2202443
0.01691668
0.1955932
0.06035371
-0.1334775
0.05760493
0.2075927
0.1404578
-0.1851621
-0.05171695
0.04669852
-0.02695669
-0.1119337
-0.05654866
0.05413265
0.1265052
0.04983795
0.03461607
-0.04516188
-0.08656561
-0.01098258
0.0661057
-0.1490071
-0.01912406
0.0911729
0.02127512
0.06243043
0.04454339
0.02928738
-0.06489152
0.05105097
-0.05755413
-0.03244424
-0.06378828
0.04397296
0.008720402
0.07537504
0.06713706
0.1435577
-0.0654309
0.09753772
0.1509624
0.08644865
0.08022243
0.02717435
-0.009759264
0.1337912
-0.06154469
-0.23129
-0.08479723
0.1456791
-0.04859366
-0.107312
-0.1303876
0.1097686
0.05300936
-0.009756513
-0.006241668
-0.05948072
0.02347459
0.1611832
0.07705747
0.006595883
0.009927104
-0.03130968
0.007961868
0.003992484
-0.05519345
-0.06558216
-0.09054267
-0.07229563
-0.01047573
-0.0134921
-0.0621863
-0.02876175
-0.005786392
0.002954834
0.1172762
0.05331281
0.03987004
0.04316539
-0.04005462
-0.03527281
0.01277404
-0.1036758
-0.1070275
0.04438491
0.1145724
0.009625478
