5.902490e-02
-3.493002e-02
8.116604e-02
-1.451667e-01
1.597994e-02
-1.106011e-01
1.612406e-03
1.703460e-01
8.051747e-02
-2.147034e-02
-2.656983e-01
1.578660e-01
-6.925897e-02
5.986592e-02
4.886986e-02
3.774881e-02
-2.491819e-01
-1.547993e-01
-1.517517e-01
-2.160487e-01
7.363243e-02
-1.242612e-02
-1.951480e-01
-3.201339e-02
-3.131672e-01
-1.564880e-01
-4.118631e-02
-4.260345e-01
-1.693571e-01
-1.638166e-01
-1.925988e-01
-7.367864e-02
-2.398035e-01
-2.012445e-01
-1.526477e-01
-3.709825e-01
-1.309997e-01
-2.446330e-01
-1.982297e-01
-5.176109e-02
-1.962746e-02
8.245621e-02
-1.629810e-01
-9.411573e-02
-1.930376e-01
-1.780337e-01
-1.490062e-01
-9.970148e-02
-2.279195e-02
-1.699509e-01
2.870130e-02
3.547184e-02
-4.118798e-02
5.039179e-02
-2.314525e-02
-1.037324e-01
-1.672842e-02
-4.673680e-02
-4.826996e-02
-3.613672e-02
-3.168931e-03
-1.133480e-01
2.052774e-02
4.320825e-02
