16 16 3
0.09178639
0.0605114
-0.03348574
0.05959538
-0.1041241
-0.09703674
0.03428012
-0.1488124
-0.1234168
-0.04973936
-0.07241049
-0.05622334
-0.1146424
-0.209021
-0.1914097
-0.01181562
-0.1528898
-0.09904323
0.003780691
-0.001735575
0.0001773494
-0.0007216421
0.0008177981
-0.001963377
0.003047842
0.0006573402
0.002952603
-0.06385023
-0.001777271
0.04292817
-0.02708336
-0.08800877
-0.05187127
0.03392038
-0.07535999
-0.06120142
-0.07735519
-0.03551429
0.01234731
-0.06424712
-0.08331838
-0.05496904
-0.07934196
-0.08818602
-0.1156941
-0.09667926
-0.1460543
-0.02251106
-0.02363298
-0.103557
-0.03582618
-0.07335427
-0.1004641
-0.06337837
-0.08117556
-0.03986824
0.03179019
-0.02716531
-0.002413179
0.05857045
-0.07344905
-0.002627084
-0.01480461
0.0861213
0.05465166
0.02487967
0.07377725
0.04336347
0.06551585
-0.03815861
-0.07829581
-0.08490426
-0.006368516
-0.02227236
-0.005336147
0.02399107
-0.016557
-0.009947147
0.05674469
0.009165907
0.004995547
-0.08128441
-0.06112416
0.01960498
-0.01524128
-0.08237451
-0.02428673
-0.02653624
-0.1131408
-0.1232246
0.05784619
0.03449662
-0.0592673
-0.03628334
0.02210266
-0.110783
-0.02601518
-0.04626642
-0.07676866
0.1015318
0.1189004
0.1616887
0.07229334
0.09973818
0.1018018
0.02383532
-0.01352695
-0.03193778
-0.003708794
-0.08600049
-0.09460994
-0.03315929
-0.03131016
-0.1408216
0.03174966
0.01368627
-0.08054844
-0.09744754
-0.108807
-0.08652034
-0.05675396
-0.09761746
-0.07190507
-0.04873279
-0.08710704
-0.05568308
-0.00217273
-0.003764097
0.00281375
-0.0008629321
-0.001784019
-0.002273277
-0.002601189
0.001134717
0.002823378
0.004930094
-0.07245319
-0.0624661
-0.09961884
-0.08609487
-0.1198078
-0.02309502
-0.06082721
-0.07286786
0.0214636
-0.0269362
-0.05091467
-0.09248112
-0.02666788
-0.006906236
-0.09996484
0.0517556
0.01612776
0.004861178
0.1209787
-0.1822491
-0.03027938
0.1175154
-0.1309335
-0.01264702
0.1554363
-0.08634659
0.0003662956
-0.002606909
-0.0001911016
0.002015214
-0.0008467984
-0.001381287
0.001895097
-0.0001413714
0.000274182
0.04188528
-0.03669081
-0.05546335
-0.07511541
-0.08083835
-0.03491092
-0.0228042
-0.03833034
-0.007599514
-0.018231
-0.1551765
0.02931669
0.06600077
-0.1295931
-0.08088247
-0.1007787
-0.1530543
-0.1373513
0.03571931
0.05615038
0.008617497
-0.002228983
0.04488334
0.0283381
0.02504762
0.05329594
0.03036204
0.07943923
0.1272405
0.02068854
-0.01094774
0.08422388
-0.01212616
0.02414392
0.044751
-0.0494895
0.006938011
0.004005471
-0.006211231
0.03449956
0.08528049
-0.01397048
0.05366169
0.03968381
-0.04041879
0.005970978
0.06832557
0.05683685
0.0008177109
0.06075152
0.04980048
0.01136942
0.05755366
0.04256848
-0.01819265
0.1107636
0.01160281
-0.0268664
0.04441809
-0.06917143
0.005088174
-0.01801134
-0.04377259
0.004046123
-0.02469978
0.168185
0.04241297
-0.1183664
0.06944144
0.05753604
-0.06938905
0.1262394
-0.01021521
0.05079889
0.0002523742
-0.005760568
0.06560021
-0.007245512
-0.01222283
0.01263923
-0.02733486
-0.08349338
-0.05458358
-0.04247363
-0.02383116
-0.07510182
-0.0102032
-0.02750133
-0.07020294
-0.06806003
-0.008779746
-0.01434843
-0.06768232
-0.008888439
-0.01115507
-0.02290061
0.02214295
0.002332299
-0.005600019
0.002343074
-0.002006517
0.001807353
5.211931e-06
-0.0007149963
-0.0007579133
0.0007318152
-0.0009026485
0.001599612
0.06360519
-0.1006208
0.03560697
0.1416555
0.01598787
0.05279726
0.02931832
-0.09008665
0.04558244
-0.03345227
0.101829
-0.08768373
-0.1721376
-0.01278815
-0.02557185
-0.07038351
-0.006589143
0.02049075
0.02014798
0.1563391
-0.009600671
0.126746
0.2432172
0.09910467
0.04980632
0.1468037
0.04715243
-0.0005342499
-0.001594136
-0.002096466
0.0002675015
0.002162969
-0.002534811
0.001759761
0.001235139
0.002263144
-0.1254586
-0.06297072
-0.003906147
-0.07856145
-0.05470555
0.07238873
-0.05568193
-0.006091187
0.0642769
-0.06278906
-0.1024519
-0.07847305
-0.0217271
-0.006189195
0.07255386
-0.02074893
-0.02785588
-0.04114949
-0.07664968
-0.09285932
0.1032538
-0.09410018
-0.04322286
0.1131698
-0.03146863
-0.02859817
0.0346728
-0.02565656
-0.02372914
-0.0224924
-0.03472883
-0.001685802
0.113388
-0.07512835
-0.08637144
0.06291875
-0.05166753
-0.0004328443
0.02010494
-0.0726726
-0.0560458
0.04389626
-0.1070608
-0.05716566
0.002836181
0.02352132
0.03626052
0.01733512
0.02409192
0.05235795
0.09785664
0.01426964
0.07344667
0.1314778
-0.03487327
-0.05549197
-0.049675
0.04952659
0.0636044
0.009248536
0.05817098
0.02740806
0.02197563
0.01722587
0.01891384
-0.03258969
0.04297916
-0.05812641
-0.1323593
-0.01362097
-0.0923451
-0.1793053
0.04688977
0.09252797
-0.0124018
0.004594522
0.0330143
-0.0250736
0.030738
0.02892333
-0.04417508
-0.06102395
-0.05156125
-0.06909742
-0.04316268
-0.008375711
-0.04104795
-0.01088046
0.02147457
0.03834378
-0.02709865
0.0215109
-0.03418399
0.02246625
0.1077784
0.09121729
0.03106984
0.06609578
0.05891656
0.003374215
0.0001401762
-0.0004264024
-0.001096637
0.002843354
0.002195013
-0.0004858973
0.001134789
-0.003271208
0.1119457
0.002174604
-0.01938894
-0.005278057
0.06506921
0.07480356
-0.01881579
0.03415033
0.05596237
0.004046593
0.01238655
-0.00568125
-0.008155924
0.05719858
0.0004166374
-0.005600844
0.01638198
-0.03486365
0.1359176
0.01006856
0.06567359
-0.1860093
-0.2613091
-0.1971677
-0.1018355
-0.1641252
-0.1297445
-0.001194691
-0.001326613
0.002306049
0.001118086
0.001000923
0.001391383
-0.001140197
0.001350104
0.00107143
0.01878993
0.01767102
-0.0786534
0.002243272
-0.02794843
-0.07594471
0.0004584901
-0.02383508
-0.01347344
0.1023025
0.09847766
0.01134915
-0.07600725
-0.05694108
-0.04895734
-0.003986695
0.05462018
-0.03044545
-0.02357535
0.007644259
-0.02345841
-0.03960145
0.02831589
0.04428338
-0.06728713
0.06793024
0.03478717
-0.02396103
-0.001377023
-0.04108547
-0.04230385
-0.01991761
0.01035869
0.05587946
0.03022713
0.01961067
0.002050919
0.05610342
0.02733153
-0.07987878
-0.01681807
-0.06757314
0.001179041
0.005568544
-0.009649146
-0.02892963
-0.03717842
-0.0629701
-0.02189107
-0.004572959
-0.01000916
0.02231708
0.04974043
0.05523482
0.000365148
0.05525226
0.09985895
-0.0106693
-0.03845565
0.005726182
0.04882305
-0.01084615
-0.00258931
-0.01298178
0.01151931
0.0482633
-0.1205537
-0.06737496
0.06553855
-0.08390607
0.05536227
0.08795935
-0.05402365
-0.07170883
-0.04605922
-0.02910276
-0.05295608
-0.01233117
0.01456395
0.01308144
0.05365424
-0.00479056
0.00750286
0.02183527
0.02064822
0.01317761
-0.01442243
0.06370487
0.01482727
-0.04836806
0.1291855
0.1053669
0.09611995
-0.07076608
-0.08578669
-0.09923901
-0.05227706
-0.08299596
-0.08969034
0.00219489
0.002316151
-0.001332894
0.001698424
-0.0001374344
-0.003571712
-0.002855682
-0.0009461328
-0.0001389886
0.08498061
0.08700278
0.0532398
-0.1274615
-0.1014686
-0.08299618
0.05667295
-0.006037342
-0.03552811
0.01489228
0.008463159
0.1163181
-0.1515117
0.1898699
-0.1253146
-0.04276215
-0.1285059
-0.06589128
0.05844497
-0.1013893
0.223225
-0.03809619
-0.1321138
0.0780905
0.1158438
0.07081728
0.2553042
-0.0009034956
0.001344911
0.001970507
-0.002995015
0.0008481418
0.0005006675
-0.0003279391
0.0009707052
-0.003161742
0.08343338
0.1833394
-0.0122461
0.09261978
-0.02215077
0.01082166
-0.04466683
0.04300989
0.04349985
-0.0211303
0.05284085
-0.01179663
-0.02875326
0.1015445
0.02809911
-0.07059826
-0.0380212
-0.113433
-0.06172716
0.125926
0.01550001
-0.01841289
-0.02909369
0.05864728
-0.0912255
0.01637683
0.07931871
-0.1794054
0.05775116
-0.0788452
-0.0209715
0.2164228
-0.110559
0.1361833
-0.03564614
0.1126054
-0.05479775
0.08574546
0.09996643
0.1256344
0.0586269
-0.1030727
0.03518116
-0.09483222
0.01318283
-0.03632616
-0.07874639
-0.08283545
-0.0137877
-0.06283735
-0.09178897
0.00925441
0.01051336
-0.009862828
-0.1453087
-0.03961261
0.06056901
-0.2006571
-0.1531651
-0.04746104
-0.1136876
-0.1520776
-0.01986425
-0.04774253
-0.1644797
0.04564429
-0.2477778
-0.1695057
0.3934424
-0.1493904
0.05266234
0.004133304
-0.1682542
-0.1798217
-0.0909608
-0.1743193
-0.2127512
-0.103209
-0.225076
-0.2357257
-0.1250186
-0.1384616
0.01556422
0.06748674
0.04323632
-0.1030413
0.05235488
0.03162
-0.009205063
-0.1039788
0.09686526
0.09844492
-0.02035666
-0.06262819
-0.06355445
-0.1338467
0.01432604
-0.03122601
-0.02601477
0.0003426752
-0.002258116
-0.0001041506
0.001181916
-0.002011302
-0.0001227724
0.001372673
-0.0002923618
-0.0006262188
0.1003636
0.03193331
0.1127536
-0.02413266
-0.061487
-0.02263461
0.04841506
-0.05407136
-0.1310186
-0.03604575
-0.001741554
0.02530563
-0.008384675
-0.01292123
-0.02059245
-0.05345132
0.01516619
-0.1005736
-0.03545129
-0.0155535
-0.03413314
-0.05346086
0.00364808
-0.01308367
-0.1113858
-0.07808899
-0.09000117
-0.002263031
0.001228473
0.0005792797
-0.0001882453
0.001393326
-0.001989817
0.001988425
0.0008870988
-0.0005390598
-0.09452457
-0.04791774
0.04325885
-0.03896252
0.04398757
0.1120381
-0.01390447
0.06733129
0.05344026
0.03556331
-0.006264394
-0.04668057
-0.01141502
0.02726009
0.026096
-0.02671608
-0.04572806
0.00267795
-0.09023862
-0.03926254
0.03322078
0.05293942
0.1000408
0.05743273
0.1375174
0.1147196
0.008770643
-0.0209852
0.03402419
0.05795565
-0.05306299
0.02098552
0.01967848
-0.06119521
-0.005337697
-0.03937196
-0.05246291
-0.01241517
-0.01440633
-0.104126
-0.01833819
0.01772971
0.03025204
0.06439158
0.07161694
0.01802557
0.00390763
0.02361651
0.007774863
-0.01503803
-0.006080376
-0.00916284
-0.007883053
-0.01536782
0.01479762
0.01450504
-0.1863615
-0.03434745
0.1029205
-0.004791114
-0.0993636
0.003450937
0.05965996
0.0497991
-0.02560062
-0.0189353
0.0323753
-0.02568613
-0.02301311
-0.01492526
-0.06581458
-0.03958448
-0.1426482
-0.06349984
-0.07244086
-0.09258336
0.04077024
0.01669939
-0.05032642
0.1100374
0.0699372
-0.08741525
-0.03691993
-0.07810317
-0.05898985
-0.05720224
-0.04914861
-0.02284262
-0.02712107
-0.02940209
0.02016784
0.03523512
0.03979692
0.03046745
0.05199896
0.04182629
0.01983617
0.02829773
0.005148786
7.908299e-05
-0.001520599
-0.001418125
0.001023857
-0.0008474021
0.0002079231
0.002725295
-0.002192016
0.003683666
-0.0356167
0.01304562
-0.05269464
0.04793808
0.07427806
0.056343
-0.009803066
0.03017769
-0.01152601
0.01578805
0.03903254
0.007204344
0.1181363
0.1278545
-0.1989413
-0.05029396
0.1025678
-0.18567
-0.08513463
0.006801276
-0.02518393
-0.01328237
0.05043663
-0.06455919
-0.09116872
-0.03117946
-0.1865472
0.0001776387
0.00167231
-0.0008537981
0.0004150534
0.001993193
0.002376477
-0.003242133
0.001040649
0.001039467
-0.05790774
-0.03815064
-0.005475127
-0.02162832
0.02483265
-0.02650842
-0.08849475
-0.01365529
-0.05600937
-0.01493408
-0.01418983
-0.09132732
0.125109
-0.02719346
-0.07195551
0.02641197
0.030376
0.02478832
-0.01152391
0.1696718
0.01297458
0.02923113
0.1225249
0.03169362
0.002751091
0.04297389
-0.02167439
0.08007787
0.08266622
-0.08030566
0.1071437
0.145058
-0.1741524
0.04175672
0.09576626
-0.0632567
-0.00940187
0.05823246
-0.06579536
0.07465566
-0.008302695
-4.632646e-05
-0.00362387
0.0226625
0.01695589
-0.04265668
-0.08523925
-0.06929523
-0.04723399
-0.08974386
-0.0930472
-0.02946058
-0.01870841
-0.05640691
0.02384614
0.09308864
0.09894196
-0.02058354
0.1215528
0.08819937
-0.06953991
0.003334036
-0.004844426
-0.03489048
0.03919406
0.04722346
-0.04576342
0.1381901
0.3039879
-0.1311208
0.0239262
0.1787232
-0.08843426
-0.05125218
-0.0619751
-0.04778351
-0.0426263
-0.06309947
-0.09467486
-0.046629
-0.086692
0.02581772
0.02540033
0.07264476
0.03413332
-0.02788335
0.03438129
0.04024354
-0.05101088
0.008128196
-0.02033987
-0.01500613
-0.005672802
0.03757345
0.04382403
0.02602827
-0.02913026
-0.02454496
-0.04076405
-0.0017938
0.001785203
-0.001244363
-0.001057821
-0.0008231809
-0.001898458
0.001356845
-0.000683845
-0.0007986311
-0.05008987
-0.07012201
0.01332023
0.127417
0.09587922
-0.01795602
0.1087003
-0.0220762
-0.02978904
-0.09121882
-0.03802516
0.1092948
-0.04174574
0.13768
0.167332
0.05143951
0.05688517
0.1438345
-0.03832641
-0.1449534
0.09633473
-0.1034222
-0.1157582
0.07620313
-0.1599038
-0.1016726
0.04824406
-0.000577051
-0.001336726
-0.003527356
0.001548319
0.003849023
-0.001528517
0.001599631
0.00302694
-4.243714e-05
0.01046327
0.04250869
-0.01267646
-0.1007192
0.0802685
0.1354886
-0.04580189
0.1918005
0.2251552
0.0161388
0.1734901
0.1121512
0.07597059
0.276718
0.1893125
0.07478035
0.2381123
0.1760945
-0.1205986
-0.03063785
-0.01764718
-0.1322055
-0.004137487
0.0552284
-0.01599494
0.03193714
0.005564776
-0.02612001
-0.1262711
0.007424293
-0.08080544
0.0447172
0.05390587
0.01184368
0.113945
0.1621731
0.1788702
0.1937388
0.06283773
0.2649097
0.2452473
0.08719935
0.1488982
0.1177035
0.0396073
0.01366993
0.05679216
0.05173231
0.03228825
0.01955367
0.08471297
-0.0075073
0.01034716
0.07728529
0.03388226
-0.1386386
-0.1674027
0.08133385
-0.09252364
-0.1572027
0.0651098
-0.01734504
-0.07654726
0.03933745
0.09002201
-0.05129493
0.101267
0.01628126
0.04182264
0.05902405
0.0576792
0.03121553
0.2112533
0.1847912
0.1672505
0.1696897
0.1278663
0.1481286
0.06885584
0.05562741
0.1238541
-0.004598962
0.05856986
0.01616507
-0.01561793
0.009724378
0.006379646
-0.03778233
-0.06511732
-0.03387268
0.05872869
0.06747285
0.04922784
0.01512859
0.01846396
-0.02740336
0.01368147
0.02021533
-0.004300908
-0.002810104
0.001534228
-0.001307304
-0.0008889764
0.0008886787
-0.0009558994
0.001746236
-0.003157524
-0.0009883902
-0.009460094
0.1167451
0.1055157
0.03351766
0.1704105
0.1276592
0.02922108
0.06480516
0.02263694
-0.01383666
-0.003178611
0.03122738
-0.04820044
-0.1076173
-0.04591009
-0.0002496305
-0.05774534
-0.02595267
-0.03251749
-0.1657629
-0.1052094
-0.04458937
-0.1915413
-0.09944661
-0.02542343
-0.1590097
-0.07040197
0.0006962425
0.002684815
0.002745525
0.0001434059
0.004261522
-0.001415772
0.0008944774
-0.002842476
-0.002978457
0.05329088
0.03464988
0.1475319
0.03149312
0.1273323
0.1209559
0.08322208
0.1120391
0.1126978
-0.00382296
-0.005032946
-0.001640498
0.005064226
-0.09631991
-0.02871211
-0.03655398
-0.1133996
-0.04865021
0.09037224
0.1137866
0.1761096
0.1039352
0.08786226
0.1244832
0.05382277
0.08365358
0.1099097
-0.02387699
-0.00812423
0.04418388
-0.001644561
-0.01483868
0.05545232
0.002388318
-0.02114021
0.07735305
0.1450476
0.09237279
0.02784115
0.0661175
-0.04044335
-0.01416762
0.01375478
-0.07010207
-0.0449548
0.06461185
-0.0182587
0.01819957
-0.002046881
-0.0434406
-0.03741029
0.01998658
-0.03471363
-0.04632039
-0.09398291
-0.1293019
-0.1434975
0.003504957
-0.06016216
-0.132133
0.02747185
-0.01802361
-0.009827038
0.00165856
0.04895692
0.03614014
-0.05007935
0.02653101
-0.0107986
0.01291328
0.06109935
-0.007232597
0.01273139
0.04460173
0.1184009
0.001254678
0.05164687
0.09543227
-0.01427593
0.03327248
0.07198212
0.0134346
-0.02427485
-0.02253545
-0.004344323
-0.04830335
-0.04673986
-0.01108283
-0.02899851
-0.01613425
-0.008884487
-0.01911571
-0.06367582
-0.0593136
-0.03187416
-0.04972269
-0.08722703
-0.04726269
-0.01762545
0.003115646
-0.002235411
0.002423842
0.0005886161
0.002785048
0.0008337596
-0.001310336
-0.001854507
0.00243923
-0.03807764
-0.156382
-0.1879188
-0.08245157
-0.1581429
-0.1500685
-0.1433169
-0.233531
-0.1824643
-0.0526945
-0.0610067
0.02681363
-0.05623567
-0.1111659
0.02812651
0.0699904
0.001469432
0.08272792
0.006276371
0.01699605
0.04740751
-0.1077136
-0.1248325
-0.09472699
-0.03462491
-0.1010129
-0.08524304
7.27014e-05
-0.001828915
-0.002859337
-0.000535644
0.00100088
-0.001500559
0.003230053
0.001511241
0.003791224
-0.2155346
-0.2102178
-0.08260061
-0.1383364
-0.1246708
-0.06542801
-0.06238525
-0.04098064
-0.01777544
-0.0996515
-0.1228119
-0.1053091
-0.1045104
-0.2266941
-0.2431749
-0.07803907
-0.2082452
-0.1275778
-0.2178396
-0.04606203
0.1108451
-0.1774248
0.002813272
0.1807375
-0.08279083
-0.001777597
0.107033
-0.04791535
-0.0591119
-0.04769297
-0.06115501
-0.03198016
0.05873374
-0.02881463
0.1117009
0.02487453
0.009245931
-0.09185289
-0.09674352
-0.09953824
-0.1178013
-0.1048703
-0.0745877
-0.0703262
-0.02666203
0.01539191
-0.003926137
-0.007195831
-0.02546645
0.001474875
0.007921268
-0.03256579
-0.05474554
-0.04677524
0.01912646
-0.02412496
0.04567403
0.04911851
0.04355793
0.0231285
0.0853427
0.1788128
0.1132945
-0.06368756
-0.01816494
-0.1219197
-0.01286887
-0.06476578
-0.2223283
0.06071295
-0.01756383
-0.04599462
0.09639337
0.07106277
0.04722773
0.104154
0.04281158
0.07629973
0.06518814
0.007510861
0.05142314
0.08683846
-0.008162172
-0.007567245
0.03970593
0.0135573
0.03387145
-0.02063898
0.05772467
0.03701605
0.02173028
-0.009796772
-0.004114931
-0.07297981
-0.08969671
-0.08036607
-0.05288924
-0.08638647
-0.11674
0.001706039
0.003968269
5.33818e-05
-0.0005493627
0.0001933224
-0.0009702253
-0.001426706
-0.001366953
-0.002447784
-0.03730084
-0.08147703
-0.1217081
-0.08799762
-0.1038292
-0.0674049
0.01022872
-0.1009149
-0.1686608
-0.06024818
-0.05696129
3.164421e-05
-0.009259659
-0.0355567
-0.02477431
-0.05875535
0.05588374
0.09658732
-0.0005295695
0.143792
0.03676067
-0.02716852
0.1085078
-0.0288976
0.04513567
0.1689577
0.01210258
-0.00185786
5.301319e-05
0.005749854
0.001674303
-0.0004000497
-0.0004043107
-0.002222501
0.0001072534
-0.00113321
-0.04366294
-0.01913564
-0.04056913
-0.03876331
-0.05168785
-0.06366362
-0.005697641
-0.04010028
-0.04689783
0.0006440002
0.01955396
0.000488481
-0.03680615
-0.01995503
-0.04723709
-0.04451558
-0.1024725
-0.08119888
-0.04138694
-0.01433938
-0.05707967
-0.01222868
-0.02794788
-0.04030862
-0.002849078
0.002393869
-0.01730225
0.005537776
-0.02401579
0.02602044
-0.01756647
0.018981
0.0314322
0.005879832
0.07840633
0.02358992
-0.007121967
-0.01230902
-0.04129173
-0.001281609
-0.008085353
-0.01918674
-0.03866884
-0.04912353
-0.08622618
0.01327592
0.03737559
0.03598832
0.01538098
0.03912711
0.03679346
-0.02099243
-0.0007475817
0.01240013
0.07822265
-0.00530341
0.01163722
0.02084409
0.08719571
0.01964745
0.02012161
0.001358849
-0.02247072
-0.01436322
-0.03072343
-0.0615231
0.04018196
0.01877409
0.01271476
0.04313723
0.009183582
0.1414173
-0.09377073
-0.06466806
-0.1030291
-0.03474284
0.00790937
-0.03395556
-0.02934296
0.01267176
-0.03829192
0.01765245
0.01861471
-0.008690885
-0.03315647
-0.01861811
0.02353731
-0.05386841
-0.050239
-0.03658577
-0.06098063
-0.03935247
-0.03817958
-0.08928685
-0.06594294
-0.06069992
-0.02566329
-0.01872424
-0.006650979
0.0001608835
-0.000279021
0.001060758
0.002773482
-0.0006997296
0.0009284666
-0.0007543266
-0.0001271994
0.0003052526
0.01689474
-0.04658447
0.01380473
-0.04087427
-0.01931871
0.006054793
-0.04150399
-0.07828146
-0.08964388
0.04585261
0.05448411
0.008873777
-0.01041103
0.0173155
-0.09351267
-0.04483607
-0.1015754
-0.1204356
0.06388928
0.06456291
0.07623755
-0.05167445
-0.05889971
-0.0690456
-0.002559281
-0.05255507
-0.06077994
-0.0002624981
0.0002780322
0.002647544
-0.000832208
-0.0008485659
-0.001454521
-0.0001424241
0.0002231045
-0.00251633
-0.05878409
-0.08223476
-0.05472441
-0.02819529
-0.04703792
-0.05659693
0.00187544
-0.04325356
-0.08993302
0.08853934
0.0332461
0.02892837
0.0336501
-0.01629584
0.001085498
-0.09113324
-0.1182623
0.007480328
-0.1294067
-0.1894121
-0.0861724
-0.1920792
-0.2377557
-0.1473624
-0.0926252
-0.2161719
-0.1406373
0.006453186
-0.01771909
0.01867112
0.06766591
0.08124522
0.06891359
-0.01586299
-0.008960056
0.05224448
0.03572616
-0.004685823
-0.03895985
-0.03116536
-0.107205
-0.1313424
-0.08104558
-0.05730158
-0.02495688
-0.01075286
0.0218419
0.03909064
-0.02850145
-0.02716699
0.01229607
-0.04354495
-0.04666793
-0.0293398
0.004087508
0.06915339
0.06273388
-0.04008318
0.05202893
0.03348142
0.04470329
0.05512978
0.07299106
0.0293864
-0.03284367
-0.05014652
-0.0122804
0.01264305
-0.03709816
0.03972494
-0.01158433
-0.03321096
0.08467986
0.05122456
0.01581571
0.06742065
0.03343511
0.01951992
0.02729025
-0.01836173
-0.03786034
0.01810802
0.001735588
-0.02090794
-0.02325332
-0.01537329
-0.02237095
-0.03885274
-0.05249378
-0.02492093
0.05009
0.03475982
0.02481369
0.02018938
0.06229016
0.01195621
0.03126632
0.03457271
0.004254673
-6.118046e-05
0.001977471
-0.0007406558
-0.0005641107
-0.0007669863
-8.368152e-05
0.001908319
-0.004679355
-0.003311397
0.0006865106
0.003078585
-0.02043002
0.06636714
0.04834391
0.02420852
0.007302217
-0.05923692
-0.1007896
-0.007625793
0.07704445
-0.1007602
-0.05781534
0.2012098
-0.04047521
0.1121114
-0.02106017
-0.01304602
-0.07112452
-0.04827558
-0.1506154
-0.1830655
-0.1529843
-0.2504797
0.1004172
0.09714742
0.1414047
-0.002343623
-0.001484962
0.0004227666
-0.001998686
0.002145306
-0.0009896285
-0.001360002
-0.0006044368
0.0008289356
0.02327058
0.0607146
0.05676005
0.0809693
0.1001421
0.3155127
0.03720706
0.1795049
0.2709212
0.02364564
0.06461529
-0.1706915
0.1861439
0.135455
-0.03137673
0.1520706
0.4408388
0.01325013
-0.09789975
-0.02258825
0.07514875
-0.08081717
0.04871333
0.1329162
0.03775085
0.04667915
-0.01262311
-0.02107639
0.0925221
0.1749404
0.06164444
0.09213547
-0.01114564
-0.0301372
-0.2245998
-0.0965751
0.01105253
0.01683844
0.1214553
0.2206584
0.1122614
-0.001107425
0.1208971
0.1322063
0.2732739
-0.07898068
-0.0005707011
-0.08457694
-0.009823559
-0.05170855
-0.03834926
-0.05064952
-0.06200296
-0.0008053455
-0.1307834
-0.1631734
-0.09678075
-0.02984308
-0.05209391
0.02219163
0.02255804
0.03718381
0.03671302
0.02804173
-0.05620946
-0.02098682
-0.0334289
0.08987437
0.1694386
0.1309948
0.1619687
-0.2049664
-0.02866605
-0.009730407
-0.06836373
0.001267401
-0.02386464
0.03380293
-0.06962774
0.01872961
0.0203351
-0.1335373
-0.01509031
0.1608579
0.121379
0.05408863
0.04520116
0.03382
0.1057045
-0.06229041
-0.006587283
0.03741938
0.01300127
-0.1817277
-0.1295828
-0.200743
0.07181349
0.1403892
0.1103211
-0.001733676
-0.001901629
0.002801219
-0.003322806
0.0002466748
0.001422686
-0.00231314
-0.003178213
-0.001284005
0.009539904
-0.03895982
-0.02228402
-0.1331461
-0.03969446
-0.1497509
0.09976841
0.02951742
-0.02978052
-0.06512225
-0.05571731
-0.04019761
-0.03012825
-0.004406492
-0.03866912
-0.0008620725
-0.009333753
0.03769695
-0.08097162
-0.1181697
-0.07453165
-0.05650633
-0.08121847
-0.03913375
0.03471297
-0.08316373
-0.03545072
-0.0008466207
0.00330619
-0.0006641524
0.001941751
-0.00046325
0.002368118
-0.0006948341
-0.0009149074
0.001911011
0.03491544
0.05524529
0.01370904
0.07797003
0.0169432
0.03793037
-0.05407431
-0.03490056
0.001337065
0.09680599
-0.001075013
0.003517403
-0.01475266
0.1546834
0.173081
-0.04330668
-0.04320962
0.08257952
0.09058575
-0.07770382
-0.1147761
0.08123916
-0.09315962
-0.1518733
0.1877758
-0.01353101
-0.07368726
-0.022783
-0.08706336
0.01858106
-0.05257198
-0.08950162
0.06145648
0.0405785
0.09121653
0.1239246
0.02214691
0.06117341
0.01999041
-0.05694867
0.0223133
0.08472859
0.01377133
-0.05338434
-0.03286445
-0.02783785
-0.02619056
-0.03589882
-0.004583802
-0.04540353
-0.02148896
0.02759678
0.003881024
0.03723791
0.04493275
0.009446726
0.03085992
0.05417424
0.0650668
0.07161298
0.009031195
0.02972894
0.0009219228
-0.0357232
-0.005778453
0.0276866
-0.1107017
0.01422422
-0.1454014
0.05528136
-0.06034746
-0.03441273
-0.008435874
-0.01080252
-0.07219012
-0.03549683
-0.03417525
-0.05970401
-0.05414552
0.006928503
-0.03373854
0.02750314
-0.03166716
-0.07210507
0.01666038
0.0161654
-0.09325308
0.07638522
0.004528391
-0.02955353
-0.06872303
-0.07773945
-0.08765191
-0.1189164
-0.07603596
-0.03364107
0.01119699
-0.002549204
0.00732922
-0.002396268
-0.001337798
-0.0003930909
0.0004548279
0.0006716096
-0.0008914687
0.00223397
0.002388941
-1.741918e-05
0.1464933
0.4179901
0.2670074
0.4980338
0.5822226
0.4835841
0.1378731
0.3588209
0.2837642
-0.03250341
-0.01413663
-0.1242233
0.09406766
-0.1471217
0.1491437
0.1393125
-0.04088333
0.07631883
-0.02814141
-0.01977254
-0.1006444
-0.02728008
-0.0522867
-0.1340459
0.01569716
-0.06319419
-0.0919077
0.0002027433
0.005309423
0.00197531
0.001198622
-0.0003835433
0.0004002802
0.004213102
-0.003408453
0.002276316
0.02025324
0.06450248
0.009028078
-0.02440577
0.02910241
0.01438515
-0.0016663
0.08947986
0.1340583
-0.01606737
-0.06490491
-0.01319891
0.05083926
-0.04772418
-0.0707951
0.01977689
-0.04005735
-0.0161762
0.1382584
0.09631236
0.09229647
0.04271503
0.08754331
0.05885895
-0.03923214
0.06397723
0.06382177
0.120177
-0.08107077
0.07151376
0.1227654
-0.1946945
0.1846074
0.008571827
-0.1157189
0.02768602
0.06078131
0.06227038
0.01586909
0.03122626
-0.049897
-0.002039391
-0.04786698
-0.03029392
-0.1004118
0.005403968
0.02365631
-0.003430843
-0.002378607
-0.01324472
0.00160289
0.0177558
0.01473302
0.03793602
-0.007590069
-0.006027543
0.09199718
0.02719563
0.02287249
0.02127066
0.0006565427
0.1401728
0.08588485
0.06793933
0.1310159
-0.007076088
-0.01018026
0.1808659
-0.3017032
-0.001695156
0.1144726
-0.1302814
0.1595678
0.1241088
0.004805612
0.1026648
0.0851642
0.01593281
0.0586624
0.0569686
-0.05507978
0.06178864
0.040263
-0.05116723
0.008910513
0.138882
-0.03943472
0.06711088
0.0557476
0.06287925
-0.002705177
-0.05259608
0.06750283
0.07804789
0.007968483
0.09380145
0.08747399
0.044325
0.008443093
0.001401921
0.0002556234
-0.002279342
0.002782461
0.001463778
-0.002414793
0.0008810495
0.001840992
-0.0005411673
0.01026341
-0.04082254
-0.04406378
0.05623303
0.1129175
0.0146572
0.1390772
0.0580438
-0.06467501
0.1197314
0.1085542
-0.06570723
-0.1234711
0.1452778
-0.08471236
-0.1582905
-0.3375292
-0.08035075
0.07902843
0.002893729
0.08869815
-0.03956152
-0.1948054
-0.1112519
0.01107562
-0.151129
0.01460008
-0.0003908906
-0.002663821
-0.002487262
0.001078401
-0.001155708
0.002680458
0.0007911906
0.0008349811
0.0005798293
-0.1147318
-0.1296779
-0.1093247
-0.06305183
-0.1136506
-0.03974659
-0.1571199
-0.1408046
-0.04974123
-0.00016497
-0.078137
-0.1135032
-0.1720531
0.02581998
-0.01903604
-0.114596
-0.1367533
-0.02890323
0.02074561
0.007758624
-0.07965337
-0.02745237
0.005245055
-0.02888094
-0.05074954
0.07210033
-0.06420423
-0.112928
0.0675241
0.03335058
-0.02297045
0.2754528
0.1417854
-0.1717406
0.04904822
0.001398315
0.009868496
-0.09041176
0.05508592
-0.1934103
-0.09751531
0.03675323
-0.09131317
-0.095225
-0.02416651
-0.01767712
-0.02708579
-0.06737101
0.00305488
-0.02882138
-0.02263988
0.03793997
-0.04380231
0.02829991
0.2759998
0.2204176
0.127179
0.2398991
0.2635112
0.06467431
0.199667
0.1381853
0.1469848
0.02183397
0.0657943
0.06747487
-0.1002448
0.00545229
0.2005934
-0.03729233
-0.1577669
-0.1363679
-0.07390881
-0.084934
-0.03059583
-0.08347376
-0.1382301
-0.0598105
-0.003818342
-0.07735022
-0.03581543
-0.08605367
-0.0182969
0.1003955
0.1002584
0.008456795
-0.04151813
0.06398362
0.0005334269
0.02596643
0.001374388
0.04197842
0.02920007
-0.1268604
-0.1183653
-0.1060432
-0.03356556
-0.02182947
-0.007948096
0.002969474
-0.001022858
0.0033357
-0.001134
-0.0001002203
0.001582831
-0.0003194104
0.0005178401
0.001177078
-0.02782116
0.04619803
0.04099585
-0.1179448
-0.06809877
-0.0710955
-0.2037244
0.005160538
0.1138894
