-1.629473e-01
-3.988344e-01
-8.580469e-02
-1.684396e-01
-4.786093e-01
-1.817327e-01
-4.727043e-01
-1.854535e-01
-2.455522e-01
-1.696486e-01
-2.511808e-01
-1.632838e-01
-3.249446e-01
-4.926717e-04
-1.562907e-01
-1.220495e-01
-1.580385e-01
-2.733708e-01
6.696640e-02
-5.499516e-04
-1.728834e-01
-2.159771e-01
-2.482820e-01
-8.790518e-02
-2.263134e-01
-1.812318e-01
-7.008292e-02
-1.524496e-01
-1.592523e-01
-4.535933e-01
-2.433363e-01
-2.208374e-01
-3.162296e-01
-1.383661e-01
-2.849955e-01
-2.359026e-01
-7.211386e-02
-1.733988e-01
-2.147570e-01
-2.047370e-01
-2.730343e-01
-4.470600e-03
-2.057144e-01
-7.789052e-02
-2.236813e-01
-6.762302e-02
-9.313873e-02
-3.173962e-01
-3.241113e-01
-1.990933e-01
-1.603053e-01
-1.775030e-01
-4.805437e-02
-5.938598e-02
-4.488357e-04
-8.073319e-02
-1.284856e-01
-1.992256e-01
-2.404643e-04
-2.338191e-01
-8.693861e-02
-8.998422e-02
-1.554411e-01
-1.324342e-01
