-2.530022e-01
-2.656644e-01
-2.897377e-01
-4.412281e-01
-3.593113e-01
-3.758151e-01
-1.278526e-01
-3.055188e-01
-1.683047e-01
-8.079303e-02
-2.573074e-01
-3.064097e-01
-1.900348e-01
-2.431244e-01
4.241153e-02
-4.310560e-01
-2.056527e-01
-2.423219e-01
-2.701701e-01
-2.200103e-01
-1.133639e-03
9.982821e-02
-2.080986e-01
-2.460744e-01
-5.418597e-04
-8.803796e-02
-8.435369e-02
-3.837774e-01
-3.243722e-01
-2.613558e-01
7.198274e-02
-4.702832e-04
-1.304563e-01
-1.911492e-01
-3.099069e-01
-1.709103e-01
-2.291908e-01
-1.732643e-01
-2.577407e-01
-2.526959e-01
-3.458030e-02
-1.850932e-01
9.324966e-02
-3.845481e-01
-2.874832e-01
-3.149261e-01
-9.366753e-02
-2.792110e-01
-8.766127e-02
-2.208255e-01
-1.702839e-01
-1.197015e-01
-1.459626e-01
-4.153655e-01
-2.116066e-02
-1.084760e-01
-2.821090e-01
-3.719050e-01
-2.747278e-01
-1.544867e-01
6.343366e-02
-2.232860e-01
-3.580831e-01
-3.208820e-01
