4.512571e-01
4.438360e-01
3.853275e-01
5.056618e-01
4.315760e-01
3.467464e-01
4.154013e-01
4.076784e-01
4.316909e-01
4.337729e-01
4.387202e-01
5.358635e-01
4.471887e-01
4.956484e-01
4.467070e-01
4.740936e-01
4.079095e-01
4.139248e-01
4.462999e-01
4.332483e-01
3.612404e-01
4.343037e-01
4.758697e-01
4.190960e-01
4.855129e-01
3.990003e-01
3.958089e-01
4.255649e-01
3.931286e-01
4.428730e-01
4.456566e-01
4.500501e-01
4.147225e-01
4.539498e-01
4.331103e-01
4.700366e-01
4.456024e-01
3.951630e-01
4.586459e-01
4.507417e-01
4.394506e-01
4.190877e-01
4.594792e-01
4.024524e-01
4.313487e-01
3.757731e-01
4.733873e-01
4.448413e-01
4.826239e-01
5.199675e-01
4.345591e-01
3.889306e-01
4.785212e-01
3.769943e-01
4.312738e-01
4.152090e-01
3.671314e-01
4.339156e-01
4.525776e-01
4.439694e-01
4.867814e-01
3.875559e-01
4.332660e-01
-3.446902e-05
