-2.093098e-01
-2.475524e-01
-3.141297e-01
-1.682976e-01
-3.405108e-01
-3.155692e-01
-2.076268e-01
-3.051723e-01
-3.931547e-01
-2.779561e-01
-4.327570e-01
-4.172954e-01
-3.572202e-01
-4.237896e-01
-1.588468e-01
-2.848604e-01
-2.681544e-01
-4.720772e-01
-2.768771e-01
-3.317603e-01
-4.217510e-01
-1.414033e-01
-2.840654e-01
-2.558804e-01
-3.529488e-01
-2.709109e-01
-2.372488e-01
-2.754383e-01
-3.432910e-01
-2.709116e-01
-3.369990e-01
-2.989954e-01
-3.578978e-01
-3.567752e-01
-3.191598e-01
-4.817590e-01
-4.446776e-01
-3.910790e-01
-4.347830e-01
-2.892922e-01
-3.426761e-01
-2.829244e-01
-3.107058e-01
-3.759472e-01
-2.121315e-01
-2.923178e-01
-3.840494e-01
-2.618712e-01
-5.499732e-01
-4.677878e-01
-1.573763e-01
-3.699256e-01
-3.020067e-01
-1.891773e-01
-1.805169e-01
-1.269460e-01
-6.666842e-01
-4.322739e-01
-3.161059e-01
-4.800134e-01
-3.864450e-01
-2.498538e-01
-2.493204e-01
-3.039925e-01
