4.975496e-01
4.020615e-01
-2.326717e-01
4.038571e-01
4.804788e-01
5.250394e-01
5.190023e-01
3.691901e-01
3.485710e-01
4.638486e-01
-2.401229e-01
6.769421e-01
5.695832e-01
-1.663851e-01
8.513842e-01
3.652691e-01
1.163087e-01
2.753237e-01
6.212595e-01
7.902736e-01
-3.731368e-01
4.677740e-01
4.170460e-01
9.758704e-01
2.837409e-01
1.698111e-01
3.265406e-01
2.237734e-01
1.691427e-01
3.188130e-01
3.218292e-01
4.644907e-01
2.723219e-01
1.936721e-01
5.027318e-01
1.320093e-01
7.719240e-01
4.565863e-01
5.339993e-01
7.695479e-01
5.592660e-01
1.068169e+00
4.436348e-01
4.293013e-01
6.862508e-01
6.978367e-02
8.595701e-01
3.177339e-01
7.473282e-01
-2.321991e-01
-2.777475e-01
1.040512e+00
2.900395e-01
4.779671e-01
3.270092e-01
1.217761e-01
7.117675e-03
1.129603e+00
6.489609e-01
8.848185e-01
7.107435e-01
3.541989e-01
7.974275e-01
8.897089e-01
