4.460936e+00
5.685091e+00
4.856486e+00
3.452604e+00
6.168022e+00
4.473283e-04
3.964422e+00
3.976415e+00
4.415888e+00
4.064575e+00
4.688215e+00
4.942262e+00
4.068012e+00
3.209301e+00
5.487897e+00
4.355122e+00
4.120483e+00
4.211052e+00
4.761268e+00
4.911808e+00
5.046887e+00
4.500560e+00
3.399066e+00
4.806481e+00
4.829063e+00
4.898362e+00
6.282755e+00
5.468886e+00
3.178165e+00
2.365274e+00
3.789608e+00
2.717984e+00
3.928188e+00
4.252722e+00
4.503843e-04
3.927778e+00
4.568017e+00
3.927898e+00
3.739033e+00
5.439678e+00
3.941908e+00
5.261244e+00
3.535141e+00
8.071765e+00
3.636613e+00
3.502860e+00
3.486282e+00
5.618963e+00
3.573594e+00
5.558448e+00
4.834785e+00
4.500888e+00
5.218699e+00
4.228115e-04
3.388824e+00
4.248364e+00
6.071837e+00
5.045374e+00
3.474248e+00
4.817465e+00
3.534029e+00
5.543418e+00
4.453922e+00
6.123966e+00
