1.065183e+00
-3.832920e+00
-5.671503e-01
2.743374e+00
-1.302425e+00
-2.437408e+00
-1.273049e+00
9.319584e-01
-3.514025e-01
6.724437e-01
-1.352620e+00
-3.539987e+00
-7.217410e-01
-9.386364e-01
-4.562131e-01
-2.324970e+00
2.348650e+00
-1.528262e+00
-1.216966e+00
3.227717e-01
8.847860e-01
-2.483507e-01
-4.448221e-01
-1.005109e+00
-1.315941e+00
-9.024791e-02
3.946192e-01
-2.664369e+00
-5.123995e-01
-2.893022e+00
-6.854558e-01
-4.411862e-01
-1.082431e+00
-2.276700e+00
-2.182741e-01
-1.417590e-01
-4.327242e-02
1.980611e+00
1.503265e-01
-7.796827e-01
2.042751e+00
-1.371327e+00
3.776463e-01
4.601961e-01
5.932657e-02
6.310533e-01
-1.391749e+00
4.141924e-01
-1.245448e+00
-4.076649e+00
-9.229958e-01
-1.130334e+00
-2.227526e+00
6.179442e-01
-7.742486e-01
-1.179066e+00
-1.579032e+00
-2.750532e+00
9.456423e-01
5.200774e-01
-1.000032e+00
1.207775e+00
2.254387e-01
2.781468e-02
