7.519927e+00
1.764827e+00
8.277341e-01
1.176706e+00
1.075213e+01
4.466925e+00
6.609288e+00
5.464651e+00
4.088173e+00
1.066351e+00
2.364208e+00
1.647038e+00
7.914687e+00
7.536186e+00
4.011005e+00
4.431958e+00
4.872683e+00
8.696301e+00
1.326692e+00
5.863101e+00
3.683392e+00
7.180843e+00
7.606866e+00
6.877083e+00
2.782252e+00
2.176729e+00
7.655205e+00
4.080451e+00
5.739216e+00
2.692418e+00
3.998620e+00
4.882486e+00
4.591746e+00
4.947614e+00
5.327566e+00
4.157693e+00
3.502236e+00
4.310296e+00
2.768622e+00
7.101930e+00
1.186888e+01
7.108852e+00
6.426931e+00
3.859806e+00
1.340244e+00
7.246253e+00
2.245345e+00
2.742513e+00
6.857175e+00
6.951133e+00
1.715254e+00
5.599156e+00
7.106893e+00
5.395787e+00
2.174052e+00
1.776056e+00
7.090673e+00
8.030894e+00
1.158395e+01
1.093563e+00
7.927028e+00
4.924136e+00
2.943150e+00
5.880029e+00
