-3.363971e-01
-1.042751e-03
-2.909043e-01
-3.122026e-01
-3.446321e-01
-3.434360e-01
-3.641298e-01
-2.628312e-01
-4.115929e-01
-4.613634e-01
-2.747801e-01
-5.021276e-01
-4.212594e-01
-2.370795e-01
-3.331450e-01
-4.058969e-01
-2.478012e-01
-3.590390e-01
-4.357988e-01
-4.114221e-01
-5.320142e-01
-3.000052e-01
-3.690589e-01
-3.725035e-01
-2.748695e-01
-2.116444e-01
-4.290260e-01
-4.366510e-02
-2.821332e-01
-4.566035e-01
-3.956794e-01
-3.147269e-01
-4.225858e-01
-4.025406e-01
-3.218429e-01
-5.929552e-01
-3.901325e-01
-3.583781e-01
-3.223493e-01
-3.510035e-01
-4.532674e-01
-3.390429e-01
-3.117110e-01
-2.557556e-01
-5.414015e-01
-4.066492e-01
-3.099584e-01
-4.790977e-01
-4.281205e-01
-3.614567e-01
-3.665721e-01
-4.719002e-01
-4.815403e-01
-2.912902e-01
-3.497978e-01
-5.915442e-01
-3.863270e-01
-3.568851e-01
-4.376613e-01
-3.973211e-01
-3.002638e-01
-5.669421e-01
-3.009968e-01
-3.142793e-01
