4.348096e-01
2.992426e-01
3.921576e-01
5.029246e-01
4.325589e-01
3.393748e-01
-1.744113e-01
5.967920e-01
4.415742e-01
4.592940e-01
7.944315e-01
3.978596e-01
3.309567e-01
5.023644e-01
3.909856e-01
5.192968e-01
2.990708e-01
3.206741e-01
4.889922e-01
3.716721e-01
5.577427e-01
3.460181e-01
3.584932e-01
3.250730e-01
3.448423e-01
3.390341e-01
4.808790e-01
2.971863e-01
4.396673e-01
4.392352e-01
4.044107e-01
5.694766e-01
4.460766e-01
5.117608e-01
3.054708e-01
3.511969e-01
3.632801e-01
1.887598e-01
4.852729e-01
4.715868e-01
4.108767e-01
5.170698e-01
2.995649e-01
4.241756e-01
4.629140e-01
2.509497e-01
6.851307e-01
4.163095e-01
5.439642e-01
4.733846e-01
2.879982e-01
5.643793e-01
4.107330e-01
4.367043e-01
6.267893e-01
5.474153e-01
4.894970e-01
6.110488e-01
3.823768e-01
5.261486e-01
5.730042e-01
3.109776e-01
3.390037e-01
4.093118e-01
