16 16 3
-0.05435969
-0.1348827
-0.1108582
-0.05222118
-0.1133624
-0.04869796
0.03726457
-0.06582092
-0.08361857
0.05944646
0.04708196
0.01730879
0.002033367
0.009462578
0.007353493
-0.06203171
-0.08321884
0.03512035
-0.06047836
-0.1160378
-0.09403664
-0.0810401
-0.06281605
-0.09948085
-0.07887209
-0.1215841
-0.0805642
-0.002566688
0.03024193
-0.05541494
-0.04636608
0.09780455
-0.06200937
-0.006640708
0.0267235
-0.002311335
0.04719229
0.01178901
-0.1405887
0.01495085
0.02866382
-0.006780429
0.06172927
0.06835477
-0.0126751
0.0007629257
-0.002181798
-0.08846123
-0.04827699
0.01435063
-0.1373508
-0.05849801
-0.019602
-0.154403
0.03321276
0.007758034
-0.02538496
0.07876812
0.03326649
-0.01202658
0.08642238
0.09243087
-0.03047654
0.006907523
-0.007986575
0.03164331
-0.01456187
-0.01901396
-0.01746954
-0.02405933
-0.04362185
-0.06185311
-0.03549181
-0.1804206
-0.04743772
-0.02763573
-0.1412518
-0.01234212
0.04895079
-0.07732855
0.05314635
-0.009101653
0.01227836
-0.02217006
-0.001921553
-0.003237864
-0.01318368
0.002725077
0.01709708
-0.01275542
-0.01523518
-0.0005173436
-0.08758077
-0.08731299
-0.03269234
-0.05934731
-0.1080475
-0.07384374
-0.06173503
0.003761945
-0.01346292
-0.08635534
-0.01484204
-0.04198043
-0.08932142
0.01766993
0.009696408
-0.004822303
0.008414488
0.007473875
-0.0115864
0.02351094
0.02291806
0.02012725
0.04622121
0.04817135
0.03249819
-0.05828574
-0.04671006
-0.04305929
-0.05804261
-0.0498494
-0.04047531
-0.05546902
-0.06216971
-0.04276524
0.01828896
0.00501163
-0.002096069
0.02228514
-0.03123934
0.01563465
-0.04470776
-0.07753997
0.01920764
-5.66348e-05
-0.001863815
0.004378998
-0.0006123043
5.218605e-05
0.001370084
0.0001149019
-0.001257759
0.002906696
-0.1159633
-0.03775885
-0.006166457
-0.1072649
-0.1907538
-0.06224819
-0.0650313
-0.1055816
-0.07836771
-0.03331978
-0.07596482
0.007792077
-0.01181276
-0.0676183
-0.02963493
-0.04867349
0.003872369
-0.06965205
0.03161531
-0.06484511
0.03750099
0.02936308
-0.03728995
0.002814831
0.01136758
-0.0621537
-0.06470674
0.1757878
0.2314741
0.2047418
0.3964651
0.4828795
0.3741619
0.366794
0.4891101
0.3310588
0.006943841
-0.1037397
-0.05363688
0.03084552
-0.008043632
0.000880849
-0.05977397
-0.03812567
0.04830133
0.05149743
-0.06109671
0.1233924
0.1839094
0.0007611507
0.2391074
0.1524075
0.062406
0.1810923
0.01825213
-0.007210971
0.08638152
0.2113072
-0.002740529
0.1697988
0.1489434
0.1639629
0.03518539
-0.1194822
-0.1859001
-0.056915
-0.1888557
-0.1029935
-0.02946807
-0.03986941
-0.07627743
-0.07555806
-0.05698038
0.005043306
0.167621
0.1741223
0.3484116
0.3268368
0.1276826
0.2518086
0.2009185
-0.03556094
-0.00926498
-0.02072847
0.004778512
0.0003791237
0.03220686
-0.06582185
-0.07366754
-0.04753492
-0.1244033
-0.04077944
0.1296731
-0.03429648
0.06452336
0.181712
0.1067441
0.1448217
0.1456252
0.04919618
0.03035489
0.04918839
0.03950014
-0.05150426
0.005783184
-0.03990526
0.01903914
-0.0371598
0.02606792
-0.001842401
-0.0174678
0.002816272
-0.01721687
-0.03081685
-0.03688792
-0.04656558
-0.03907485
-0.05097613
-0.06782422
-0.08796927
0.005489502
-0.02299001
-0.06240574
0.03963445
0.008057748
-0.01729361
-0.1124506
-0.04708995
-0.08296938
-0.04856142
0.1288663
-0.04521482
0.01969231
0.1067946
0.08902673
-0.0003320264
-6.663908e-05
-0.002011555
-0.001898849
0.002112274
0.002677636
-0.001941158
-0.002345374
-0.0007694715
-0.06506239
-0.04557841
-0.006890688
-0.04489082
-0.08437002
-0.04269059
0.009362446
-0.04248914
0.01527571
-0.04563812
0.01497486
-0.04005862
-0.05853778
-0.02827878
-0.03520893
0.02018621
-0.01166239
0.02265565
0.04357724
0.01803141
-0.04900221
-0.02684277
0.007408103
0.02817097
-0.01018628
0.01316207
0.04560831
-0.01138596
-0.001156144
0.02406426
-0.06357006
-0.03593224
0.008503257
0.02359144
-0.06779105
0.04272493
-0.1269935
-0.215011
-0.2411714
-0.2088432
-0.349759
-0.3563306
-0.1432868
-0.2319326
-0.1696841
0.01668793
0.01183671
0.05804611
-0.01669578
-0.04659711
-0.0006292078
0.05115834
-0.06611372
-0.00117949
0.02564295
-0.01051255
0.02077607
0.0001234426
-0.02481456
-0.005224784
0.09542911
0.02209852
0.02076664
0.02373322
-0.1207794
-0.1484629
-0.2141463
-0.3428003
-0.27528
-0.2583576
-0.2828618
-0.1549699
0.03668312
0.004069706
0.02525639
0.0009804869
-0.1598823
-0.02245266
0.02548123
-0.04468277
0.03075045
0.008148491
0.02919729
-0.01132213
0.01572721
0.03019087
0.002260993
0.02366883
0.04275773
-0.002441673
-0.06617714
-0.08732351
-0.06222447
-0.06608872
-0.03443904
-0.06351387
-0.002075208
0.0673613
0.01112019
0.06304943
0.08502702
0.01446632
0.06025489
0.07421502
0.1256342
0.03535743
0.04818176
0.09816185
0.01599424
0.02281123
-0.0281147
0.06830554
0.03547846
-0.01560213
0.03883837
-0.002502268
-0.0230248
-0.0463079
-0.006852231
-0.02483552
-0.01861626
0.02184714
0.001520268
-0.01306465
0.01668099
-0.003319416
0.04044524
0.02005442
0.1089708
-0.03212066
0.008225365
0.06764499
0.03255172
0.1008689
0.1133486
-0.0008240197
-0.001551798
-0.001377827
0.0006032801
-0.004839693
-0.001554638
-0.0008933027
0.0001450487
0.000292189
0.06309531
-0.006349415
-0.05886183
0.0227126
0.110808
0.008378996
0.1861954
0.1561885
-0.05936107
0.01753163
-0.01184656
-0.05910294
0.0220004
0.002630007
-3.969749e-05
0.04781001
0.03182279
-0.05542113
0.02852203
0.01439628
-0.0268366
-0.00182532
-0.02141359
-0.03331256
0.0002062239
0.001944993
-0.08214748
0.01942238
-0.06684248
0.01048558
0.03947402
-0.101111
-0.01098268
0.0297042
-0.09193791
-0.02429866
-0.05988944
-0.07362357
0.09958208
-0.09293951
0.0722979
0.1165564
-0.07489613
0.05638487
-0.06043823
-0.01782414
-0.0197819
-0.001422513
0.02931813
0.02601545
0.06329931
0.003258244
0.02818166
0.09659015
0.04615976
0.03747592
0.04410772
-0.006731342
0.03604431
0.08780425
-0.003901461
-0.02356871
0.05936048
-0.01912769
0.090127
0.01992482
0.08344339
0.120458
-0.05743819
0.09220611
-0.09550713
-0.1950126
-0.1417698
0.07766313
0.04923898
-0.1258202
0.1393723
-0.04652658
-0.05271073
0.04964444
-0.1561405
-0.01700513
-0.03063251
-0.008496676
0.002924661
-0.01561715
-0.008556738
0.008990412
-0.03875899
-0.01991945
-0.0958082
-0.03964403
-0.07339854
-0.02736475
0.04221608
-0.02274337
0.02563382
0.06913932
-0.03635695
0.04496801
0.02262046
0.03478972
0.07217268
0.04020985
0.08659912
0.003009636
0.05958636
0.07990766
-0.001469978
-0.0137213
0.008425896
0.0304185
0.01886816
0.008656187
0.002657737
0.04883007
0.01466669
0.03488528
0.02209333
0.03124252
0.006045903
0.002214281
0.009114557
0.008224854
0.007539606
-0.005169516
-0.01574837
0.03952309
-0.1023596
-0.02749672
0.001289282
-0.1331347
0.0499825
0.02519812
-0.04112476
7.463043e-05
-0.001316867
0.0007519958
0.0002183854
0.001089177
0.002477642
-0.001714316
-0.002265527
-0.001022263
0.09095432
0.04805898
0.01360559
0.09199268
0.02954222
0.03555211
0.06222017
0.05557496
0.15214
0.02166872
0.09287259
0.006095029
0.08736026
0.05046868
0.1590273
0.1392297
0.1855901
0.1175779
0.06130042
0.1435386
0.1485165
0.08299185
0.02792054
0.0301124
0.06667738
0.08517522
0.03880772
0.03546393
0.2610324
-0.1040623
-0.0861854
0.311731
-0.05024424
-0.06289465
0.1639971
-0.02329996
-0.0003429561
0.2015235
-0.1540102
0.1299054
-0.06595546
0.157303
0.04625724
0.03680084
0.1426155
-0.009265476
0.101915
0.02281277
0.006267747
0.08786514
0.02470938
-0.06342082
0.07609029
-0.03453101
0.0455309
-0.0611728
-0.06606559
-0.004531252
-0.02630746
-0.1171976
-0.0289992
-0.04809967
-0.109106
0.04635741
-0.1587171
-0.05879128
-0.2167195
-0.08885511
0.1321263
-0.01351957
0.2557173
-0.04430758
0.1956092
-0.1264003
-0.1080248
0.01668457
-0.08800848
0.05317642
0.01276284
-0.07395644
0.1370457
-0.07520121
0.01016807
0.002200624
-0.05665508
0.004156829
-0.009651888
-0.0004952063
-0.004242962
-0.006629404
0.1578921
0.06213387
0.120893
0.1264835
0.1652618
0.03760282
-0.03000925
0.02766261
-0.05645804
0.05207498
0.00187134
-0.002536444
0.03912253
0.04388588
0.01099085
0.03651174
-0.01599048
-0.06523913
-0.03097016
0.03009265
0.02417316
0.009846857
0.03225188
0.05544683
0.005550383
-0.03146726
0.01440887
-0.08630586
-0.07701667
-0.06015056
-0.1007964
-0.06160558
-0.01863817
-0.04821138
-0.0373084
0.003212176
0.03712714
-0.09633157
-0.04775041
-0.02097111
-0.04169894
-0.05367985
-0.03651191
-0.1814456
-0.0902634
0.001241496
-2.441004e-05
-0.00148375
0.000521224
0.0008854742
4.190228e-05
0.0003582646
0.002362313
-0.0004111377
-0.003140037
-0.01937938
-0.0610447
-0.008607983
-0.02114951
0.02204611
0.009485602
-0.01251158
-0.03623815
-0.05628909
0.003018603
-0.003993893
-0.03477237
-0.03398622
0.0008705586
-0.1092139
-0.04462731
-0.05533966
-0.04399287
-0.02933026
-0.03465461
-0.01554911
-0.006876956
-0.01056512
-0.06480905
-0.03716759
-0.05219946
0.05782802
0.03986517
0.009748049
-0.01575894
-0.04298201
-0.134809
-0.02080967
0.01502515
-0.1028592
-0.0316065
0.01706004
0.01606298
0.01916144
-0.06061256
-0.04014614
0.03297932
-0.05152129
-0.07321513
-0.02424435
-0.02841502
0.02678544
-0.006955077
-0.003824609
0.05240188
-0.02764761
0.002406472
0.03495698
0.03287506
-0.04555761
-0.01151746
-0.006348365
-0.01913603
-0.04761667
0.01049579
-0.002872563
-0.03297885
-0.03922678
-0.07544529
-0.03491844
-0.06012109
-0.05323853
0.008423391
0.08000161
-0.05397166
-0.04787003
-0.0627048
-0.01968278
0.00761341
-0.1016449
-0.08803839
-0.02795895
-0.06594324
-0.06654516
-0.002770318
-0.005058333
-0.04571062
-0.07210626
0.007961236
-0.01187303
-0.02045895
0.01821024
0.01067271
-0.01268582
-0.007644982
-0.0496284
-0.07557684
-0.002486526
0.03921785
0.01557293
-0.005477546
0.04210302
0.07220192
-0.05647589
-0.03834176
-0.009265496
-0.01493085
0.05175579
0.02701529
-0.06528017
0.0361152
0.03972872
-0.01757197
-0.02227455
-0.0179342
-0.006196731
-0.008749167
0.004892998
-0.04088947
-0.02039864
-0.01115986
-0.09711835
-0.06200755
-0.06213929
-0.08893699
-0.05426108
-0.05555267
-0.05865331
-0.04086803
-0.03079506
0.01714569
-0.01315886
0.006692501
-0.01000829
0.007094297
-0.04134659
-0.01953106
0.005648546
-0.01720054
0.004373785
-0.001522119
0.0006384492
-0.003015204
-0.003169416
-0.0004844317
0.001343156
0.0003366219
8.420231e-05
0.07623743
0.1396781
0.01800064
0.2485588
0.2411565
0.09418715
0.1689107
0.07836717
-0.00953247
0.1501762
-0.01947184
0.2387904
0.3326026
0.170112
0.09284463
0.3007389
0.2993773
0.009762198
0.01485093
-0.0184863
0.02626315
0.1100061
0.1367654
0.05214806
0.1051259
0.08843058
0.1389892
-0.104542
-0.2165902
0.2249572
0.1417287
-0.1743984
0.2167005
0.1256609
-0.06137544
0.04796227
-0.1206513
-0.1559184
0.06586801
-0.01221945
0.01394964
0.02414723
0.004302628
0.03633088
-0.1459043
-0.1878643
0.02695493
0.04827317
-0.07584517
0.1224924
0.07805189
0.01597666
0.07275453
0.00710352
-0.06195404
0.2181522
0.2009465
-0.01312807
0.1314296
0.04331383
-0.07899896
0.02606103
-0.01186596
0.1779335
0.1110255
-0.1724226
0.08903912
-0.05366893
-0.1473321
0.04164066
-0.04209161
0.06004525
-0.02219198
0.0940112
-0.1021714
0.03257116
0.2474511
-0.1165625
-0.03714072
0.07836317
0.04632216
-0.05286588
-0.005274947
0.04673385
-0.07383952
-0.01053275
0.07690866
-0.06827216
-0.0719379
0.02814552
0.05029728
0.06854655
0.1160841
0.1356568
0.1820493
0.1224643
0.08779435
0.00679583
0.05786194
0.01826961
0.01944072
0.1697407
0.1158847
0.1292335
0.07022484
0.08913535
0.04452613
-0.03442363
-0.04342972
-0.02155753
0.03198113
-0.03784025
-0.1301419
-0.0418024
0.01748788
-0.08736631
-0.151859
0.0548552
0.03512077
0.05781582
0.02032586
-0.02726715
0.01684837
-0.04996819
-0.07259573
-0.03392757
0.1948295
0.2280008
0.1234299
0.1928609
0.3601162
0.07675522
0.242958
0.356446
0.06795625
0.001255177
-0.002314352
-0.003299147
0.000100692
-6.938182e-05
0.001876341
0.001219472
-0.0007362012
-0.0003987496
-0.0003310211
-0.05531776
-0.07259685
0.0823916
0.01378493
-0.03447372
0.08108559
0.02167626
0.009554459
-0.003709359
0.02118073
-0.03991517
-0.04361852
0.02229419
-0.009539588
-0.05181301
0.01328459
0.01408481
0.05387374
0.006440971
-0.02953432
0.03366052
0.01912017
-0.02463965
-0.01616193
-0.02437704
-0.0158369
-0.0710863
-0.008327944
-0.04132665
-0.07210391
0.07198437
-0.05753169
-0.1368304
0.06332987
-0.08177359
0.009630361
-0.01106242
-0.081531
0.007012255
-0.009398705
-0.08273636
0.04116781
-0.06606568
0.05132248
0.04068614
0.02950576
-0.03351118
0.04040213
0.02319013
-0.03180773
-0.01203831
-0.01064249
-0.047831
0.01820636
-0.01056355
0.04839122
0.02202668
0.02122705
0.0113682
0.002873179
0.003518776
-0.04056527
-0.1556006
-0.1882665
-0.1329582
-0.07219025
-0.1187154
-0.005274777
0.01047429
0.01229853
0.06438679
0.07874657
-0.1033283
0.007490979
0.050825
-0.09616502
0.08766863
-0.003550965
-0.09449473
0.133541
-0.02757267
-0.03017158
-0.02000403
-0.03110061
-0.01361365
-0.02010672
-0.04942846
-0.02863743
-0.0214657
0.0472715
-0.05181054
0.01648608
0.1083089
-0.001004484
0.06510774
0.06569554
-0.0146747
0.09301406
0.07435396
0.04876984
0.04052505
0.0383228
0.06659358
0.07004632
0.042616
0.05993842
0.07258221
-0.02119671
-0.02474233
-0.02216819
-0.06087964
-0.03869698
-0.01458242
-0.05930077
-0.05082601
-0.0117796
-0.02114341
-0.02272576
-0.01577235
0.01445841
0.008493203
0.01461855
0.03394989
0.04007367
0.04445421
-0.02995487
0.01178505
0.05835616
-0.04998912
-0.001360449
0.04977398
-0.02718925
-0.02349125
0.009038549
0.004806887
-0.0002273239
0.001282548
0.002541531
-0.00105504
-0.0008455138
-0.0001017516
-0.002615742
-0.001478008
0.02857067
0.0126894
0.06542242
-0.08467994
-0.06316044
-0.04750343
-0.05051933
-0.07121366
-0.07234219
-0.03148421
-0.03507958
0.05727565
-0.06533115
-0.1673357
-0.1717908
-0.1077892
-0.1476925
-0.1346538
-0.06387041
-0.1441442
-0.05895891
-0.03766327
-0.08779301
-0.1105462
-0.01202777
-0.1047871
-0.08335433
-0.1621273
-0.07936086
-0.04180251
-0.1823685
-0.07030158
-0.02610181
-0.1364686
-0.04878009
-0.06736854
-0.0231174
-9.416553e-05
-0.01314953
0.02860568
-0.09860694
-0.06119473
0.05119417
-0.03246439
-0.1398368
0.003163004
0.04969211
0.04803808
-0.06129198
0.03113344
0.06156064
-0.06059391
0.02599667
0.01131203
-0.01024471
0.03250847
0.0348318
-0.04169444
-0.0310228
0.02876856
-0.03947387
0.07116558
-0.01108579
0.05526556
-0.06115338
-0.01871951
-0.02969537
-0.05980475
-0.01416573
0.00914818
-0.0769746
0.01541492
0.1404584
0.1215052
0.03431044
0.1310535
0.1001693
-0.02379029
0.1389017
0.02796376
-0.06823266
0.05049396
0.02173355
-3.163534e-05
0.05136308
0.02460148
0.01604375
0.04306397
0.02535789
0.02064487
0.08635993
0.0304308
0.07348587
0.1090492
0.04009733
0.1393018
0.0935016
0.09059
0.1228137
-0.00130623
-0.02840132
-0.1124937
-0.0010696
-0.06334332
-0.1415481
0.03323168
-0.02210138
-0.07338739
0.01791768
0.007369351
-0.01487881
0.01724914
-0.009030699
-0.0173303
0.04172343
-0.003240389
-0.0253006
0.01164516
-0.03398108
-0.0398187
0.03704741
-0.001461504
-0.02004342
0.03277279
0.02680718
0.01404968
0.1048473
0.08467087
0.1144295
0.1026067
0.01392026
0.01501451
0.03115113
-0.01738685
0.009032723
-0.002785215
0.001469818
-0.0011841
-0.001201937
-0.003740644
-0.003542631
0.0007714655
0.001581848
0.004550007
0.06206071
-0.03509412
0.006183
-0.06030013
-0.08042108
-0.03038065
-0.01611783
0.01388454
0.05322833
-0.01047951
0.06636847
0.005487836
0.002163718
-0.01116968
-0.0211711
0.009390425
0.03631947
-0.01646591
0.01339838
0.02104673
0.07953975
0.01357997
-0.02303559
0.04878749
0.03447185
0.001201246
0.03862622
-0.09021029
0.05221476
-0.002323161
-0.06011115
-0.02268351
-0.004800724
-0.02175557
-0.07032882
-0.01316113
0.05271569
0.008531409
-0.09619348
0.05121754
-0.04775512
0.0776313
-0.05258964
0.06549464
0.01572516
-0.02488812
-0.004877445
-0.02538242
-0.04124412
-0.03483021
-0.02494493
-0.03288249
-0.002986906
-0.006623117
0.03980932
0.06617062
-0.06499545
-0.008320666
0.04647091
-0.0603395
0.007340408
0.04133204
0.02292018
0.04376263
-0.0717132
-0.01110759
-0.08867022
-0.0007516621
-0.0201125
0.05705981
0.003549575
-0.04201289
0.007729936
-0.1161405
0.07494257
-0.02246323
-0.1202473
0.0392004
-0.02288046
-0.002275638
-0.02235529
-0.02388957
-0.002842363
0.01181628
-0.008343589
0.006423386
0.004945883
0.01631367
0.0239932
-0.001214813
-0.08607154
-0.06437035
0.002640361
-0.09437542
-0.07869328
0.0354414
-0.07812534
-0.03902114
0.0611289
0.0060439
-0.06235514
-0.07456541
-0.009081425
-0.06214228
-0.05393938
0.03627353
-0.03470915
-0.03175757
-0.0009123811
0.003538259
0.002741969
-0.005750421
0.004064786
0.008080407
0.01369027
-0.004298159
0.01774245
-0.0004878994
0.004469207
0.0005261278
-0.03382719
-0.02173882
-0.02014974
-0.02780167
-0.01616098
-0.03003757
0.03054124
0.001272704
0.04301037
0.04405688
0.04959571
0.0619573
0.09052306
0.08268283
0.06159794
0.0009782751
-0.003285072
-0.0003522436
0.003309587
-0.0001247296
0.0002803034
-0.0002626176
0.002303713
0.001180796
-0.1583126
-0.2670467
-0.2852721
-0.07964478
-0.2526494
-0.2317774
-0.1606595
-0.1622648
-0.172251
0.1378954
0.1291672
0.03895663
0.228772
0.1891119
0.1172114
0.08404368
0.2415228
0.06513751
0.05881244
0.01525856
0.08760139
0.01825544
-0.004587324
0.0429331
-0.03724891
0.03118518
0.06848521
-0.03994813
-0.06083978
-0.02836315
0.02343366
-0.06255671
-0.115082
-0.02484642
-0.03073196
-0.05017732
0.01192406
0.1313456
0.1496253
0.01713043
0.04421808
0.1580702
-0.02542937
0.1163561
0.1134914
-0.1100637
0.01812073
0.0603026
-0.1060091
0.01668215
0.06871505
-0.003936744
0.05746259
0.005082973
-0.1206533
0.01424065
0.03923605
-0.01506022
0.03733744
0.1696123
0.08247294
0.007136222
0.09417623
0.02190009
-0.1923057
-0.1766304
-0.1789418
-0.1986629
-0.09037551
-0.1312114
-0.215794
-0.2050339
-0.1806357
-0.246514
-0.2643379
-0.2117815
-0.2267691
-0.2515638
-0.1404259
-0.09950247
-0.09876234
-0.07917042
0.03347646
0.118615
-0.05559913
0.01885481
0.1117655
-0.002254119
0.08452609
0.06267175
0.03320484
-0.02858835
-0.03987776
-0.08467808
0.08849843
0.158794
-0.09778658
0.02165912
0.06816961
0.1452702
0.01369595
-0.02336129
-0.01949137
0.02333126
0.02183374
-0.0438077
-0.05540796
0.01401419
-0.06405606
0.006324835
0.07031731
-0.01680313
0.04888505
0.03047689
-0.05195017
-0.009472675
0.01706652
-0.06506047
-0.02893991
0.0002026595
-0.03774705
-0.005246473
0.01682503
-0.02166723
-0.01228317
0.001157092
-0.03017689
-0.1282201
-0.1031638
-0.002820871
-0.01045015
-0.08135435
-0.01426171
-0.0009790426
-0.058429
-0.00228756
0.0003364496
-0.0002283899
0.004133141
0.001166828
0.002051053
-0.002039791
0.0007157118
-0.001072584
0.06836234
0.02733615
0.0409131
0.1269542
0.1568639
0.1594563
0.07548378
0.03913011
0.1154504
-0.02110927
0.01832204
0.02633129
-0.09588058
-0.02270157
-0.1065394
-0.2153516
-0.01103365
-0.02022429
0.09338373
0.1333237
0.1403049
0.09188827
0.1140079
0.1044543
-0.004855517
0.03633232
0.07649065
-0.09617917
-0.08536752
-0.00616012
-0.154552
-0.1926476
-0.115253
-0.01252361
-0.1625266
-0.02767306
-0.07071485
0.02670265
-0.01845574
0.01289417
-0.1314444
-0.1481913
-0.03415553
-0.1007539
-0.09797485
-0.05849366
-0.07635269
-0.09906576
-0.08907154
-0.1279351
-0.1408304
-0.06328506
-0.1672385
-0.1216839
-0.1576727
-0.2438521
-0.1419353
-0.1684396
-0.2652867
-0.1119942
-0.1950905
-0.1718637
-0.1211603
0.01995959
0.08031777
-0.008129252
-0.02183347
-0.09507878
-0.0743027
-0.02766906
-0.04593256
0.1075964
-0.07213026
-0.1477785
-0.0920771
-0.1637477
-0.2014778
-0.2729011
-0.08491803
-0.1870431
-0.2236149
-0.03167932
-0.03690309
-0.03841171
-0.01653265
-0.03558316
-0.03773881
0.04902371
0.008987289
0.004958541
-0.1150724
-0.1453121
0.01955969
-0.2519149
-0.2757174
-0.09827305
-0.1726097
-0.1989985
-0.144823
-0.04994856
-0.05087818
-0.01793984
-0.1738994
-0.1318555
-0.01370229
-0.02318344
-0.03157289
-0.03385153
-0.01243902
-0.001791191
0.007973976
0.006891941
-0.01824747
0.01365114
0.02252871
-0.009391428
-0.0346407
-0.02367987
0.04968048
0.06550574
-0.02828568
0.01592193
0.0311793
-0.07161155
-0.03383447
-0.02048045
-0.1590134
-0.1547385
-0.1023345
-0.1986772
-0.3153288
-0.136048
-0.1941283
-0.2784773
-0.1603267
-0.002449017
-0.001183198
-0.000440852
0.002366989
-0.001081109
-0.0009894053
-0.001154355
-0.0002294443
0.0008226162
-0.1359535
0.07725439
-0.02805475
0.1239387
0.1983461
0.05880891
-0.04632647
0.1225497
0.009570742
-0.02506069
-0.1808917
-0.1726915
0.02584271
0.04351229
0.01659125
-0.1538465
-0.01462695
0.1486744
-0.03311954
-0.03147708
-0.08881667
0.002110076
-0.02636938
0.01076351
-0.01524029
-0.0988217
-0.07835569
-0.1167005
-0.0007290759
-0.05357357
-0.02189221
-0.05420711
-0.06291965
-0.01351418
-0.02840147
-0.1231366
-0.09184193
0.0753234
0.3734033
0.1681216
0.4617435
0.1222873
0.2491529
0.2678791
0.2894397
-0.0922759
-0.1077161
-0.1412028
-0.07857919
-0.03939738
-0.06618564
-0.07150675
-0.06967053
-0.08409541
-0.07406932
-0.1370287
-0.0808317
0.0296846
-0.03159321
-0.09520627
0.004814005
-0.002485789
-0.1537279
-0.1942443
0.2504872
0.04531204
0.3632289
0.4085293
0.2177369
0.1549543
0.1889441
0.4035554
-0.1366021
0.1575193
-0.1029948
0.1128604
0.1269647
0.06320353
0.1453744
-0.007067917
0.09728455
0.05511795
0.0249132
0.01196316
-0.01477119
-0.07403966
-0.02047225
-0.001846149
-0.0522593
-0.03596367
-0.05179435
0.01390514
-0.0546996
0.02336171
0.02301292
-0.03255846
0.0310635
0.02054908
-0.119048
-0.03031944
-0.07787565
0.04499004
-0.05604322
-0.08872509
0.05123283
-0.2163168
-0.1357696
-0.04982765
0.0307486
-0.02088088
0.03848116
-0.01804608
-0.06468246
-0.03977448
-0.03040485
-0.002014695
-0.01593875
-0.01464695
-0.02025003
0.00203839
-0.02336107
-0.04630505
-0.07126282
-0.01748776
-0.03171567
-0.06395685
-0.1404487
-0.118731
-0.06188166
-0.006689964
-0.0429573
0.06212066
0.05198685
-0.07319649
0.03311091
0.0009768743
-0.002083615
0.001699872
-0.001385861
0.0004630857
-0.003518793
0.0009353419
0.001116067
0.002150186
0.03869316
0.04977545
0.02058521
0.09510251
0.1200076
0.1039346
-0.02582065
0.02787092
-0.02102131
-0.08818377
-0.02893151
-0.005041585
-0.06704283
-0.01871669
0.01882815
0.0004324196
0.06524277
0.07974502
0.01116493
0.02449569
0.0282039
-0.004009814
0.001697043
-0.01486263
-0.007499313
0.02057302
-0.008410585
-0.01877891
0.101268
0.00758196
0.01911412
0.1043126
0.02945219
0.04128197
0.07833374
0.05544872
-0.01635429
0.02858603
-0.1022765
-0.04955627
-0.09927552
-0.09618741
-0.04297928
-0.07839049
-0.07752784
0.04072719
0.009352317
-0.05815804
0.0454608
0.004247535
-0.08651956
0.06418678
-0.01299153
-0.03627037
0.03225226
-0.003828444
-0.07657031
0.01701961
0.003862701
-0.1173622
0.04184238
-0.03904375
-0.04461563
0.08799024
0.04399599
0.03162505
-0.05864241
0.03838386
0.008354589
-0.00737094
0.008988035
0.02166481
0.05898954
-0.1609245
-0.02462892
-0.046455
-0.1746715
-0.01271686
-0.06675317
-0.1044395
0.01191966
-0.02368559
-0.04137203
-0.05908418
-0.03722303
-0.059827
-0.0874034
-0.01027227
-0.03534206
-0.044548
0.06728394
-0.01112043
0.00926236
0.09415545
-0.001148232
0.02359465
0.05300384
0.01602767
0.03971816
-0.0006856572
0.03851403
0.08366692
0.01597049
0.05561638
0.09490461
-0.03946376
0.03971865
0.04810071
-0.04226436
-0.05004656
-0.04464159
-0.02967705
-0.03590932
-0.03726366
-0.02429388
-0.01392195
-0.01009544
-0.02156191
-0.002958095
0.01608416
-0.02501188
-0.009872648
0.0007363899
-0.03016611
-0.03241586
-0.01836097
-0.005770042
-0.1005081
0.004545325
-0.06296806
-0.1146001
-0.0138629
-0.05984608
-0.1175723
-0.0170037
-0.001181647
-0.00267239
0.001288388
-0.001990887
0.0009845266
0.001550376
0.002853723
-0.0008163833
-0.00244526
-0.1948995
-0.1840426
-0.1360819
-0.05468798
-0.1964464
-0.1285948
-0.1224051
-0.2295641
-0.2125284
-0.1218648
-0.04148568
0.003419479
-0.04290394
0.0283324
0.1156298
0.09926108
0.01951322
0.1511559
0.02412993
0.02188999
-0.006897307
0.002901261
0.03227803
-0.0470074
-0.04690913
-0.0391283
-0.008094516
-0.1095092
0.07949548
-0.1502412
-0.156449
0.04151778
-0.1388653
-0.1545879
0.07915457
-0.07699487
-0.1313438
-0.09771372
-0.2071487
-0.03552297
-0.1129534
0.1794706
-0.1533885
-0.2069862
0.1734751
0.02282118
0.1074112
-0.01205051
-0.04468708
0.1218171
-0.08172834
-0.04841556
0.01339632
-0.04624473
0.03571089
0.1180206
0.05472296
0.06742896
0.3098367
-0.02293895
0.0626463
0.1803783
0.1318054
0.04791398
-0.1508803
-0.03441316
-0.1107548
-0.02764372
0.1472407
-0.1392978
-0.02938463
0.01235895
0.04575031
-0.1428759
0.09682165
0.04774607
-0.2747216
0.189919
-0.02450526
-0.09849228
0.02505917
-0.0206898
0.001508459
-0.005597366
-0.0009921947
0.03976309
-0.001433973
0.03652731
0.026455
0.02531971
0.08706242
0.06036334
0.08970205
0.05463888
0.09400734
-0.009371459
-0.01798707
-0.01805067
-0.1521209
0.1507887
0.1059733
0.05116643
0.1199609
0.1286752
0.1508962
0.106779
0.09434965
0.08802993
0.03847956
0.0717861
-0.03082719
0.03528487
0.05077025
0.02663496
0.02596272
-0.01448712
0.04800581
0.02417089
0.01095506
-0.0006469619
0.04268137
0.03704989
0.007921846
0.02040729
0.02612789
-0.002047032
0.03366974
-0.05831702
0.04550779
0.06202438
0.007270618
0.0942286
0.1365223
-0.004403121
0.1169688
-0.0004358875
0.0009750804
0.0002614456
-0.002478332
-0.0001153216
0.0006082638
-0.00129675
-0.001055957
0.001035631
-0.08809151
-0.1429646
-0.06978702
-0.04685145
0.128471
-0.02090226
0.02946533
-0.06649891
-0.1622213
-0.03944369
0.06341404
0.0007672957
0.04018793
-0.01248111
0.07504738
0.1635662
0.09558088
-0.006152388
0.02758827
0.1681711
0.06839515
0.06114094
0.002395546
0.076487
0.09774402
0.08040642
0.02772447
0.1218961
-0.08021764
0.09082302
0.02740878
-0.15711
0.08320145
-0.03116346
-0.2120597
0.09257077
-0.03724673
-0.08848659
0.09467798
-0.03538524
0.1139054
0.03076597
-0.06555253
-0.1069602
0.0398574
-0.02528006
-0.002936
-0.07645047
0.07941812
0.09424929
-0.01253853
0.0360363
0.06149458
0.07700116
-0.03816222
-0.003393373
-0.09776238
0.007123872
-0.0238155
-0.01617273
-0.04120706
-0.001668044
-0.03904856
0.03711253
0.1500432
0.03338946
0.07967976
0.0202805
-0.1232398
-0.04975959
-0.07664671
-0.03033144
0.02670796
0.003485307
0.009861134
-0.09312224
-0.05050529
-0.05211747
-0.06122832
-0.006780155
-0.1461399
-0.05848829
-0.03045391
-0.02763797
-0.01975067
-0.02277445
0.02046111
-0.01809055
-0.03449764
-0.02324095
-0.08653422
0.02002494
-0.03129381
-0.0271106
0.09017301
-0.006108062
-0.1227355
0.03424935
-0.02813163
-0.009435194
0.004609684
0.002122373
-0.00645705
0.006939596
0.01874501
0.09456148
-0.02650177
-0.09156752
-0.02279608
-0.04316258
-0.01501916
0.003778296
0.02048337
-0.02736891
-0.00169638
-0.01342986
-0.05804148
0.0004038183
0.01325907
0.004282399
-0.02975416
-0.0118744
-0.007842477
-0.02380718
-0.01191232
-0.01179368
-0.006796144
-0.07760482
0.003479397
-0.007087907
-0.1481013
-0.02923325
0.05966818
-0.05870936
-0.1433551
0.003322921
0.003425309
0.000320854
0.00170054
-0.0004077205
0.002148611
0.001628177
0.0002823211
0.0006466774
