4.396932e-01
3.702772e-01
1.640370e-05
4.512424e-01
4.391847e-01
3.693733e-01
-5.648593e-05
4.974983e-01
4.225993e-01
4.198598e-01
4.992913e-01
4.571979e-01
5.004812e-01
3.942448e-01
4.457520e-01
4.835790e-01
4.458121e-01
4.584371e-01
5.051641e-01
4.504357e-01
4.373326e-01
3.850675e-01
4.957785e-01
4.217218e-01
3.401986e-01
3.747648e-01
4.736145e-01
4.343514e-01
4.721763e-01
3.916735e-01
5.306928e-01
5.151467e-01
4.937718e-01
4.013250e-01
4.581433e-01
4.283071e-01
4.672356e-01
4.509610e-01
4.869182e-01
3.673088e-01
4.010571e-01
4.189985e-01
4.804991e-01
3.816686e-01
4.009731e-01
4.751966e-01
4.960952e-01
5.051916e-05
4.168703e-01
4.079190e-01
3.678757e-01
5.773053e-05
4.201373e-01
4.050786e-01
3.731556e-01
4.167349e-01
4.700948e-01
4.504535e-01
4.852645e-01
3.437885e-05
4.665914e-01
3.631765e-01
5.634690e-01
3.540726e-01
