3.268243e-02
-4.388214e-02
-6.669357e-02
4.022488e-02
-1.647879e-01
1.032457e-02
6.573297e-04
3.055320e-02
3.350984e-02
2.101231e-03
-3.004082e-02
-1.064825e-01
1.468933e-02
6.396089e-02
-1.252555e-01
-5.242595e-02
-5.011440e-02
-1.588227e-01
-1.555856e-01
-2.253304e-01
5.385864e-02
-8.022869e-02
-9.349277e-02
-1.348573e-02
-1.107773e-01
-2.561160e-02
1.239738e-01
-2.076258e-01
-9.149948e-02
-1.426109e-02
-2.336297e-01
-2.691621e-02
1.061832e-01
-1.159938e-01
-4.559379e-02
-8.549497e-02
-1.055495e-01
-9.860796e-02
-1.336678e-01
4.183055e-02
-9.136590e-02
2.112662e-01
-1.015414e-01
-3.194711e-02
-1.151854e-01
-1.185127e-01
4.489038e-02
-8.679750e-02
-7.671190e-02
4.610765e-02
3.188351e-02
7.910082e-02
8.492444e-02
-1.130050e-01
-6.936091e-04
1.081839e-02
6.400406e-02
1.901107e-01
-3.211241e-03
-1.364955e-01
-1.306480e-01
6.812381e-02
1.749569e-02
-3.356175e-03
