16 16 3
-0.0006004295
0.002197212
-0.002517926
-0.004273867
0.003002713
-0.001289942
-0.002653355
6.319285e-05
0.002599607
0.001617124
-0.002065022
-0.0002101367
-0.00015562
0.001195905
0.001249108
0.002953211
0.002149921
0.001568226
0.001175849
0.00231563
0.0002638247
0.003322978
0.001953885
-0.001392207
-0.001576257
-0.0004006228
-0.002901153
-0.0005212268
-0.001960167
-0.0004151174
-0.00245424
-2.048799e-05
-0.00130055
0.0006331541
5.258219e-05
-0.001863973
0.0001027511
-0.002126435
0.0006476783
0.001306551
-0.001998451
-0.004349182
-0.0005003485
-0.0008419859
0.0004975232
0.0009994692
-0.002306988
0.002033708
-0.000653587
0.0007043255
9.308764e-05
0.001358657
0.0002786129
0.0006359919
-0.002650089
0.001440706
-0.001128139
-0.0002632041
-0.002638143
0.0003441731
-0.000387665
-0.00113848
-0.00192307
0.001429314
-0.004497889
0.005032416
-0.001744548
0.001372695
-0.001727078
0.001054115
-0.001207553
0.001833898
-0.0008293047
-0.00218129
0.0008930269
0.0009118355
-0.0007751774
-0.0002533567
-0.00210461
0.0002659358
-0.0007437844
-0.001082786
0.002685551
0.0004131272
0.0006095815
-0.001509122
-0.0005388974
0.002274732
5.588977e-05
-0.002932902
0.000868401
0.0002792096
-0.001521349
-0.002493627
-0.0006822502
-0.0006555544
2.364648e-05
0.0006761917
0.001451883
0.003464127
0.001344045
-0.003213721
0.0008415427
0.003539784
0.001876352
-0.002088057
-0.0005132643
-0.0009342296
-0.0003448946
-0.002598723
-0.001199918
-0.001765654
0.003281609
0.001373486
0.0003297154
0.001524193
-0.0003603707
-0.003197711
-0.0001447975
0.002403442
0.0005706461
0.0008153282
-0.002067142
-0.001803689
0.0002134708
-0.0006615072
0.002265262
0.001035413
0.001097615
0.003425485
0.003229198
0.0004739423
-0.00235079
0.002683927
0.002456947
-0.0003488339
0.00283183
0.004911477
0.0008253456
-0.0007645958
-0.0006911952
0.001377826
0.001644834
-0.0008626702
-0.01478901
-0.1184623
-0.05857489
-0.0184476
-0.1973931
-0.1242053
0.02785752
-0.132071
-0.097386
-0.1037219
0.07539282
-0.07040948
0.06855997
-0.01444694
-0.1038009
0.02924588
-0.04262089
-0.09963768
0.01092922
0.01036863
0.005473672
0.0006139455
0.004047622
-0.002062673
0.000977865
-0.002146458
0.001060247
-0.09712451
-0.06438346
-0.05864876
0.05321277
0.1296437
0.04485021
0.04285885
0.127142
0.006279023
0.03365266
-0.1820327
-0.07151283
-0.04621218
-0.02731629
-0.01322519
-0.1993866
0.2082686
-0.09286658
0.0006075907
-0.0003986909
0.002495688
0.0001622495
-0.0008524658
0.0003060009
0.001284688
-0.0006672862
0.001215406
0.06774499
0.02103028
-0.1316271
-0.01837364
-0.03716977
0.03519372
-0.1043209
-0.02728139
0.09475307
-0.03650903
-0.07606247
0.06250934
-0.1123856
-0.07182607
-0.04806346
-0.08931587
-0.1052906
-0.1355338
0.01895147
0.1926481
0.04773007
0.1324547
0.1691447
-0.06553181
0.0579332
0.01188145
-0.1014296
-0.03785646
0.2329006
0.1613715
0.003192873
0.2448017
0.2199207
0.03418503
0.1279765
0.1782847
-0.0512555
-0.00876506
-0.07541364
-0.008830393
0.01809586
-0.01238536
0.004708418
0.02992045
0.02576589
-0.0506057
-0.09298705
-0.05773215
0.07845231
0.1077527
0.1170782
0.1308979
0.198175
0.1980267
0.01969057
-0.1794498
-0.1457367
-0.1395777
-0.1158559
-0.06973841
-0.06956191
0.2008998
0.09422069
-0.1687293
-0.1319426
-0.1184219
0.03632196
0.06694125
-0.01153495
0.09246877
0.1025324
0.01879439
-0.02077663
-0.02860865
0.002634192
0.09926385
0.1118097
0.1313084
0.1436122
0.193173
0.192796
-0.04740724
-0.00285861
-0.07178839
-0.05577759
0.2278642
0.06601989
-0.241808
0.02975869
-0.134903
0.08802965
0.112484
0.02083847
0.1461388
0.2065497
0.09368413
0.01053194
0.04156235
-0.03934539
-0.1294568
-0.08911061
-0.1457121
-0.1227492
0.04047966
0.1457708
-0.1119754
0.03228319
0.1421251
0.005451361
0.01153304
0.006543589
0.02984173
0.03713319
0.03310658
0.02718962
0.04153427
0.03180464
0.002917905
0.02082806
-0.1111626
0.1341806
0.1273604
-0.06000986
0.02149017
0.0006779066
-0.1872448
-0.04427772
-0.03758854
0.0141009
-0.08333812
-0.03910793
-0.003838364
0.00739409
-0.01889695
0.01119585
0.002148487
-0.0007993462
-0.0005054527
0.0001731894
3.75178e-05
0.002844583
-0.001318777
9.212494e-05
-8.437055e-05
-0.2188535
-0.06200137
0.01406405
0.01012235
0.01088432
-0.01438576
-0.008735292
-0.07210478
-0.0610198
0.04013183
0.08597476
-0.03544999
0.1931197
0.1494816
0.01149132
0.1125574
0.06178373
-0.0002639273
-0.1039079
0.009741968
0.06991833
-0.03536865
0.04530018
0.03809148
-0.01121253
0.07839438
0.0539866
0.1038232
0.1453814
0.2146122
0.1044594
0.191242
0.2221566
0.06693839
0.1642124
0.1921737
-0.081645
-0.03458522
-0.001120534
0.1889245
0.3166025
0.2599337
0.235584
0.4049982
0.3198641
-0.06126034
-0.05091757
-0.05689069
-0.01379947
0.01104916
-9.201377e-05
0.01414002
0.05032447
0.01933481
-0.0640979
-0.01134351
-0.002273475
0.01766996
0.07783747
0.04423503
-0.08919102
-0.1610287
-0.1043365
0.03232536
-0.0008251283
-0.0370608
0.1190529
0.09933974
0.06368887
0.09660011
0.07240901
0.03129328
-0.005318689
-0.001410592
-0.01830442
0.03068753
0.03012952
0.01582131
0.04458857
0.04664691
0.02387135
-0.03831195
-0.009080549
-0.04787068
0.003760746
0.06234357
0.04283568
-0.08481152
-0.03371559
0.01720202
0.5121594
0.3217218
-0.1611308
0.3530593
-0.1236801
-0.3810212
0.0996861
-0.1049978
-0.2387933
0.1493604
-0.02041042
0.03032987
0.0838737
-0.1152998
0.1087689
0.008400348
-0.06478874
-0.1119979
0.01882613
0.02556087
0.02201876
0.007134894
-0.003476537
0.00186048
-0.01130115
-0.00875044
-0.006508707
0.0329395
-0.0256571
-0.01564384
-0.03197138
-0.05088808
0.002189328
0.03097364
0.01635715
0.1213823
-0.3332497
-0.2297651
0.5143682
-0.3063101
0.09221209
-0.07471076
0.02520559
-0.03467309
0.5770144
-0.002127424
-0.0004817178
-0.0001618253
-0.001141812
0.0008490528
-0.001300805
0.001181649
-0.001203322
-0.0005998773
-0.06153393
0.009180936
0.02366377
-0.07945141
0.1147904
-0.01708487
0.06176439
0.006800636
-0.01430958
0.0960198
0.06776353
0.00133994
0.2786145
0.1562356
-0.1197316
0.1210399
-0.0605328
-0.02621411
-0.03241972
-0.01756418
0.020173
-0.03981803
0.04722402
0.2163272
0.1128
0.05177742
-0.03471434
-0.09535313
-0.1225757
-0.07935859
-0.07062221
0.02385151
0.2047594
0.01611025
0.1213587
0.1628246
0.06931393
0.01173164
-0.0004712739
-0.03420505
0.03948148
0.07557548
-0.04012655
-0.068981
-0.005588497
-0.09328496
-0.05960239
0.01745786
-0.01052386
0.01535689
0.07215426
0.007442087
0.05052821
0.1338555
0.02510256
-0.1254582
0.1986194
-0.1471437
-0.1895842
-0.5206331
-0.004297764
-0.04700905
0.2199704
-0.05058131
-0.05724797
-0.08077496
0.08866852
-0.1201916
-0.1246779
-0.03595758
0.0690366
-0.01303137
-0.05494755
-0.07101442
-0.03336871
-0.01741166
-0.02225526
-0.02579962
0.01433131
0.05479283
0.07406092
0.09996602
0.06687845
0.01205328
0.09063748
-0.126264
-0.2388577
0.07402721
0.06221858
0.1040672
-0.1507327
-0.0151348
0.1709547
-0.163479
-0.134268
0.007288103
-0.03267409
-0.1034605
-0.09047643
0.00270227
0.06855913
0.1154185
-0.09845255
-0.05994698
-0.006590959
-0.1850256
-0.05171321
-0.04412013
-0.001261285
-0.002716752
-0.00592375
8.701175e-05
-0.002954335
-0.003614719
-0.007236279
-0.007778519
-0.00687214
0.03306517
0.04085438
-0.03388263
0.1039652
0.08618029
-0.06605278
0.05360193
0.0602928
0.002908846
-0.08817054
0.09361179
-0.0694389
0.03193961
0.2794831
0.01284272
-0.1766067
-0.08329892
-0.03725317
0.0002319842
-0.0005634973
4.753126e-05
-0.003172313
0.003751521
-0.001043238
-0.001407671
0.002494811
-0.001516396
0.006979731
-0.03332771
-0.0639944
-0.0134539
0.08327295
0.06396043
-0.01300552
-0.02736723
0.03303037
0.03663142
0.03095122
0.03168423
0.0174046
0.08625064
0.130721
0.02583973
0.0374421
0.1603412
-0.08777463
-0.0772889
0.03419296
-0.05450916
-0.09726262
0.07458264
-0.03906496
-0.05472453
0.01492495
-0.1697765
-0.2390353
-0.2228095
-0.09913003
-0.1588854
-0.1327928
-0.004299119
-0.006407749
-0.01291876
-0.1578162
-0.2000504
-0.1524484
-0.1037704
-0.1090586
-0.08006311
-0.1285296
-0.1096296
-0.09608579
0.01101809
0.004371836
-0.02491649
0.03747792
0.03294622
-0.0047639
0.01677916
0.01728214
-0.02567677
-0.03729177
-0.08923794
-0.0777504
0.1295012
0.1512605
-0.1417929
0.01167618
0.06548373
-0.14006
0.08458675
0.07450491
-0.004983298
0.1888368
0.1145945
-0.02358812
0.0947449
0.04273736
-0.04247705
0.01746398
-0.014457
-0.06186543
0.03064415
0.003734543
-0.06296134
-0.01238642
-0.01336836
-0.05467711
-0.01703758
-0.04814413
-0.05613723
0.03121265
0.009018246
-0.1012939
0.02065986
0.04633676
0.0322443
-0.04289545
0.01182261
0.03861005
0.01233489
0.007948935
0.02675962
-0.005962742
-0.02604106
-0.04329569
-0.01761214
0.07653032
0.06386781
0.008689062
0.03077468
0.008609608
-0.008944999
0.01274126
0.07624043
-0.001002206
0.0008648753
0.0008717931
-0.004241557
0.0004316254
-0.001053282
-0.0006210346
-0.0004161346
-0.004435861
0.02554553
0.0839197
0.0204596
0.09735827
0.1954185
0.1147309
0.07563651
0.1485904
0.06078648
0.09489493
0.05648346
-0.1139194
0.1213691
0.1484737
0.00598242
-0.01980506
0.1769319
-0.0112295
0.0003235163
-0.002874789
0.002889114
-0.00179866
-0.0001966277
-0.0009766344
-0.001023169
-0.0001637443
-0.001102601
0.07756294
0.09463099
0.07424517
-0.05041627
-0.01135806
0.03604567
-0.02911856
0.03056739
0.07451618
-0.0359481
0.1116862
0.05143187
-0.04538346
0.1294286
0.02956899
0.03867762
0.1746622
0.0301799
-0.01025545
-0.070217
0.003389347
0.05227108
0.02449364
-0.02990311
0.1257851
0.06128405
-0.030467
-0.07374717
-0.07559575
-0.03510485
-0.1413177
-0.11134
-0.07708108
-0.08191803
-0.05284561
0.003795466
-0.05628726
-0.02702891
0.02905748
-0.03080528
-0.005797886
0.01721971
-0.02251473
-0.01400449
-0.01143774
-0.003666104
0.04012816
0.01514053
0.02215688
0.08930517
0.06794811
-0.01683304
0.05153175
0.02779943
0.002431617
0.004579326
-0.1478801
0.05553709
0.08321275
0.09827035
-0.1426962
0.04991179
-0.0009703148
0.08572394
0.06591251
0.01225762
0.2386278
0.2600758
0.1849377
0.2169652
0.2097743
0.1316095
0.01904492
0.03626876
0.02597023
0.05594015
0.08100352
0.05924997
0.04338264
0.06973129
0.05222308
-0.1299226
0.008725852
-0.08868545
0.05835544
0.2792891
0.1140014
-0.02405732
0.173497
-0.05198867
0.002925463
0.001474155
-0.0009240613
-0.003027299
0.00199534
-0.004246471
-0.0001392671
-0.001650842
-0.00278332
-0.0009402376
-0.001727265
-0.002976346
0.001376151
-0.00130329
0.00107314
-0.0006393559
0.002979322
-0.003687577
0.001770627
0.001468462
-0.00169457
0.0007896101
-0.0009504276
-0.001461147
-0.001198605
-0.001041119
-0.00244885
0.002630458
-0.001410191
0.001757444
0.000122884
0.001759491
0.002645273
-0.0001805316
-0.003772518
-0.001861014
-0.003574592
0.001020581
0.0005072936
-0.001930333
-0.000621502
0.002264461
-0.001773148
0.00154826
-3.360404e-05
0.0004564748
-0.001082096
0.002210047
-0.0005791019
-0.003038236
-0.001591347
0.002509308
0.0008970976
-0.0002617248
8.331287e-05
-0.003029461
0.001573731
-0.001110628
-0.0004482402
-0.0003865335
0.001036315
-0.001091875
0.0003025662
-3.082618e-05
-0.001724373
-0.002817414
3.711375e-05
0.0008301914
-0.002358684
0.001089353
0.001025369
-0.001151649
0.0007249295
-0.0004842628
-0.003154219
0.00140007
0.001730327
-0.001983559
-0.001513023
0.001349533
-0.002124515
-0.0007690442
-0.0005534011
-0.000639724
0.000260585
0.001214256
0.000810345
-0.001238104
0.0005808817
-0.001296144
-0.0002231353
-0.0008022014
-0.001276629
-0.0006002648
0.0004684909
-0.001264514
0.0001346458
-0.0009635336
-0.002901345
0.003250985
0.001233777
0.00142678
-0.001124078
0.0009202891
0.0005463342
0.001738033
0.003483316
0.0008800357
-0.001168367
-0.002476287
-0.004243711
0.002404291
-0.001707938
-0.001558468
0.004176985
-0.0002622607
-0.002719923
0.0006550605
-0.000965872
-0.0008843973
0.0006373898
0.0007961997
-0.002770665
0.000257586
-0.0007559762
-0.001466102
0.00343299
-0.001982155
-0.001033842
-0.0005441558
-0.000643059
-0.002641555
0.000832477
-0.0001992873
-0.0006036402
0.0007943611
-0.001381118
0.003422362
-0.004795818
0.004430912
0.001065294
0.001259154
-0.00309217
-0.0006822012
0.04972485
-0.1288423
-0.07719947
0.116882
-0.03016626
-0.00616423
0.1522904
0.1311608
0.09259188
-0.002649659
-0.2049097
-0.1517372
0.1510189
-0.04485048
-0.004132287
0.3140252
0.2136049
0.2044779
-0.02087545
-0.02107214
-0.02050943
-0.004916073
-0.005174354
-0.0004452505
0.01778359
0.02252952
0.01752118
-0.03415596
0.01278462
-0.02436026
-0.04188459
0.03153448
-0.02259446
-0.008435154
-0.03099585
-0.08156971
0.08311664
-0.1758992
-0.1631268
-0.03371934
0.2428291
0.09020969
0.03430469
0.3965015
0.262517
-0.0005827966
0.0003350107
-0.001589819
0.001387948
-0.003548908
0.001750617
0.0001947677
-0.0007898737
-0.00194623
0.03014072
0.1084197
0.03093987
0.007299588
0.02289023
0.00805078
0.1372648
0.09115097
0.06642178
0.03431528
0.1190596
-0.1084626
-0.05870784
-0.05303799
-0.2167935
-0.1595031
-0.2025585
-0.2703791
0.2013382
0.08525297
-0.1499621
0.1464878
-0.04747681
-0.1544427
-0.007517098
-0.02206486
0.03723149
-0.03444753
0.1944146
0.2613319
-0.02963327
-0.01439354
0.1193123
0.001850595
-0.1487049
-0.05114747
-0.1886692
-0.2332873
-0.1123341
-0.01821992
-0.04411504
0.04927944
0.267932
0.2567604
0.2495661
-0.03250768
-0.005039514
0.01757484
-0.04324524
0.03432743
0.04409374
-0.01815223
0.05039873
0.03180729
-0.02120111
-0.05188989
0.1079756
-0.02360678
0.2337832
0.2047872
-0.08812627
-0.0009053153
0.1703844
-0.1033183
-0.09829495
-0.06470859
-0.05017066
-0.03673451
-0.05216048
0.0348275
0.03803969
0.04675772
0.01536736
0.04963943
0.07640104
0.03837964
0.08187791
0.06195148
0.01902873
0.04030583
0.03004649
-0.02436168
0.01380923
-0.1073236
-0.2122159
-0.03134153
-0.1932288
-0.1960473
-0.08670151
-0.1946961
0.003902206
0.001685364
-0.002494013
0.001787046
-0.0006985097
0.0002806027
0.001428725
-0.0008877186
-0.0002027918
0.001055368
0.004398096
0.001183345
0.0053138
-0.0008410434
-0.00234386
-0.001070682
-0.0004064252
-0.001952727
0.0004531797
-0.0004189846
0.0003815847
7.926735e-05
-0.0004492864
0.002774527
-0.00181872
-0.0006034188
0.0008774867
-0.001338781
-0.001932125
-0.001201487
-0.001099338
0.001833075
-0.003143704
-0.001765865
0.002000293
-0.0001754324
-0.001238091
0.002215228
0.0007274677
0.002274671
0.002155185
-0.001115913
0.001294312
0.0008896411
-0.001648566
0.001564585
-0.001677637
0.001003743
-0.001649707
0.001123413
-0.0002321404
0.004707118
-0.00110819
-0.002172142
3.388047e-05
0.002855284
-0.000641345
0.0005841074
-0.0004430184
0.0002758898
-0.0006996932
0.001868503
0.0009962956
-0.0006868383
0.001898353
-0.001334797
-0.003768876
-0.00348686
0.0003782384
0.0001597865
-0.003389443
0.0001509985
0.00388789
0.001956782
0.002392554
0.0008809518
-0.0027399
-0.00340064
0.0002117154
0.0006752528
-0.001611554
-3.025787e-05
0.003279184
0.001881198
0.002479697
-0.0009047652
-0.001122173
-0.0006093618
0.003833768
0.0004486659
-0.0006861636
0.001120841
0.001195935
0.0002400747
0.002444648
0.003658241
9.688635e-05
-0.001478387
-0.0009399065
0.002919063
-0.0001521138
0.001413867
-0.0004863681
0.004626588
0.00319266
0.0002925303
-0.001156295
-0.001041153
0.003204264
-0.002189568
0.002996517
0.0006607482
0.00141565
0.001937021
-0.001319278
-0.002810014
0.0003644721
0.002614964
-0.002929418
0.0001950138
0.001874204
0.0009352352
2.76472e-05
-0.002683929
0.0009163697
-0.001205871
0.001329183
-0.001462759
-0.0009405937
0.001054423
0.002707167
0.0001733153
-0.001352031
-0.001215626
-0.002838321
0.004903541
-0.001782171
0.001045485
-0.003965318
-0.003739273
-0.002352644
-0.0009845007
0.0003278706
-0.001259513
-0.1363687
-0.1487838
-0.1996862
-0.1279452
-0.1307602
-0.1496751
-0.07926258
-0.0654708
-0.08420497
-0.04659642
-0.06777087
-0.05262611
-0.09127904
0.01279405
0.03726817
-0.08578502
0.08918556
0.1133509
-0.003222359
-0.006449406
-0.00647206
0.0003627726
-0.002642853
-0.01019112
0.002686998
-0.0005790569
-0.009783533
0.01133578
0.04749846
0.02803952
-0.0080779
0.02356134
0.03187757
-0.01273852
0.04367631
0.08358496
0.3118604
0.1036834
0.09170703
0.1324691
0.0819366
0.1416237
0.0192589
0.00405563
0.01437259
0.0002189852
-0.000691361
-0.001091004
-8.379677e-05
0.0002804573
-0.001642284
-0.0009858826
0.00160564
-0.001489599
0.02957193
0.09226151
0.06401774
0.09539684
0.03403619
-0.01973633
0.1429444
-0.02216349
-0.0249673
-0.04412945
-0.05589046
-0.03851228
-0.002767996
-0.04652572
-0.0102726
-0.01251511
-0.03324283
-0.006251453
0.04803641
0.1299447
0.1072137
0.05399427
0.115033
0.06631585
0.02312193
0.1006083
0.08306147
0.0258036
0.1370476
0.1785051
0.08624029
0.1702
0.1554737
0.1024045
0.146889
0.1209077
-0.009844627
-0.02942309
-0.05777698
0.05202351
-0.02244894
-0.1266664
0.07931706
-0.002265764
-0.127406
0.002285036
-0.001141839
0.01674455
0.02997777
-0.006676941
0.009217454
0.03934035
-0.007908583
-0.009165144
0.04293418
-0.04403171
-0.1170391
0.04806279
0.06390101
0.06089251
0.01223096
-0.02292561
-0.08103087
-0.01073778
-0.02039192
-0.0260977
-0.002564648
0.003391512
0.001903019
0.02621319
0.02545862
0.05647684
-0.02599204
-0.04523161
-0.05266093
-0.01443699
-0.04330724
-0.0443491
-0.004833233
-0.0254787
-0.02301446
0.04530133
-0.03718894
-0.005262691
-0.0649823
-0.1063331
-0.01671169
-0.01695986
-0.07165192
0.02100356
-0.03105107
-0.1787417
-0.01554872
0.066035
-0.1395337
0.02610596
0.2226969
0.1690914
0.1863015
0.03155645
-0.08256725
0.1062491
0.09782809
-0.343081
0.02968049
0.1854798
-0.09528216
0.0612045
-0.005311225
0.007637684
0.0133655
-0.00907575
0.0008732108
0.007798532
-0.01775139
-0.008305212
-0.001119751
-0.0367062
-0.07156923
-0.1598285
0.126362
0.1622595
-0.06968676
0.1383634
0.1010035
-0.02214238
-0.1149195
-0.1415486
0.2648661
-0.09349776
0.3201178
0.1765295
-0.08498624
-0.06793685
-0.1110478
-0.001912245
-0.00134965
0.00036768
-0.001458852
0.0003346208
-0.001978988
-0.0002028779
-0.002037667
-0.0008476958
0.03296132
0.05483125
0.09099574
-0.145827
0.1231991
0.1608045
-0.1085083
0.1211427
0.09621654
0.07577504
-0.06215977
-0.1449219
0.005155156
0.08640588
-0.1331752
0.04400741
-1.028887e-05
-0.05392819
0.08226083
-0.000897835
-0.04837499
0.006730144
-0.1947437
-0.01276149
-0.00520822
-0.1359738
0.02672205
0.1589396
0.1266173
0.1055541
-0.00199802
-0.09575509
0.05173464
-0.03694178
-0.1182239
0.01245152
0.001311827
0.03921974
0.117855
-0.1150626
0.02148645
0.1623192
-0.04170143
0.07146733
0.1930145
-0.06818108
-0.004693883
-0.007064138
-0.03157069
0.09025952
0.06163874
-0.02222343
0.05981419
0.01810872
-0.2851946
-0.3146325
0.01783992
0.03791852
0.2368707
-0.09155396
-0.08652053
0.1297212
0.02683888
-0.002803604
-0.02448299
-0.0712591
0.1776449
0.1058872
-0.05866903
0.1397734
0.06088209
0.004601394
0.02664819
0.0640526
0.03823877
0.09886581
0.1517787
0.06975498
0.08188336
0.1218427
0.04905954
-0.08882325
-0.04399014
-0.08114327
0.1483705
0.4122651
-0.2201203
-0.04251771
0.05702005
-0.05055007
-0.242651
-0.06504856
0.3512797
-0.3267003
-0.1971071
0.1775339
-0.1257489
-0.1302346
0.09722031
-0.07430539
-0.09625211
0.1551383
-0.03203269
-0.08796233
-0.004712531
0.01341624
-0.08657353
-0.07901049
0.003686133
0.01171347
0.01845644
9.433261e-06
0.001289729
0.01111346
-0.001857057
-0.005156599
0.003767853
-0.1516819
-0.1209601
-0.1008732
-0.06038227
-0.06865901
-0.08404944
-0.03204946
-0.05519797
-0.06224413
-0.09515873
-0.06698982
-0.02309693
0.144121
-0.02556115
0.0297144
0.04537885
-0.05826657
-0.0418531
6.669987e-05
-0.001189397
-0.000865115
-0.002732618
0.0005457532
-0.005230555
-0.001291263
0.001088395
0.001746785
0.07697774
-0.0663142
-0.08489964
0.01737328
-0.08891642
-0.04097014
-0.02302524
-0.1116358
-0.06293994
0.1676677
0.2351992
0.1168023
-0.05098657
0.04284689
0.1390638
-0.1482792
-0.1315299
0.07223874
0.1032625
-0.1757651
-0.2392002
0.1498656
-0.2526207
-0.3094981
0.1359192
-0.1946309
-0.2758761
0.06782839
-0.07748637
-0.2633588
0.1234725
0.01701773
-0.2045735
0.07393721
0.01117501
-0.1596486
-0.02846238
0.07922919
0.2536213
-0.1009634
-0.03200184
0.1047894
-0.1608968
-0.1062696
-0.002862569
-0.03598559
-0.02309236
-0.01230121
0.02477435
0.01993884
0.002046269
0.05393415
0.02835211
-0.01341454
-0.08463826
0.02619104
-0.05611384
0.0217231
0.1874076
0.1371627
-0.09643415
0.06821218
0.08059552
-0.1113508
0.00810388
0.1173972
-0.1582308
-0.04927716
0.06252375
-0.2095453
-0.1481234
-0.04128666
-0.01701901
0.01991917
0.03386771
-0.01073665
0.0237469
0.05073534
-0.03499639
-0.01660598
-0.004813004
0.05433875
0.08428194
-0.05118971
0.1130652
0.1311759
0.06830732
0.03822627
0.01548153
0.05668875
0.05400861
0.05379534
0.05776608
0.1203168
0.1246864
0.1103925
0.1525565
0.1312247
0.1040298
-0.03545796
-0.03061062
-0.03127258
-0.0437268
-0.005899427
-0.003665576
0.05290711
0.06239051
0.02421871
-0.00804399
-0.006033938
-0.005540294
-0.0047854
-0.002171247
-0.002700912
0.005777618
0.005751239
0.003393229
-0.009140193
0.01281812
0.009866956
0.002268316
-0.004464191
0.00792363
-0.005287811
-0.013042
-0.03437672
-0.08151823
-0.004115642
-0.03075046
0.02581927
-0.0003915449
0.009775628
-0.06395156
0.0003482902
0.002569204
-0.003008746
-0.0003990089
0.0007504891
0.001721934
-0.0008014039
-0.001424347
-0.0007547568
0.0001383755
-0.0003078799
0.01238478
-0.02907892
-0.011509
0.02150435
-0.01546128
-0.02130525
-0.007370919
0.01948484
0.01229441
-0.003500709
0.02039628
0.01025023
0.07805962
0.05373595
0.0277171
0.04584027
0.06428225
0.03293356
-0.04049664
-0.05604072
-0.02134432
-0.0274965
-0.01728824
-0.01280655
-0.007569782
-0.01582294
-0.01124299
0.0190686
0.02358641
0.03362564
0.03016864
0.05536274
0.04313032
0.04103294
0.07143676
0.0558956
-0.05553092
-0.05446605
-0.06756965
-0.01792017
-0.008950928
-0.0193428
0.1018259
0.0768494
0.08351477
0.012839
0.02629632
0.0241157
0.000103746
0.001677399
0.002153811
-0.007802026
-0.002797629
-0.003223477
0.02314419
0.09626624
0.009708454
0.1891181
0.1226055
0.1791288
-0.0254736
-0.03836143
-0.02790787
0.01898688
0.009948402
0.005567462
0.03592858
0.02032465
0.02760746
0.02016036
0.002393457
-0.004761047
0.01094944
0.01758537
0.01421613
0.008308657
0.006646974
0.005824782
0.01111552
0.005077596
-0.003818059
-0.02176826
0.008229647
-0.004740232
0.06450326
0.02567789
0.03598113
0.01567231
0.01037343
-0.004184605
0.09430434
-0.02643704
0.02741598
0.05056617
-0.05821726
-0.08439942
-0.07866712
-0.06048927
-0.1783066
0.2482108
-0.007579834
0.0002738425
0.1507583
-0.09475485
-0.1211525
-0.08045192
0.02755078
0.04343224
0.003267951
-0.006320412
-0.01685202
0.001347863
-0.0004642521
-0.007387483
0.002039102
0.002870635
0.001451027
0.05285359
0.05645868
0.01229028
0.01281205
0.01807721
-0.06586727
-0.02642751
-0.1816549
-0.1449284
0.005717612
-0.02444611
-0.200522
-0.2661951
0.1368026
0.07828801
0.02029422
-0.03493417
0.08838074
-0.0003524244
-0.0004348684
-0.002993836
-0.001479604
0.002630748
-0.00354233
0.003512846
-0.001825865
-0.001380879
-0.2206645
-0.01571901
0.1279205
-0.1816996
-0.09794934
0.1988373
0.02846037
0.03466896
0.07557113
-0.09776769
0.05865047
0.002645322
-0.02958862
0.126344
0.07478599
0.1293326
0.04257566
-0.0786137
-0.09237525
0.05176077
0.1117571
-0.0209598
-0.05619483
-0.01122497
-0.1044914
-0.06744443
0.0529025
0.00220631
-0.08996534
-0.000368024
0.0344689
-0.2496543
-0.09431922
0.1662529
-0.00381373
0.02396086
0.08057942
-0.04323873
-0.02864492
0.05103681
-0.03496638
-0.0756287
0.0851289
0.107878
0.02651965
0.06729472
0.02424806
0.004808896
0.02610247
0.06712892
0.02914594
-0.01128067
0.05788733
0.004425151
0.0266088
-0.1484403
-0.2984501
-0.1503573
0.4603978
0.09755669
0.04642275
0.03421001
-0.007831189
0.1244865
0.1359932
0.07217257
0.169237
0.1978441
0.051587
-0.01977337
-0.01895939
-0.0695593
0.08391511
0.09106493
0.06688387
0.08757949
0.1393392
0.0726893
0.02718967
0.03393051
0.01182302
-0.1234975
0.1067534
-0.06418334
-0.2890368
0.02245536
-0.1549515
-0.2850564
-0.3438908
-0.3691928
-0.001870582
0.002173565
-0.001067649
-0.001434747
0.0003848973
-0.003035638
-0.0001336275
-0.003215285
0.001722899
0.0006659283
3.241656e-05
-0.0008520588
-0.005381263
-0.002909817
-0.006551658
-0.006605895
-0.007486129
0.0003167993
-0.001305803
0.002678139
-0.002495918
-0.003063946
-0.003937055
-0.003045443
-0.004039828
-0.002699396
0.001254275
0.004953227
-0.001310318
0.0039804
0.004500868
-0.001959764
-0.001584307
-0.0006127369
0.0009028104
-0.0008100696
0.002052527
0.0001695586
-0.002378134
-0.002654556
0.0009956218
-0.005409979
0.001703028
0.001363807
-0.0008885825
0.0004447786
-0.0008031573
0.0005176413
-0.00241956
-0.00146892
-0.002180858
0.0005491927
-0.002655448
0.0004743351
0.0001766917
-0.0009121242
0.002561555
-0.003424734
-0.001588066
-0.0005873573
-0.001346872
0.0006150918
-0.002105927
-0.004007015
-0.00238807
-0.002011359
-0.001333379
0.0005812596
-0.0007479233
-0.00568692
0.00173395
-0.001172594
-0.0001731854
-0.004258567
-6.892356e-05
0.0004428991
-0.0001135237
-0.0009895309
-0.0007419302
0.0008901345
-0.0001736512
-0.004445081
-0.006564348
-0.002388006
0.0001328993
-0.004072105
-0.004430328
0.0003061568
-0.004009906
-0.004544534
-0.002392617
0.001094976
0.002256466
-0.001067297
-5.121145e-06
-0.001666232
-0.003831278
-0.002801385
-0.003317167
0.002417646
-0.003783287
-0.004170435
0.0004775266
-0.001898414
0.0009361922
0.002037865
-0.000862655
-0.002427055
-0.003702032
-0.003228778
-0.001104673
-0.002126529
-0.003689954
-0.0006616196
0.001251105
-0.001177475
-0.001950585
-0.001532482
-0.001097922
0.0001621528
0.002905191
-0.00189146
0.002423761
0.002506897
-0.0004984884
-0.0004413798
0.0001726774
-0.001662459
2.771781e-05
0.001348655
-0.002638099
-0.001719525
-0.001119646
0.002922629
-9.115313e-06
0.001202647
0.002159162
0.003156647
0.0003419976
-0.0003747136
0.002912604
0.0006527677
-0.001670944
-0.001781616
0.05676417
0.06966306
0.09960315
0.1398543
0.1179937
0.145537
0.3155301
0.2471447
0.2565377
-0.1094649
-0.0920563
-0.1624059
-0.1042675
0.2121782
0.0697568
0.04013543
0.1844723
0.09972759
0.0123265
0.00733639
0.007656328
0.004620366
0.005697913
0.007245127
0.003361657
0.005226699
-0.0007278118
0.05355135
-0.001548286
-0.02416768
0.04899889
-0.03466187
-0.02174389
0.06247874
0.0223101
-0.01548356
0.1138884
-0.1948128
-0.1432671
0.1837947
-0.3535597
-0.07876546
0.02190625
0.2452059
0.1368622
0.0003561525
0.002436059
-0.001799937
-0.001990008
0.0009581659
0.002213036
0.000955211
0.001621975
0.0001078954
0.08067622
0.07035626
-0.06084311
0.1775682
0.0204838
-0.1490153
0.03526541
-0.03779053
-0.04317391
-0.004957077
-0.02140451
-0.002342527
0.02794311
-0.2375384
-0.2184294
-0.2514137
-0.4235766
-0.364157
0.2615618
0.01539002
-0.3237733
0.3268401
0.1736359
-0.2570191
0.04180048
-0.01911266
-0.1382015
-0.01671331
0.4160467
0.3891605
-0.09589417
0.3619385
0.260998
-0.3539221
-0.1476218
-0.1448206
0.06106024
0.01925308
-0.01607244
0.08929488
0.02014931
-0.007799604
0.03942932
-0.01601577
-0.0515861
0.05962215
0.02952746
0.03016137
0.09943197
0.06603842
0.03944943
0.07917382
0.04155805
0.03654442
-0.155547
0.1944678
0.04993878
-0.333847
-0.3708135
-0.01063147
-0.194108
-0.1135829
-0.06943072
-0.139464
-0.1522416
-0.1341805
-0.1884091
-0.2089071
-0.1358942
-0.02731881
-0.03900208
-0.02191961
-0.0005929184
-0.006037516
0.02139086
0.0127246
-0.009062526
0.02808894
0.0441485
0.03478907
0.03439096
-0.004639601
-0.01204303
-0.1084374
0.001232753
-0.1305723
-0.0226859
0.01600922
-0.005765669
0.008030249
