2.721198e+00
3.651436e-04
3.165696e+00
2.856496e+00
3.062674e+00
3.327575e+00
2.888680e+00
5.976531e+00
3.083177e+00
3.347822e+00
1.672582e+00
3.359690e+00
6.619118e+00
1.747591e+00
4.457967e+00
3.232624e+00
2.361010e+00
2.144506e+00
3.482444e+00
5.314614e+00
5.073090e+00
4.395147e+00
3.130941e+00
2.763425e+00
2.388195e+00
3.103709e+00
4.092706e+00
3.479192e+00
3.649376e+00
4.031919e+00
3.659554e+00
4.179041e+00
4.299311e+00
2.552143e+00
2.814265e+00
3.871200e+00
3.974834e+00
2.663727e+00
3.969897e+00
2.622386e+00
2.908952e+00
3.149473e+00
2.078969e+00
3.563716e+00
4.204585e+00
4.017860e+00
3.729780e+00
2.237708e+00
2.707782e+00
5.046596e+00
3.115326e+00
5.060639e+00
4.726822e+00
3.433386e+00
3.606020e+00
3.555902e+00
4.371856e+00
3.007071e+00
3.600284e+00
3.412238e+00
3.779369e+00
4.336620e+00
2.738070e+00
3.867038e+00
