-3.612837e-01
-2.305788e-01
3.864558e-01
7.446671e-01
-7.753472e-01
-1.828090e-01
-5.883687e-01
-5.864707e-01
-3.268509e-01
1.040836e+00
-1.779744e-01
9.130720e-01
-3.459552e-01
-1.040618e-01
7.383823e-01
3.856682e-01
2.176535e-01
-6.293913e-01
-4.320475e-01
-9.001372e-02
-1.938904e-01
-9.540600e-01
-3.958091e-01
-4.330694e-01
-2.695039e-01
-1.629465e-01
4.589511e-01
-1.410386e-01
-4.059538e-01
2.835942e-01
4.808635e-01
4.204505e-02
4.793130e-01
-2.232006e-01
1.700375e-01
2.941195e-01
3.896134e-01
7.882728e-02
-4.959393e-01
-2.188240e-01
8.741537e-01
6.175028e-01
2.946459e-02
-2.639190e-01
5.395668e-01
3.355049e-02
-3.567674e-01
2.588240e-01
1.137629e-01
-3.638881e-02
1.887667e-01
-5.210233e-01
-3.053797e-01
-3.623612e-01
-3.068908e-01
5.653246e-01
-2.339455e-01
-3.374878e-01
4.572390e-01
-5.073305e-01
-7.218578e-03
-5.142376e-01
-5.416718e-01
6.657231e-01
-3.534001e-01
-4.113120e-01
-3.668071e-02
-3.802328e-01
1.084870e+00
5.423715e-02
-4.044021e-01
1.098645e+00
-4.532183e-01
7.447582e-02
-2.235178e-01
6.974874e-01
-1.698176e-01
-2.358293e-01
3.828949e-01
-1.147861e-01
-4.024349e-02
-2.962925e-01
1.007546e-01
-2.203509e-01
9.988602e-01
-3.421227e-01
-2.289249e-01
-2.573410e-01
-4.191091e-02
-4.911005e-03
-1.768723e-01
-9.647226e-02
-2.325486e-01
-3.169475e-01
1.873998e-01
-3.617455e-01
-4.775302e-01
2.739860e-01
-3.853066e-01
1.626029e-01
-3.128374e-01
1.327749e-01
-1.820799e-01
-3.674535e-01
-1.430230e-01
-3.362720e-01
-1.741918e-01
4.000574e-01
-5.309023e-04
3.065360e-01
1.515425e+00
3.514921e-01
-1.980926e-01
5.415739e-02
9.651371e-01
6.371465e-01
2.188016e-01
-3.939086e-01
-2.867705e-01
-6.900302e-02
1.717492e-01
-2.042189e-01
-8.333735e-02
-1.653970e-01
-4.869515e-01
-8.982008e-02
-2.944099e-01
-4.500352e-01
2.761158e-01
1.282184e-01
-3.489085e-01
9.833372e-01
1.083849e-01
-1.721257e-01
5.761219e-01
-4.621949e-01
-4.816092e-01
4.290905e-02
3.199582e-01
3.377832e-01
-4.387475e-01
-3.190350e-01
-9.189770e-01
6.778827e-01
-5.918675e-01
6.146860e-01
1.500604e-01
-3.397514e-01
-5.363947e-01
6.127853e-01
-1.234227e-01
-2.173643e-01
4.078396e-01
2.168939e-01
7.707296e-01
9.773461e-02
-9.948137e-02
8.335633e-02
-1.476801e-01
5.153295e-01
1.038324e-01
5.319577e-02
4.308112e-01
-1.024239e-01
5.761386e-01
3.878051e-01
-3.426174e-01
-1.226293e-01
-3.761472e-01
-9.527390e-02
-1.649304e-01
-5.290589e-02
-3.304446e-01
-2.654786e-01
2.107112e-01
-3.914953e-01
-3.514963e-01
1.148455e-01
-4.099776e-01
-2.094967e-01
3.370306e-01
-5.294006e-01
5.164122e-01
5.335895e-01
-7.078938e-01
1.665295e+00
-3.996558e-01
-3.915530e-01
-5.491815e-01
2.692302e-01
6.803410e-01
-6.071193e-01
1.585383e-01
1.396570e-01
3.065943e-02
-4.756038e-01
1.180141e-01
-2.513266e-01
1.089168e-01
-4.731170e-01
3.909302e-01
2.696330e-01
-4.385504e-01
-7.571023e-01
8.002203e-01
1.120400e+00
7.134516e-01
-3.749567e-01
-7.770430e-03
9.136565e-01
2.158889e-01
9.251419e-01
1.076948e-01
5.440385e-01
2.988370e-01
8.306887e-01
-8.216071e-02
9.967455e-02
5.521202e-01
8.454529e-02
2.140074e-01
9.537448e-02
-1.722900e-03
-3.049899e-01
-1.909285e-01
-3.474623e-02
3.909161e-01
-3.628841e-03
-3.059582e-01
-5.735709e-02
-9.039050e-02
2.335419e-01
-4.696660e-01
-6.228788e-01
3.014724e-01
-2.670100e-01
-5.001905e-01
5.474275e-02
-6.210181e-02
3.633866e-01
-5.064379e-01
-5.075280e-01
-3.075078e-01
-2.620089e-01
-1.824977e-03
-2.264972e-01
-6.545179e-01
-1.247657e-01
-6.220894e-01
-4.490442e-01
-4.500467e-01
-1.169188e-01
-4.639312e-01
-4.086153e-01
4.253686e-01
7.600477e-01
5.613987e-01
-4.972719e-01
-5.208145e-01
5.394094e-01
-4.672606e-01
-3.076129e-01
5.529819e-01
-1.227074e-01
2.400250e-01
-8.574355e-02
-1.938036e-01
-7.380332e-01
-7.004429e-02
9.309806e-01
-3.984807e-01
4.325659e-01
1.665377e-01
-2.737529e-01
4.586331e-01
-2.971524e-01
-6.143706e-01
4.506427e-01
1.834004e-01
-6.744149e-01
2.962303e-01
-2.009706e-01
-5.561125e-01
-1.320366e-01
4.699925e-01
1.495436e-01
-2.556132e-01
-3.426164e-01
8.512097e-02
-1.176642e-01
-2.085024e-01
-1.197174e-01
-6.351127e-01
-4.457231e-01
1.557531e-02
8.846248e-01
-9.285871e-02
-2.560841e-01
-4.722437e-01
4.828578e-02
8.087482e-01
-1.218436e-01
-3.711548e-01
3.485119e-01
-8.447969e-03
-1.677661e-01
-3.962098e-01
-1.424368e-01
8.217292e-02
7.349702e-01
1.496888e-01
3.792478e-01
1.492535e+00
-6.845413e-02
4.661181e-01
-6.821820e-01
-1.379109e-01
3.985668e-01
3.332187e-01
-4.368197e-01
4.646878e-01
4.036815e-01
-6.398221e-01
-4.279031e-01
-6.711223e-01
-1.485017e-01
-4.463974e-02
4.406173e-02
4.296200e-01
-5.238460e-01
1.299776e+00
-5.908011e-01
1.175642e+00
2.365739e-01
5.609808e-01
-3.033832e-01
-5.136680e-01
-4.340171e-01
-4.580062e-01
-2.583294e-01
-2.488490e-01
7.647364e-01
-2.498573e-01
6.834105e-01
3.219915e-01
2.551301e-01
-3.440669e-01
1.520780e-01
9.504215e-03
-1.588736e-01
-2.735577e-02
-3.569306e-01
4.390495e-01
2.082212e-01
4.812689e-01
-4.538884e-01
4.446753e-01
-3.226386e-01
-4.250407e-02
-6.296879e-01
-1.398975e-01
-4.955037e-01
5.132904e-01
-2.498471e-02
-3.149002e-01
1.429575e-01
1.342202e-01
-2.548730e-02
2.052724e-01
1.316716e+00
-2.205040e-01
-6.741653e-02
-6.239331e-03
9.604321e-01
-2.091292e-01
-2.990752e-01
1.926173e-01
1.648486e-01
-3.753653e-01
9.900034e-02
4.935667e-01
-2.134125e-01
-7.660611e-01
3.267568e-01
5.928553e-01
-6.036609e-01
7.742845e-01
-1.555129e-01
-1.861269e-02
7.275321e-01
6.391363e-01
-3.137848e-01
-5.325591e-01
-5.044004e-01
-2.527071e-01
4.978546e-01
-1.160314e-01
-4.481307e-01
-3.243566e-02
-3.819171e-01
-3.576947e-01
2.512781e-01
-3.715138e-01
3.578759e-02
-2.430247e-01
-6.664673e-01
-1.911805e-01
1.046037e+00
1.250204e-01
-2.171593e-01
1.441519e-01
7.786246e-02
9.238038e-02
2.060739e-01
-1.853953e-01
3.564168e-01
-2.700096e-01
7.837222e-02
-3.220501e-01
-2.176068e-02
1.623388e-01
-4.177910e-01
8.319702e-02
1.083494e+00
-1.742560e-01
-5.332860e-01
1.195924e-03
1.824304e-01
-2.627637e-01
8.166581e-02
-2.699398e-01
-1.736873e-01
1.017278e+00
-1.947900e-01
-2.998716e-01
9.950415e-01
2.538568e-01
-3.439414e-01
-6.684119e-02
-1.077071e-01
-3.765203e-01
-9.732720e-02
-4.253182e-01
1.556653e-01
7.654240e-01
2.891537e-01
1.642556e-01
-5.648867e-01
-6.357861e-01
4.244782e-02
-2.269481e-01
1.094588e-01
-4.296502e-02
-1.592578e-01
-5.135877e-01
-6.138783e-01
1.154989e-01
-4.739957e-01
-1.319799e-01
-3.519751e-01
-1.674177e-01
-5.155540e-01
-2.853531e-01
-3.253870e-01
-1.710310e-02
1.676579e-01
9.431294e-01
6.877823e-01
-5.332185e-01
9.222267e-02
-1.480814e-01
-3.327894e-01
-2.605280e-02
3.809224e-02
-2.607437e-01
-2.702199e-02
4.369381e-01
-3.799495e-01
1.225457e-01
1.262645e-01
-4.654482e-01
-1.090234e-01
3.821343e-01
-8.725589e-02
4.776469e-01
2.918378e-01
-2.852648e-02
-4.812350e-01
-4.936718e-02
6.754790e-02
-3.750741e-01
4.882446e-01
-1.636729e-01
-1.494730e-02
7.397253e-02
-1.980980e-01
-1.492480e-01
-3.997603e-01
-3.389111e-01
1.046770e-01
-1.722097e-01
8.804558e-01
5.680341e-01
-5.907610e-01
6.326106e-01
-4.818828e-02
1.265895e+00
1.641776e+00
5.675848e-01
7.853219e-02
-2.375778e-01
3.486686e-01
-4.068315e-01
5.422666e-01
-4.505179e-01
-6.210572e-01
-3.647511e-01
7.446972e-01
-3.970129e-01
3.986977e-01
-4.207040e-01
1.408671e-01
-3.511512e-02
1.843478e-01
-2.650700e-01
-4.023206e-01
-3.481379e-01
5.215828e-01
6.828615e-01
1.347077e-01
-1.712859e-01
-1.873354e-01
1.545687e+00
-1.820492e-01
2.468051e-01
-2.355891e-01
-5.945036e-01
-2.817876e-02
-2.371399e-01
-1.470723e-01
-2.827633e-01
5.117316e-01
-2.318605e-01
8.576933e-02
6.672533e-01
-2.319258e-01
-5.834755e-01
3.195836e-01
-5.199162e-01
9.028938e-02
1.154776e+00
-1.016798e-01
5.124872e-01
1.030168e+00
-2.959562e-01
-3.487315e-01
-4.247864e-02
-5.547718e-01
-2.490211e-01
-1.438934e-01
7.797514e-02
-1.448665e-01
-4.154979e-01
-1.141707e-01
-9.531091e-02
-3.248707e-01
9.972748e-02
-6.135816e-02
-2.459445e-01
-3.173116e-01
-4.186280e-01
2.624399e-01
-3.736316e-01
-7.263435e-02
9.415439e-02
-2.438612e-01
-2.904944e-01
4.777032e-01
1.038506e+00
-3.201482e-01
1.027500e+00
-3.009035e-01
6.232042e-02
1.034423e+00
1.046273e+00
2.932579e-02
-1.710267e-01
-2.007056e-01
-4.094622e-01
-2.791107e-01
-4.131207e-01
-5.186797e-01
4.701491e-01
-4.351563e-01
-4.462117e-01
-2.811095e-01
-2.784823e-01
-3.145275e-01
6.099822e-01
-4.080790e-01
-1.394840e-01
6.202470e-03
-3.517086e-01
1.222458e-01
-2.026238e-01
-4.681154e-01
7.302708e-02
2.449619e-01
-3.876063e-01
1.166154e-01
-3.598391e-01
4.312098e-03
-2.857188e-01
2.717400e-01
-6.875020e-02
-2.891216e-01
6.725254e-02
6.141055e-01
6.215802e-01
-1.656775e-01
2.711866e-01
3.462272e-01
-6.243932e-01
-3.863958e-01
-1.885017e-01
-2.373322e-02
1.220366e+00
-3.967589e-01
-3.152454e-01
-4.159912e-01
1.857591e-01
-2.199485e-01
-3.057802e-01
-2.826865e-01
-2.458176e-02
-3.039027e-01
1.806529e-01
2.703622e-01
1.413669e-01
1.998981e-01
