16 3 3
0.07080246
-0.1585454
0.02298779
-0.1180753
-0.4091339
-0.09069372
0.08739349
-0.09019361
0.1869586
0.07944106
-0.1934141
0.008028782
-0.1982836
-0.5172281
-0.1665083
0.01106354
-0.1994353
0.08784395
0.09602862
-0.1037401
0.1132857
-0.08909049
-0.3198815
-0.006044418
0.05186461
-0.05809138
0.2324608
-0.1733878
-0.4666003
-0.1196241
-0.1328725
-0.851162
-0.3422281
0.1151582
0.05189244
0.06071961
0.2950072
0.1402937
0.3396897
0.1707929
-0.3846482
0.1445742
0.02154587
0.04946961
0.2006044
0.1960116
0.101971
0.1853944
0.1468064
-0.2825939
0.03615217
-0.1432472
-0.1526778
-0.05234787
0.5183902
-0.08187311
-0.4306151
0.2998869
-0.9090139
-0.6737204
0.5787645
0.6067821
-0.1407119
0.1836548
0.3738304
0.4000505
-0.3760295
-0.630293
0.04937513
0.02353766
0.5569604
0.04525296
0.02880571
0.3938181
0.3804505
-0.5306985
-0.3940142
0.3792387
-0.2321276
-0.007144918
-0.01875273
-0.3872186
-0.4097754
0.5609402
-0.05703416
1.043623
-0.9420499
-0.06767252
0.1008371
0.1992431
-0.02095207
0.005467303
0.2689025
-0.08099767
0.9101481
-1.48379
-0.1258871
-0.09259197
-0.07782006
0.08902776
-0.1745303
0.2813443
-0.1772624
0.6157256
-0.3653433
-0.06167297
0.1698271
0.1919274
0.1801555
-0.1246654
-0.08355046
0.303002
0.5721408
0.04386648
0.6444147
0.3704193
0.01372897
-0.3450602
-0.5428761
0.07442018
-0.6968393
-0.4945428
-0.1585869
-0.1339852
-0.7226225
-0.4647867
0.07759129
0.1793685
0.4899738
-0.2472391
0.4128451
0.7609235
-0.07709443
-0.1124955
0.3325572
-0.01045693
-0.550436
-0.104747
-0.3952643
-0.946995
-0.530131
-0.02944943
-0.3070738
0.1309617
-0.08474863
-0.169393
-0.2190537
0.02488373
0.01018631
-0.2627585
-0.06185791
-0.1777611
-0.2145275
0.1746853
0.6335177
0.2789627
0.5814832
1.328656
0.6673549
0.1002854
0.5053402
0.1638523
-0.2076381
-0.5333007
-0.2090809
-0.4268028
-0.04209266
-0.07343877
-0.1150714
-0.1103412
0.09039956
0.230131
0.8765424
0.4222345
0.4940324
1.73335
0.8241606
0.1381596
0.7004724
0.3685423
0.02731176
-0.2567542
-0.1340447
-0.2925632
-0.821853
-0.7912651
0.005417682
-0.8745438
-0.5723966
0.03604938
0.08042322
0.08542303
-0.01221823
0.1088193
0.09463239
-0.2000115
-0.2106991
-0.09666084
0.1286227
0.3816207
0.4168734
-0.03409491
0.2311001
0.3093639
-0.103159
-0.1297509
-0.01825863
0.04455316
0.4127624
0.4995763
-0.2088151
0.1370643
0.2600069
-0.2313148
-0.257027
-0.1359298
-0.1812059
-0.608227
-0.2138171
0.03009253
-0.5502264
0.1491408
0.3993711
0.4237976
0.3556922
-0.08211797
-0.5888856
-0.07393847
0.2037213
-0.4293467
0.4636756
0.3597707
0.3532403
0.5201235
0.02413911
-0.4626862
-0.1586258
0.1026617
-0.5128576
0.129239
0.1665495
-0.01057733
0.1952505
-0.1442039
-0.5164604
-0.03001563
0.7473016
-0.2308744
-0.36279
0.3168994
0.0442608
0.1539689
0.1985977
-0.4396202
-0.2399587
1.140594
-0.3206838
-0.5924289
0.2584761
-0.32426
-0.02102966
0.3671575
-0.1767433
-0.08737089
1.17713
-0.0841275
-0.503383
0.3547311
-0.2584989
-0.1849926
0.2565591
0.3097342
0.05249367
0.5052193
0.5315677
-0.1608817
-0.01470385
-0.08719921
-0.5371639
0.3917044
0.4498452
-0.08969528
0.3334633
0.287348
-0.4880363
-0.2046584
-0.3381593
-0.7246639
0.2492486
0.3046915
-0.03715552
0.1966518
0.2319968
-0.2799037
-0.1977936
-0.2437477
-0.5344213
0.08207803
0.1896193
0.02392939
0.01250467
-0.02978325
-0.1430192
-0.04871743
-0.2601276
-0.05964307
0.1853143
0.1738618
0.0438775
0.1287213
0.00542963
-0.08280596
0.1625574
-0.004001146
0.1739925
-0.1335015
-0.3226638
-0.3481974
-0.2175206
-0.4572723
-0.4807559
-0.05561487
-0.1920803
0.008814247
-0.1683589
1.127547
0.1367672
0.1274906
2.166511
1.113023
-0.127655
0.3625835
-0.2930447
-0.3364121
-0.7582526
-0.6103413
-0.6777311
-0.6356159
-0.1947705
0.1143469
-0.3305105
-0.1010099
0.6115846
-0.06011395
-0.2329233
-0.04654888
-0.5441688
-0.4032087
0.3522513
0.1828956
0.235859
0.09349271
0.08090481
0.2529531
-0.1164019
-0.2760042
0.1561041
0.145095
-0.1306467
0.1016547
0.02758214
-0.03623585
0.2648251
-0.214689
-0.3902269
0.07867686
0.05488516
-0.1554574
0.05273354
-0.06488966
-0.2268279
-0.0351189
-0.1685203
-0.4568374
-0.2429488
0.1686172
-0.08671732
-0.09913323
0.07451289
0.4131054
0.1975245
-0.1732805
0.08940908
-0.1044238
-0.2303334
-0.2288703
-0.1164658
0.003693276
0.3728921
0.03136745
-0.2288229
0.03503532
-0.3073886
-0.2531893
-0.2865726
-0.2933015
0.1738549
0.4402948
0.174641
-0.02462344
0.2074632
-0.08801982
-0.02226049
-0.01210549
-0.09313617
0.06000238
0.2433754
0.2783025
0.03044965
-0.03593687
0.07734587
0.0993548
-0.1321302
-0.01110329
0.003723122
-0.2221104
-0.03998138
-0.2438402
-0.8397933
-0.5178316
0.1348646
-0.4727639
-0.2273064
0.07131886
0.08003605
0.2523419
-0.09354471
-0.3595985
-0.1604213
0.1438441
-0.1710311
-0.06149913
