-4.024394e-01
-4.327747e-01
-3.423022e-01
-4.108046e-01
-2.472385e-01
-8.001421e-02
-3.326604e-01
-3.106825e-01
-2.077045e-01
-1.416148e-01
-1.387851e-01
-1.572734e-01
-4.228422e-01
-1.917830e-01
-2.282671e-01
-2.802410e-01
-2.685555e-01
-3.264697e-01
-2.592496e-01
-2.253760e-01
-1.125672e-01
-3.329252e-01
-4.079852e-01
-2.865470e-01
-2.112339e-01
-4.836722e-01
-4.057373e-01
-4.324033e-01
-2.254701e-01
-2.770024e-01
-3.789107e-01
-4.405253e-01
-4.647035e-01
-4.675324e-01
-3.725224e-01
-4.746411e-01
-3.624646e-01
-1.854060e-01
-5.108826e-01
-1.745795e-01
-3.550142e-01
-4.283760e-01
-3.427916e-01
-4.301512e-01
-4.030711e-01
-2.810917e-01
-3.160192e-01
-2.398124e-01
-2.040440e-02
-2.415138e-01
-3.119425e-01
-4.001721e-01
-2.905965e-01
-5.372733e-01
-2.102219e-01
-4.424034e-01
-3.268943e-01
-4.847164e-01
-1.587320e-01
-3.878816e-01
-2.687153e-01
-1.463457e-01
-1.336026e-01
-2.840501e-01
