16 16 3
0.08261781
0.1456812
0.1618109
-0.04534127
0.06172289
0.06956985
-0.01368353
0.00230109
0.02978266
0.019237
0.0144683
-0.04743471
-0.01368929
-0.04315307
-0.09728941
-0.0036898
-0.05621686
-0.09735898
0.02633944
-0.1020548
-0.05959953
0.08918791
0.03749893
0.09844025
0.08118903
0.07540534
0.1286925
-0.0002436642
-0.01136027
-0.02553193
0.007328328
0.04709955
0.002965022
0.003251741
0.04363088
0.03573722
0.05820391
0.0472543
0.08198293
0.01039852
-0.01292372
0.002996834
0.05147502
0.0122534
0.02613809
-0.08570939
-0.0689222
-0.06229691
-0.006447787
0.003810186
-0.009012001
0.09950341
0.06970479
0.0949083
0.01349199
-0.02212504
-0.08732782
0.02130957
-0.01947643
-0.05463329
0.09302424
0.02792122
0.05775042
0.07996006
-0.04181579
-0.02281605
0.07543844
-0.006414
-0.08819608
0.1094499
0.1017219
-0.006266726
-0.03270612
-0.02370332
0.01717529
-0.01057912
-0.0320272
0.03533569
0.09319022
0.05703904
0.1080904
0.1652237
0.1561578
0.0102098
0.03703066
0.04927462
-0.0563158
0.2423323
0.2690476
0.1543863
0.008285264
0.06801604
0.06138065
0.04477831
0.09603007
0.0776032
0.07893824
0.1353437
0.1057357
-0.0298564
0.01664287
0.003139474
-0.03360186
0.003460962
-0.06376591
0.005912666
0.003141479
-0.01762188
0.01412262
-0.02746947
-0.07833631
0.0510462
-0.03048729
-0.0626632
0.09234961
0.04323395
-0.02246617
0.01840707
0.07357113
0.1423074
-0.03448261
0.01556402
0.08404114
-0.08407305
-0.02616761
0.01243463
0.01613255
-0.03012709
-0.04944585
0.03742049
-0.0323649
0.004237157
0.06821699
-0.02910281
0.005031038
-0.08300686
0.144366
0.06574017
-0.07915708
-0.0120997
-0.0260189
0.1145334
0.09578487
0.107749
0.05650137
0.08397748
0.01664996
0.05065607
-0.09556973
-0.05298091
-0.1120108
-0.2273448
-0.1883643
0.06458528
0.05919856
-0.001843156
0.03415242
0.1200767
0.01428702
-0.09155522
0.1779416
0.03060655
0.02722045
-0.0497433
-0.133112
0.06236913
0.03506767
-0.1002545
0.0270209
0.1263073
-0.0812492
0.1085253
0.1877493
0.2032699
-0.01782933
0.1081192
0.08385686
-0.1158759
-0.07913358
-0.06356645
-0.05111808
-0.05517973
-0.08826146
-0.05850472
-0.1013567
-0.1033844
-0.008874808
-0.07336198
-0.05486442
-0.06623539
-0.0621712
-0.1125905
0.05926692
0.09618075
-0.09768204
-0.02861005
0.1398737
-0.07426628
-0.1610672
-0.2143736
-0.299549
-0.03623832
-0.0796458
-0.368955
0.1415199
0.1854858
-0.0593922
-0.01688641
-0.04818623
-0.1515476
-0.07708904
-0.04709672
-0.08846033
-0.01966527
-0.0165635
0.007671071
0.1224283
0.132056
0.0333615
0.05774594
0.1822774
0.1224418
0.002024679
0.04440593
0.1075609
0.006995193
0.1134081
-0.01160441
-0.1722594
-0.0606138
-0.1839558
-0.1343918
0.02193018
-0.1516876
-0.01761466
-0.1062679
-0.09147036
-0.1463093
-0.00111195
0.05252578
-0.1659917
0.0660069
0.1643003
0.08651925
-0.02701357
0.04732685
0.0159091
0.01366804
0.04381264
-0.1404722
-0.05617736
-0.121271
0.0136179
-0.01424881
-0.0002887191
0.06160653
0.0562886
0.01714513
0.04109586
0.1523262
0.1625174
0.03179558
-0.01626507
-0.107465
0.1225382
0.08978004
-0.04939858
0.01378245
0.1525872
0.04082947
-0.04709877
-0.07099216
0.01114625
0.009334184
-0.1849422
-0.1473751
0.02100451
-0.0321468
-0.1857605
-0.01219132
-0.1221985
-0.2333879
0.08569154
0.1377974
-0.0936501
0.03771702
0.172397
0.09222811
0.1223274
-0.02134444
0.1622187
-0.192859
-0.1514207
0.1700626
0.09143554
0.1775495
-0.031969
0.06804353
0.04601751
-0.3151132
-0.1940582
0.4520142
-0.3684238
0.1150421
-0.1373302
-0.1689478
0.05893936
-0.0475038
-0.1076993
0.06995908
-0.06374072
-0.1492954
0.0902428
-0.05766113
-0.159384
-0.07356866
0.09269153
0.06867486
-0.1620466
0.1888662
0.1563429
-0.08078455
-0.01938465
0.09307236
0.04521042
-0.1026176
-0.08902153
0.0945417
0.1378832
0.09792793
0.004647351
0.08687039
0.1095993
0.04649111
0.04062186
0.0294076
0.01504614
-0.1272624
-0.2524888
0.01986723
-0.115079
-0.06600515
-0.1337769
-0.1512778
-0.046218
0.03915328
-0.09634798
-0.1866929
-0.1163581
0.1124885
0.02574672
0.0630458
-0.2051427
-0.1124538
0.01184855
-0.2004727
-0.06365421
0.06020185
-0.001257477
0.02382086
0.04636665
0.1144347
-0.05215874
0.01758615
0.014945
0.1631032
-0.03257308
-0.0233837
0.1513015
0.1083209
-0.1826499
-0.02605367
-0.1668242
-0.4128543
-0.2728697
-0.01355606
-0.08926097
0.1076532
-0.0002961801
0.08535392
0.003363925
-0.01294466
0.2005349
0.1894023
-0.03340738
-0.07394534
-0.03763461
0.1566125
-0.1669763
0.006614114
0.04747478
0.2824816
0.2732722
0.01145452
-0.03033169
-0.1848842
0.0346032
0.07473654
0.02325919
0.0809186
0.05280638
0.05666217
-0.1102872
0.06578405
0.1112987
0.0833218
0.05685667
-0.04033989
-0.03174454
-0.01028718
-0.2399513
-0.07266397
-0.1250193
-0.1070923
-0.07334848
0.02093127
0.04013675
0.0722421
-0.321676
0.1749281
0.1383894
0.20066
0.02288459
0.1453916
-0.2253923
-0.1444498
0.3130591
0.5363232
-0.3023364
0.04938915
-0.002178246
-0.1802886
0.07109839
0.246207
0.3624755
-0.3466206
-0.2490004
-0.5876343
0.1723725
-0.001008694
0.1447023
0.08862403
0.301343
-0.3424511
0.0442789
-0.5239978
0.3950061
-0.1430438
-0.04985163
-0.3517976
0.1010274
0.06154106
0.1689638
0.05685395
0.1667709
0.004174673
0.07832201
-0.004561516
0.04445881
-0.04071604
0.005652569
-0.1616323
-0.1030904
-0.2519237
-0.3277279
-0.04847627
-0.04724357
0.02145318
0.1668535
0.06405532
-0.00541747
0.07611217
-0.1358334
-0.06945827
-0.03629917
-0.02285045
-0.1043196
-0.2414013
-0.03843541
0.2977835
-0.2667804
-0.2471939
0.06072187
-0.1403726
-0.09558147
0.01641973
-0.1900202
-0.1299823
-0.1912529
-0.01297195
0.1734583
0.01865349
-0.1087326
-0.1289971
0.04892104
0.03750361
-0.06677047
-0.2524066
-0.2957203
-0.1528148
-0.06658775
-0.08756582
-0.1074862
-0.1617889
-0.08996839
-0.1852738
-0.03019558
-0.1039241
0.0395432
-0.08090778
0.02806798
0.1249524
0.03067838
0.04321865
0.06998663
-0.01741808
-0.3862687
-0.4084789
-0.386565
0.2606604
0.04335171
0.02970907
0.1855969
0.1594623
-0.02971863
0.214722
0.1662048
0.1525261
0.01697734
0.1045342
0.1177021
0.1758869
0.08115271
-0.4749245
-0.1286497
-0.04052549
0.07394281
0.04058538
-0.01313488
-0.1570685
-0.04420408
0.004675024
-0.04386402
0.08292239
0.175615
-0.05073296
-0.07962608
0.1713461
0.08344029
-0.1042286
0.06571136
0.1856209
-0.004749684
0.274601
0.2474203
-0.09970698
-0.01826376
0.07554307
0.127844
-0.07262339
0.3014133
-0.0481393
0.06647922
-0.2167378
-0.05176588
0.08735149
0.4777703
0.01714307
0.05664382
-0.3953534
-0.009816666
-0.0560229
0.3693899
-0.04239818
0.03566256
-0.09770121
-0.1533013
-0.01968235
-0.04472652
-0.07449648
0.07199297
-0.07128997
-0.1103823
0.004067777
-0.1593477
0.05692685
0.0944505
0.01458106
-0.02870898
0.01024865
0.01458923
-0.1163235
-0.05614953
0.08339861
0.17973
0.1419564
0.1692094
0.1033106
0.08071315
0.1254217
0.02638691
0.08878688
0.0656087
-0.07885776
-0.08903453
-0.1600065
-0.01144081
-0.01507676
-0.1046266
0.01657934
-0.04423259
-0.1159211
0.1288104
0.05674753
0.01623082
0.04045003
0.05538102
0.08771621
-0.02317749
-0.01459815
0.02517207
0.03047874
0.1668376
0.03149008
0.1582705
0.1905954
0.002675998
0.01793797
0.03133336
-0.08767983
0.2432956
0.1696475
0.1012148
0.1245122
0.08845972
0.04507254
0.06091345
0.02987014
0.07080043
0.1351676
0.1383552
0.1467036
0.05097378
0.05110243
0.03703284
0.0406101
0.005942771
-0.007978867
0.03280258
0.05932166
-0.02883326
0.02021583
0.06340887
0.06971595
-0.0431513
-0.03204314
0.02195399
-0.02734843
0.0722933
0.05656325
-0.04904708
-0.001143933
-0.01628843
-0.1101949
-0.04116281
-0.05187839
-0.08594903
0.03208346
-0.04416891
-0.05353834
-0.0009127107
-0.1177996
-0.01987021
-0.08611138
-0.1248313
-0.1357324
-0.1633511
-0.09693608
0.02126103
0.01536507
-0.006520513
0.1320598
0.1300097
-0.007124577
0.09020936
0.06418012
0.01504131
0.09167057
0.044151
-0.01595121
0.1155758
0.02451445
-0.03752755
-0.05710759
0.02180024
-0.0216217
-0.04581346
0.004358664
-0.01822869
0.09087767
0.09508993
0.0478509
-0.07057938
-0.05769918
-0.03895004
-0.02090747
0.1094644
0.005374843
0.05525892
0.03112889
-0.02144875
0.09609693
0.1460201
0.03623946
0.04083699
0.09304128
0.06694183
0.04458468
0.08262101
0.0585349
-0.06187858
-0.08704212
-0.02002935
-0.09848053
-0.06063131
-0.09649099
-0.1790659
-0.0504615
-0.01085378
-0.04826934
-0.06516867
-0.1107809
-0.04380178
-0.04569235
0.02400879
-0.1266493
0.001941037
0.0284887
0.02703616
0.02531603
0.04953044
0.01279746
0.09003448
0.04116781
0.05532933
0.08808818
0.08677129
-0.0946082
0.01837897
-0.005936823
0.05091912
0.1070089
0.06182884
0.04048716
0.04868727
-0.0002764888
0.07339246
-0.08622408
-0.1619725
0.1302539
0.007344974
-0.03963968
0.07020414
0.06914747
0.0342904
-0.01983018
0.01939258
-0.03642647
-0.04214299
0.01861239
-0.06599514
-0.01263906
0.02831571
0.07149296
0.1488257
0.2035663
0.08487532
0.2810945
0.311996
0.07984435
0.310339
0.2172535
0.1109586
0.02212662
0.102289
0.06863288
0.03149702
0.05594558
-0.01400472
0.037148
0.03273581
-0.04844628
-0.03773431
0.004966777
-0.1090949
0.04168641
0.03940334
-0.005290991
0.04785435
0.04967668
0.06089123
-0.0315337
-0.01404238
0.06507979
-0.1969117
-0.2343072
-0.1310436
-0.04046296
-0.08823691
0.01864418
-0.06767739
-0.1168895
-0.1130573
-0.2197176
-0.1333264
0.04866236
-0.04788637
-0.008577484
0.06173464
-0.1011065
0.09470338
0.05809353
-0.06751036
0.09993934
0.1219625
-0.05051108
-0.01491305
0.08288599
-0.02682105
0.03245257
-0.02319013
-0.1238463
-0.01622135
0.08432083
-0.2347538
-0.1474173
-0.007104339
0.3096273
0.3324359
0.1180381
0.2665132
0.22064
0.02011958
0.1956804
0.09252191
-0.005518474
-0.05144433
-0.02395739
-0.01932265
-0.01304222
0.04225091
0.03670234
-0.06124451
0.0786719
0.07325295
0.05329335
0.1433867
0.2178809
-0.02008452
0.06902131
0.1836401
-0.02090284
-0.01806348
0.03181459
-0.03251574
0.006000317
-0.1328651
0.03751116
-0.09483811
-0.2093357
0.0752066
-0.0423254
-0.09359303
-0.01763428
-0.1123337
0.007088426
-0.1052862
-0.05129048
0.1818781
-0.04388887
0.1384789
0.126116
-0.02974494
0.001561627
0.03432653
-0.03622547
-0.09146308
-0.06281739
-0.03717387
-0.1629397
-0.1100634
-0.03796615
-0.09060328
-0.1286069
0.06845994
-0.08311126
-0.1131191
0.09919191
-0.07760146
-0.07221992
-0.04662184
0.02614319
0.1644711
-0.1402694
0.01085314
0.1762787
-0.1417438
-0.003726444
0.1597474
0.1121132
0.2244816
0.1169118
0.2790759
0.325601
0.1716017
0.1565191
0.2398912
0.1457698
-0.06981568
-0.0008629204
-0.0754413
-0.02367388
0.02565864
-0.05396551
-0.0131092
-0.07238803
-0.02831811
0.005934906
0.08770626
0.05439758
0.03833592
0.02541046
-0.01174899
-0.002587686
0.02010303
0.04959964
0.01137418
0.02109597
0.09235241
0.02122449
0.0408674
0.05039117
0.02489289
-0.007779351
0.1033063
-0.01410029
-0.07057266
0.03315166
-0.2529762
-0.3369576
-0.1833118
-0.02668918
-0.13457
-0.08631398
-0.1319973
-0.2265975
-0.01833514
-0.1663679
-0.3518703
-0.2336808
-0.1524622
-0.3146912
-0.359118
0.0633793
0.105515
-0.01044838
0.06456286
0.01990146
0.02007582
0.03950944
0.02157505
0.003672193
0.000309448
-0.1957855
-0.1259615
-0.1638148
-0.2456736
-0.1668383
-0.2024778
-0.2097516
-0.1467635
0.1591553
0.09676355
0.007946774
0.1742053
0.08746359
0.05876145
0.2657341
0.1785097
0.2416551
0.09012681
0.1602386
0.07147292
0.1086713
0.2701581
-0.05335715
0.1162565
0.1869392
0.04730426
-0.02654064
0.0188396
0.1422136
-0.1155343
-0.1189303
0.1480783
0.004212877
0.005152252
0.1714654
0.03234795
0.1405076
-0.06510154
-0.08102044
0.1694003
0.1407875
-0.2219335
-0.2308652
-0.1425423
0.01534383
-0.125246
-0.1021573
0.09688292
0.002132681
-0.194651
0.09756093
0.1297219
0.08868202
0.02066707
0.03749905
0.04287479
-0.139722
-0.03229217
0.006992493
-0.1236105
-0.1372595
-0.01851489
0.04918798
-0.01964578
-0.09021341
0.1016212
0.1554965
0.08548617
-0.1320544
-0.1016153
-0.09035931
-0.002993143
-0.01882597
0.003949205
0.01685966
-0.008558219
-0.005386567
0.1082971
0.05568969
0.04225942
0.04376212
0.205472
0.3594113
-0.1084616
-0.1044577
-0.05028024
-0.2057557
-0.1532554
-0.1601426
0.01686306
0.0079695
0.02887277
-0.1318984
-0.163898
-0.1524692
-0.04536576
-0.07075622
-0.161615
-0.02206035
0.09949052
0.1423758
-0.04606156
-0.08821473
-0.1043539
-0.1085104
-0.07924968
-0.09314132
0.1695042
0.1144628
-0.08685402
0.05541637
0.1309124
0.05494269
-0.04400107
0.002565384
0.04859893
-0.05360096
0.0925675
0.2235737
-0.06768483
0.009728132
0.110483
-0.2122362
-0.1560508
-0.1016676
-0.02259895
-0.01644901
-0.1583729
0.02408606
-0.01179179
-0.1207764
0.01609847
0.00662545
-0.1040478
-0.08412818
-0.09141293
0.02203771
0.05265973
0.04110412
0.05790823
-0.1159518
-0.09225837
0.097557
0.1207319
0.1238774
-0.01685404
0.007200524
0.05955622
0.02668848
-0.01825174
-0.04164362
0.03410892
0.03691929
0.03582481
0.005037922
0.01828377
0.07672342
0.009864555
0.01459849
0.0611629
0.07626662
0.02963438
0.1806486
0.1364845
-0.06711181
0.187066
0.2934301
-0.192358
-0.4040043
-0.3105369
-0.09089969
-0.2131099
-0.0501058
-0.002608593
-0.3407458
-0.251202
0.006231135
-0.03917472
0.05839975
-0.2287185
-0.1144791
0.01298444
-0.05490153
0.1557737
0.2549384
-0.1209042
-0.04185045
-0.03945849
-0.04262375
-0.07132947
0.09156793
0.03509755
0.1104331
-0.09023074
-0.09272384
-0.007610427
0.05496259
-0.06288131
0.04800038
0.01307433
-0.01966086
-0.03823947
0.001150118
-0.1665989
-0.1076625
-0.07602295
0.1261087
0.1486684
0.14156
0.1092714
0.3426932
0.3528263
0.1159637
0.2223503
0.1073212
0.04598043
0.1581305
0.07151221
0.0694258
0.1048632
-0.01748859
-0.04984476
-0.1467845
-0.1315697
-0.1633983
-0.1609857
-0.1197713
-0.1289414
-0.221859
-0.232624
-0.1182078
-0.1153211
-0.1142883
-0.061765
-0.08301032
0.06242875
-0.226761
-0.3021463
-0.1604046
-0.1230085
-0.03905737
-0.07442453
-0.008642421
0.01562302
-0.07155696
0.004328156
-0.1979376
-0.08797226
-0.07959551
-0.1352304
-0.1819897
-0.01385066
-0.07942051
-0.02995596
-0.0383482
-0.1380782
-0.1625727
-0.08600623
-0.1889887
-0.1041055
-0.03070017
-0.1041107
0.09017711
-0.1105957
-0.1729654
0.006136893
0.05785188
0.01424361
0.2392936
0.07286015
-0.08060559
0.01428519
0.09613866
-0.05986885
-0.03860445
0.05004461
-0.08120999
0.02975123
-0.1436032
-0.1030287
-0.08293618
0.03864656
0.1091577
-0.02889374
-0.03553261
0.06080084
0.05466381
0.01996938
-0.112156
-0.1954273
0.07969442
-0.04967311
-0.2388875
0.1099851
-0.03973279
-0.2194345
0.04241435
-0.02253686
0.02301025
-0.06150151
-0.0529251
0.07632934
0.07351241
0.1777191
0.2115
-0.08979353
-0.06558362
0.03501388
-0.2302126
-0.003146265
0.1281492
-0.003495538
-0.03364714
-0.1738052
0.1995141
0.2082893
0.2113818
0.2836851
0.06963211
-0.03217179
0.07765072
0.0244061
0.2093834
-0.2038849
-0.1483367
-0.1900449
0.161397
0.2581566
-0.1037365
0.00819034
0.05958318
0.02310443
0.1138558
-0.02634207
0.05300035
0.02588432
-0.2061305
0.2227711
0.1423472
-0.2587729
-0.02751717
-0.1769151
-0.3884846
-0.1043874
-0.2525668
-0.3908966
-0.1607559
-0.1133334
-0.2219307
0.02134359
-0.05328626
-0.130177
-0.03596504
0.1491346
-0.04800901
-0.2090553
0.01918726
0.05011469
-0.1513547
0.131062
0.01142135
-0.06865475
0.0421664
-0.02430753
-0.0363375
-0.1668078
-0.09858473
-0.1140341
-0.1225226
-0.1166768
-0.02308536
0.01387907
-0.135716
-0.02479006
0.05718394
-0.06327305
0.008334038
-0.03809167
0.01690832
-0.05812282
-0.01802174
-0.00975816
-0.1256449
0.006594568
-0.0998682
0.04325679
-0.02172221
0.005044965
0.06160606
-0.08735558
-0.1459828
-0.05870047
-0.1201554
0.04552934
-0.1016048
0.157705
0.0685771
0.06829326
0.1774019
0.1388946
0.08473917
0.1306177
0.1515814
0.1238841
0.04280003
-0.1040379
-0.09116291
0.0188931
-0.1595237
-0.1393079
0.2236076
-0.08303093
-0.1141927
-0.004376296
-0.1006345
-0.03405874
0.08268286
-0.07687499
-0.001443474
0.1232295
0.03302955
-0.02515744
0.04400502
0.02699688
-0.04675766
0.0757754
0.02615665
-0.1357781
0.1723139
0.2224756
0.03866801
0.04804318
0.02203044
0.09719247
0.03434035
0.0524007
0.07285364
0.08837903
0.07377353
0.03555077
0.0853965
0.09898132
0.1125079
-0.08192626
-0.07962456
0.06930423
0.03702625
-0.2090534
-0.06163051
0.004579891
-0.1048382
-0.1080091
0.04213275
0.2249532
-0.1447055
0.05961778
0.188924
-0.0748585
0.07397603
0.01503496
0.06758288
-0.2126898
-0.1836009
0.1515616
-0.01546877
-0.167616
0.1274576
-0.09909572
-0.01614274
-0.1453856
-0.0636016
-0.06257773
-0.09502705
-0.05627984
-0.08148888
-0.02500051
-0.06063078
-0.08931381
0.05726583
0.06551476
-0.04134719
0.159151
-0.05530424
0.05623643
-0.05482382
0.02643917
-0.09452964
0.004927647
-0.1093772
-0.2013293
-0.1175049
-0.1082304
-0.19515
-0.01536513
-0.1006127
-0.01901896
-0.05160179
0.09404434
0.02801947
0.03082694
0.1189697
0.1479581
0.05458053
0.06351925
0.1158765
0.1780673
0.08902552
0.08845148
0.05813726
0.1534663
0.07390846
-0.03248844
-0.04157127
-0.08143971
-0.1594611
-0.09213169
-0.3324913
-0.2725178
-0.03885952
-0.2723492
-0.2167477
-0.08056056
-0.07991598
-0.06801665
-0.140803
-0.3035896
-0.1115364
-0.08241324
-0.1382936
0.04077215
-0.02561236
-0.239797
-0.2593356
-0.2480229
-0.3816647
-0.4348253
-0.1803982
-0.2050013
-0.206444
-0.2043633
-0.1761873
0.07504092
-0.2434812
-0.1441811
-0.05942356
-0.1308443
-0.1182162
-0.01264688
0.05247705
-0.07637073
-0.03296845
-0.0624407
-0.1605461
-0.1058138
-0.02044519
-0.1104281
-0.07860553
-0.03717971
0.08859576
0.05961782
-0.02293011
-0.08415988
-0.08967068
-0.0671007
-0.09412193
-0.05574135
0.1010226
0.1670141
0.06520545
0.02969351
0.1084337
-0.01013039
-0.0545089
-0.01612109
-0.1506298
-0.05640844
-0.0370655
0.07255729
0.01807739
-0.07843159
-0.1027653
0.08005891
-0.01087643
-0.1949233
0.0424998
0.03374675
0.0318735
-0.06735324
-0.1708901
-0.08606269
-0.1938502
-0.1727296
-0.13204
0.1500176
0.10164
0.1416809
-0.09281201
-0.0438111
-0.1683176
-0.14439
-0.2189818
-0.02317296
-0.01874807
-0.01457047
0.09252195
-0.06556207
-0.1783192
-0.05440969
0.07445001
0.0325424
-0.03702167
0.09821905
0.1757292
-0.1758266
0.09331949
-0.1054138
-0.1351204
-0.07752694
-0.1235793
0.1797877
0.0674067
-0.09854795
0.1266843
-0.02351758
-0.01832457
0.07726764
-0.1771764
0.1718473
-0.1769066
-0.07421584
-0.001430221
0.03590155
0.06245052
0.06163231
0.1141133
0.08252735
0.06984273
0.02158693
-0.01144102
-0.05408863
0.01192143
0.0440755
-0.08003539
0.1205528
-0.01829973
0.1293313
0.2407209
-0.002790892
0.1463397
0.08325255
0.06189308
0.14947
0.07092268
0.07203829
0.07476266
0.04053484
-0.1661562
-0.1626678
-0.1387025
-0.1581076
-0.09091431
-0.1627898
-0.01239275
0.003770523
-0.0482985
-0.09236474
-0.08833705
0.05423461
0.07726734
-0.018302
0.1318031
0.0675412
-0.06480993
-0.1068552
0.05573836
0.09478994
0.13338
0.1475878
0.1449291
-0.001331711
0.2597412
0.0624918
-0.02676699
-0.1843311
-0.04726008
0.08648231
-0.09162559
-0.0447907
0.08521519
0.05595133
-0.0238184
-0.03631872
0.01407514
-0.09207881
0.09813144
-0.05164662
-0.1863711
-0.06305342
-0.004792312
-0.1472271
-0.04181205
0.04348119
0.02466673
0.1562516
-0.01157402
0.112509
0.204639
-0.006694891
0.2036064
0.1913618
0.09819256
0.08244809
-0.1933468
-0.07286493
-0.05043271
-0.005037318
-0.001219308
0.1114019
-0.03879841
-0.08275888
0.01144067
0.08522441
-0.06147011
0.06623921
0.04817298
-0.07455742
0.06783962
0.08469525
0.005917167
-0.02001162
-0.04244471
0.02306779
0.1132684
0.1340971
0.05348179
0.155266
0.004820002
-0.0742676
0.04381411
-0.126421
-0.1221544
-0.03269508
-0.1332334
-0.1270195
-0.1429881
0.225452
-0.1234878
-0.3318148
0.02299926
-0.1059837
-0.0008467498
0.1643166
0.03519243
0.3623557
0.1523239
-0.05344763
-0.1415884
-0.06584346
-0.01062102
-0.05678428
-0.03434721
-0.031941
0.03769147
0.02660656
-0.1415618
0.1133198
0.01503635
-0.06967498
0.004534579
-0.03534833
-0.03737401
-0.04831278
-0.1504239
-0.02635535
-0.03930049
0.01553222
0.01786459
-0.03788442
-0.03051554
-0.03974963
-0.03331558
-0.04138047
-0.1720959
-0.1835485
0.01555223
-0.09524497
-0.09729531
0.050601
-0.02936463
0.002496668
0.1457773
0.006737384
0.0852894
0.06270403
0.05478921
-0.001549445
-0.1633018
-0.009350955
-0.06410354
-0.1948097
-0.02333433
-0.02397877
0.01537044
0.1053611
0.01822655
0.09006677
-0.004367645
0.03878921
0.008567306
0.04755679
-0.1045186
0.0349585
-0.03325005
-0.04271124
0.1421929
-0.01085365
0.08134662
0.09663887
0.04114406
0.05554216
-0.05207361
-0.03503869
0.04842247
-0.03803058
-0.07966788
-0.01173485
-0.01368153
0.1567161
0.05040924
0.1370989
0.2762228
0.1317441
0.04929693
0.1915626
0.1551936
0.02134421
0.2104301
0.1634451
0.1809998
0.07291026
0.04283411
0.04515717
0.05338938
0.01089157
-0.0388617
0.08972106
-0.07183366
-0.1016064
0.1219499
-0.04555607
-0.1096843
-0.1324662
-0.06863891
0.09666976
-0.03130864
-0.04818902
-0.1053752
0.007577284
-0.01788236
0.02188966
0.02877997
0.2310635
0.1838148
0.04246476
0.03682928
0.04500183
0.05374137
0.0171269
-0.01985566
-0.04866797
-0.005064786
0.05538439
0.2212251
0.1609358
0.1954583
0.09450552
0.08373934
0.1329602
0.04075547
0.1300957
0.08806973
-0.1512052
-0.2175827
-0.1300876
0.01469062
0.08238117
0.1601842
0.08433739
0.1735636
0.1926711
-0.1530384
-0.08805166
-0.1601706
0.009035832
0.1205683
0.003442101
0.06203589
0.1575431
0.1110564
-0.04690024
-0.03706234
-0.08558521
-0.09974582
-0.08328957
-0.1278191
-0.1083298
-0.07730265
-0.07628699
0.0003316182
0.04688912
0.04910557
0.01850684
0.03476358
0.1313078
3.508515e-05
-0.02062663
0.1210065
0.07661281
0.09345912
-0.053337
0.04956007
0.09688776
-0.05193755
-0.1083455
-0.03539665
-0.04967641
-0.1445364
-0.04851425
0.05411214
-0.1458521
0.01918527
0.09622573
-0.09106648
0.1197676
0.1590059
-0.135439
0.008783292
0.1635112
-0.05512193
0.1982269
0.4391614
0.02609836
0.3579857
0.5013474
-0.03506498
0.004673104
0.1097233
-0.02778889
-0.01887146
0.04506388
-0.001249777
-0.0643224
-0.05467198
-0.1255805
0.1353909
0.2722307
-0.1142073
0.1524287
0.2389232
-0.1358385
0.0465058
0.118923
-0.01353061
0.00448404
0.09390589
0.02030048
0.07340674
0.1524276
-0.09916057
0.1614751
0.1652084
0.0207506
-0.07585738
-0.09052453
0.08579031
-0.003653318
-0.2102649
0.3144378
0.226106
0.008002345
0.08375953
-0.04153622
0.04056956
-0.0936478
-0.1652945
-0.06912702
0.02634853
-0.07221021
0.04758324
0.1693825
0.07752442
-0.05033705
0.2125964
-0.03919547
-0.03778356
0.05733662
-0.1282437
-0.03726278
0.009719836
0.01593787
0.009353437
0.02805291
0.006995681
-0.02595482
0.008360554
0.002618759
0.01527038
0.02267911
0.2015074
0.3353068
-0.02057827
0.1200675
0.3073013
0.03805862
0.07457541
0.1493643
0.04556498
0.0004886545
0.005663247
-0.07818548
-0.2212003
-0.1589601
-0.09348381
-0.1620105
-0.1007173
0.03394178
0.06671792
0.0861527
0.07244144
0.01149533
-0.07594027
0.04548873
-0.04233663
-0.250709
0.04955188
0.2003174
0.1873292
0.09675626
0.1644504
0.1691793
-0.05235935
0.006796458
0.06959587
-0.1467825
0.07706655
-0.03598602
-0.01752758
0.2877022
-0.216092
0.1444437
-0.07008787
0.1575806
0.1896885
-0.07140116
0.07196674
0.4304391
-0.6816854
0.4296717
-0.1377435
0.01058145
0.06246213
0.02313174
-0.02847913
0.1304118
-0.05998594
-0.011144
-0.04601868
-0.1114549
0.0177625
0.09946059
0.0797895
-0.04554965
0.04589166
0.2993971
-0.007122797
-0.05109281
0.1958654
0.005203458
-0.02485348
0.01167026
-0.1529008
-0.05114255
0.1042046
-0.09160546
-0.1452666
0.05075797
0.0514079
-0.1848402
0.03454757
0.06544179
-0.1105584
0.04388665
0.2137011
-0.0658173
0.1768329
-0.02652149
-0.01547363
-0.06038351
0.05187811
-0.03192113
0.03506057
0.150626
0.006060552
0.1110291
-0.07236489
0.05638747
0.01369534
-0.02540072
0.07823552
-0.08744378
0.1326188
-0.1119314
0.08022618
0.1001055
-0.1787111
0.0347127
-0.01188486
-0.06648839
-0.07063911
0.1091708
0.008350792
-0.1651662
0.06545629
0.111849
-0.1283369
0.01389373
-0.1401388
-0.09767392
-0.08546121
-0.1715939
0.003357813
0.04673629
-0.2046346
-0.05187505
0.1528955
0.1203479
0.05637072
-0.01123529
0.2357971
-0.01577488
0.03036722
0.1198188
-0.1891142
0.1471476
-0.04174805
-0.02595522
-0.09754357
-0.0923966
0.01127214
0.01661324
-0.113121
-0.06604288
0.08191457
0.07348448
0.06185203
0.1653813
0.0967442
-0.0365804
0.1989453
0.009620541
0.03672805
-0.004672002
0.02637691
0.001064732
-0.1090367
0.0672181
0.03453873
-0.2105294
0.001950869
0.007782657
0.03693593
-0.03815373
0.0121568
0.4204537
-0.1904757
-0.09222551
0.07271259
-0.1655859
0.1153003
0.05986994
0.0405402
0.1749354
-0.4546165
0.2659943
-0.04250452
-0.224333
0.1698096
-0.05929714
0.02659342
0.01909773
-0.08442671
-0.1603886
-0.07370108
-0.1657661
-0.1458648
-0.2104983
0.1570095
-0.0307614
0.03233931
0.0696855
0.1121287
0.0772352
0.05205823
-0.05071745
-0.07925633
0.03600205
0.01676281
-0.04947266
-0.02309156
-0.04342403
-0.0865052
-0.03248407
-0.04528986
-0.06521256
-0.0347707
-0.03116743
0.07374481
-0.2058581
-0.126843
0.01546472
-0.1432393
-0.1352054
0.01634224
0.01119514
0.01082332
0.02508222
-0.02295471
0.01033482
0.01000135
-0.09130751
-0.07534331
-0.02335126
0.1128901
0.06261728
0.06057854
0.03452582
0.09220802
0.06059038
-0.02590882
0.07006095
0.08314466
-0.03875584
-0.08051331
-0.09019561
-0.03635441
-0.02914813
-0.008069849
-0.03809825
0.06656601
0.1134078
0.04634692
-0.0263074
-0.01802218
-0.05454117
-0.1175907
-0.1183729
-0.07543497
-0.09723795
-0.05064051
-0.02963506
-0.008321472
0.04085552
-0.02453571
-0.03385763
-0.008459402
0.1210326
0.04386241
0.02912986
0.2158287
0.07885401
0.1672826
0.01822705
-0.1239726
-0.06533425
0.008316854
-0.07854175
0.006373291
-0.192207
-0.0893077
-0.01593503
-0.09146786
-0.05645288
-0.007240683
-0.06047805
-0.02668545
0.007794063
0.04527137
-0.00484442
-0.01721852
-0.0655794
0.008481006
0.01403897
0.04784897
0.06814767
0.01777853
0.017431
-0.01971981
-0.168917
-0.003305357
-0.0558375
-0.2343087
-0.005401456
-0.08611788
-0.2511585
0.06151798
0.0654961
0.08832796
-0.09309497
-0.06211908
0.02141274
-0.1188137
-0.04481403
0.04663141
-0.1855212
-0.1422976
-0.1389325
-0.04350499
-0.1556191
-0.1365238
0.002534677
0.07012146
0.06958742
0.0323768
-0.02316782
0.0300465
0.06148015
0.1647386
0.1650487
0.08872809
0.1632358
0.1717648
