16 16 3
-0.001349291
0.003170587
-0.03165417
0.0279719
0.05491687
0.03356241
0.05115912
0.0759429
0.03289979
0.003379147
-0.02208545
-0.03892314
0.06187925
0.08278766
0.06548093
0.09022619
0.1099307
0.07227013
-0.108204
-0.1021922
-0.0383434
0.02576066
0.06090372
0.07714108
-0.04580008
-0.04549439
-0.07884756
0.1296027
0.06759862
0.1675556
0.1348744
0.02040929
0.08933584
-0.0786189
-0.09351926
-0.02097621
0.08574679
0.1299156
0.06793269
0.06056117
0.1270181
0.06245435
0.08773162
0.1369098
0.08831787
0.1960342
0.1885629
0.11673
0.2074887
0.185674
0.1212163
0.1331023
0.1091378
0.08056304
-0.1537773
-0.1761417
-0.186016
-0.2206468
-0.2180198
-0.1854589
-0.122277
-0.06048886
0.0001487369
0.01299606
0.001113513
-0.02582888
0.02841213
-0.01090307
-0.0421284
0.07959924
0.07029135
0.01912843
-0.0555
-0.05612307
-0.108463
0.03545303
0.08175208
0.05697118
-0.00329317
0.0696791
0.04251252
-0.01200074
0.06531423
0.0816214
-0.00692863
0.06882203
0.06134178
-0.07137892
0.06600491
0.0988719
0.03923548
0.05488085
0.08509918
0.03836395
0.02020054
0.02808223
-0.01490711
-0.02502451
0.006775998
-0.06268787
-0.06582372
-0.0476835
-0.06109786
-0.06543463
-0.06289653
-0.0270203
-0.06557129
-0.07503999
0.03067457
0.1467897
0.1173811
0.02883535
0.1564869
0.1488371
0.05354824
0.1470828
0.1491704
-0.01628952
0.01400837
-0.02960092
0.05062011
0.0846286
0.05735312
0.02367345
0.04511832
0.01886671
0.03712789
0.01439544
0.01041254
0.08126802
0.02135003
-0.004472797
0.02374439
-0.04124786
-0.05078691
0.009311596
0.02596611
0.04361815
0.07609396
0.1012984
0.08823562
0.1135469
0.10333
0.05693145
-0.0029594
0.03188159
0.1370908
-0.04293128
0.02851289
0.1616584
-0.07155146
-0.002093802
-0.0198448
0.0603984
0.06868886
0.1660579
-0.0003476423
0.009842682
0.1955027
0.04512427
-0.06074668
-0.07060172
-0.01990848
0.02768766
0.02295838
-0.05298861
-0.01589245
0.2682658
0.05981616
-0.03063965
-0.05091554
-0.0326505
0.07073772
-0.1532542
0.06051181
0.4176248
-0.1268987
-0.07876024
-0.2105314
-0.04528847
-0.008892874
-0.02388272
0.05537446
0.02516392
-0.1558831
-0.09844479
0.06309533
-0.04868479
0.03501705
0.1291154
0.04304563
-0.05577502
0.1364294
0.05605061
-0.1020148
0.1528925
0.06634339
-0.01834065
-0.1690089
-0.2548574
-0.1289
-0.1584412
-0.2130402
-0.146951
-0.08685465
-0.06534404
0.0853535
-0.02804046
-0.0978516
-0.09013408
0.1023218
0.04145117
-0.03114082
0.09650789
0.08509346
0.002948717
-0.02489586
-0.1779627
-0.1068173
-0.1694895
-0.2096223
0.2191672
-0.1036104
-0.06837382
0.1248509
0.1007047
0.07862302
0.119176
0.0557258
0.08631694
0.243568
0.009255155
-0.1877257
-0.09945588
-0.04845302
0.1043249
0.06459661
-0.0182179
0.03072348
-0.1201033
-0.01365352
-0.05085057
-0.08109975
-0.01809809
0.04476012
0.08252064
-0.02124181
0.101251
0.1393182
-0.05861306
0.03085157
0.06045645
0.09268853
-0.009975882
-0.1455735
0.161284
0.05252058
-0.0789592
0.06180688
0.1093517
0.1267213
-0.1134157
-0.05301113
0.08739115
-0.0686546
-0.08597524
0.09625235
-0.06117573
-0.07828002
-0.1071105
-0.04485471
-0.0426623
0.009158364
0.0009475454
-0.05294864
-0.07376924
-0.02604835
-0.05985573
-0.1137161
-0.1134545
0.06217168
0.1800186
-0.1065255
-0.004030616
0.117518
-0.1711236
-0.2437816
-0.2489698
0.09603812
0.05186179
-0.01451398
0.04812281
0.03321863
-0.02720578
0.007660829
-0.0407744
-0.1215545
0.0340976
-0.05196598
0.002198657
0.001071547
-0.03063864
-0.02684348
0.002790181
-0.006888987
-0.09525999
-0.1266107
-0.1444416
-0.03230072
0.122849
-0.06058829
-0.3538268
0.3167006
0.1786359
-0.1897915
-0.2938437
-0.1450662
-0.1266566
-0.03814755
-0.1102515
0.05629009
-0.01170131
0.1317524
0.005267014
-0.2273975
-0.2414509
-0.1917363
0.001527944
-0.05965214
-0.1483317
0.3185872
0.2128929
0.00199915
-0.4223588
-0.3718663
-0.2682264
-0.1917597
-0.01568045
0.02404345
0.006812705
0.3455728
0.3195397
0.48573
0.4238456
0.0292819
0.1996838
-0.1995337
-0.4309821
0.0351428
-0.4220448
-0.5317771
-0.004426686
0.01520959
-0.08878316
-0.06265237
-0.04980484
-0.07451777
0.05135061
0.02404033
-0.01703262
0.125243
-0.09515697
-0.1565307
0.1596516
0.09448217
-0.05541102
-0.1403112
-0.04491743
-0.1145643
-0.05095168
-0.04577992
-0.06091018
0.04053197
0.03091063
0.07788252
-0.0552769
0.07669663
0.1504722
-0.132888
-0.04210301
-0.05917014
0.00470619
-0.04896683
-0.1160835
0.120049
0.1013864
-0.07852721
0.230359
0.1977303
0.08347557
0.03539193
-0.06809038
-0.1488354
-0.1417885
-0.2940426
-0.346016
0.07001454
0.1639948
0.1322056
-0.06890476
-0.1734156
0.09005314
0.1049353
-0.3079815
0.07291581
0.1308673
0.1383194
0.116996
-0.05760257
-0.02213186
-0.07542286
-0.1368825
-0.19618
-0.2466515
-0.160016
-0.09418547
-0.106947
-0.09641632
0.00071421
0.01557569
-0.04654621
0.08264046
0.04929171
-0.04984562
-0.08504898
-0.0286576
-0.1052669
-0.1140534
-0.05856347
0.04993625
-0.02763848
-0.0672953
-0.06222359
-0.02638999
-0.04148253
-0.02132374
-0.01410998
-0.04589233
-0.01384867
-0.03042187
-0.04209228
-0.1283141
-0.07728712
-0.08471475
-0.05729964
-0.03927635
-0.09351702
-0.007913561
-0.05064076
-0.1015124
-0.08847775
-0.1426968
-0.107732
-0.00125828
-0.09485661
-0.164048
0.01052727
-0.0238084
-0.08937354
-0.1354574
-0.03993301
0.08267114
-0.114812
-0.1388214
0.09524563
-0.1046973
-0.01705011
0.05828075
-0.06692623
0.1007996
0.0484675
-0.008843716
0.1361381
0.09018494
0.01301544
0.0355504
-0.04725646
-0.1110059
-0.05357959
-0.002481576
-0.05514367
0.009659788
0.0475217
-0.01942062
0.04142337
0.03645479
0.2636898
0.02333429
-0.07287087
0.1456423
-0.07208105
-0.0711835
0.157557
0.04076983
0.05387343
-0.07933779
-0.06144658
-0.1001886
-0.09821301
-0.02537191
-0.02202906
-0.08590958
-0.03815163
-0.0255106
-0.07151386
-0.1079132
-0.1426525
-0.1140342
-0.1150841
-0.1754621
-0.05777492
-0.03784153
-0.06583577
-0.1352664
-0.2451167
-0.221032
-0.2370022
-0.2838283
-0.2616619
-0.2016997
-0.1977984
-0.1219043
0.008937724
-0.07683121
-0.04658848
-0.0828657
-0.1271819
-0.03148939
-0.09940135
-0.121554
-0.0225528
0.1001851
0.07302205
0.07509556
0.103194
0.0329522
0.04112478
0.060797
0.01301031
0.01487608
-0.01862162
0.1477852
0.2107028
-0.09125914
0.0301103
0.1963982
-0.2363313
-0.2453902
-0.06234254
0.001371496
0.01623784
0.02581725
0.002493302
-0.005039469
-0.02291688
-0.03381865
-0.06613091
-0.0825168
-0.01100608
-0.01487725
-0.007205398
-0.04627237
-0.04356107
-0.00595054
-0.05419793
-0.04218565
0.02597267
0.06569281
0.09091171
0.03596085
0.08624332
0.03799264
-0.00645333
0.08006845
-0.03791281
-0.06497461
-0.02959179
0.09581564
0.128811
-0.09436486
0.01115722
-0.006367798
-0.04007997
-0.08832325
-0.04224887
0.01320815
0.1574974
0.3090833
-0.1345501
-0.03955175
-0.06451216
-0.2230379
-0.277012
-0.2219604
0.2294251
0.1757867
0.03731168
-0.1374426
0.07897589
0.06378043
-0.18299
-0.1084189
0.1953596
0.02785594
-0.08269406
0.1773434
0.2039997
-0.2541262
0.3335547
0.02113982
0.2090062
-0.01280088
-0.0577661
0.03173944
-0.1495581
-0.2245068
0.1479042
0.3041551
-0.3183236
0.04307419
0.2513301
0.09963356
0.3181744
0.3698843
-0.04685993
-0.05246418
0.1055968
-0.1242575
-0.2125972
-0.03252389
0.2074795
0.0009609344
-0.06906158
0.2981353
-0.1241595
-0.3342306
0.2616062
-0.07503282
-0.3944772
-0.03807487
-0.03957092
-0.1390248
0.06094607
0.09748305
0.007786302
0.07307999
0.02190112
0.07439963
0.01749712
0.02931753
0.04822163
-0.1981596
-0.05720137
-0.3176338
-0.02263606
-0.04897369
-0.1762978
-0.153289
0.1379241
0.1254241
-0.02999439
0.1063059
-0.1611812
0.03489594
0.0165518
-0.1389454
-0.05631451
-0.1260081
-0.1276217
0.04474903
0.00544606
-0.03148487
-0.006369301
0.05496791
0.0289338
-0.07864916
-0.08135603
-0.1446632
0.0625522
-0.06104062
-0.1299939
0.2164463
0.08596859
-0.04806446
-0.3716749
-0.5398414
-0.299036
0.01282275
0.2136575
0.269813
0.2303638
0.6145999
0.3643967
-0.05414814
0.006197938
-0.00207883
-0.02837231
0.08470484
-0.03722854
0.08853173
0.1154781
0.0758576
-0.05424662
-0.06198541
-0.0078872
-0.03230847
-0.05564854
-0.01861749
-0.1051243
-0.1008405
-0.0801014
-0.08291914
-0.01954422
0.05232491
-0.0289181
0.07509631
0.1568099
0.007162647
0.1003304
0.1799954
-0.0527618
-0.1324695
-0.128532
-0.08654992
-0.2440926
-0.1593347
-0.1754543
0.01923899
0.1005739
-0.08806696
-0.004745281
-0.06923489
-0.004646568
-0.2686707
0.05362344
-0.002204235
0.03541018
0.03389641
-0.0184155
0.4329669
0.1613091
-0.08735389
-0.5683436
-0.1287723
-0.01818385
0.1682019
0.1907241
0.2049491
-0.1579869
-0.1767042
-0.6460811
0.688327
-0.03595468
0.2065209
-0.6286174
-0.05085387
-0.01226663
-0.1880205
0.2951071
-0.0195288
0.08221963
-0.0666569
-0.07783749
-0.1568754
0.02589801
0.05983912
0.1486235
0.01025808
0.1574907
0.1694913
-0.02588384
0.1255016
-0.0644236
-0.222121
0.01843293
-0.1085592
-0.06968152
0.1336241
0.3158784
0.1464549
-0.1512696
-0.2868915
0.0006836359
0.0528458
-0.136298
-0.05171284
-0.07436208
-0.07448506
-0.1919262
-0.08209263
-0.08673514
-0.04257444
-0.04074511
-0.02818579
0.04280827
-0.05444492
-0.5087972
-0.03494769
-0.1741039
-0.09258108
-0.3816241
0.1173655
0.005549299
0.08607072
-0.001249911
-0.0172724
0.4186312
0.0286673
-0.1964956
-0.3115138
-0.1231638
-0.06851611
-0.2143607
-0.05309482
0.1705903
-0.08330698
-0.132064
-0.007811639
-0.02712016
0.06445206
-0.0496548
-0.01229314
-0.09409065
0.001301237
0.08134419
0.08625048
0.1271024
0.108571
-0.03381714
-0.2303796
-0.06836707
-0.01412556
0.2270281
-0.02685008
-0.1805254
0.276447
0.3491918
-0.1310164
-0.1156081
0.07386474
-0.1018822
-0.222356
-0.1472793
0.03649211
0.08032755
0.06435355
0.0979996
-0.1747967
-0.1113808
0.02248534
-0.09190103
-0.1830319
0.06995998
0.08181806
-0.08728605
-0.03354754
-0.07599504
-0.01375177
-0.04119787
-0.05086951
-0.04657861
0.136607
0.1723552
0.1188044
0.002446468
0.02296653
-0.0009066631
0.06533343
0.0886381
0.08376812
0.01073718
0.03298335
0.03766732
0.1488598
0.1488832
0.06079672
0.2453941
0.2507167
0.2043307
0.1135461
0.1261413
0.0989849
-0.04682513
0.0140657
-0.03532435
0.2001328
0.1715679
0.1504552
-0.04753003
-0.02676789
-0.01259452
-0.03473568
-0.09973274
-0.05272884
-0.02484148
0.1192157
0.1984503
-0.04946902
0.06787516
0.04955799
-0.1362983
-0.1202782
-0.07397863
-0.05018716
-0.06823922
-0.03983156
-0.003509408
-0.001486835
0.05461824
0.0952932
0.06435475
0.01006421
0.2469197
0.2019119
0.1222839
0.2114441
0.1416191
0.06794585
0.1933613
0.321734
0.2848663
0.07509025
0.2193842
0.1214802
-0.03476693
0.06297375
-0.05861741
-0.00974162
-0.04450604
-0.04875504
0.01386096
0.0002464265
-0.02499242
0.03604669
0.04821018
0.02315377
0.05223297
0.1134
0.08367106
0.08212562
0.1352444
0.07353639
-0.02197347
0.002795872
-0.03020129
0.009394024
-0.01240926
-0.04297602
-0.04387726
-0.001940551
0.05328551
0.0183971
0.008413486
0.04501586
-0.04740186
-0.07042147
-0.06961849
-0.05017926
0.01673171
0.03273969
-0.01433062
0.08248352
0.1020031
0.03260197
0.04489924
0.006637135
0.07695117
0.06896973
0.0463661
0.04718006
0.05118566
0.04444877
0.07954103
0.0192011
0.02566538
-0.03343122
-0.06951579
-0.04070654
0.01287818
0.02861999
0.08086543
-0.01786571
-0.005484605
-0.04369635
0.1373644
0.1434754
0.110046
0.05746254
0.05921732
0.03037356
-0.007534111
-0.04754006
-0.03929651
0.014348
0.01017805
0.01255283
0.002781242
0.03420353
0.01110026
-0.08230799
-0.04979166
-0.09123013
-0.02208391
0.002930209
-0.02235386
-0.05630545
-0.02579238
-0.05029713
-0.09221897
-0.1083655
-0.07818773
0.008289207
0.002154328
0.01411348
0.0198329
-0.005094614
0.006131357
0.005004962
-0.04341263
-0.03568402
0.1038489
0.07452698
0.07497075
0.09222467
0.05712297
0.1136747
0.2103702
0.07419255
-0.04738094
0.09652958
0.02697762
-0.1133194
-0.01423669
0.117264
0.269304
-0.09229203
0.08770688
0.09545319
-0.1129777
0.03834853
0.0350496
0.01335866
0.2605292
-0.0238349
0.07157035
-0.06602038
-0.08565532
0.06862489
0.07527786
0.05753879
0.05771466
0.07861218
0.1295349
0.03566627
0.09376818
-0.001080146
-0.02399646
-0.01335673
-0.0524471
-0.09142716
-0.09747985
-0.06958948
-0.08553192
0.00503188
0.06415764
0.006241457
0.1165716
0.0932571
0.001690709
0.0671678
0.008704794
-0.05196439
-0.1143981
-0.128848
0.072989
0.02600955
0.05892511
0.2450965
0.1759546
0.1552368
0.14491
0.02767114
0.05461063
0.04759544
-0.09657444
-0.03689639
-0.00126925
-0.02728406
0.03510885
0.04572459
0.07785492
0.07378721
0.08439349
0.04609536
0.1088174
0.01785874
0.04719678
0.1567991
-0.04977794
-0.03489541
-0.1303523
-0.0765702
-0.03666336
-0.06136739
0.01446764
0.1206804
0.1267646
-0.07390871
-0.06820618
-0.05411285
-0.03991379
-0.03894478
-0.01183656
-0.02757198
-0.02037168
0.03179296
-0.2087591
-0.1407502
0.03854819
-0.07922922
0.1087835
0.1411114
0.3687645
0.4689437
0.1880784
-0.04393769
-0.09366177
-0.04513548
-0.009949697
-0.05694904
-0.01326566
0.04711448
-0.05492079
0.006840093
-0.03280365
-0.05835093
-0.07704683
-0.07434759
-0.1360637
-0.09349167
-0.04529624
-0.09986822
-0.1130288
-0.0330677
-0.05987071
-0.03320697
0.02310048
0.03712019
0.003914744
-0.02533968
-0.009793243
0.01898537
-0.02257058
-0.00666909
-0.05044307
-0.01727043
-0.08664005
-0.09476091
-0.1276049
-0.04498757
0.0009801937
0.02765546
0.09537391
0.04293959
0.1692314
-0.1176411
0.09282751
-0.01988397
0.01106679
0.02484056
-0.04434435
0.1210873
-0.0145696
0.04848744
-0.2958427
-0.1593919
-0.02550437
0.2218929
0.308802
-0.3645157
0.2355569
-0.08626653
-0.5804282
0.7739176
0.08748137
0.1706444
-0.1961659
-0.2444666
-0.08207321
-0.2700137
0.04333521
0.1438577
0.02074136
-0.2046788
0.034689
-0.04754434
-0.1541812
0.03118776
0.1109371
0.01335608
0.04815739
0.2556672
0.217338
-0.09404153
0.07000473
0.02872715
-0.09679497
0.01018
0.04658183
0.05937612
0.3300021
0.09130886
-0.07393721
-0.02091399
-0.05879484
-0.03455316
-0.1010789
0.008145537
0.09086162
0.08317924
-0.05158009
0.06640451
0.05497883
0.002358349
0.2112191
0.1057218
0.2687173
0.08058242
-0.3388245
-0.008211999
-0.1931932
-0.2067773
-0.2400905
-0.1534652
-0.3181875
0.06677192
-0.2291087
-0.2624285
0.6179991
0.027364
-0.2672246
-0.1756202
-0.2993069
-0.08173306
-0.03127832
-0.1970165
0.2746821
0.1697173
-0.1605805
0.1350482
0.1978092
-0.02317498
-0.05559851
-0.09837484
-0.05907222
0.02568109
-0.01603282
0.02821268
0.1141664
0.01163077
-0.01063542
0.01091645
0.03906362
0.1245296
0.1752641
-0.2111994
0.08823297
0.05058411
-0.1395737
-0.1003749
-0.06313746
0.03487014
-0.01185372
-0.0450404
-0.07994314
0.04405732
0.01810552
0.04573271
0.1005068
-0.1348456
0.03678864
-0.005649186
-0.04799601
-0.0782979
-0.08170837
0.03611184
-0.07839516
0.1101657
0.07980941
0.08018155
0.1588553
0.1576304
0.04998486
0.07503312
0.1582668
0.06727444
-0.01252175
-0.05326249
0.05699355
-0.0397742
-0.08955432
0.07826471
-0.03033552
0.1050927
0.01250866
-0.1145103
-0.02903329
0.1201687
-0.2221957
-0.1750238
0.221338
-0.08148725
0.06000018
0.1222485
-0.07921388
0.1401541
-0.05404575
-0.1292688
0.164577
0.4761285
-0.03747982
0.08764281
0.139157
-0.00560477
-0.09658005
0.02753223
-0.3211828
0.5330456
-0.312054
-0.02381222
-0.3057328
0.2126979
0.1866285
0.09669776
0.2900438
0.09854922
0.1771596
0.02098248
-0.04710852
-0.007746954
0.04117258
-0.2713969
-0.07527285
0.314818
-0.4166104
-0.01035581
0.4733471
-0.2591199
0.07954636
0.4615895
0.3937469
0.09423925
-0.2826348
0.3866434
0.07850008
-0.4339796
0.2479984
0.1024911
0.03741118
0.05379437
-0.1092288
-0.1258336
0.110314
-0.04805415
-0.03677607
0.03749102
0.03864457
0.06138048
-0.1573584
-0.2122292
-0.03354822
-0.005084124
-0.2576271
0.2351706
0.02349941
-0.03411064
0.01107195
0.1969245
-0.1173938
-0.01033622
0.05940967
-0.2582023
0.1342796
0.04248185
-0.2214133
0.06352061
-0.06626076
0.05060821
0.02964673
-0.04114344
0.09414888
0.04014796
-0.01472221
-0.03884991
0.07297231
0.2819284
0.09046207
-0.03169045
0.1887811
0.07707567
-0.1357613
0.1742177
-0.05040671
-0.2321841
0.2106317
0.229715
-0.2198056
0.4678169
0.1274529
-0.5115021
-0.003840486
-0.1632933
-0.3298731
0.1087899
0.01200263
0.03429178
0.1893627
-0.1240019
-0.06929722
0.2020035
0.1252074
-0.1503335
-0.165916
-0.1589969
0.02594914
-0.06929078
-0.08323957
-0.008413068
0.07406414
-0.02105081
0.008014692
0.06560218
-0.08329315
0.01886524
-0.01332125
-0.02908939
-0.04073944
0.06867089
-0.006766201
-0.09367754
-0.1417075
0.08121547
0.02117054
0.03191258
0.3597913
0.2696311
0.0451355
0.1762107
0.154038
-0.03541873
0.01182408
0.05996056
-0.03788459
0.1988468
0.1213805
-0.0545115
0.05056421
0.04657546
-0.04765584
-0.156642
-0.1852553
0.1133037
0.258041
0.03242839
-0.1265152
-0.04156661
-0.05593824
0.1759326
-0.1572594
0.06610888
0.3225211
-0.2432254
0.01020381
-0.1526414
0.002704221
0.03218776
0.03016481
0.04113151
-0.05420193
-0.1073083
0.03766415
0.1556752
-0.2231877
0.08521302
0.1476948
0.03246158
0.08882373
0.115123
-0.05760675
-0.03171754
-0.007795583
-0.05968384
-0.04414306
-0.02970577
-0.04194757
-0.03683057
0.05664267
-0.1979609
-0.3007389
-0.08805391
-0.1599394
-0.198098
-0.1085947
-0.141563
-0.1499004
-0.1406425
-0.02470686
-0.06228022
-0.1527228
0.01354124
0.008085645
-0.1270984
-0.1238675
-0.2182641
-0.08644475
-0.1186849
0.1309701
-0.09563655
-0.06009114
0.2662517
-0.0007574152
-0.04225583
-0.05852364
-0.06783144
0.1908847
0.142518
-0.2586549
0.08368403
0.1443545
-0.1661564
0.1728391
0.114303
-0.02106918
0.08172029
-0.02489038
-0.1636019
-0.08953377
-0.09092304
-0.1562245
-0.1568843
-0.1005125
-0.0973754
0.04755138
-0.007444472
-0.07517768
-0.01834461
-0.02161284
-0.02607436
-0.09766894
0.07362145
0.1269892
-0.1455311
-0.1622576
0.1094573
-0.07380531
-0.06188022
0.01465329
-0.08333481
0.08694393
-0.06419913
-0.06385119
0.3062789
0.2422039
-0.008170997
0.008590782
0.1188249
0.1009902
0.1022416
0.1333568
0.03027086
-0.06360307
0.01594096
-0.04010025
-0.08839202
-0.07939123
0.08503121
0.275124
-0.05502503
0.1384573
0.4044506
0.09969737
-0.1293655
0.04011951
-0.06545317
-0.004741367
-0.02510771
0.01144793
0.05061548
0.02930008
-0.05618104
0.07659985
0.009849853
-0.06089838
-0.001044251
-0.05668954
0.02799142
0.007660742
0.01491767
-0.09957014
-0.007015507
-0.02534338
-0.09985668
-0.08695608
-0.0785229
-7.172024e-05
-0.01971796
0.03045142
-0.08926581
-0.08965214
-0.00322532
-0.05106528
0.05069741
-0.06134664
0.1903563
0.01145109
-0.413171
-0.02293979
0.001335918
-0.0741772
0.1960747
0.04232804
-0.03909508
-0.1248402
-0.002743609
0.03352966
0.01443775
-0.08841223
-0.01910516
-0.003001576
-0.08131878
-0.03727171
0.0624888
-0.1045671
-0.1086605
0.005579666
-0.03972948
-0.1076088
-0.03027331
-0.1657678
-0.1594991
-0.03205107
-0.2905897
-0.1537711
0.2118205
-0.2552647
-0.06652659
0.2048398
0.04620356
0.02574546
-0.01885465
-0.006619958
-0.01480312
-0.01664737
-0.04736119
-0.06003939
-0.06688993
-0.04303789
-0.1258507
0.03062149
-0.05632205
-0.120313
-0.1355808
0.07943283
0.03814778
-0.1115764
-0.152016
-0.1934242
-0.1884208
-0.1393065
-0.343089
-0.4692612
-0.0007108324
-0.1548723
-0.2845551
0.04441341
-0.03589739
-0.1107054
0.01526029
-0.1479091
-0.09211495
-0.0992458
-0.2199224
0.02249015
-0.1269213
-0.134437
-0.08806963
-0.05161121
-0.06982271
-0.08645292
0.04980994
0.01765969
-0.02325354
-0.02680215
-0.02666857
-0.08299657
-0.06551424
-0.02178869
0.06491966
-0.1272946
0.01205213
0.08547481
-0.04096517
-0.1227295
-0.106856
-0.01805823
-0.02337262
-0.08626442
-0.009177417
0.009699615
0.004014758
0.1042002
0.08737935
-0.03613705
0.009518793
-0.01892331
-0.03721414
-0.09765597
-0.08075302
-0.0001676872
0.1326245
-0.01520825
-0.1878389
0.1653116
0.04753903
-0.2109299
0.04607658
-0.05781383
-0.07633127
0.003442876
0.001296219
-0.05226436
0.009385357
-0.02402536
-0.09083375
-0.04274073
-0.08209765
-0.1011628
-0.05357725
-0.01169671
-0.03963061
-0.1238502
-0.03713961
0.07104802
-0.1241778
-0.02565636
0.1772753
-0.0576416
0.1606512
0.2399887
-0.1014289
0.09747197
0.137476
0.04998572
0.07434199
0.0208874
0.02385066
-0.1026307
-0.04205203
0.1074502
-0.03569326
-0.03813773
0.07151947
0.08304611
0.1386883
-0.0656385
-0.07644162
-0.3506046
0.1773304
0.07413046
-0.2805724
0.2979768
0.1366908
-0.1187011
-0.2275906
-0.2329866
-0.1151931
-0.1336519
-0.03659974
0.07995449
0.1886319
0.3256846
0.2843047
-0.05492969
0.2523641
0.5716367
-0.4909616
-0.0841713
0.5207786
-0.5371766
-0.2709112
0.259709
0.03869176
0.05271531
0.07074966
-0.09057281
-0.05706955
-0.01076354
-0.03507829
0.03475683
0.08983987
0.01396187
-0.05500356
0.08745325
-0.04455737
-0.1148454
0.06498895
-0.1915208
-0.2568132
0.02714305
0.1522962
-0.1305423
-0.1173822
-0.04485
-0.208759
0.003388846
-0.1450641
-0.112352
0.1918415
-0.009190058
-0.1098992
0.0007424632
-0.07032736
-0.2029012
-0.07736828
-0.002894829
-0.04533489
0.03743719
0.05801336
0.1560513
0.2534459
-0.1185601
0.008981228
0.1824564
-0.2135166
-0.1426283
0.01587327
0.4006743
0.1648266
-0.3614779
0.5217367
0.008359944
-0.5571336
0.2795014
-0.1235056
-0.3408568
0.1319219
0.04886727
-0.003431346
-0.05057902
-0.09010521
-0.09527477
-0.1603356
-0.2432016
-0.2143957
-0.04245823
-0.06631184
-0.05585772
-0.05858931
-0.07781428
-0.03601888
-0.06139249
-0.0232637
0.04805153
0.04883547
0.01320015
0.0251489
0.02236279
-0.05243128
-0.02070024
0.01348707
-0.01049124
0.05680217
0.08564215
0.1312076
0.03432459
0.07018045
-0.06665161
0.004049245
-0.115188
-0.05488531
0.06165116
0.04154374
0.08460034
-0.1877967
0.1003377
-0.1014104
-0.1010859
0.226388
0.04302481
0.2031766
-0.1170432
0.1131896
0.2031748
-0.08569798
-0.6176754
-0.4410122
0.3339183
0.1471539
0.04002735
0.2511466
-0.200391
0.09636418
-0.3403898
0.5101891
-0.2814731
0.2034632
0.2459048
-0.03773345
-0.08704401
0.03533358
0.4430324
-0.02847789
-0.08105557
-0.04760948
0.1517843
-0.2209294
-0.1057033
-0.105919
-0.2604169
-0.2684436
0.1295149
0.1359698
-0.02196351
0.09850594
0.2538597
0.1078847
-0.1551484
-0.3426036
-0.05955921
-0.007165723
0.05479144
-0.02879963
0.3933789
0.4142766
0.1859328
-0.01262054
0.06314907
0.1387258
-0.1494047
-0.1643845
-0.0811841
0.1075122
0.05936409
0.09865697
0.05780115
0.1560757
0.001327817
-0.0555028
-0.3758715
-0.08526816
0.06395105
0.02730401
0.06623629
0.05958669
-0.06020258
-0.04411107
-0.1651185
-0.0993873
0.1874213
-0.0450068
0.1052724
0.2487396
-0.04558725
-0.2104831
-0.1195555
-0.1894379
-0.1561656
-0.1416968
-0.05811815
0.1637744
0.04517012
0.07952839
0.05191438
0.1373621
-0.007781219
0.05132044
0.1229734
-0.04540771
0.0364337
0.06555479
0.1483969
0.4238615
0.5408125
-0.2201987
0.05827885
0.146704
-0.4427332
-0.4421553
-0.1991522
-0.08853292
0.07578528
0.04988762
-0.1468956
-0.1804489
-0.1229878
-0.1737687
-0.2310908
-0.07533889
0.04003671
-0.2211221
-0.1132208
-0.1144169
-0.3132059
-0.1767243
0.008382102
-0.05476594
-0.03333371
0.08736099
0.1420735
0.07332321
-0.1102342
-0.09128667
-0.0912861
-0.122083
-0.06581968
-0.04652148
-0.04362788
0.01472205
0.03110812
-0.03249418
0.03116706
0.04376122
-0.01752126
0.0120201
0.02759054
-0.09496602
-0.02353455
0.01660768
-0.05635586
-0.002442201
0.02972128
-0.09826652
-0.1052449
-0.06925122
0.05877823
-0.04126413
-0.05042401
-0.01543056
-0.126737
-0.01403247
0.01849058
-0.1202072
-0.02354609
-0.09990836
0.003596852
0.05061354
-0.09388558
0.1260015
0.1141517
-0.1721783
0.05506695
0.04453311
-0.05516206
0.03109834
0.1185706
-0.04111163
-0.0120576
0.05124098
-0.03662337
-0.07381411
-0.005654139
-0.0214922
0.03877689
0.05334304
0.07179303
0.07318825
0.06027732
0.1068383
0.06467729
0.04396454
0.03576769
-0.05125305
-0.1260874
0.07914616
0.1169242
0.07454962
-0.0191583
0.07595198
0.05751494
0.111944
0.0859001
0.01592755
0.1188795
0.1697553
0.05317893
0.09986395
0.1331053
0.02783987
-0.03527442
-0.03164075
-0.07753132
-0.1262445
-0.107966
-0.08428447
-0.1307131
-0.1177461
-0.07841091
-0.06745916
-0.04891063
-0.01445006
-0.08607785
-0.0404429
-0.01459006
-0.1504452
-0.1137585
-0.09298874
0.04053194
-0.01603295
0.06106306
0.09625343
0.04919143
0.1898015
-0.008714559
-0.002517392
0.1695536
-0.02462956
-0.01374837
-0.036801
0.01611038
0.02338628
-0.03758749
0.002036799
-0.009769963
-0.05358208
-0.02199933
0.101495
0.2175946
-0.03353401
0.2142942
0.3467868
-0.1587431
0.1745726
0.3552461
-0.02779756
0.02971696
0.03252688
-0.007690234
0.05354426
0.0657926
-0.005394396
0.01581859
0.01029442
-0.005888519
-0.0218419
-0.05921912
-0.02967715
-0.01835374
-0.04191597
-0.08457492
-0.03363756
-0.02758504
-0.03363866
0.09370682
0.1119166
-0.02937622
0.08717655
0.1299594
-0.09911061
-0.03680893
0.04806722
0.04189064
0.06340231
0.05425823
0.07980027
0.0946419
0.02707661
0.02884208
0.03097471
-0.05451765
0.1052999
0.07460087
0.1314792
0.1013495
0.09365864
0.06761935
-0.01205203
0.03918123
-0.03238883
0.09962367
0.01557993
-0.0008130449
0.1567168
0.1144245
0.05013341
0.02848402
0.008509897
0.02744038
-0.1463032
0.1959213
-0.007786079
-0.07572888
0.01755574
-0.001783327
0.03818114
-0.01946585
-0.106824
0.106129
0.01768619
-0.05496563
0.1380472
0.1336298
0.07135926
0.05696207
0.1173655
0.1399845
-0.04648684
0.06884686
0.1052433
-0.1371511
-0.04886204
0.01073418
-0.2196485
-0.1458325
-0.1165949
0.04766636
0.07016983
0.02563458
0.06526587
0.09385263
0.03935282
0.07387226
0.05221186
-0.009430343
-0.04491714
-0.09447628
-0.1706944
0.02919648
-0.01631931
-0.05796354
0.07550321
0.01683703
-0.03004492
0.09173067
0.02144744
0.1143902
0.04609993
-0.05385771
0.03674835
0.04853627
-0.009347543
-0.0005164167
-0.04088357
-0.01332637
0.05451589
-0.03795118
-0.112617
-0.08798032
-0.05397029
-0.1073336
-0.2304927
-0.06657919
-0.05975553
-0.01651165
-0.02426913
0.007617531
0.03041007
0.03251876
0.005978447
0.01288525
-0.0007520733
-0.02927186
-0.0643262
0.09831309
0.06135288
-0.02533709
0.1679637
0.1168722
-0.004720842
-0.1267131
-0.1721946
-0.2018687
-0.02401765
0.06286199
0.04125646
0.1475181
0.2339692
0.241277
0.03499151
-0.02290998
-0.03234421
0.1871317
0.1326004
0.0177178
0.1512556
0.1776486
0.06777091
-0.05785139
-0.009593831
-0.04574691
-0.02584827
0.0198724
-0.03012308
-0.006981874
-0.002786605
-0.001542978
0.1299113
0.04872575
-0.00622
0.2392805
0.1827451
0.05500942
0.1650458
0.1739399
0.05492564
