7.211074e-01
5.248672e-01
6.481943e-01
6.357425e-01
6.322479e-01
6.830106e-01
7.296271e-01
4.667268e-01
4.616424e-01
5.940299e-01
4.676341e-01
7.306541e-01
6.297061e-01
6.017481e-01
5.067636e-01
6.313293e-01
5.007420e-01
5.253860e-01
4.594133e-01
5.222328e-01
3.912139e-01
6.926033e-01
6.911761e-01
4.712402e-01
6.136074e-01
6.718995e-01
5.150104e-01
6.112424e-01
5.302646e-01
5.642278e-01
5.238659e-01
7.376879e-01
5.365497e-01
6.564847e-01
4.597040e-01
7.217371e-01
4.362562e-01
5.676780e-01
3.559219e-01
5.781494e-01
6.036780e-01
4.496483e-01
6.786995e-01
5.480614e-01
7.172157e-01
4.719844e-01
6.786709e-01
5.609995e-01
4.151525e-01
6.351746e-01
4.386331e-01
6.823037e-01
6.579528e-01
6.264946e-01
6.384063e-01
5.658072e-01
5.372676e-01
5.436721e-01
6.266944e-01
6.582339e-01
5.322483e-01
4.483510e-01
4.622366e-01
5.345905e-01
