-1.572349e-01
-2.839920e-01
9.146313e-02
-1.491245e-01
-1.097323e-01
6.643404e-04
-2.311375e-02
1.234869e-01
-3.978263e-01
-1.614759e-01
-1.350243e-01
-6.109577e-02
-1.646562e-01
-9.014656e-02
-4.315371e-01
3.756741e-01
-1.919723e-01
-1.210810e-01
-2.602546e-01
-1.248756e-01
-1.665369e-02
-4.384091e-02
-1.954937e-01
1.922357e-01
-8.915398e-03
-2.004379e-01
-2.483058e-01
2.742266e-04
-2.526490e-01
-2.841563e-02
-2.513408e-01
-8.697256e-02
-1.137303e-01
-1.377793e-01
-1.272931e-01
-2.258122e-01
-3.680859e-01
-1.774801e-01
-9.296059e-02
-1.997900e-01
-1.248375e-01
-7.166610e-02
-2.816110e-01
-6.044193e-02
-3.219759e-01
-1.945769e-01
-1.510523e-01
-1.178203e-01
2.370771e-01
2.561500e-02
-8.581951e-02
-3.839214e-01
-3.860783e-02
-3.198949e-01
-2.427831e-01
7.964021e-02
-1.844407e-01
-8.706693e-02
1.708883e-01
-1.162411e-01
-2.198148e-01
-1.466160e-02
-6.464311e-03
-6.599732e-02
