32 16 3
-0.1176195
-0.1092609
-0.1577286
-0.006052428
-0.01868599
-0.07956141
0.06886329
0.02772055
-0.07485
-0.08032946
-0.1715571
-0.1781518
0.1095137
-0.08197345
-0.1888856
0.186056
0.06106306
0.02375305
-0.01961615
-0.008952806
0.05807045
0.03394
-0.0285773
-0.03991197
0.0804791
0.01338194
-0.02843235
0.01591079
-0.1386821
-0.1821164
-0.1301431
0.03169953
-0.2922019
-0.04417545
-0.1478456
-0.2635003
-0.01529033
-0.09585917
-0.1061156
0.05286233
0.01280287
-0.1549651
0.07761445
-0.01286732
-0.1365733
0.03516035
0.1432097
0.187402
0.01304612
0.05358094
0.2189997
-0.1043649
-0.01785028
0.1515163
-0.08686224
-0.04764442
-0.005593379
0.03676782
0.09676992
0.1471755
-0.0400953
0.06294758
0.1133444
-0.01953052
-0.05948783
-0.1659149
0.05506257
0.03296117
-0.07544579
0.1348702
0.1756166
0.1001856
-0.05759205
-0.07720842
-0.09552605
-0.07755651
0.03921749
-0.124843
-0.06479374
-0.1027628
-0.1681948
0.03228419
-0.02028086
-0.03488452
0.02484016
-0.02955772
0.01549688
0.03852401
0.1175583
0.03236765
-0.1054139
0.09621134
0.08602744
-0.1152958
0.0778508
0.1538962
-0.03310424
0.0693668
0.09136163
-0.2024938
-0.2502147
-0.2361788
-0.2599133
-0.211879
-0.1747153
-0.294219
-0.2807696
-0.2076618
-0.01877278
0.1765923
0.2270663
-0.04233477
0.1008002
0.2287667
-0.07159886
0.04889906
0.08299349
0.1245485
0.01219779
-0.1202654
0.06387558
0.0059297
-0.06218242
0.0808403
0.08500829
-0.02813081
0.04311871
-0.07940508
-0.01278843
0.115492
0.1873634
-0.04553436
0.09183853
0.1154346
-0.01874333
-0.08537836
-0.02879506
-0.03701889
-0.0983929
-0.06000886
-0.09257737
-0.1302628
-0.1237594
-0.2145752
0.02153672
0.06950783
0.01873994
0.0215187
0.1027482
-0.0006812025
-0.03220119
-0.000781967
-0.06105236
-0.02658418
-0.08291729
0.007224308
-0.004181591
-0.08294526
-0.03949092
-0.01809536
-0.02993088
0.003789322
-0.08560339
-0.04253175
-0.05679017
-0.08072702
-0.1078199
-0.0930288
-0.028169
-0.03902542
-0.05816108
0.06234171
-0.02100741
-0.02405206
0.09090066
-0.06662459
0.0795645
0.009946105
0.05157455
0.07336852
0.1081696
0.05888382
-0.02628305
0.06394711
-0.04453886
-0.002975923
-0.03242123
-0.0794444
0.02766475
0.1539285
0.05701306
-0.1364652
0.1629708
-0.05641674
-0.2369727
-0.06790407
-0.2108681
-0.2159888
0.02765196
0.02239542
0.01208817
0.06986842
0.01467516
-0.08203181
0.04931816
-0.04461329
-0.1394458
0.01750362
-0.01006761
0.02728564
0.02086869
2.417288e-05
-0.01396428
-0.05039141
0.00283854
0.04357485
-0.17247
-0.08267157
-0.03717569
-0.1763195
0.007143831
0.04374463
-0.08495212
0.1207203
0.0531968
0.08160973
-0.109949
-0.1175893
-0.01231594
-0.05953229
-0.1214659
0.04883618
-0.04090074
-0.05984004
-0.1178933
-0.08213714
-0.0001682916
0.02768801
0.1143492
0.1699934
0.1616034
0.124124
0.1117212
0.01459114
0.107078
-0.01340708
0.07271847
0.01080988
0.1062773
0.02721841
0.09186409
0.05755756
-0.2086858
-0.2701091
-0.07436614
-0.2262227
-0.0941948
0.1861188
0.01023576
0.1609261
0.2921718
-0.07069958
-0.01211516
-0.0163002
-0.09582317
0.007507996
0.04805435
-0.06366088
0.04967921
0.07736949
-0.01523796
-0.04642897
-0.1258367
-0.03944007
-0.06901366
-0.0454234
-0.05046156
-0.108252
0.04753874
0.08840305
0.06603735
0.0792225
0.04754883
0.05500195
0.05778638
0.1061527
0.08483373
0.05046622
-0.08105145
-0.02179732
0.05138732
-0.04361571
-0.03604632
0.0316839
-0.06550013
-0.03961133
-0.02573623
-0.05529138
0.05115468
0.03381928
-0.02280179
0.05113602
0.0201287
-0.02317447
-0.02057263
-0.04153665
0.07314035
0.01305053
0.04469544
0.03606056
-0.02460071
-0.03029532
0.009524209
-0.07966387
-0.07627247
-0.05746508
0.1795582
0.02379559
-0.00704108
0.05848985
0.09540622
-0.02287426
0.1101167
0.07719346
-0.03531202
0.09992713
0.05779799
0.02628095
0.05353966
0.06268559
0.02233672
0.06843767
0.02346059
0.07043635
-0.01484268
-0.08653964
0.08962639
0.04950862
0.07326988
0.02839939
0.03406458
0.144482
-0.02380882
0.01388473
-0.0157282
0.04860133
0.08229962
0.07374068
0.03822525
0.1245657
0.1312903
0.176204
0.2362197
0.06157473
0.1564497
0.1554538
0.06458241
0.295923
0.2382189
0.1059258
-0.01623075
-0.150486
-0.1164339
0.002730463
-0.02989526
-0.08517332
-0.08966884
-0.1717073
-0.149642
-0.106787
0.0814725
0.1997125
0.01353324
-0.1151198
0.04963646
0.09007594
-0.1054428
-0.1552724
-0.05319548
-0.07217904
-0.05750172
-0.01305311
0.01819686
0.02171178
-0.01388834
0.02144591
0.00938253
0.1169056
-0.006190087
-0.0497386
-0.08026897
-0.06231261
0.008892193
-0.1620184
-0.06298682
0.09919474
0.005582531
0.008188093
0.06654827
-0.1025609
-0.08205926
-0.01550662
-0.01588147
-0.05781801
-0.0188604
-0.008463773
-0.03045606
0.01754948
0.03985067
0.05341389
0.0296315
-0.03676981
-0.03215591
-0.05272108
-0.03794345
0.2330189
0.1438107
-0.1248458
0.08776046
0.09794896
-0.04318357
0.07951566
0.0002656663
-0.06328216
-0.09726807
-0.08340721
-0.09335835
-0.08282502
-0.1047665
-0.1643098
-0.1851397
-0.1530823
0.115458
0.08337305
0.0217096
0.1802527
0.1512526
0.0681214
0.01513789
-0.007043133
-0.07653927
-0.05631537
-0.01883349
0.05266186
0.07130712
0.01466155
0.0774289
0.1161743
0.07339717
0.07677653
-0.02896407
-0.03314029
-0.02790784
-0.007117233
-0.0591911
-0.05516627
0.08120791
0.009674667
0.01022923
-0.06611424
-0.1849096
-0.08287844
-0.08406249
-0.04117159
-0.02471074
-0.06659928
-0.09970635
-0.04048892
0.04959365
-0.005541979
-0.02902808
0.01565866
0.04599646
-0.01777402
-0.01919829
0.01033597
0.04049594
0.1322207
0.1436949
0.1634666
-0.01231021
-0.02458296
0.04157091
-0.1899873
-0.2307324
-0.1447448
-0.05502301
-0.01727474
0.02664183
0.03194296
0.02267188
0.1137188
-0.02660662
0.009470595
0.03025866
0.1028015
0.06078406
0.045469
-0.02045038
-0.05019569
-0.05789572
-0.03122411
-0.001528339
-0.05522451
-0.08183949
-0.03999381
-0.04539886
-0.1279357
-0.0452611
-0.09073008
-0.03194483
-0.05867937
-0.09005708
0.06185446
-0.0495557
-0.07730878
0.04330364
-0.05511898
-0.1333911
-0.02647553
-0.05045187
-0.1181677
-0.1106097
-0.04270209
-0.03147319
-0.1180673
-0.03168511
-0.02844713
-0.1266483
-0.07596012
-0.06238834
0.03927788
0.07860094
0.02501559
-0.008300988
0.01535292
0.1195227
0.07629181
0.1140156
0.1012342
-0.12818
-0.07756955
-0.02627205
-0.1083793
-0.1720134
-0.09947994
0.08239405
0.05165226
0.06206591
0.009915015
-0.05003284
0.008184185
0.05361258
-0.0120735
-0.002220101
0.06630518
0.02550855
0.0323341
-0.1090925
-0.04259986
-0.1066494
-0.1157001
0.08751021
-0.07586765
-0.06235174
0.04332048
0.05469058
0.1509148
0.1331629
0.09093075
0.156658
0.09887348
0.09431322
0.1188464
0.06659207
0.06353845
0.005564619
-0.06224209
-0.1147283
-0.01906084
-0.08509324
-0.1082659
-0.002541485
-0.07871907
-0.08391265
0.05127799
0.0232607
-0.008897144
0.0128351
-0.05164726
-0.1369855
-0.05572436
-0.1097111
-0.1163502
-0.0233864
0.08880747
-0.06291807
-0.05277145
-0.09413615
-0.06109577
-0.115777
0.01152007
-0.004773637
-0.3123866
0.08963741
0.04181785
-0.1273791
0.388922
-0.07851644
0.2456946
0.135298
-0.0482246
0.01973936
0.02051773
-0.1106325
0.1394667
0.06900181
-0.1588681
0.2011786
0.09214132
-0.01524187
0.00843513
-0.04994466
-0.0658932
-0.01196559
-0.03962544
-0.05015067
-0.1103918
-0.1024476
-0.03925905
-0.01666601
-0.1044583
-0.05525918
0.02017101
0.08596127
-0.04721399
-0.03089109
0.01356785
-0.04650434
0.003404523
-0.02539083
-0.06319679
-0.004314771
-0.08326302
-0.1192018
0.04742014
-0.05204339
0.01496536
0.1046051
0.03240046
0.01876211
0.0880652
-0.04841169
0.1645805
0.0009864336
0.1435729
0.1734027
0.06932587
0.01581937
-0.03025486
0.05453235
0.03532184
-0.06750086
0.03670475
-0.1262123
-0.08581308
0.03185438
0.1467514
0.1717665
0.0487607
0.1461957
0.05755505
0.1151747
0.09297246
-0.06872328
-0.1296367
-0.01298253
0.2586441
-0.1159344
0.04389459
0.2671921
-0.1135495
0.265602
0.06306706
-0.1265157
-0.08842925
-0.08046728
-0.104119
-0.02953091
-0.1015517
-0.06813002
-0.1198482
-0.1447761
0.02930368
-0.01977694
-0.01807445
0.0123722
-0.01081458
0.06831746
-0.06370118
0.04685033
0.128989
-0.1719998
-0.05515914
0.2239822
-0.1974472
0.275411
-0.05199454
0.2185553
0.05981646
-0.1697892
-0.01703841
0.0427868
0.1666042
-0.04381885
0.08928969
0.1631627
-0.04418
0.07837929
0.007374914
0.05167061
-0.01609313
-0.1049466
0.0639044
0.01209708
-0.05230391
0.08419998
0.008921656
0.002705239
0.1159424
-0.02994441
-0.06290455
0.1556742
0.1149372
0.07954756
-0.03619403
0.01874527
0.1125627
0.1728011
0.08974284
0.005097932
0.2129413
0.2531529
0.1501365
-0.1151756
0.02969499
0.04353094
0.001200429
-0.06024433
0.02612157
-0.07785971
-0.07299324
-0.02323542
-0.04772427
0.06568671
0.04436341
0.02375431
-0.005727312
0.02278972
0.02700739
0.01037043
0.03819111
-0.1127709
-0.008254049
0.03232747
-0.1042019
-0.00143038
0.1224062
-0.1040929
-0.09022764
0.07072131
-0.0001633611
-0.1014529
-0.00404212
-0.04903732
-0.08007757
-0.09588718
0.07134096
0.09343378
-0.02639678
-0.01119254
0.07087397
-0.05370785
0.07867832
0.1253929
0.0934938
-0.06794085
0.1039205
0.1600616
-0.1393377
-0.01748699
0.05644702
0.004919516
-0.00144014
-0.0005915334
-0.04979615
-0.03955451
0.02243043
-0.1238629
-0.006214514
0.103141
0.07977306
-0.1772568
-0.2517662
0.4163951
-0.1846901
-0.2982596
0.5231807
0.3777567
-0.05191379
-0.1464251
-0.03374293
0.0395166
-0.09882316
-0.0547546
-0.01281028
0.06937965
-0.05903395
-0.01689216
-0.05791613
0.1437486
0.3363304
-0.3117906
-0.09587204
0.2611777
-0.2632009
-0.2633975
0.07544255
0.03083106
-0.1701211
-0.1218326
0.09851324
-0.0904713
-0.1210913
0.05015718
0.06461865
0.05413345
0.01165628
-0.05042804
-0.1649292
0.03624894
0.02398946
-0.06633668
-0.004708712
0.04919269
-0.04096254
-0.07794195
-0.08597629
-0.05411087
-0.09597844
0.001135441
-0.06686337
-0.007452061
0.03807269
-0.0101524
0.2120343
0.04963914
-0.02879484
0.2259777
0.2144416
0.1062337
0.01331442
0.182214
0.2505554
-0.08040686
-0.05393771
-0.02951883
-0.06121661
-0.04338507
-0.01891591
-0.04565846
-0.03315873
-0.0235217
-0.0271134
0.07740485
-0.01013425
0.05382285
0.09698935
0.04403917
0.1753154
0.07336035
-0.03999848
0.003850741
-0.03947674
0.0009669792
-0.02888874
-0.03869135
0.04492663
-0.04850011
-0.1014007
-0.01815905
0.1057956
0.1488025
0.05714661
0.07779549
0.08744731
0.02174106
-0.01504467
-0.110798
0.04796145
-0.0406545
-0.03575996
-0.01082353
-0.02983042
-0.005708667
0.01309602
0.0008373401
-0.06239339
-0.004870899
0.1130846
0.08135819
0.06300964
0.1535427
0.1278258
0.09409627
0.10813
0.1021404
0.0370275
-0.1558373
-0.1936989
-0.1899006
-0.09174541
-0.1163506
-0.08894449
-0.005761256
-0.03523343
-0.01775405
0.139641
0.0964069
0.1079985
0.08077632
-0.03016678
-0.02489001
0.1327329
-0.01719829
-0.04644027
-0.06448057
-0.02183723
6.688284e-05
-0.08735204
0.0410217
0.01765268
-0.1208042
-0.07336292
0.04427671
-0.04068356
0.05590696
0.09780771
0.03865535
0.01721774
0.03742415
0.06913965
0.03417729
-0.04979225
-0.2332637
-0.2079062
-0.03790994
-0.1714978
-0.1194625
-0.0338496
-0.1442192
-0.1475825
-0.03801495
0.060153
0.07013818
0.1059676
-0.006117037
0.09019946
0.1537129
0.04759603
0.1758555
0.2308078
0.04129807
0.06969886
-0.1637072
0.3274422
0.3226278
0.009737433
0.2451142
0.2128466
-0.01374987
0.03789511
0.09638123
0.05038604
0.07586274
0.1294002
0.1646529
-0.01928617
0.08231955
0.155609
-0.04189226
-0.0300394
0.05136105
0.02885927
0.04401249
0.03390818
0.09375435
0.04769464
-0.0173646
-0.1588095
-0.1929962
-0.16213
-0.1014892
-0.0924096
-0.07119463
0.002405866
-0.004431009
0.02553115
0.0343901
0.03625364
0.0323199
-0.03843716
-0.03229779
-0.08246981
-0.03896748
-0.08283162
-0.0522498
0.03668573
0.03199644
-0.06151705
0.1802355
-0.004378492
-0.07653068
0.0003598898
-0.08291714
-0.05835224
-0.02622147
0.1481534
0.089923
0.04433524
0.006773088
-0.1532668
0.005676919
-0.08765759
-0.04477396
-0.1156522
-0.2730651
0.1318957
-0.1526786
-0.1401962
0.4757091
-0.06098149
0.4755346
0.2458514
0.0269163
0.03416315
0.09095715
0.004537589
-0.03675902
0.04371804
0.05962925
0.01488933
-0.04418917
0.1765378
0.146169
-0.1005367
0.124997
0.005294878
-0.163212
-0.04084635
-0.1564221
-0.2788632
0.04695906
-0.04488463
-0.155715
0.1360402
-0.079184
-0.1251515
0.05539676
-0.008867363
-0.0558184
0.03315285
-0.02756639
-0.07493667
-0.03203104
-0.03007312
-0.148074
-0.02657367
-0.06762823
-0.0982958
0.04002387
0.05687394
0.01018086
0.03237282
0.0401145
-0.03336231
0.006324591
-0.0341007
0.05075197
0.09500173
0.001747663
-0.003865143
0.0279195
-0.03290164
-0.1647624
0.1049784
-0.07876489
-0.07399056
0.04419225
-0.01067653
0.08704665
-0.05960409
-0.06612901
0.08709576
-0.09140744
0.08420441
0.1150531
-0.1316951
-0.1006548
0.001013473
-0.1148942
-0.2147226
0.2320738
-0.2430901
-0.03628674
0.2228153
-0.007210583
-0.0182343
-0.05778803
-0.05928648
-0.03311531
-0.0684211
-0.0751853
-0.09527541
-0.05858686
0.08458801
0.1100415
0.04433276
0.02474839
-0.03410609
-0.02262129
-0.08123406
-0.04659516
0.01530399
-0.007252554
-0.2358727
-0.005705847
-0.1893153
-0.3593901
0.2172909
-0.07349987
0.2246128
0.168531
-0.05811668
-0.05752302
-0.02016531
-0.1446786
-0.1368001
0.01992134
-0.1048621
-0.05300641
0.09941839
0.1125745
0.1496995
0.06991597
0.02444395
0.05157071
-0.09272937
-0.04767331
-0.08410819
-0.2096403
-0.03314663
0.0245745
0.004088332
0.1317337
0.03625878
0.1349709
0.07171487
0.2257721
0.1269149
0.02166644
0.005947887
0.02643419
0.05415167
-0.01775878
0.01208476
0.008316409
0.004723047
-0.03150146
-0.1545846
-0.1193495
-0.1359825
-0.01082286
-0.1469106
-0.09487236
0.1266147
0.1153326
0.02694965
-0.09392682
-0.193184
-0.07283904
0.0396925
-0.1767533
0.02653238
0.1280155
0.2031011
0.234222
0.005671789
0.04794671
0.01042714
-0.08648904
-0.08660114
-0.03968555
-0.01440881
0.006845867
0.06009106
-0.1209202
-0.1434089
-0.06370816
0.06271839
-0.08881027
-0.01152574
0.2249138
0.1698061
0.1037991
0.08251106
0.06100832
0.02382132
0.1557559
0.1356197
0.05450891
0.04352519
0.07409923
0.05086235
0.01999405
-0.05832202
-0.01494628
-0.09570783
-0.04370724
0.006047202
-0.1102541
-0.075261
0.01334729
-0.1068992
-0.06217195
0.09330063
-0.03970066
-0.1309321
-0.1485734
0.1650127
0.0702704
-0.1351549
0.1959321
0.3002073
0.3206927
-0.02452492
0.2158475
0.1887865
-0.2662862
-0.2666362
-0.1807979
0.05770097
0.06261035
-0.02769828
-0.08791962
0.1287206
0.143773
-0.2477778
-0.1378403
0.044362
0.0255341
-0.01655827
0.03139283
-0.09635435
-0.06690899
0.05497379
0.008970085
0.01471908
0.07743069
-0.02233177
-0.003673814
-0.01145217
-0.0366454
0.09972037
0.05471254
-0.1386943
-0.02622666
-0.009312855
0.05256966
0.03695261
0.03888137
0.03731754
0.05344021
0.04829587
0.1004367
0.07651403
0.09060052
0.1036601
0.01688542
0.02559767
0.10299
0.0731831
0.02583736
0.1509628
0.2089535
0.1816411
-0.02976448
-0.01698661
-0.002633194
-0.05092844
-0.06167241
-0.05753821
-0.06771217
-0.0906938
-0.1390288
-0.08724847
0.01053093
0.001057305
-0.1250634
-0.07976308
0.0612982
-0.05034036
-0.2137667
-0.0153559
-0.09928577
-0.07363839
-0.0019333
-0.08565646
-0.1628667
-0.08285202
0.04410716
-0.1918444
-0.02756196
0.1589749
0.1255042
-0.01344921
0.3061288
0.09038789
0.03130528
0.01544506
0.2195033
0.19158
0.1574431
0.05160075
-0.05432925
0.1737841
0.01354299
0.03792838
0.1744814
0.2095059
0.1459438
-0.0749544
-0.04970411
0.004647622
-0.04528207
-0.03529273
-0.05370336
0.0571794
-0.0121358
-0.0630216
-0.1219681
0.04559026
0.2010849
-0.1543725
0.05560077
0.177397
-0.1788765
-0.05023208
0.07934598
-0.1242048
-0.1785702
-0.07270505
-0.06802038
-0.1721803
-0.1504177
0.07200575
-0.09049488
-0.1895034
-0.0283701
-0.08141596
-0.02544174
-0.0280407
-0.1391791
-0.02906605
-0.006712395
-0.02653815
0.01343897
0.1044183
0.004007978
-0.001674857
0.09393933
0.03069732
0.01269949
-0.02898121
0.05489715
0.1182225
0.0579287
-0.05195178
-0.1737659
0.1582451
0.03502031
-0.07154615
0.1150094
0.06328599
-0.03789195
-0.1273679
-0.06886905
0.1037543
-0.1892495
-0.04020942
-0.0148029
-0.1012694
-0.174666
-0.1371197
0.03632496
-0.01334236
0.03253496
0.02003317
0.02255221
0.08335087
-0.07198562
0.02219405
0.1158432
-0.06288466
0.03222122
-0.009677858
-0.1210054
0.08965894
0.1169821
-0.231279
0.03673591
0.09756459
0.02199588
-0.006482402
-0.1304162
0.309991
0.09755132
-0.1890469
0.1025432
0.2955942
-0.06272636
-0.1019213
0.1084279
0.2867481
-0.2549113
-0.03332694
0.2576506
-0.342452
-0.2524292
0.06105211
-0.08477863
0.03044559
0.05077844
-0.1183147
0.04441128
0.07146687
-0.1452764
0.005048607
0.0206738
-0.05757307
-0.05654615
0.07113399
0.05321021
-0.02233904
0.09577197
0.06824958
0.008112903
0.04940053
-0.02152312
0.02593087
0.05134195
-0.0008309062
0.02769073
-0.09174507
0.09038457
0.0858164
-0.006061145
-0.03419165
-0.01507239
-0.02804464
0.03842493
-0.06274489
-0.07310274
-0.003416378
0.05511739
-0.03830085
0.01801796
0.04888828
-0.03343824
0.003908452
-0.03133445
-0.03345745
0.03985035
0.0482372
0.01265487
-0.1045057
0.04681952
0.08154853
-0.138133
-0.009750174
0.001656111
-0.07044432
-0.02496636
0.008873863
0.003301463
-0.07953728
0.04268842
-0.01352891
-0.0991658
0.06347521
-0.01164728
-0.1314139
0.05163034
-0.02760948
-0.1464679
0.04400497
-0.0226268
-0.06912455
0.02931895
-0.06707652
0.0234715
0.05893823
-0.1252271
-0.009574554
-0.01341706
-0.125735
0.05558807
-0.02464144
-0.1434788
0.1202205
0.005247362
0.00516066
-0.001055052
-0.07138599
-0.05151945
0.08182081
0.01230524
-0.1070509
-0.09197772
-0.05071794
-0.004363077
-0.07336723
-0.04750954
0.04877402
-0.04935321
-0.004262976
-0.01403236
-0.04324035
0.04778895
-0.01916663
0.07727052
-0.01347794
0.07058822
0.01077605
-0.03738598
0.1275409
0.02387208
-0.1054005
-0.04025779
-0.07729251
0.1000219
-0.1068737
-0.107742
0.04754791
-0.1230792
-0.0565203
0.07912114
0.03846192
0.02619399
0.01370255
0.004044574
-0.01716847
-0.055096
-0.05478751
-0.04353466
-0.07635934
0.3958214
-0.1890506
-0.07821892
0.5052915
-0.5195052
0.05666437
0.1445336
-0.2239545
0.1517996
-0.02971627
0.142924
0.09417866
-0.03916794
0.03887296
0.006606455
0.01475293
0.04055539
0.006252841
-0.07666503
-0.06760343
-0.07247438
-0.1476097
-0.06099336
-0.04710455
-0.06846829
0.01322333
0.04143661
0.3714861
0.2260147
0.08839612
0.2079566
-0.05384215
-0.09067956
-0.0476316
-0.1983131
-0.2606717
-0.08277281
-0.08433712
-0.02313663
-0.03807245
-0.007099892
0.0999425
0.02191979
0.01895494
0.1025745
0.1036402
0.0379621
-0.1126411
0.05254878
0.06975158
-0.1179393
0.04890041
-0.1145051
-0.1759682
0.1378166
0.08194331
-0.04903641
0.1520787
0.01682718
-0.1028854
0.05362113
-0.1032307
-0.2369074
-0.1356609
-0.06459146
-0.004408178
-0.01886126
0.03592376
0.05679664
0.07155447
0.0650122
0.05184481
0.1999207
0.09111115
-0.0827887
0.1677755
0.03278415
-0.1735552
-0.08819906
-0.2378727
-0.3040237
0.1462893
0.01517798
0.04055381
0.1438382
0.03859059
-0.007297063
-0.08694737
-0.2178916
-0.1520767
-0.1095394
-0.04441265
-0.1008857
-0.1107828
0.001675576
-0.07468883
0.006966018
0.003802733
-0.006231664
-0.04766837
-0.02276238
0.0003293866
-0.09342746
0.04776369
-0.03527143
-0.05754857
-0.05933885
-0.01146945
-0.2788309
-0.1848386
-0.03819598
-0.1635403
-0.008071993
0.1419713
0.07748688
0.232328
0.2986133
0.0718609
0.1439122
-0.01444733
0.05762545
-0.0127379
-0.07384279
-0.03406113
-0.07876977
-0.1730433
0.08725594
0.07150771
0.06431286
0.0215122
0.02043609
0.02994841
-0.1314332
-0.09766438
-0.05306649
-0.1552608
-0.08826722
-0.03396167
-0.05559325
-0.007624065
0.07427777
0.0773522
0.1045376
0.1565646
0.01775952
0.1259354
0.05558598
0.006653866
0.2114193
0.03382717
-0.01480083
0.1820021
0.01608372
0.07485126
0.02062037
-0.04729151
0.09954837
0.007614004
-0.03314485
0.1516969
0.1037981
0.0304962
0.01566618
-0.07173131
-0.0003851575
0.004455492
-0.05012581
-0.01949179
-0.01314789
-0.01567395
-0.04721581
0.02018441
-0.005876886
-0.02025117
-0.05969394
0.05610225
0.05926326
-0.1104636
0.04094797
0.05200594
0.1011634
-0.1733453
0.04585538
-0.02516999
-0.08609507
-0.04799578
-0.1299151
0.1218494
-0.1157215
-0.0635409
0.2141257
-0.05593833
0.3035922
-0.3454436
0.2403721
0.08342085
0.021985
0.1593373
0.02386583
-0.007736869
-0.009927903
-0.07251179
-0.09550213
-0.01020123
-0.07349551
-0.003747244
0.07782631
-0.07368095
0.01423324
-0.01563833
-0.04887276
0.06132242
-0.00171808
-0.08322947
0.02769981
0.06947961
-0.1284959
-0.08099316
-0.1672828
0.003040066
0.01634158
-0.05196011
0.03627327
-0.06559879
-0.05023269
0.01079605
-0.01231461
-0.08157277
-0.06742983
-0.01647337
-0.02556724
0.001981012
0.01576592
0.06265721
0.07556124
0.02454047
0.1185878
0.04600926
0.02156934
0.0488572
0.03036519
0.1622113
0.08424162
0.0366461
0.04639768
0.1421144
0.06545489
-0.1723292
0.06948743
0.1005181
-0.03405267
0.01732415
-0.07612256
0.03900899
-0.06295408
0.00676319
-0.02552363
-0.03531161
0.07004601
-0.05203348
0.07554009
-0.02645772
0.1245081
-0.07707202
0.01332146
0.02362677
-0.003733276
0.02072757
-0.006731617
0.1126516
-0.05411949
-0.03172242
-0.004666228
-0.06170375
0.0850422
-0.02582876
-0.06382224
-0.02346562
-0.05458772
0.04407054
-0.01216167
0.03222401
0.04341388
-0.02541891
0.05216446
0.02791315
0.01487134
0.02781476
-0.2408761
0.3530133
-0.2187822
0.1743323
-0.3514571
0.1680908
0.2472357
-0.1297359
0.2638686
-0.03895632
0.002774705
-0.05817039
0.01168703
-0.01848732
-0.03501527
0.0419176
-0.04749415
0.01970793
0.04700997
0.05531341
0.001503119
-0.03333307
-0.0446489
-0.1118104
-0.08812016
-0.09988748
-0.1588569
0.07614743
-0.02963726
-0.1115108
-0.09126125
-0.1497526
-0.1764131
-0.2653389
-0.3048985
-0.165289
0.08246251
0.1000664
0.004665507
0.09843919
0.119064
0.02176629
-0.07853267
0.04389657
0.02505369
-0.08771844
-0.0614486
-0.087176
-0.182019
0.006673832
-0.08625046
-0.192313
-0.04249197
0.02940682
0.2788261
0.238245
0.1033346
0.0952124
0.03978583
-0.07478146
-0.2073808
-0.2406946
-0.2111512
-0.09597038
-0.05475952
-0.06260408
0.08574967
0.1021603
0.1028186
0.141348
0.220217
0.1766665
-0.05464869
-0.08690768
-0.1558159
0.2304312
0.1489338
0.1044378
0.2275556
0.1403451
0.06405609
-0.003413807
0.04417923
0.1135779
-0.03738825
-0.03441798
-0.03803875
0.003250144
-0.05155785
-0.09647889
0.1113892
0.07989334
-0.06616344
0.02977573
0.1174456
0.009211967
-0.08756522
-0.04158772
-0.03620027
-0.04891806
-0.01825532
-0.04605663
-0.04672656
0.01053107
-0.1469451
-0.05709899
-0.1532134
-0.2391431
-0.151632
-0.04837515
0.1108237
-0.07003853
0.06746984
0.2368219
0.08524091
0.2197372
0.3067503
-0.008204432
-0.001284519
-0.04057305
0.005641599
-0.0007395566
0.1150134
-0.02932724
0.1801101
0.2657059
-0.06768865
-0.03459796
0.03951504
0.05838998
0.07515846
0.1621943
0.2266448
0.190398
0.2077639
0.02919574
0.06711496
0.1408662
-0.09955295
-0.0706625
0.02889802
-0.09497279
-0.1470447
-0.1366975
-0.07413151
-0.2881706
-0.3141754
-0.3617012
-0.1876614
-0.4068748
-0.4309598
-0.5100822
-0.3027751
0.05775359
0.008122707
-0.005643926
-0.02244808
-0.05891524
-0.07046101
-0.1179718
-0.09119382
-0.1233741
-0.04319354
-0.03707183
-0.02096273
-0.1075256
-0.1073243
-0.06375036
-0.1284045
-0.09562549
-0.08968925
-0.05165247
0.1184846
0.1198728
-0.04704183
-0.05603079
-0.03283083
-0.1056911
-0.1244138
-0.1957453
-0.1240904
-0.007795192
0.04635239
0.004957904
0.05170375
0.08084899
0.07719006
0.02893402
0.06543583
0.1526853
0.08620892
-0.06745139
0.1688057
-0.0820493
-0.1520395
-0.04681467
-0.06796266
-0.08076265
-0.09144672
-0.09871067
-0.003651879
-0.02345779
-0.1654658
-0.0005531131
0.08772542
0.05391519
0.02134648
0.009041223
0.06085186
0.1234602
0.06000863
-0.001082866
-0.07647671
0.121818
0.01466875
-0.1454687
-0.2190327
-0.0102629
0.1604216
-0.07197756
0.0673978
0.1972748
-0.08013666
0.006713544
0.09663283
-0.09157322
-0.155015
-0.1228314
-0.06528354
-0.007378274
-0.02398949
-0.07447099
-0.02234421
-0.003853466
-0.07384814
-0.07402527
-0.06919796
0.0009259249
0.05995917
0.1440675
0.09101053
0.2504836
0.2965547
-0.254766
-0.07872047
0.1047464
-0.1254293
0.09296577
0.01847011
-0.04623572
0.01607265
0.007963028
-0.06669355
-0.02161232
-0.07820555
-0.06446709
-0.00178175
-0.02013267
-0.1794031
-0.03250929
0.02441235
0.0940299
0.0970351
-0.1218365
0.04120583
-0.185398
-0.1026322
-0.09452581
-0.09893655
-0.04094438
-0.02634899
-0.1508466
-0.2345947
-0.05589139
-0.1417739
-0.2020972
-0.1843563
-0.2013737
-0.1444563
-0.1491336
-0.1172762
-0.05788515
-0.07741935
-0.04491471
0.05311737
0.06385131
0.1368704
0.1708785
-0.05346996
-0.09894583
-0.06208773
0.08718058
-0.1397186
0.02927778
0.01988928
0.1078612
0.07801764
0.1069399
0.2176812
0.2255547
0.1372288
0.1308795
0.1543714
0.1389997
0.09933202
0.1098597
-0.01183481
0.01649121
-0.06377862
0.001686778
0.07065852
0.01488143
0.03666189
0.1198862
0.1055089
-0.114012
-0.2241833
-0.1402028
-0.05487546
-0.02311088
0.1934405
0.09324247
0.173097
0.4207527
0.08152673
0.05723559
-0.03290933
0.001134497
-0.1214708
-0.187348
-0.1408458
-0.2299059
-0.1455479
-0.177642
-0.2831656
-0.221156
-0.1819286
-0.2977946
0.0640283
0.2090338
0.3757415
0.1280943
0.07862392
-0.009608943
-0.06431188
0.04791199
-0.01664079
-0.01144934
-0.003623103
0.008724222
0.05326318
-0.03045052
0.04646857
0.0381644
-0.04951442
-0.003922965
0.1056166
-0.09605902
-0.01651304
0.05769351
0.05234642
0.05694892
0.03393206
0.02150217
-0.1114141
0.04359674
-0.08281439
-0.009885482
0.09048539
-0.1337759
-0.1874589
-0.1937971
-0.154278
-0.07927641
0.07987352
0.1213476
0.2850555
0.3089001
0.1532001
0.1815205
0.2045108
0.07381338
0.08425042
-0.03555653
-0.117879
-0.1521197
-0.1701742
0.04082701
0.02491059
-0.001609848
-0.01867513
-0.06959762
-0.0173283
-0.07409614
-0.08877956
-0.02200774
0.02655509
-0.04748016
-0.06255098
0.06478196
0.05881039
0.01232558
-0.04884947
0.0221494
0.05673292
-0.09034441
0.02258038
-0.06104783
-0.064122
-0.03304905
0.0616708
0.1223764
0.2332343
0.09124699
0.1030863
0.124196
0.1293314
0.1141648
0.03404773
-0.03376071
-0.1136842
-0.2013831
-0.1840469
0.1575903
0.1007428
-0.0152371
-0.05192492
-0.02868833
-0.1506068
-0.07009201
-0.04477371
-0.08097848
-0.02088815
-0.1285886
-0.06037038
0.01549101
-0.02486595
0.008067899
0.08361048
0.09441209
0.1422493
0.004770263
-0.02398336
-0.1084782
-0.1105919
-0.08454908
-0.1348306
-0.1250065
-0.02196261
0.01509813
-0.02392847
-0.03390417
0.01705046
-0.01607856
-0.03198856
0.04178547
-0.04437341
-0.0740264
-0.006410887
0.01411846
0.1418025
0.05291685
-0.07992777
0.14056
0.1829382
0.005621697
0.1635365
0.2088131
-0.05443259
0.1441169
0.1071783
-0.199133
0.2185237
0.2036556
-0.217529
0.1476418
0.1413245
0.05600228
-0.0801935
-0.1819887
0.189684
-0.1326231
-0.2704737
0.08545841
-0.08979458
-0.07357251
0.004818008
-0.01986599
-0.037269
-0.009772495
-0.08619084
-0.01285559
-0.004121421
0.02971565
0.01492687
0.002663061
-0.01155244
0.07303962
0.01946158
-0.03105133
0.003276708
-0.008118416
-0.05957356
-0.04411831
0.01282295
0.05424682
-0.1268967
0.09108322
0.1054406
-0.1339248
0.07995056
0.0524536
-0.1160529
-0.2114252
-0.03140061
0.2800015
-0.2214955
-0.07589186
0.2408229
-0.1797337
-0.09870102
0.1882536
-0.2076793
0.0884858
0.1010163
-0.2195714
0.1159439
0.2021855
-0.3022981
0.173975
0.1553541
-0.0240328
-0.04632906
-0.07565206
0.03607814
-0.01938427
-0.1432213
0.04115863
0.01573943
-0.0341449
-0.01856907
0.02042792
-0.1269978
0.1749448
0.02351817
-0.1606945
0.1395196
0.04315307
-0.1531211
0.01170297
0.06906182
-0.07675351
-0.001728132
0.07932674
-0.1078397
0.1154892
0.06454685
-0.02756122
-0.10632
0.01540171
-0.1351981
-0.04896919
0.1501723
-0.1202851
0.005812894
0.1537831
-0.04808363
0.04611022
0.001276343
-0.05730827
0.04428202
0.04882881
-0.02344427
0.02658647
0.0777927
-0.01073067
0.05790826
-0.02967272
-0.08140336
0.1517901
-0.1175686
-0.08216222
-0.07781257
0.003000059
-0.08223329
0.08565165
0.118236
-0.09457015
0.03520478
0.1548593
-0.07493038
0.005933266
0.1481757
-0.02305299
0.02400737
-0.05382329
-0.09353679
-0.03104726
-0.08185056
-0.08346606
-0.08237699
-0.08618677
-0.07341499
0.04943862
0.09493849
-0.04661009
0.1839132
-0.06520842
-0.07585359
0.09945303
0.0008581593
-0.03173798
0.0318669
0.1335376
0.1877755
0.0827333
0.004573924
0.07725086
0.05767304
-0.03250154
0.01846741
0.04555363
-0.08024064
0.0071392
0.07116894
0.03363689
-0.02098589
0.09173953
0.2024795
0.03719379
0.04374802
0.01051628
0.001481721
0.01793067
-0.08830732
-0.0603584
0.1811872
0.1554594
-0.0001806851
0.1315809
-0.07532229
-0.1352988
0.1582392
-0.005338958
-0.09240912
0.1039874
0.001130666
-0.04169838
0.1326173
0.003302925
-0.2038316
0.1730652
0.01217309
-0.2192359
0.1726591
0.04737007
-0.1259176
0.03256027
-0.1766412
-0.08975163
0.1758337
-0.06171387
-0.2774915
0.2813774
-0.1045502
-0.2799377
-0.1273984
-0.02782369
0.2332542
-0.1247371
-0.1660197
0.09990095
-0.05223795
-0.2205186
-0.06911235
0.07959541
0.3021338
0.1990689
-0.09530949
0.1882071
0.1273738
-0.1766527
-0.1036982
0.03105067
-0.1412592
-0.01668298
0.1409768
-0.09322333
0.07218131
0.2596128
-0.09957202
0.06727905
0.2477619
-0.03283655
-0.2200031
-0.1060767
-0.01037657
-0.1492015
-0.1136668
0.0752851
0.06797573
-0.05017995
0.009040138
0.04507646
0.09620613
-0.02193508
-0.05514178
-0.001430003
0.05645713
-0.08934895
0.02690675
-0.04128388
0.01524022
0.08523076
0.01433632
-0.02285403
0.05607712
-0.03235163
-0.05374039
0.005574998
0.1096257
0.1013064
-0.09201216
0.09733262
0.1621144
0.04086479
0.0440147
0.1361472
0.0252803
-0.03132719
0.02042016
0.1365006
-0.1275086
-0.1029034
0.1457315
-0.06595476
-0.09836906
0.1139943
-0.03463861
-0.07385218
-0.08894915
0.05111448
-0.02918754
-0.0336719
0.06069668
0.03605245
-0.01544719
0.01402246
0.06506911
-0.043081
0.05394153
0.04530427
-0.03400193
0.1317431
0.09361352
0.03507373
-0.07222143
-0.07032548
0.02864566
-0.03800057
-0.01046335
-0.01097959
0.004341424
0.06760168
-0.002565397
0.05227752
0.1305327
0.05462769
0.02198771
0.1001371
0.169848
-0.03352176
-0.00612254
0.127796
-0.02601492
-0.01383567
0.01592221
0.03184818
0.07093596
-0.01854371
0.0148047
0.03837504
-0.006120524
0.2074828
0.1365598
0.02956006
0.08045565
0.1396045
0.1726873
-0.1458026
0.00938247
0.1960617
-0.03264535
0.006842657
0.07273874
-0.08726225
-0.09141527
-0.04001923
-0.1472149
-0.2183127
-0.2086582
0.1027925
0.1328603
0.02624594
0.09491795
0.02663229
0.007270287
0.09485719
0.07686575
0.02696387
-0.1390093
-0.1047013
-0.05417033
-0.07323928
-0.003224152
-0.0558822
0.01439154
0.03104548
-0.009472257
0.01302956
0.09806342
0.02907035
0.08474886
0.03117476
0.1529795
0.1548035
0.201532
0.1487308
-0.01981838
-0.07075125
-0.02968904
0.04404086
-0.0193593
-0.04865604
0.130324
0.02969868
0.00782051
-0.04075417
-0.06019918
0.07150078
-0.04256156
0.02136478
0.05545484
0.03214568
0.0573918
0.08681089
-0.1804192
-0.03595431
0.01182165
-0.1546875
-0.1103694
0.00251314
-0.06174586
-0.1488237
-0.1584618
-0.1693272
-0.07529205
0.03935888
-0.1064484
-0.06104328
-0.02942665
-0.02810092
-0.04752488
-0.08733448
-0.05577292
-0.1398723
-0.1267224
-0.02406594
0.004853567
-0.1497047
0.1780392
0.01254664
-0.003666392
-0.102458
-0.1073103
-0.08631963
-0.08892826
-0.09707703
-0.1240252
-0.03902933
-0.1011861
-0.1129308
-0.1094603
-0.08223717
0.004763087
-0.1356019
-0.09901839
0.01999363
-0.08590923
-0.03181789
0.01351263
0.029172
0.05705136
-0.2048401
0.1702414
0.07927778
-0.1529707
0.08002227
0.0780317
-0.2136448
0.1418487
0.1098953
-0.0286627
0.2252465
0.2554429
-0.1396834
0.1743855
0.2019403
-0.08292382
0.02135553
-0.0441002
-0.05195772
-0.09151365
0.02567766
0.0838979
-0.1689836
0.0327172
0.02775052
-0.06966543
0.08046852
-0.04238239
-0.0131213
0.09571334
-0.02907426
0.03818436
0.1817288
-0.008681602
-0.1289692
0.03987083
0.1272244
-0.1230812
0.02366641
0.1547637
-0.06969412
-0.02359581
0.1530007
0.03170773
-0.1386414
-0.09490203
-0.02100162
-0.08355386
-0.05923815
-0.07717138
-0.1201831
0.1041818
-0.06155074
0.1785652
0.09979114
-0.1142796
0.1563886
0.1378421
-0.07617687
0.1179979
0.1166019
0.08461704
-0.04180359
-0.3197421
0.2891562
0.03959096
-0.2836787
0.3341024
0.07772876
-0.2910453
-0.003756925
-0.06090397
0.0008790722
-0.1006311
-0.1005017
-0.04350577
-0.08077629
-0.1571475
0.005374927
0.06417137
-0.1044377
0.02939841
0.03414153
-0.1886472
0.03810104
-0.05366687
-0.1317479
0.06624808
0.1093043
0.0322075
-0.2608695
0.1711871
-0.04290112
-0.1901079
0.1645746
-0.1639903
-0.1181643
0.1730133
-0.1067488
-0.1799571
0.2060599
-0.1393522
-0.2505751
0.1942851
-0.1148684
-0.1898578
0.003580273
-0.03693157
0.005505057
0.02584993
-0.048984
0.02335474
0.02494462
-0.03323246
0.0539167
-0.05693508
0.02431545
-0.09328836
0.00300987
-0.1871983
-0.08678943
-0.06233947
-0.07038989
0.08655622
0.1720426
-0.01830661
-0.2387242
0.2255256
-0.04044958
-0.2499934
0.2048455
-0.06801239
-0.2262747
-0.01130592
-0.05431222
-0.06339438
-0.03442753
-0.07283456
-0.09318866
0.02889721
0.02977151
-0.03587969
-0.121519
-0.05176356
-0.07111959
0.09054212
-0.006651311
0.04466114
0.1352986
0.185133
0.01909609
0.1043319
0.06349653
-0.06110022
0.1478236
0.1943771
-0.001695692
0.2962312
0.2347665
0.04594721
0.1058609
0.18366
0.01923196
0.05843258
0.1769913
-0.006368763
-0.01615904
0.09532044
0.05779404
-0.0982656
-0.01472571
0.06865014
-0.07136527
-0.1816328
-0.07259922
-0.03710428
-0.07951153
-0.1030091
0.1872981
-0.1754212
-0.4536132
0.3346264
-0.04651609
-0.4659659
0.4736343
0.26569
-0.176872
-0.1982571
-0.003983029
0.1190399
-0.1920834
0.02930084
0.1478813
-0.1547235
-0.1232109
-0.005737136
0.05737397
0.02453307
0.01885743
0.01346001
0.01916658
0.01894431
0.03497968
0.09965125
0.1497964
-0.0165423
0.0739101
-0.02408879
0.01958963
0.07223727
0.1536053
-0.1339947
0.04582207
0.106927
0.03721522
-0.03132203
0.03949332
0.03634193
-0.2024339
0.04663105
0.04164721
0.007868604
0.04878233
-0.05573862
-0.02793676
0.07547343
-0.07124881
-0.0868035
0.0240879
-0.04754996
-0.1360807
-0.007401808
0.04330664
0.01356252
-0.05849498
-0.07006088
0.1135707
-0.04596812
-0.09184238
-0.03257634
-0.09610002
-0.2691538
0.105291
0.09769545
-0.2432581
0.08011305
0.2489523
-0.312561
-0.09793945
0.1886059
0.02252672
0.04920922
0.1117646
-0.03932412
-0.02845269
0.1394458
-0.1820152
-0.1149682
0.08035445
-0.03065105
-0.02614478
0.01062679
0.006695408
-0.1206446
-0.02746297
-0.03389701
0.1039006
-0.04624945
0.00326308
0.01709277
-0.0479414
0.08129739
0.03960586
-0.09602316
0.1794319
0.06954576
-0.05843128
0.0410037
0.03669344
0.006450964
-0.00259483
-0.01993504
-0.03146406
-0.03718079
-0.05405752
-0.02517484
0.06663963
-0.08793274
0.02225427
0.1148823
-0.02092402
0.05367296
0.1569936
0.07053089
0.2055055
-0.03984832
-0.04406125
0.01614725
-0.105948
0.04585722
-0.01501543
0.01588888
0.07546433
0.0203942
0.005972818
-0.01180817
0.02083119
-0.02969814
0.05473511
-0.07829379
0.03784786
0.01110515
-0.1988225
-0.03330709
-0.01814709
0.04589318
0.0161048
-0.01332224
-0.04285552
0.04430969
0.01795787
-0.03595739
0.008740918
0.0826986
0.05243215
0.09444959
0.0990634
0.118868
0.08144733
0.1372467
0.1711995
-0.03723426
0.05905807
0.05658838
0.0560597
0.09330187
0.1954349
-0.006823336
0.05103391
0.07326964
0.02299799
0.09389116
0.1230651
-0.1409804
-0.05794634
0.04781998
-0.2009052
-0.09202032
-0.05454552
-0.1840108
-0.1981911
-0.2205031
-0.2118528
-0.08250196
-0.1952095
-0.1861208
-0.1416041
-0.1750284
-0.01575939
0.05825832
0.06518266
0.1523412
0.1043841
0.2183569
0.2769777
0.2355687
0.1723785
0.06139239
0.05365411
-0.04732439
0.1612474
0.2284981
0.06991301
0.1756348
0.1709235
0.08828305
0.07407538
-0.003097587
-0.09152556
-0.01292897
-0.02904932
-0.02307648
0.0493223
0.118865
0.187738
0.1152927
0.01648718
-0.06000445
0.1929
0.1102376
0.1564025
0.2300309
0.2094447
0.1889691
-0.1201222
-0.09666029
-0.05575568
-0.01997585
0.00696616
0.0002361462
-0.002426526
-0.00803869
0.03250204
-0.4345668
-0.4399729
-0.2021542
-0.3713084
-0.2032891
-0.3330455
-0.142863
-0.2883806
-0.2349651
-0.03637017
-0.0704057
0.0275929
0.01303283
-0.01511396
0.05952751
0.003737188
0.03866973
0.09956407
-0.01731528
-0.09307128
-0.05696592
0.05491368
-0.001650097
0.01958075
0.08227284
0.01638408
0.02709562
-0.04574598
-0.1189583
-0.03029279
-0.06324238
-0.01359667
0.04171957
-0.02112762
0.07419152
0.04543867
0.1077943
0.07646067
0.1069599
0.03860056
0.2279661
0.166935
0.1014439
0.2868069
0.1949913
-0.1440662
0.01614325
0.14711
-0.239176
-0.1231217
0.241267
-0.1313177
-0.06230501
0.05769141
-0.1466005
-0.02446745
0.0621989
-0.1775301
-0.1199466
0.04907606
-0.1217368
-0.009466715
0.05956375
0.04493322
0.02686461
-0.08994297
0.06139322
0.04352237
-0.07390222
0.09031331
0.118838
0.01072991
-0.1226499
-0.004137559
0.01174522
-0.1537724
0.03396591
0.001529782
-0.1010634
0.04853819
0.1041889
-0.1731595
-0.07266311
0.1113233
-0.1526019
-0.0308427
0.2241599
-0.1235715
-0.007843352
0.2467023
-0.02522158
0.1631646
0.2058648
0.0427022
0.197427
0.1716629
0.002845883
0.1645894
0.166282
0.04442758
-0.02940063
-0.2211844
0.03820051
0.06065682
-0.04751719
0.0203283
0.1269534
0.0867506
0.1074628
0.03506427
-0.1681609
0.1814424
0.00255329
-0.2427423
0.148543
-0.01495801
-0.2445928
0.02880203
0.1235485
0.005154148
-0.04041571
0.04568686
-0.07195592
-0.03259183
-0.01908165
-0.09877819
0.1044205
0.0779201
-0.01679575
0.05510209
0.02322472
-0.06743879
0.06294947
0.03590199
-0.0374721
0.0911838
0.06538645
-0.1127857
0.1188426
0.05449086
-0.1205545
0.1130555
0.06385452
-0.06051392
-0.1414799
0.0673089
5.611421e-05
-0.008240251
-0.008095033
0.09611475
-0.09433474
0.04141435
0.06568308
0.08098804
-0.02470236
-0.1573744
0.1228208
-0.001745387
-0.1530202
0.1325255
0.008248255
-0.1020554
0.01934873
-0.02327473
0.04403682
0.02896844
-0.0472424
0.03040023
0.00357854
-0.03220955
-0.0180646
0.2288397
0.02630301
-0.08974274
0.1334988
0.08004858
0.004717273
0.08938049
0.05782989
0.0783776
0.2191303
0.2442565
-0.01874664
0.01477497
0.09239274
-0.03439363
0.04262047
-0.02827185
0.01307867
-0.1368005
-0.06910293
0.02666982
0.02277854
-0.04191101
-0.05788736
0.02916222
0.2169701
-0.03534488
-0.07286412
-0.07556737
-0.04059373
-0.05338874
-0.1313166
-0.0475277
-0.01273469
-0.1008902
-0.07151038
-0.0181848
0.01263615
0.1228153
-0.09084207
-0.04191991
0.04126991
-0.08929422
-0.06553543
0.04578186
-0.05777891
-0.07383938
-0.01798818
-0.0136248
-0.03726206
0.009898954
-0.04905605
-0.0790747
0.03093203
-0.108297
0.05619691
0.04627717
-0.1033102
-0.02507121
-0.01915321
-0.02447676
-0.04013959
0.02553898
0.0007257473
0.07205286
-0.05530053
-0.002122745
0.08714473
0.0001727191
-0.06284089
0.01796832
0.08712083
0.1685019
0.002973226
-0.04727539
0.1943832
-0.02479122
-0.1438799
0.08566093
0.08694649
-0.1549601
-0.04084357
0.03417097
0.1254901
-0.1039136
-0.1023271
-0.009995987
-0.0712505
-0.06202249
-0.08545056
-0.01303097
-0.03158166
-0.02808175
-0.1134719
-0.1067331
0.05455573
-0.0683167
-0.1583812
0.08785971
-0.09512807
-0.005165206
-0.00244843
-0.1413463
-0.01988563
0.08806264
-0.1699231
-0.1485413
0.003034361
0.09134258
0.03495896
0.03195177
0.008223916
-0.05872781
0.007279033
-0.02037328
0.03669423
-0.0217508
0.02057736
-0.1268597
-0.004220989
0.3926011
-0.3535355
0.0126856
0.3333773
0.3996053
-0.1238948
0.1149676
0.04017009
-0.01306113
0.02898078
0.04886729
0.01083464
-0.02651893
0.07961285
0.09315031
-0.02799117
-0.07007776
-0.04780482
-0.006545636
-0.05584584
-0.05309739
0.003028653
-0.05837129
-0.02835792
-0.0787551
0.04755144
0.03688843
0.0395304
0.07124928
0.02367921
-0.01566933
-0.01435734
-0.05792819
0.01605938
0.05543687
0.09256198
-0.002406445
0.005083827
0.02672522
-0.03190356
-0.04841151
-0.06160116
0.08388375
0.1503697
0.04837514
0.05629882
0.1574117
0.03133482
-0.02983894
0.02184249
0.004787135
-0.03309308
0.01666012
0.005091922
-0.02309736
-0.07225342
-0.0006216762
-0.09340302
-0.004666267
-0.03468861
0.02045783
0.006972839
0.1037074
-0.02851716
-0.02879777
0.08533848
0.1109091
0.0819248
0.1590277
-0.1596624
-0.1562139
-0.1171974
-0.08235122
-0.07928986
-0.008355441
0.05836713
0.1407034
0.1591979
-0.1184948
-0.1383409
-0.1097263
-0.05321563
-0.05621139
-0.07013734
-0.04837147
-0.05503507
-0.02971647
-0.06776805
0.01205184
0.07604779
-0.1904407
0.04915766
0.07516779
-0.2627491
-0.03457874
0.03050763
0.08238191
0.06346568
0.03666829
0.06187102
0.06918647
-0.1543929
0.04730696
-0.08166853
-0.1500771
-0.0804956
-0.07282989
-0.1124754
-0.1064523
-0.09204144
-0.1948582
-0.1852636
-0.2785692
-0.2322023
-0.03898599
-0.02458667
0.01477996
0.01245412
0.03733349
0.07427333
0.04992622
0.08197816
0.01634397
0.02209977
0.09349407
0.1078669
0.05781897
0.06709672
0.07364375
0.211809
0.1897029
0.1491341
-0.03840459
0.03622395
-0.0007035818
-0.006029775
0.08278437
0.01446043
-0.01882692
0.03018155
0.06114192
0.15192
0.2978234
0.2470372
0.06501457
0.07065824
0.01978376
-0.1690893
-0.2508408
-0.1329789
0.04798764
0.1474515
0.1866872
0.0875276
0.1263373
0.1452984
0.1610672
0.147733
0.15005
-0.04414864
0.02983005
-0.01794612
-0.04695515
-0.0004277951
-0.03418532
-0.03532358
0.004693946
-0.0675195
-0.07265457
0.0273194
0.01169277
0.04075773
-0.0243504
-0.0009902209
-0.04025143
-0.07523756
-0.1537409
-0.101092
0.1698181
-0.04521632
-0.106556
0.1104284
-0.08242481
-0.03970536
0.2355123
-0.05846022
-0.09485864
0.05582203
-0.01907109
-0.05262989
0.06843152
0.001870434
-0.06218403
0.09220336
-0.1336308
0.01423454
-0.01276692
0.0354164
-0.01122404
-0.02363006
0.03665922
-0.00351719
0.007684376
0.05508165
0.01846313
-0.001468775
0.01659282
0.00171419
-0.02020594
-0.03247225
0.0523719
0.03345757
-0.03253242
0.03436792
0.04798392
0.0517847
0.05467841
0.02921445
0.0717695
-0.02775806
-0.03420355
0.009360807
-0.02608299
0.0139757
-0.009598716
0.03669829
0.07694586
-0.02561732
-0.01145362
0.05113987
-0.02653732
-0.09146184
-0.08140471
-0.07580657
-0.03727731
0.07996302
0.03056424
-0.1410808
0.04697404
-0.01698658
0.008673042
-0.06449027
0.008271185
0.01844914
0.01423277
0.1089664
-0.0370512
-0.05015383
0.02783399
-0.0522828
-0.0592806
0.04265817
-0.02370944
-0.05445766
0.05880186
-0.02337495
-0.01581157
0.04072729
-0.05137253
-0.008446207
-0.03404342
0.02366614
0.03266497
-0.1147616
0.008549892
-0.02844847
-0.2073739
0.06693951
0.1139016
0.04281234
-0.0004125512
0.02233758
-0.02179683
0.05206386
0.04339042
-0.009472397
-0.04157912
0.02182908
0.003870456
-0.0726666
0.007110897
0.007153341
-0.09228169
0.03093532
-0.02428979
0.1639512
-0.2148899
0.4795196
0.2893197
-0.6397965
0.6420738
0.1159328
-0.2730208
0.2641576
-0.02449071
-0.02751948
-0.0507404
0.01162679
-0.03946848
-0.01993797
0.1181629
0.04072041
-0.002333699
-0.08126849
-0.1246767
-0.09357083
-0.1102676
-0.03329962
0.01898443
-0.1196732
-0.004785629
0.1170419
0.06033746
-0.146844
-0.0775761
-0.06998067
-0.1409875
-0.06583726
-0.119853
-0.03054156
0.009526306
-0.01907562
-0.1123447
0.04668234
0.08128513
0.09280239
-0.008785705
0.0928897
0.1064994
-0.01777683
0.07658065
-0.04356597
0.03551164
-0.1152638
-0.206907
-0.03221505
-0.108977
-0.02763575
0.06666207
-0.08978186
-0.1563032
-0.09017716
-0.07508303
-0.1121013
0.04495547
-0.09005929
0.004010397
0.04465836
-0.2373063
-0.08308959
0.01502693
-0.04840766
0.1192497
0.2100851
0.07755661
0.190026
0.1837505
0.1310544
0.07194322
-0.1019579
0.1435657
0.03211078
-0.09557407
-0.09451004
-0.1537579
-0.07892711
0.1008997
-0.08581463
-0.1291019
-0.03465301
-0.1084267
-0.03330054
-0.02734885
0.08976662
0.1334138
-0.1507565
0.08556935
0.2517661
0.167182
0.23575
0.2490595
0.3987766
0.3054041
-0.02352213
0.04185509
-0.03650784
-0.1226344
-0.04723215
0.06764225
-0.08920239
-0.1743908
-0.04848426
0.03193168
-0.0645608
-0.09251144
-0.1049913
-0.1120376
-0.1088522
-0.08517442
-0.2336278
-0.1594624
0.0523689
0.08362371
0.1790448
0.1667592
0.1590126
-0.1521098
-0.1396393
-0.01399269
-0.1471206
-0.2711384
-0.03750648
0.1097178
0.06633551
0.1723844
0.07242577
-0.1107093
0.00339504
-0.1391685
-0.1924002
0.1136598
0.03453763
-0.09285233
0.05993048
-0.000494424
-0.1028946
-0.05066897
-0.03831615
-0.04858167
-0.0155099
-0.1188924
-0.04473661
0.02160987
-0.1488178
-0.04972652
-0.08604756
-0.081457
0.04854367
0.1040171
0.1193747
0.004310269
0.2038109
0.02210235
-0.09835955
0.01387407
-0.1493174
-0.196271
-0.05362674
-0.07072496
-0.1476393
-0.05063244
0.009846539
-0.03991256
-0.00341587
0.01418334
0.03086797
-0.01004587
-0.05113904
-0.1230929
-0.03855092
-0.05216546
0.06963748
-0.04057638
0.1655138
0.1796135
0.01491894
-0.04174469
-0.08358766
-0.07199962
-0.07591411
-0.04887855
-0.006254877
-0.00957293
0.008257112
-0.04862879
-0.02369183
-0.0151721
0.0008947774
0.009902927
-0.01610233
0.0286325
0.0195413
-0.08037619
0.08832578
0.03500642
-0.03966765
0.03474136
-0.02187682
0.02717475
-0.0370623
0.016666
0.1365428
0.4375016
0.350267
0.1502267
0.2138873
-0.01108398
-0.07497225
-0.2972761
-0.4461058
-0.3692702
-0.0167184
0.07332671
0.169172
-0.008874064
-0.0597385
-0.002214678
-0.03233204
-0.04480788
-0.09231594
-0.09803638
-0.07341921
-0.0414284
-0.1414066
-0.1110242
8.675628e-05
-0.07432447
0.01926191
0.07132246
-0.04743205
-0.05027747
-0.03497344
-0.03980764
0.03569734
-0.01403709
0.07569737
0.0283258
0.001628626
-0.01652089
-0.07683665
-0.02373598
-0.0916032
0.03570222
0.02303072
-0.08986569
0.09619909
0.1468862
-0.1029659
-0.06141357
-0.04960397
-0.1295949
0.07954653
0.047563
-0.1020544
-0.004760257
0.06758741
-0.0384805
0.01957425
0.01950818
0.02100971
-0.1118682
-0.02515866
0.004587223
-0.03924609
-0.07279097
-0.2343781
-0.3467358
-0.1710538
-0.1469451
-0.03108157
0.1592953
0.123611
0.3029681
0.305759
0.02832703
-0.07704643
-0.1458779
-0.122478
-0.1256385
-0.1590975
-0.1437069
-0.08827539
-0.03613508
-0.01630153
-0.04371662
-0.01315755
-0.02749147
0.03522123
0.03837588
-0.008901519
0.1202326
0.08059138
-0.06683026
-0.093833
-0.006594728
0.0211562
-0.004136145
0.006828883
0.1750648
0.1474375
0.1410121
-0.1010882
-0.09513793
-0.04677432
-0.08191627
-0.0532693
-0.009514273
-0.05765312
-0.04179392
-0.0430538
-0.1454317
-0.2187629
-0.1541957
-0.1391965
-0.1337686
-0.09458645
-0.07021275
-0.1290915
0.05575867
0.07935771
-0.03239447
-0.07877751
-0.006069531
-0.09932955
-0.09877581
-0.04507972
-0.1348651
0.01279177
0.08408409
0.1061434
-0.005454976
0.2125189
0.02748441
-0.04004002
0.1683219
0.1092897
-0.07269094
0.04196765
-0.06646568
-0.3503503
0.05493927
0.002919645
-0.294408
-0.0213403
-0.119425
-0.2883809
-0.1343511
-0.0040345
0.06005066
-0.0274935
0.1076379
0.178872
-0.0771383
0.02902927
0.08438252
-0.2698207
-0.1189317
0.05786093
-0.1975071
0.02839829
0.1681788
-0.1187001
0.07033568
0.1351884
-0.02871625
0.01987159
0.01836245
-0.0401159
0.03809663
-0.006155683
-0.03349698
-0.03414011
-0.07603721
0.1286032
0.09452399
-0.02493477
0.0530595
0.06414568
-0.1926949
-0.02048567
-0.1172131
-0.259145
-0.1663524
-0.17122
-0.1765379
-0.1860253
-0.1250011
-0.1055621
-0.1401751
-0.1073735
-0.1406369
0.09329648
0.1422908
0.1248518
0.06172672
0.1356872
0.2117496
0.1665059
0.3062086
0.1834892
0.04110536
0.1008988
0.07519947
0.06681761
-0.0243769
0.1277309
-0.01148909
0.04628507
0.1149182
-0.02725428
-0.1102438
-0.08336131
-0.137107
-0.07204799
-0.005472798
-0.2186647
-0.05228866
0.03248366
-0.1407057
0.00219833
0.1139697
-0.0460939
0.08349664
0.09734222
0.05075936
0.1021075
-0.01727226
0.0960646
0.03191261
-0.2201059
0.06222267
0.02800985
-0.1224012
0.08578832
-0.03470716
-0.003826302
-0.1411228
-0.1592022
-0.2382175
-0.1431471
-0.1151947
-0.1511512
-0.1721096
-0.08059881
-0.04099075
-0.05056389
-0.009113478
0.1243287
0.04422139
0.004415381
0.1808314
0.06758653
0.0287112
0.1385692
0.04640625
-0.08081339
-0.1544801
0.1352114
0.00219577
-0.1347042
0.2089232
0.05024091
-0.1014556
-0.02631782
0.06175802
0.1063823
0.05856209
0.09624898
0.1635709
-0.02138029
0.05641974
0.0930379
-0.133127
-0.1804271
-0.09073868
-0.1037982
-0.1526881
-0.1794948
-0.03340174
-0.2233903
-0.1044474
0.01016097
0.02278969
0.01396883
0.04117731
0.06177578
0.0390884
0.1566428
0.2016014
0.1791617
0.04319019
0.1348682
0.03982288
0.04607855
0.1242851
-4.836241e-05
0.01314747
0.03411006
-0.07039325
-0.05036055
-0.3088363
-0.486913
-0.06547027
-0.1664815
-0.4476321
-0.01285382
-0.2010615
-0.3546616
-0.01479336
-0.06873302
-0.1015929
-0.1042566
-0.1185169
-0.2085678
-0.01295307
-0.05540153
-0.1735549
-0.01326338
-0.04328991
-0.06912652
-0.001741587
0.03609164
-0.01627113
-0.01542827
0.06636015
0.01942515
-0.03298688
-0.05591882
-0.004654373
0.08488169
0.002078264
-0.08319688
0.1929726
0.03428118
-0.1644676
-0.03362559
0.2250774
0.2209073
0.07853521
0.2174252
0.4459869
-0.01875842
0.1491143
0.348909
-0.02070143
-0.1292473
-0.08160529
-0.01424889
-0.0459773
-0.01348185
-0.05614873
-0.1325602
0.01751615
0.03203534
0.009501903
-0.004768577
-0.001971092
0.04288506
-0.01785887
-0.03910914
-0.001220481
0.05498497
0.004071571
0.04758411
0.1528343
0.04599227
0.06837267
0.2164419
0.009844194
0.0621371
0.1725434
-0.05924077
0.03657606
0.1749497
-0.03640066
0.05096588
0.2111863
0.004863492
0.09610235
0.0728818
-0.04983173
-0.01504752
0.04281056
-0.07660519
-0.03155803
-0.003888857
-0.09228208
-0.1065945
-0.06290164
-0.06329025
-0.09001948
-0.0676399
-0.06548314
-0.1149743
-0.149411
-0.08034761
-0.145707
-0.1667705
-0.2485423
0.2388893
0.4861024
-0.2288864
-0.03096802
0.3934845
-0.04791016
-0.1625347
-0.02460864
-0.05052945
-0.03222765
-0.02057252
0.004457386
-0.06972911
-0.05850035
0.1456996
0.04972241
-0.01680188
0.02742527
0.01280298
-0.01023623
-0.02153842
0.1631888
0.06561787
-0.04395306
0.005977341
0.02583565
0.07561502
0.1756144
0.2332139
-0.05759006
-0.04014666
0.3993812
-0.1241962
0.1157395
0.3696065
0.06555234
0.05845283
-0.01078317
-0.07286082
-0.01129748
0.1228432
-0.08778264
-0.02854082
0.2019674
-0.03151331
-0.002632968
-0.04207525
-0.04523021
0.03587582
0.0484261
-0.1275358
-0.04282394
-0.04221616
0.01385694
-0.07308619
0.0262062
0.07339241
0.06055215
-0.02233972
-0.04733394
-0.02206502
-0.06294792
0.1179904
0.005066568
-0.04037806
0.07749326
-0.002190415
-0.1014154
-0.001069352
0.03548966
0.1599422
-0.2271104
-0.1374754
0.05318279
-0.04939368
-0.09222662
-0.1555853
0.1785864
0.07097153
-0.2245488
-0.009257731
-0.05973863
-0.07292333
0.1141721
0.03328766
-0.0798429
0.1028515
-0.02186486
-0.1064312
0.03071293
0.0809197
-0.03702
-0.07451106
-0.03123262
-0.05778407
-0.09637999
-0.1950497
-0.04392532
-0.04083135
-0.04299456
0.09776564
0.03221799
-0.02077949
0.007492844
0.04834719
0.007589595
-0.1280319
0.02184986
-0.06636069
-0.1030712
0.0503138
0.006041006
-0.02889669
0.1094642
0.06270295
0.03276041
-0.02693939
-0.1141674
-0.1351087
0.09671845
-0.0176302
-0.1071942
0.06186357
0.006214955
-0.03270928
-0.00141766
0.08552551
0.09011801
0.0168206
0.06354622
0.1098726
0.1376664
0.08958895
0.07560002
-0.08166971
-0.03887903
-0.01388881
-0.101484
-0.06160733
-0.05614832
-0.134571
-0.1240761
-0.1072324
0.0746726
0.124572
0.1043713
0.06593423
0.1114599
0.1289076
-0.01257283
0.07862201
0.0341353
0.005044046
-0.004303611
-0.06562199
0.08745176
0.1086061
0.006494244
0.02556963
0.1088082
0.02740728
-0.01408095
0.02109984
-0.02633533
-0.06081836
0.006702801
0.01789361
-0.03093428
0.03009253
0.077367
-0.003474705
0.02012441
0.0837899
-0.0714834
-0.1389409
0.06382511
-0.03256906
0.1139851
0.1995277
-0.07409544
-0.09585887
0.02615838
-0.1009137
-0.08711059
0.03801136
-0.01737953
-0.0627594
0.05806837
0.02732308
-0.03767158
-0.1243244
0.1214608
0.02726416
-0.07411526
0.1273074
0.06065242
-0.02370135
0.03648563
0.07616152
0.1592269
-0.008139676
0.100178
0.2334184
-0.02848602
0.05084846
0.1813552
0.009443073
0.1027563
0.02992592
0.0402808
0.09708698
0.05562812
0.02475167
0.1829127
0.1294383
-0.02986197
-0.06688242
0.01416421
0.04517334
-0.1104825
-0.1177302
0.07329507
-0.0883519
-0.169246
-0.04029739
-0.09868971
-0.07735965
0.01277071
0.007287649
-0.03908034
-0.01158018
-0.06780712
-0.07296174
-0.04215394
-0.08580869
-0.06740569
-0.1505657
-0.03905867
-0.02278513
-0.1325273
-0.06469849
0.03667032
-0.0188154
0.03091892
0.02750548
0.04342375
0.08335415
-0.04251187
0.1364706
0.1819772
0.007212232
0.02114768
-0.01981678
-0.068601
-0.01650056
-0.03649303
-0.1240079
-0.03593258
-0.1086757
-0.1346256
-0.002397724
-0.01676486
-0.04411802
-0.04596623
0.007710136
0.004156312
-0.003842908
0.008856178
0.008824066
-0.0341318
-0.08746434
-0.1756427
-0.005005441
-0.03118075
-0.1797202
-0.01761992
-0.01820146
-0.1192769
