-2.373481e-01
-3.629092e-01
-3.743105e-01
-5.281261e-01
-4.329504e-01
-3.863192e-01
-3.218825e-01
-3.677499e-01
-3.319654e-01
-4.641964e-01
-3.663398e-01
-4.479700e-01
-5.023895e-01
-5.166818e-01
-3.309193e-01
-3.377123e-01
-4.489072e-01
-5.200834e-01
-3.290544e-01
-5.255301e-01
-4.673918e-01
-5.342882e-01
-5.600588e-01
-4.609754e-01
-2.171359e-01
-4.062392e-01
-3.049464e-01
-5.647386e-01
-4.858541e-01
-3.033593e-01
-4.042618e-01
-1.826689e-01
-5.556583e-01
-3.603372e-01
-2.164911e-01
-2.993118e-01
-5.192284e-01
-6.243228e-01
-3.512922e-01
-1.925647e-01
-5.373848e-01
-2.364415e-01
-6.096465e-01
-3.001198e-01
-7.042329e-01
-5.230181e-01
-3.359846e-01
-2.865933e-01
-2.492730e-01
-4.934973e-01
-5.487406e-01
-2.977609e-01
-3.673537e-01
-3.279503e-01
-3.228741e-01
-5.958814e-01
-4.671459e-01
-4.262226e-01
-3.908544e-01
-5.115997e-01
-2.681785e-01
-3.848626e-01
-3.962375e-01
-4.894251e-01
