1.341227e-01
1.747999e-01
8.977101e-02
1.447735e-01
1.179352e-01
1.178699e-01
1.514817e-01
1.030653e-01
1.371353e-01
1.586342e-01
1.436468e-01
1.780839e-01
1.151292e-01
1.888897e-01
2.729098e-01
1.491379e-01
9.575752e-02
9.186941e-02
1.078542e-01
9.450489e-02
6.663087e-02
1.041242e-01
9.768684e-02
1.109231e-01
1.476856e-01
1.201026e-01
1.241740e-01
7.808425e-02
1.513075e-01
9.588849e-02
1.419234e-01
1.585792e-01
1.277463e-01
1.167003e-01
1.231069e-01
7.770629e-02
1.147661e-01
6.965299e-02
1.150719e-01
9.787560e-02
8.368592e-02
1.126135e-01
1.290884e-01
8.692558e-02
7.919975e-02
1.166990e-01
8.078612e-02
1.101803e-01
1.264348e-01
1.724369e-01
1.336661e-01
1.310063e-01
1.715102e-01
1.596964e-01
1.786404e-01
1.407509e-01
9.392649e-02
1.819627e-01
1.958075e-01
1.955969e-01
1.500268e-01
1.508992e-01
1.626339e-01
1.512893e-01
