16 16 3
0.03045985
0.0877725
0.1092636
0.02823745
0.04668909
0.09578324
0.0373988
0.05431958
0.09936677
-0.0774315
0.08999513
-0.005860373
0.06705719
0.0274938
0.05410459
0.0403058
0.08095118
-0.009186897
-0.01158376
0.04898851
0.0579725
0.03801112
0.1216026
0.1402946
0.003926416
0.08158482
0.02232859
-0.04201518
-0.0571195
5.067461e-05
-0.09099922
-0.09286495
-0.002902174
-0.1446513
-0.1298839
-0.0247881
-0.05926208
-0.05214439
-0.07893533
0.008905906
-0.05288814
-0.06411553
-0.05730773
-0.05501569
-0.009865246
0.007266945
0.01695858
-0.03562136
0.09069451
0.04358665
0.03602321
0.1878328
0.08083281
-0.03266421
0.1243314
0.2185082
0.1933888
0.1523008
0.2591991
0.2161263
0.05103689
0.244891
0.1490666
-0.03169258
-0.0804311
-0.08335402
-0.004798109
-0.02122817
0.03679425
0.03396737
0.02271611
0.09306818
0.04632191
0.0005539772
0.01639208
0.0009432025
-0.006374632
0.01789957
-0.02002965
-0.03738247
0.05327332
-0.1688648
-0.2843287
-0.2654249
-0.1351036
-0.282739
-0.153161
-0.1343823
-0.1913817
-0.1693336
-0.04870775
-0.097123
-0.1589094
0.01758106
-0.01769282
-0.1009969
-0.02848694
-0.03623155
-0.141407
-0.06948233
0.03181065
0.009221944
-0.03400503
0.001059521
0.0247591
-0.005496808
0.08887738
-0.002441737
-0.1812021
-0.1963215
-0.2071999
-0.1792804
-0.2732024
-0.2524535
-0.1721063
-0.1983695
-0.1999445
0.1007698
0.1673035
0.2253638
0.1687908
0.1927818
0.2014579
0.1036376
0.2081196
0.184386
0.03506559
-0.08280733
-0.1087375
0.006383436
-0.1156831
-0.06642852
0.02261067
-0.0339814
0.06545208
0.09953012
0.03101804
0.0238445
0.0785218
-0.06081091
-0.01564893
0.03795533
-0.006350813
-0.01074055
-0.01893145
0.04986727
0.2648869
0.2316297
0.3354176
0.1214512
0.1805294
0.4752707
0.2081656
-0.324434
-0.03235564
-0.08208513
-0.204726
0.09982051
0.0143596
0.06602395
0.0736959
0.1316074
-0.04506677
-0.03335647
0.01697316
-0.1266613
-0.1140158
-0.03688155
-0.08709595
-0.1104225
-0.05060389
-0.0003826562
-0.1338501
-0.1150232
-0.07038346
-0.05383845
-0.1362427
0.09797093
0.0883349
0.02290754
-0.1487817
-0.18919
-0.1353426
0.1669841
-0.02219145
-0.134011
0.1545866
0.07136531
0.01033514
-0.04300469
-0.01262011
-0.06596921
0.05070817
-0.009792424
-0.003903662
0.1863674
0.07763611
0.2003877
-0.1140634
0.006752925
-0.02403345
-0.1183564
-0.02040755
-0.04326189
0.02832096
0.0643279
0.1170389
0.114089
0.07615671
-0.1153331
0.1236924
0.1962142
0.05071202
0.1083041
0.1598788
0.04442979
-0.1251555
-0.05646743
0.003894143
-0.1265206
-0.1246768
-0.0394035
0.01673783
-0.08210892
-0.03357688
0.1211058
0.1721321
-0.01006138
0.2018189
0.08892743
-0.236825
0.18792
0.05115381
0.09424593
-0.01036969
-0.06938772
-0.03739487
0.004720622
-0.08076028
-0.03098367
-0.04500833
-0.07935977
-0.1025323
0.05831102
0.02973099
-0.01559296
0.01001926
-0.014732
0.01614141
-0.03431684
-0.06285724
-0.003088885
-0.01758777
-0.1595944
-0.04116648
0.1194559
0.01463973
-0.1356661
0.3153442
-0.00860211
-0.04224566
0.03510876
0.175169
0.1475385
0.0417569
0.08995176
0.127114
0.02652348
0.06145494
0.08578723
-0.07038241
-0.2254869
-0.2567291
0.01198253
0.07359879
-0.07793111
0.1370036
0.1325334
0.03612182
0.1074539
-0.0193143
0.01768782
0.117525
0.1440811
0.02502823
-0.04556828
-0.1252727
-0.07399854
-0.1428635
-0.13382
0.1298176
0.04487765
-0.02525502
-0.0535473
-0.005467648
0.1132455
0.04981716
-0.1229631
-0.0515793
-0.009069208
-0.08919778
0.08027533
-0.07715365
-0.1282834
0.034578
-0.1465775
0.004475799
0.002881596
-0.0299928
-0.02394439
-0.0127094
-0.001383547
-0.001591377
-0.02178772
-0.002736661
0.05017428
-0.05833255
0.038691
-0.003469351
0.04957812
0.03815009
-0.01835755
-0.3049385
-0.1504406
-0.01527532
0.001675933
0.0318196
-0.007814823
0.008827574
0.04037406
-0.05113598
-0.08932196
0.05644814
-0.007159555
-0.02657435
-0.01899907
-0.008535237
0.04544518
0.008918531
0.05292827
0.07897831
-0.01297742
-0.04987859
-0.05357676
0.06426327
-0.05943901
0.01053112
-0.0324593
0.00547003
0.002602009
-0.05639727
-0.04617117
-0.02546433
-0.04228334
-0.03046579
0.04460121
-0.03570477
-0.06270285
-0.04781909
-0.1029817
-0.03110196
0.01311695
0.07325693
-0.01677718
0.007895603
0.08014303
0.02959272
-0.01661983
0.02909287
0.076711
-0.006506147
0.008899446
-0.1991528
-0.2198264
-0.050167
0.03691512
-0.1029593
0.009062732
0.08663356
0.01282206
-0.04031756
-0.02306527
-0.08467282
-0.05136621
0.003496001
0.08332825
0.1513029
-0.09853996
0.066645
0.1787831
-0.1112337
-0.003183701
0.1779518
-0.1190696
-0.04252488
0.2127956
0.07899242
0.09106781
-0.03412417
-0.05570872
-0.1518373
0.008968252
-0.240949
-0.07652947
0.04345082
-0.08450437
-0.001318252
0.05159817
-0.05867221
0.03710666
0.06240729
-0.09489671
0.007469128
-0.0241083
-0.07518786
-0.03723832
0.09606016
-0.05506346
-0.04642182
0.03846998
0.04874958
-0.1253579
-0.08223354
-0.05045455
-0.008072562
0.07087442
-0.1169554
-0.06183637
0.004256212
-0.01365088
-0.1039464
-0.1141545
0.02491219
-0.07072924
-0.1082441
0.02625487
0.2618617
-0.05779564
0.00116932
0.02599385
0.121917
-0.1841654
-0.1505046
-0.1457558
0.05474368
-0.2425213
0.06418943
0.02586605
0.008398296
-0.09086068
-0.05049649
-0.002716354
0.02412573
-0.01151472
-0.04407519
-0.04345628
-0.04227719
-0.02082557
-0.01284225
0.07712334
0.394795
-0.07547668
0.08392354
-0.3274669
0.5161458
0.1281787
0.5548242
-0.06744467
-0.07742549
-0.057578
-0.08680101
0.04558916
0.06659047
0.1413901
-0.1748794
-0.002406322
-0.1718253
0.00819873
0.1769652
0.03398451
0.01128573
0.1112839
0.1115188
0.0359355
0.180302
0.02571612
-0.04625044
0.07861614
-0.01839034
-0.01208156
-0.0461879
0.1859693
0.03103385
0.1699196
0.1079458
-0.1956814
-0.09834632
-0.1808766
-0.1719709
-0.06103273
-0.04529081
-0.1391401
-0.04231612
-0.05691377
-0.04105692
-0.08183546
-0.1232836
-0.03101247
-0.05436017
-0.1295747
0.07649116
-0.01990616
-0.1136487
0.1057114
0.09534003
0.1720021
0.0106979
0.002123913
-0.1879039
0.0535906
0.07756905
0.02947199
-0.01935723
0.004151518
0.1774049
0.03615698
0.171144
0.04490592
-0.1479656
-0.1274284
0.06682509
-0.1944724
-0.1619741
-0.1158475
0.1914518
0.1014386
-0.004193409
-0.02989463
-0.2645295
-0.2536137
-0.1238207
0.02125548
-0.1236941
0.04066953
0.3266538
-0.1795139
-0.01815806
-0.06402086
-0.01094341
-0.001640554
0.01446038
0.1558736
-0.02906697
0.04813755
-0.03720812
0.00291488
0.04645981
-0.1340915
0.1297301
0.09431156
0.1398888
0.01419694
0.07988559
0.03655163
0.04028327
0.170016
0.09930598
-0.00961842
0.03417157
-0.02530964
-0.05799915
-0.1677161
-0.01982761
-0.07001811
0.0803952
-0.002833041
0.2579584
0.2909773
0.1574561
0.3398616
0.4354097
0.1947961
0.0799934
0.14699
-0.02411894
0.02951288
0.2037031
0.1587541
0.1031044
0.09134049
0.05110706
-0.09287231
-0.1456955
-0.07936075
-0.1042715
-0.06790737
-0.02475042
-0.07898044
-0.06966232
-0.0709819
-0.03970366
-0.09832858
-0.06685778
0.01871718
-0.03277827
-0.06825722
-0.03879219
-0.07681976
-0.04754265
-0.1510748
-0.02758281
0.04798184
0.1631698
0.09839249
0.03644658
0.12051
0.07997814
0.01993828
0.1238409
0.1475615
0.06646743
0.1345207
0.1461677
0.1026006
0.1253076
0.1173461
0.1081636
-0.0882812
-0.1301682
-0.04286293
0.025295
0.07423029
-0.07986835
0.0430906
0.01170611
0.003476802
0.03728928
-0.03837521
-0.03264081
0.01782659
0.1273593
0.1108057
0.03136187
0.2257755
0.1874413
0.0009960718
0.1476697
0.04019777
-0.08353432
-0.06049966
0.01178729
-0.05632223
-0.04479597
-0.0003736525
-0.03393239
-0.04862881
-0.03644351
0.05076808
0.146307
0.08026095
0.1024145
0.3783812
0.3808174
0.06386897
0.2888091
0.3373412
-0.04061444
-0.08179029
-0.03685635
-0.1615878
-0.05773928
0.05809333
0.0003576338
0.02861345
0.01409918
-0.05236261
-0.06183384
-0.04369409
0.03421958
-0.09687816
-0.07638209
0.08011837
0.016605
0.02904276
0.1239577
0.04412549
0.1450026
-0.1427194
0.1345801
0.09956723
-0.08675607
0.009525018
0.1006732
-0.08704707
0.01097694
0.0109698
-0.0797925
-0.05400609
-0.0292013
-0.08745035
0.05258103
0.0170729
0.1179273
0.1251616
0.1112468
0.1468434
0.2453524
0.2154739
0.0236052
0.1500662
0.1189458
0.08334471
0.1511731
0.05630402
0.1845924
0.2016662
0.1220942
0.2074582
0.2148885
0.02279476
-0.08769645
-0.1411648
-0.02033635
-0.1824016
-0.1384024
-0.09259006
-0.06437369
-0.0964174
0.01794131
-0.138756
-0.1731331
0.04137573
-0.1172284
-0.146244
-0.005720016
-0.1073418
0.008839168
0.06798235
0.06940356
0.04305157
-0.02931904
0.05957612
0.03342634
-0.002550242
0.07001796
0.1175721
0.08213165
0.06762867
0.02690785
-0.03738945
0.04295139
0.01685793
0.01526877
0.05553462
0.03634809
0.01927709
0.01181049
0.07400418
0.0540391
-0.08350031
0.0003810702
-0.000724269
-0.001546207
0.004772128
0.05502067
-0.09725921
-0.1669558
-0.08718846
-0.1487186
-0.2123257
-0.1601149
-0.00987881
-0.146507
-0.04219642
0.01585934
0.004649355
0.02113582
0.04938665
-0.03274113
-0.01650735
0.02086609
0.05002228
0.05737606
-0.04287869
-0.070495
-0.01570196
-0.04957914
-0.04996596
0.09201021
-0.01054079
0.0001847819
0.06041052
0.0237822
-0.02864399
0.009136588
0.005925352
-0.04576859
-0.006665992
-0.04515182
-0.05560015
-0.02292576
-0.08988903
-0.03557381
-0.07165271
-0.09625588
-0.1957816
-0.0393054
-0.1058358
-0.03466218
0.1302316
-0.05666753
-0.05688151
-0.1464969
0.04056402
0.04462646
-0.02667916
0.06862701
0.02202095
-0.03149385
-0.0619158
-0.09297541
-0.05108653
-0.07617448
-0.06372779
-0.04301953
0.0147716
0.02199781
0.03002111
-0.1762332
-0.09687819
-0.08004031
-0.1717959
-0.1837797
-0.1027912
-0.1856607
-0.2185558
-0.06185766
-0.08328233
-0.03933138
0.05184069
-0.1920971
-0.1342275
-0.01636827
-0.2143555
-0.1760637
-0.05325512
-0.03080454
0.0124773
0.01847259
0.001015858
0.08205688
0.04017195
0.05400937
0.1612992
0.0432112
0.05063698
0.09046795
0.03431177
0.02143125
0.08581777
0.09897394
0.09546077
0.1059539
0.04026463
-0.01850141
0.09322719
0.01281704
-0.07751424
0.0303959
0.04493801
0.1089952
-0.001432367
0.06007504
0.1072498
-0.1084197
0.06004788
0.1291582
-0.1192518
0.05830775
0.09589662
-0.08624512
-0.02270707
-0.05533823
-0.0495576
-0.004671607
-0.09679442
-0.07465513
-0.04426494
-0.02753279
-0.04639525
-0.01781946
0.06933478
0.02985532
0.0451855
0.1310112
0.1504106
0.204743
0.1396191
0.3011538
0.09196224
0.0640147
0.08651578
0.027241
0.006391112
0.0698334
-0.0140564
0.1246856
0.1370412
0.07827333
-0.1300291
-0.1572054
-0.1739062
-0.1455219
-0.1706343
-0.1353604
-0.1848516
-0.2233775
-0.1057182
-0.03930842
-0.09413309
-0.07215809
-0.04923897
-0.2692795
-0.1046514
0.01748102
-0.1646325
-0.07507724
0.04297887
-0.02098444
0.06495243
0.06707928
0.02780222
0.1019179
0.03199302
-0.02015099
0.02631276
-0.01476769
-0.07569967
-0.09816439
-0.04109669
-0.1395292
-0.1090318
-0.05944103
-0.1040555
-0.05946846
-0.03932024
0.1106706
0.1032425
0.1150425
0.07855265
0.05169121
-0.01231643
0.05811289
0.05311514
0.06135818
0.01961325
-0.004676151
0.1581583
0.242882
0.09489221
0.1567501
0.08324841
0.07090633
-0.04039328
-0.0009317656
-0.01030861
0.07801133
0.04490615
-0.02372047
0.02706884
-0.007870364
-0.0787564
-0.2445631
-0.03695019
-0.03883627
-0.1196015
0.03225343
-0.1113463
-0.0622189
-0.07906477
-0.1091739
0.01641904
-0.01747008
-0.003229356
-0.09764449
-0.09713227
-0.1612395
-0.04396441
-0.1331238
-0.07411759
0.01979384
-0.07560897
-0.1086183
-0.01453516
-0.1045298
-0.0671922
-0.0440932
-0.09059177
-0.01870576
0.03004702
0.0667261
-0.005337533
0.1327345
0.1121056
0.07321706
0.06563107
0.10393
0.01675032
0.01351687
0.1583019
0.1554409
-0.01299533
-0.02571091
0.1875986
0.1888456
-0.05439486
-0.002050397
0.1439869
0.03757942
-0.0333077
0.1045311
-0.02644458
-0.05571761
0.07985353
0.02151125
-0.09069487
0.001393039
0.05176228
0.07066175
0.05151049
0.1036005
0.1486722
0.02709609
0.133773
0.1843277
0.03113204
0.09708294
-0.03312033
-0.07945545
-0.1713602
-0.08665833
-0.1514302
-0.03915507
0.007357879
0.006561952
0.01661272
-0.0831523
-0.02783586
-0.09552155
-0.1653907
0.05745081
0.1208972
0.06842513
0.017587
0.03775458
0.02176213
-0.05217386
-0.08594102
-0.06728809
-0.09395009
-0.08812267
-0.05417119
0.03219989
-0.01975008
-0.03703225
0.08656666
-0.00176607
-0.0105518
0.0575507
-0.03749554
-0.09434646
0.09308831
0.1067167
0.06469361
-0.002506758
-0.01514457
-0.002516641
0.01551157
-0.01167395
0.03326998
0.05841615
0.02381257
0.02962185
-0.02055677
0.009137176
0.01879678
-0.01732207
-0.01720973
-0.04432017
0.0540324
0.1291575
0.02637494
0.06233205
0.0381728
0.05073489
-0.08809684
-0.1493537
-0.06541915
-0.02779839
0.01366602
0.01721051
0.1254917
0.1704882
0.2085188
0.03227055
0.0253605
0.02504371
-0.007607232
-0.03394543
0.01875433
-0.03795536
-0.04843524
0.07066915
0.0153843
0.01102651
0.02882464
-0.02446425
0.05378822
0.07165895
-0.06302378
0.1469323
0.0902768
-0.04296737
-0.006197912
-0.06983035
0.02188359
0.07607874
0.101086
0.02746497
-0.00103468
0.05192139
-0.01639183
-0.03285883
-0.005600583
-0.0535887
0.03629332
-0.1021774
-0.04147233
0.01980238
-0.0793137
-0.1079805
-0.05370226
-0.05972669
0.06354325
0.1251416
0.05575906
0.06785982
0.1574902
0.1019885
-0.02610045
-0.004486382
0.02332777
0.1113158
0.03889707
0.09546678
0.1563859
0.0723576
0.02320666
0.04739872
0.1579994
-0.0221502
-0.07392118
0.1182009
0.09305562
-0.06477524
0.1520006
-0.01877387
0.0510221
0.1280836
0.1120927
-0.04598619
-0.05648709
0.03223328
-0.04423563
-0.05457932
0.0257002
-0.09120195
-0.1508366
-0.04940382
-0.02345384
0.1514105
0.2492022
0.2596845
0.3286144
0.09774198
0.05969649
-0.01042001
0.2192895
-0.03735757
-0.08620135
-0.01438986
-0.06008045
-0.07161534
-0.08179931
0.02607644
0.003264133
0.002744731
-0.03084658
0.03588383
0.08938365
-0.08215102
0.08430167
0.01346286
-0.09104811
0.02211543
-0.006608573
0.1038405
0.01029942
-0.00338123
0.01634102
0.1337664
-0.003558011
0.03732855
0.03868598
-0.01567386
-0.01684532
-0.01493198
-0.09768149
-0.003622883
0.01132079
-0.04897907
0.04670969
0.0578194
-0.07995916
-0.01669061
0.04169008
0.0569384
0.03347767
0.01486861
0.04934921
0.007373637
-0.03507926
0.004586925
-0.08274094
-0.1529562
-0.05828122
0.115104
0.2891165
0.2842764
0.01697146
0.08200126
0.03210887
-0.08298859
-0.02344113
-0.05783041
-0.1448978
-0.08110948
0.02507753
0.01380566
0.1247483
0.07470129
-0.05333563
0.02694891
0.1110334
-0.2679906
-0.1595618
-0.02647793
-0.1770694
-0.01289169
0.1092633
0.08263637
0.04425596
-0.02165813
0.08300581
-0.05823476
0.2007737
-0.01056646
0.1737585
0.05797686
-0.08093821
-0.06303307
-0.07192276
-0.06587246
-0.04056431
0.03510548
-0.05435846
-0.03977913
-0.0127988
-0.08018798
-0.0224692
0.02247534
0.002149565
-0.01994704
0.02335063
-0.0265657
-0.06868577
-0.1932885
-0.06604122
-0.0683952
0.008977648
-0.0569598
0.01997547
-0.02218378
0.08663534
0.02981696
0.04387205
0.1280201
0.2982971
0.12903
0.07459349
0.3171939
0.3614151
-0.1812996
0.1891765
0.2847826
-0.08808859
-0.1840532
-0.07203135
-0.05180409
-0.2341769
-0.0745695
-0.04332638
-0.08851484
0.1212431
0.04133683
0.0204047
0.05275643
0.05232678
-0.04070427
-0.01799161
0.09421746
-0.0291751
-0.03936905
-0.03045817
0.09439259
0.04625788
-0.044862
-0.08547194
0.07262591
0.09193175
0.1351001
0.006220148
-0.02100804
-0.01275385
0.02332109
0.01470368
0.003340196
0.08258016
0.07032884
0.1213547
0.1512301
-0.08308254
-0.1386081
-0.2147213
-0.09932696
-0.1916692
-0.1644709
-0.06061299
-0.1224733
-0.02741013
0.02934704
0.05837008
0.04623967
0.1581277
0.09803563
0.04371613
0.01341043
0.1179536
0.02388938
0.04590391
-0.07128754
0.01750137
-0.07188624
-0.06734707
0.07447968
0.03636307
-0.02480815
0.0332424
-0.004296841
-0.05884979
0.06372277
0.03477678
-0.1082965
-0.01906835
0.1122405
-0.02218176
-0.01462727
-0.1351884
-0.2511051
-0.2012657
-0.07956687
-0.4081672
-0.2789409
-0.02443842
-0.2205105
-0.2052606
-0.1551441
-0.07909998
0.02118723
-0.1487366
-0.06937892
-0.06398694
-0.07727367
-0.1330058
-0.06243517
-0.002432721
-0.1522859
-0.06288417
-0.08852313
-0.2581298
-0.2392909
0.1318881
-0.007963424
-0.229768
-0.3618247
-0.2514663
-0.02271374
-0.2439709
-0.1932634
-0.3032034
-0.06472655
-0.2305319
-0.2672562
-0.09523495
-0.07367129
-0.01684902
0.0444933
0.01692084
-0.1054007
0.02190511
0.06377222
-0.02285624
-0.1059889
-0.3128141
-0.120139
-0.1047024
-0.2568785
-0.1265272
-0.1608855
-0.2103758
-0.1910646
-0.02568752
-0.06263064
0.1011347
0.04613893
-0.08007129
0.01652263
0.04531167
0.1064055
0.06029779
-0.09092414
-0.1256355
-0.09752813
-0.2338826
-0.09083677
-0.09159823
-0.03686154
-0.1570291
-0.1306705
0.01361957
-0.2249181
0.08972216
0.01355702
-0.2106389
0.06705692
0.0685177
-0.01379973
0.04957961
0.01753826
-0.006097008
-0.001166079
-0.04697322
-0.08537608
-0.04897789
-0.1091804
-0.08815468
-0.04039017
-0.02963379
-0.1827116
-0.2246371
-0.1987058
-0.3376074
-0.2566389
-0.1773445
-0.1762482
-0.2444101
-0.001593418
0.08086293
0.1349256
-0.05499547
-0.01657745
0.1452177
-0.173282
-0.09066163
0.06775668
-0.001598025
0.008193001
0.03174186
0.04484912
0.04492505
0.09385949
0.08418672
0.2094737
0.1121724
-0.1511104
-0.04504775
0.0292847
-0.1000425
-0.08422309
0.04079853
-0.03060715
-0.0868586
-0.06421686
0.000458794
-0.09777898
-0.05342693
-0.002628988
-0.07003933
-0.05861609
-0.03437522
0.01124777
0.06411267
0.01463535
-0.0626476
-0.04684583
0.04352589
-0.002286662
0.0151428
0.008196518
-0.03703534
0.02237399
0.1549832
0.1025868
0.04187656
0.07960144
-0.07255488
-0.09737435
-0.09839465
-0.0308737
-0.004299164
0.04455004
0.01269745
-0.02676199
-0.1008787
-0.1259152
-0.1776453
-0.1416602
-0.2330039
-0.1412468
0.03984204
-0.05264895
-0.2010216
0.03744897
0.03858853
-0.1137574
0.09935185
0.07933302
0.007684942
0.01596385
-0.01986438
-0.0587634
0.02671018
0.001582902
-0.1632737
-0.04511381
-0.04797322
0.1280196
0.03479661
0.05423145
0.05212773
0.005311831
0.02079721
0.03199691
-0.02469737
-0.09371744
-0.09048744
0.07416458
-0.02457708
0.05818535
0.03341876
-0.04229681
0.03889794
0.0448749
0.05249371
0.1648859
0.01847524
-0.00250313
0.06816231
-0.01253617
-0.04806618
-0.02987904
-0.06103643
-0.014579
-0.02727998
-0.04139768
-0.1840282
-0.1600481
-0.07959888
-0.3848975
-0.1527326
-0.0216152
-0.08694915
0.05644272
-0.152983
-0.2032751
-0.1075598
-0.1167588
-0.158373
-0.1854145
0.06340645
0.04665228
0.08893453
0.1432834
0.1040244
-0.06462341
0.1103502
0.06601518
0.001476896
-0.004330148
0.06846939
0.06720174
0.0156607
0.0678997
0.06115315
-0.1352056
0.1548447
0.1287434
0.1521978
0.3129203
0.07114006
-0.07002503
-0.07806907
-0.06947404
0.03978202
0.06507669
0.1194718
-0.07934473
-0.01432124
-0.07665189
-0.2029714
-0.1208312
-0.1103178
-0.1350062
-0.07164156
-0.02971695
-0.02951741
-0.02299434
-0.03554389
0.08408669
0.04805787
0.02043477
0.01396197
0.0180292
0.05763467
-0.1109985
0.1023858
0.07685188
-0.1012368
-0.05793026
0.03305767
-0.0588597
0.09188168
0.1262713
0.1513608
0.2422496
0.07611366
0.08258119
0.1263801
0.09458621
0.04140599
0.1159326
0.1065625
0.006364199
0.02291277
0.1254887
0.1107324
0.275644
0.3078017
0.2560674
0.1996898
0.1298716
0.08987847
0.243885
0.3833987
0.06801995
0.1041076
0.1280848
0.1417723
0.3274737
0.205125
0.01385276
-0.04978365
-0.01628733
-0.03149318
0.01363129
0.01805322
0.2311388
0.2166069
0.1451489
0.04760578
0.0137907
0.06238457
-0.2026448
0.05348136
-0.04468215
0.06851897
0.248136
0.02356368
0.1572669
0.2149442
0.1159521
0.001089409
-0.0067318
-0.05647484
0.004701078
-0.005213189
-0.02189125
0.01548361
-0.01086219
0.09227099
0.002405582
0.1275362
0.1161903
-0.1457661
0.1239369
0.2098356
0.09126812
0.2632107
0.1627411
-0.01094056
0.002288852
-0.01875536
-0.0199059
-0.07566691
-0.07574259
-0.1151779
-0.06119302
-0.09690735
-0.1219917
-0.2098481
-0.1768761
-0.2095535
-0.2905168
-0.1421243
-0.05845178
-0.2170868
-0.04529639
-0.0131809
-0.07094787
-0.06998765
-0.01047608
0.06968529
-0.07866966
0.09837191
0.1735686
0.07534356
0.1348664
0.147925
0.09684677
0.07812094
0.07151693
0.01002698
0.06125669
0.02855225
0.01776796
-0.1240608
-0.1842448
-0.0842693
-0.09875835
-0.2100043
-0.2565053
-0.1930344
-0.2284512
-0.1253766
0.06635267
0.0537704
0.09371338
0.08815003
0.05647327
0.07440826
0.1313602
0.08796225
0.1411205
-0.01480838
0.004326784
-0.1005913
-0.01911421
0.008500704
-0.07905651
0.002632051
0.01102568
-0.00749076
-0.08931433
-0.174137
-0.03226319
-0.2044783
-0.1945172
-0.04213521
-0.1134508
-0.1475359
-0.06840191
0.1064144
0.1033299
0.1083127
-0.03184224
-0.00680557
-0.01800294
0.0563153
0.04578495
0.1273299
-0.02869233
0.06084555
0.01666202
-0.02178828
-0.008157512
-0.01689178
-0.001334007
0.007969556
0.02225758
-0.04470637
-0.07960534
-0.02260761
-0.006117062
0.01226929
-0.03459135
-0.01659055
0.001913672
-0.05300761
0.02522558
-0.002087079
0.06037938
-0.0001664283
0.01164218
0.02685485
0.0589974
0.05712621
0.02634603
-0.06575824
-0.05341195
-0.05551303
-0.07231833
-0.07754654
-0.08322331
-0.103452
-0.08704037
-0.09795366
-0.1443437
-0.1947089
-0.08508403
-0.1423567
-0.2390466
-0.1251293
-0.04694847
-0.09396755
-0.04620546
0.02126779
0.007867956
-0.01828588
0.01123056
-0.01218193
-0.02051899
-0.0109148
-0.04669023
-0.03805123
0.03868163
0.02461514
-0.02102213
-0.001996955
-0.02990876
-0.05358158
0.03058713
0.01581649
0.109495
0.02326075
-0.02038463
0.0155849
0.03364316
0.02779414
-0.03248234
0.02317452
-0.03382345
0.01303151
0.08460913
0.04713817
0.04096454
0.07371167
0.1398345
0.06360653
-0.001764689
0.09123457
0.06343797
0.03105463
-0.04356999
0.0006254413
0.01595954
0.01565201
0.0428507
0.09133538
0.06678963
0.1684905
0.004599342
-0.007958774
0.01026633
0.07470194
0.05349839
0.1040669
0.07919997
0.06160388
0.07251566
-0.04984847
-0.101405
-0.07329497
-0.02939395
-0.05440937
-0.1034433
-0.06146809
-0.1894213
-0.09183093
0.02936474
0.01105925
0.01622555
-0.0050198
-0.03304946
-0.05556606
-0.07283995
-0.0414736
0.05334004
0.05172238
0.1071963
0.03678517
0.08062253
0.1234249
0.0896689
0.1154082
0.1609203
0.04855475
-0.04176962
0.09781121
0.01087476
0.002734566
0.1490149
0.08378553
0.0227391
0.05503792
0.02293476
-0.06514508
-0.07231107
-0.1333305
-0.03473306
-0.1622056
-0.1860079
-0.09919545
-0.1573783
-0.1415969
-0.01595571
0.08238052
0.05631482
0.03401711
0.1096762
0.05815751
0.04383903
0.08264775
0.02998361
0.01632274
-0.1140288
-0.03390428
-0.0713457
0.001173653
0.005517756
0.04349006
-0.0539159
-0.03151156
-0.04821406
-0.1007299
-0.1084503
-0.1186739
-0.1292976
-0.09491951
-0.04403135
-0.07536505
-0.04730059
0.003787324
0.00733529
-0.001412068
-0.1558301
-0.1173007
-0.06205692
-0.06581335
-0.00688813
0.06804755
0.1137635
-0.03610869
-0.02848619
0.07387108
0.005245593
-0.01498981
0.03411008
0.1179635
0.09202749
-0.09571169
-0.08372743
-0.02575346
-0.08624474
-0.09614255
-0.05842975
-0.1440469
-0.1492635
-0.121456
0.02763761
-0.008513959
-0.0007664148
0.1233209
-0.01830139
0.01492462
-0.001622607
-0.009224067
0.004578939
-0.09002615
-0.07902868
-0.06866518
-0.02203701
-0.08616532
-0.05186238
-0.04856165
-0.09899968
-0.06204099
-0.05162188
-0.1246159
-0.09117874
-0.2506382
0.2052743
0.2166183
-0.07409939
-0.09295338
0.06622998
0.5933473
0.1753088
0.2965935
0.5369558
0.1153053
0.4373006
0.7305297
0.3848556
0.4528424
-0.005731965
-0.08183748
0.00798047
0.04598531
-0.08506534
-0.05593913
0.06278154
-0.06431021
-0.04468996
-0.0026632
0.04796537
-0.1051867
0.04121267
-0.3174523
0.131539
-0.2048594
0.1312359
0.04085737
0.06883051
-0.1181182
0.09427939
0.08079956
-0.04405341
0.03092233
0.02490375
0.002263466
0.07095455
-0.1648423
0.1772018
-0.12
0.0158075
0.239481
-0.03978968
0.007049788
0.2862678
0.06500706
-0.1529095
0.2695982
-0.03398889
0.08043952
-0.09719408
0.2255193
0.008924658
0.0262672
0.107226
-0.08217184
-0.09959548
-0.1067621
0.02429186
-0.2183691
-0.1987263
0.02676067
-0.005922282
-0.08910868
-0.0249507
-0.1812068
-0.09012333
-0.01015005
-0.09009857
-0.05782866
0.02889867
-0.0066927
-0.1162189
-0.1045878
-0.04210176
0.04498466
-0.07892933
-0.1501766
-0.1685448
-0.05214114
-0.1465072
-0.2000989
-0.04182091
-0.0557587
0.02914662
-0.05077922
0.03036579
0.07555571
-0.05572515
-0.04320476
-0.0248095
0.1281272
0.04902575
-0.07583261
0.08502902
-0.1148914
-0.1660098
0.1641588
0.04718176
0.01333789
-0.09651038
-0.1551778
0.09155013
0.06671643
0.1302619
0.1787497
0.2783253
0.1242134
0.03166384
0.04650661
-0.1541238
-0.3192656
0.04690098
0.1077325
-0.1152597
0.02118374
0.09990485
-0.002481896
-0.01183333
-0.05689785
-0.03201038
-0.09563226
0.003459075
0.06506449
-0.06540943
-0.03802481
0.0925978
-0.1017402
-0.1226576
-0.1280464
-0.03952525
-0.143993
-0.1524675
-0.05101953
-0.004779813
0.004914528
0.005248397
-0.1691665
-0.02890463
0.148832
0.06951525
-0.04628339
-0.1045979
0.1031363
0.002850724
-0.0121678
0.01016647
0.02824838
-0.03727739
0.05753346
0.07530407
-0.07843272
-0.02795664
0.08060513
-0.0305655
-0.03683772
-0.03435446
-0.05581285
-0.0448242
-0.04210991
-0.02515702
-0.0548678
-0.02194897
0.04765298
0.01749225
-0.04717366
-0.07397126
0.1039599
0.1022636
0.08078156
-0.01623367
-0.03987275
0.05146607
0.06910621
0.03930405
0.01041182
0.04158527
0.02931859
-0.002585585
0.03561197
0.0189168
-0.06136573
0.007810204
0.023324
0.02086474
0.002105554
0.1007205
-0.01503008
0.01942122
0.03738482
0.04355424
-0.03191671
-0.03794822
-0.05206913
0.03082637
-0.009064862
-0.009645334
-0.01380854
0.01578158
0.01588713
-5.487962e-05
0.02896036
0.01675556
0.05678123
0.08997333
0.04984476
0.09990282
0.07784048
-0.0483294
-0.01390205
0.02230886
-0.01693642
0.004738843
0.03791605
0.01164343
-0.002091626
0.01498241
0.1086876
0.07128478
-0.01641878
0.04435706
-0.04255799
0.04710065
-0.06969908
0.06191238
0.1045325
0.04423366
0.0630936
0.05064234
-0.05869147
-0.0326958
-0.05324476
-0.05733282
-0.002935849
0.006924941
-0.007532916
0.01330624
0.03256972
-0.009961186
-0.0128677
-0.01114143
-0.02027847
-0.0590248
-0.05928307
0.03249049
0.06136297
-0.07764944
0.0407046
0.05828973
-0.1522417
0.02551609
-0.04240748
-0.08586259
0.03826417
0.03923781
0.04169366
0.0250784
0.01310629
0.03681562
0.003083091
0.001272937
0.008313646
-0.09802928
-0.05016813
-0.03188654
-0.1324793
-0.05984806
-0.003202731
-0.0787067
0.0006949485
-0.0210791
-0.005024704
0.02645505
0.03842291
-0.0305545
-0.02087369
0.04862094
-0.05494553
-0.02098637
-0.01955775
