1.089433e-01
7.289784e-02
1.247633e-01
9.863076e-02
6.946656e-02
4.789242e-02
8.701035e-02
7.545158e-02
8.076221e-02
6.881976e-02
5.791640e-02
1.025032e-01
7.107773e-02
1.021343e-01
1.440852e-01
1.001048e-01
3.933290e-02
1.257181e-01
7.892349e-02
7.436107e-02
4.358423e-02
4.212184e-02
7.746007e-02
7.422706e-02
4.904589e-02
6.117680e-02
5.722164e-02
7.010972e-02
5.906260e-02
4.033415e-02
4.659980e-02
7.089885e-02
5.969146e-02
3.762864e-02
3.810850e-02
7.528020e-02
7.455030e-02
6.843244e-02
3.268371e-02
4.447318e-02
6.927565e-02
5.647292e-02
9.730324e-02
4.536042e-02
1.189643e-01
2.790781e-02
5.395839e-02
5.810750e-02
7.674808e-02
4.266004e-02
4.566794e-02
7.309490e-02
9.057723e-02
1.144232e-01
1.077069e-01
6.608444e-02
6.093429e-02
1.047773e-01
8.463365e-02
1.075336e-01
5.525284e-02
9.887148e-02
5.636359e-02
4.813366e-02
