-7.956958e-01
-6.857023e-02
-3.346939e-01
-1.867434e+00
-9.084302e-01
-4.603567e-01
-7.971954e-01
-3.192239e-01
1.444758e+00
-9.931074e-01
-2.949672e+00
-2.172418e+00
-1.818059e+00
-1.634007e-01
1.596390e+00
-2.812545e-01
-9.818636e-01
4.037491e-01
-1.629752e+00
-8.161218e-01
-1.305761e+00
-2.051287e+00
-4.325231e-01
-7.782465e-01
-1.486306e+00
-8.050043e-01
-2.104274e+00
-8.534471e-01
-2.626356e+00
-3.884621e-01
2.362640e-01
-2.239128e+00
-1.146862e+00
-7.503691e-01
-1.578644e+00
-2.695183e+00
-1.927016e-01
-1.039152e+00
-1.060195e+00
-2.173972e+00
-1.509860e+00
-7.786332e-01
-1.494095e+00
-1.277770e+00
-1.237427e+00
-7.198631e-01
-1.880054e+00
-1.157797e+00
-5.618702e-01
-9.420835e-01
-1.634989e+00
1.762280e-01
-1.773200e+00
-7.271816e-01
-1.351544e+00
-1.521171e+00
-4.121160e-01
4.182363e-01
-4.713065e-01
1.146167e-01
-3.642321e-01
-7.177232e-01
-1.148678e+00
-2.860119e+00
