-3.645026e-01
-4.701870e-01
-2.815112e-01
-5.458453e-02
-2.349874e-01
2.446729e-02
-6.250679e-02
-9.815164e-02
-5.331251e-02
-3.980757e-01
-6.042105e-02
-1.629639e-01
-3.552974e-01
-1.606029e-01
7.357036e-02
4.502581e-02
-1.267700e-01
-1.371104e-01
5.295756e-02
-1.814348e-01
-3.894020e-01
-2.041723e-01
7.601004e-02
-1.263274e-01
-3.097605e-02
5.549857e-03
3.109941e-02
2.947578e-01
7.844898e-02
-1.343977e-01
-5.826484e-02
-2.108712e-01
-2.113780e-01
-2.397041e-02
1.674318e-01
1.990891e-01
3.558985e-03
2.776050e-02
-2.189699e-01
-9.624963e-02
-5.068924e-02
-1.294043e-01
1.340697e-01
-2.599744e-01
-2.703169e-01
-1.476294e-02
2.858324e-02
1.414063e-01
-1.329170e-01
-4.318422e-02
-3.554138e-01
-8.533595e-02
-3.126483e-01
-1.851720e-02
-1.328467e-01
-2.113467e-01
-7.364916e-02
-3.131255e-01
1.599860e-01
-1.729016e-01
7.410206e-02
-1.265679e-02
-2.578892e-01
-8.771527e-02
