5.046811e-01
6.380259e-01
4.796544e-01
5.623772e-01
6.646028e-01
5.640227e-01
6.843407e-01
6.069923e-01
5.219386e-01
6.342314e-01
5.629765e-01
6.197063e-01
6.177885e-01
5.426445e-01
4.579548e-01
5.752255e-01
4.564223e-01
6.674522e-01
5.493321e-01
6.099573e-01
6.236466e-01
4.752922e-01
5.617878e-01
4.992352e-01
5.013304e-01
4.792503e-01
6.298420e-01
6.181616e-01
5.337897e-01
6.754001e-01
5.721549e-01
5.174380e-01
5.469137e-01
8.053359e-01
5.145578e-01
6.015374e-01
5.395217e-01
7.833447e-01
6.272442e-01
5.865324e-01
5.258946e-01
5.628899e-01
6.452679e-01
5.136662e-01
5.631555e-01
4.824286e-01
5.836896e-01
5.376844e-01
5.619767e-01
5.407236e-01
6.708091e-01
5.666084e-01
4.928277e-01
6.449459e-01
5.527275e-01
5.560370e-01
6.421027e-01
5.845116e-01
5.608643e-01
6.409950e-01
5.267354e-01
5.429085e-01
6.013708e-01
6.138514e-01
