-7.175830e-01
-6.538697e-01
6.651205e-02
-1.854338e-01
1.447796e-01
-1.016664e+00
2.063285e-01
-6.861093e-01
-4.533657e-01
-3.346738e-01
8.772374e-02
-1.396465e-01
-1.651544e-01
-6.843140e-01
-2.717367e-01
-5.127933e-01
-2.861507e-01
-9.587997e-01
-6.122589e-01
-8.359656e-01
-4.608563e-01
-8.626157e-01
-8.927050e-03
-9.890710e-01
-8.270574e-01
3.626527e-02
-8.779595e-01
8.044874e-02
-3.733463e-01
-7.026371e-01
-9.902505e-01
-6.997234e-01
-4.566679e-01
-3.861346e-01
-1.203055e+00
-1.371338e-01
-6.849455e-01
-1.711740e-01
-3.066431e-01
-5.944276e-01
-2.873731e-01
1.023373e-01
-2.104302e-01
-7.471130e-01
-4.175233e-02
3.945067e-01
-5.397007e-01
-3.298891e-01
-9.110375e-02
-2.229514e-01
-3.948577e-02
4.147206e-02
-8.420619e-01
-3.077776e-01
-2.525579e-02
-6.126902e-02
-8.811250e-01
-5.505675e-01
-4.398027e-01
-4.180488e-01
-7.436200e-01
-1.909925e-01
6.785348e-03
-5.642184e-01
