-2.406168e-01
-2.386799e-01
-3.196700e-01
-6.774257e-02
-2.100773e-01
-6.872148e-01
-9.470901e-02
1.161066e-01
-4.140767e-01
-2.285556e-01
-1.975945e-01
-3.863602e-01
-2.980326e-01
-1.270914e-01
-4.250441e-01
-3.468358e-01
-2.115653e-01
-3.122136e-01
-1.252010e-01
-3.420893e-01
-7.115702e-02
2.255830e-02
-1.241426e-01
1.859057e-01
-8.674495e-03
-2.269673e-01
-2.943528e-01
-1.193446e-01
-2.304330e-01
1.656661e-01
-2.802846e-01
4.285103e-02
-3.705536e-01
-1.087636e-01
-1.412179e-01
-2.080647e-01
-4.919437e-02
-2.608222e-02
-6.298111e-02
-4.129559e-01
1.336625e-01
8.609308e-02
-6.924360e-02
1.737615e-01
-1.970280e-01
-3.652732e-01
4.241479e-03
-2.450266e-01
-7.762077e-02
-6.187920e-02
-1.570766e-01
-2.860489e-02
1.053300e-01
-3.332853e-01
-3.444029e-01
-9.519269e-02
-3.537171e-01
-2.212927e-01
-4.119964e-01
-1.743441e-02
-2.321428e-01
-5.124548e-02
1.242989e-01
-6.305024e-02
