-1.880176e+00
2.300499e-01
1.331412e+00
-5.963680e-01
-1.273951e+00
1.417356e+00
-2.572400e+00
6.908832e-01
4.518109e-01
-3.663802e-01
-2.201832e+00
-7.137313e-02
1.056148e+00
-1.290418e+00
-1.719905e+00
6.407933e-01
1.912039e+00
-1.200626e+00
-8.940331e-01
9.724987e-01
2.911719e-01
-2.060111e+00
1.389479e+00
-2.581039e+00
1.402301e+00
1.112121e+00
-1.472175e+00
-1.637107e+00
6.743509e-01
-4.007481e+00
1.360685e+00
-1.783218e+00
1.504871e-01
-2.525847e+00
4.576861e-01
7.646450e-01
5.346042e-01
-2.339637e+00
8.595943e-01
7.355679e-01
-9.846709e-01
-3.384588e+00
1.291385e-01
-2.392751e+00
1.278759e+00
-1.554292e+00
-2.398196e+00
-1.148723e+00
7.554318e-01
-1.225714e+00
-1.799052e+00
1.459758e-01
-2.999876e-01
-3.166923e+00
2.697255e+00
6.959699e-01
3.981695e+00
4.510908e-01
1.436469e-02
-1.487907e+00
-1.415544e-01
3.608593e-01
3.601158e+00
1.426645e+00
