-9.725873e-01
2.193022e-01
-4.211343e-01
-5.249995e-01
-2.248962e-01
-5.417915e-01
-1.199985e+00
-1.864751e+00
-1.102948e+00
-5.353686e-01
7.641061e-02
2.795087e-01
-1.222331e+00
-1.301386e+00
-7.051083e-01
-1.337951e+00
-8.198528e-01
-1.228166e+00
-1.539016e+00
-5.082720e-01
-8.879174e-01
-1.042162e+00
-1.373172e+00
-1.459871e-02
5.984375e-01
-7.976806e-01
-7.043973e-01
-4.842873e-01
-8.488102e-02
-9.488977e-01
-4.158280e-01
-1.556701e+00
-5.090784e-01
-6.911876e-01
-1.680847e-01
-2.476846e-01
-1.389349e+00
-1.399483e+00
-2.774717e+00
-1.932954e+00
-1.382386e+00
-3.833652e+00
-8.967507e-01
-1.057381e+00
8.113956e-01
-1.133306e-01
-1.049442e+00
-8.388774e-01
-2.926385e-01
-1.238039e+00
-8.553209e-01
-3.792368e-01
5.727296e-01
-2.320095e-01
-1.501938e+00
-1.624986e+00
-1.660054e+00
-3.437479e-01
-1.803766e+00
-3.537530e-01
-6.006887e-01
3.133259e-01
-3.224509e-01
3.708259e-01
