5.837086e-01
5.463247e-01
5.596844e-01
6.265253e-01
5.898926e-01
5.469432e-01
7.298430e-01
5.406808e-01
5.923802e-01
6.910354e-01
6.233777e-01
7.210405e-01
5.908098e-01
6.744352e-01
7.483130e-01
6.890090e-01
4.404395e-01
4.616078e-01
4.632047e-01
4.217469e-01
3.152413e-01
5.308160e-01
5.558073e-01
4.787703e-01
4.872576e-01
6.034329e-01
5.597609e-01
5.207437e-01
5.303310e-01
4.562440e-01
6.069281e-01
7.586893e-01
6.258797e-01
6.393520e-01
5.281277e-01
6.562522e-01
5.894160e-01
3.463146e-01
6.377190e-01
3.446315e-01
5.012971e-01
5.193897e-01
4.708534e-01
4.314299e-01
5.138337e-01
3.755267e-01
4.208704e-01
4.846492e-01
5.344516e-01
5.917056e-01
6.517075e-01
6.568398e-01
6.816515e-01
6.754279e-01
6.661964e-01
6.635442e-01
5.451356e-01
8.345136e-01
7.602135e-01
7.667439e-01
6.613146e-01
5.288774e-01
6.189047e-01
6.388992e-01
