4.395999e-01
4.135383e-01
4.276606e-01
5.613441e-01
4.675815e-01
5.847888e-01
4.097138e-01
4.317733e-01
4.642947e-01
5.295603e-01
5.345044e-01
5.713180e-01
4.995316e-01
4.677832e-01
4.452084e-01
4.839224e-01
5.043733e-01
4.782106e-01
4.405737e-01
5.123197e-01
5.593231e-01
5.243828e-01
4.819210e-01
4.540057e-01
5.627996e-01
4.216788e-01
4.735620e-01
4.991353e-01
6.330572e-01
4.339165e-01
4.638618e-01
4.767846e-01
5.312606e-01
4.766308e-01
5.432672e-01
5.905246e-01
5.134977e-01
4.974660e-01
5.179285e-01
5.007796e-01
5.247996e-01
4.600519e-01
5.196013e-01
5.017332e-01
5.070608e-01
4.265576e-01
6.315808e-01
4.942054e-01
5.418822e-01
4.311525e-01
5.161342e-01
4.323937e-01
5.123707e-01
5.106018e-01
4.916877e-01
5.058270e-01
5.239711e-01
5.113719e-01
4.387968e-01
4.419466e-01
4.443399e-01
4.213409e-01
4.766819e-01
5.255721e-01
