1.283337e-01
1.015203e-01
9.500163e-02
1.164387e-01
9.335732e-02
1.198541e-01
1.363735e-01
5.377263e-02
9.545180e-02
9.389709e-02
6.305967e-02
1.158295e-01
9.863053e-02
9.505239e-02
1.041265e-01
1.016366e-01
5.446074e-02
9.469556e-02
7.319847e-02
9.732901e-02
5.184898e-02
9.816195e-02
1.294677e-01
8.206251e-02
8.893627e-02
1.059106e-01
7.602128e-02
6.824806e-02
6.771746e-02
7.019481e-02
7.831670e-02
1.167085e-01
9.220402e-02
7.756124e-02
6.053392e-02
9.933795e-02
5.355544e-02
8.748300e-02
3.619000e-02
9.786621e-02
7.486179e-02
6.660014e-02
1.240851e-01
8.115522e-02
1.194435e-01
8.753199e-02
1.187569e-01
8.696985e-02
5.427728e-02
1.079891e-01
4.978592e-02
1.195109e-01
1.274490e-01
1.030623e-01
1.261365e-01
8.428925e-02
8.587711e-02
1.000699e-01
9.274911e-02
1.093201e-01
8.078119e-02
9.471610e-02
6.403892e-02
6.439004e-02
