-4.382647e-01
-4.611153e-01
-4.512783e-01
-5.095519e-01
-3.504584e-01
-2.291918e-01
-5.893718e-01
-3.099329e-01
-3.103145e-01
-2.473784e-01
-3.131119e-01
-4.637779e-01
-3.924335e-01
-5.347401e-01
-3.393018e-01
-1.988319e-01
-4.563654e-01
-3.713498e-01
-2.844584e-01
-2.751701e-01
-3.133558e-01
-4.270509e-01
-4.245464e-01
-2.988571e-01
-2.537065e-01
-4.345943e-01
-3.984824e-01
-6.164189e-01
-3.521588e-01
-3.964185e-01
-3.255544e-01
-4.328801e-01
-2.746304e-01
-4.906246e-01
-3.533660e-01
-4.732961e-01
-2.860180e-01
-4.937263e-01
-3.565552e-01
-4.364535e-01
-5.867641e-01
-4.036874e-01
-4.829004e-01
-4.214088e-01
-4.342794e-01
-2.787065e-01
-3.943093e-01
-3.599373e-01
-2.523558e-01
-4.313070e-01
-3.274948e-01
-5.050790e-01
-4.326469e-01
-5.144473e-01
-4.352959e-01
-5.296891e-01
-4.673722e-01
-3.956411e-01
-3.938220e-01
-5.281437e-01
-3.225619e-01
-2.646027e-01
-2.567720e-01
-3.537185e-01
