9.258294e-01
9.741740e-01
8.357747e-01
8.918010e-01
9.520881e-01
9.557348e-01
8.119572e-01
9.681969e-01
1.062853e+00
8.273672e-01
8.543846e-01
8.154294e-01
8.869144e-01
1.034136e+00
8.292366e-01
1.005814e+00
5.370150e-01
7.118148e-01
6.740105e-01
6.021470e-01
6.326025e-01
6.194311e-01
7.655579e-01
5.417042e-01
5.911945e-01
8.331471e-01
7.367831e-01
7.785757e-01
7.117165e-01
6.515855e-01
6.602198e-01
7.373681e-01
7.274188e-01
6.966302e-01
7.450125e-01
8.265647e-01
8.112884e-01
6.494395e-01
7.873860e-01
5.634441e-01
6.181902e-01
5.511304e-01
6.035148e-01
5.528485e-01
7.467814e-01
6.198443e-01
6.139062e-01
6.244346e-01
1.014140e+00
1.072705e+00
9.488578e-01
8.988425e-01
8.537471e-01
9.615963e-01
1.064102e+00
9.641505e-01
1.080652e+00
9.503353e-01
8.364766e-01
9.551966e-01
9.434480e-01
1.056235e+00
1.082970e+00
9.758278e-01
