-5.028385e-01
-2.886976e-01
-2.667177e-01
-2.980488e-01
-6.056694e-01
-3.221313e-01
-1.454290e-01
-1.936473e-01
-4.276885e-01
-4.600264e-01
-3.618337e-01
-3.475392e-01
-5.295577e-01
-4.224194e-01
-3.312372e-01
-1.879803e-01
-3.534599e-01
-1.374628e-01
-5.506388e-01
-1.339955e-01
-4.614545e-01
-5.366374e-01
-3.964138e-01
-3.257394e-01
-3.606511e-01
-5.241929e-01
-4.038295e-01
-4.181012e-01
-2.673919e-01
-3.653911e-01
-3.700548e-01
-1.088717e-01
-3.432307e-01
-4.973096e-01
-2.515453e-01
-4.000132e-01
-3.875265e-01
-4.098060e-01
1.541477e-01
-8.826046e-02
-1.988705e-01
1.446841e-01
-3.523394e-01
-2.109414e-01
-4.036911e-01
-3.904669e-01
-3.045723e-01
-4.804681e-01
-4.255393e-01
-2.359286e-01
-2.851999e-01
-3.296505e-01
-3.354521e-01
-3.513936e-01
-5.105213e-01
-5.723726e-01
-1.633372e-01
-3.451883e-01
-3.449407e-01
-4.154290e-01
-3.637850e-01
-2.877831e-01
-3.671395e-01
-5.053223e-01
