5.882543e+00
5.750892e+00
4.091053e+00
5.060234e+00
3.605984e+00
5.296387e+00
6.582966e+00
6.284554e+00
6.323125e+00
5.495353e+00
4.410725e+00
6.085723e+00
3.850661e+00
4.818811e+00
5.700691e+00
4.153205e+00
4.681974e+00
5.625404e+00
4.495003e+00
4.584940e+00
5.563105e+00
4.769554e+00
4.233479e+00
4.748555e+00
6.962176e+00
4.322817e+00
4.083064e+00
5.555743e+00
5.933647e+00
5.059329e+00
5.643260e+00
8.330153e+00
3.818258e+00
5.504048e+00
1.003399e+01
6.056894e+00
4.453728e+00
4.623059e+00
6.099637e+00
6.322525e+00
4.356122e+00
6.213910e+00
5.174030e+00
6.205282e+00
5.231330e+00
4.353980e+00
4.464057e+00
4.609748e+00
4.098237e+00
5.007244e+00
4.844099e+00
8.065075e+00
3.893110e+00
6.070662e+00
6.913275e+00
5.570417e+00
4.759344e+00
5.709573e+00
5.443141e+00
4.221346e+00
7.383056e+00
3.404595e+00
4.738536e+00
4.459421e+00
