5.700403e-01
4.366138e-01
4.957401e-01
5.021537e-01
5.916411e-01
5.250396e-01
4.870505e-01
5.653234e-01
5.371820e-01
5.712679e-01
4.840606e-01
4.327965e-01
5.862207e-01
5.938702e-01
4.862725e-01
5.031453e-01
5.357631e-01
4.559854e-01
6.243088e-01
4.015698e-01
6.387373e-01
6.189143e-01
5.838978e-01
4.655570e-01
4.600879e-01
5.655907e-01
5.011292e-01
5.960709e-01
4.714353e-01
5.654254e-01
4.912624e-01
3.563459e-01
4.965693e-01
5.130741e-01
4.047378e-01
5.214585e-01
5.585212e-01
5.988289e-01
4.981123e-01
5.272830e-01
5.846362e-01
5.488500e-01
5.241038e-01
4.501334e-01
4.974020e-01
5.332516e-01
5.416799e-01
5.623978e-01
4.951304e-01
4.942483e-01
4.933673e-01
4.979910e-01
4.924667e-01
5.244894e-01
5.914147e-01
7.163182e-01
4.616184e-01
5.573771e-01
5.309547e-01
5.512532e-01
5.407284e-01
5.087361e-01
5.258199e-01
5.051306e-01
