16 16 3
0.06885801
-0.07312424
-0.1011895
0.04128918
-0.08037738
-0.08142946
0.01143855
-0.0666678
-0.03003037
-0.08588222
-0.1690118
-0.05461613
-0.1358177
-0.2422334
-0.09970554
-0.09134081
-0.1520286
-0.03253546
-0.07822519
0.008492204
0.08667001
-0.1192381
-0.2306549
-0.1433389
-0.02143062
-0.009593837
-0.1748951
-0.1023913
0.08656627
0.1168255
-0.07073519
0.0231174
0.05736917
0.05450879
-0.1098476
-0.05948367
-0.005493983
-0.04180364
-0.04689152
-0.01578804
-0.1090746
-0.1302494
-0.1338236
-0.1953459
-0.1526287
-0.002824464
-0.1387019
-0.02687608
0.07117777
-0.0001889048
0.1351821
0.02967034
-0.007419794
0.06996088
0.01340401
-0.02974996
-0.06181425
0.03985923
0.08385312
0.01949688
0.05967249
0.04012657
-0.05954148
-0.1142864
-0.04877309
-0.05853997
0.03519243
-0.05306863
-0.1385116
-0.04669817
-0.139862
-0.204709
-0.0893411
0.00959786
0.00198636
-0.261792
-0.1482248
0.02993703
-0.3050883
-0.1655698
-0.04870835
-0.05291392
0.1289565
-0.1728135
0.06595813
0.3724639
0.1399881
-0.1146842
0.01265474
-0.07528862
-0.06719279
-0.09741896
-0.1165933
0.06336239
0.1403318
0.02967244
0.0497954
0.102278
0.0633847
-0.02547719
-0.1489978
0.06312434
-0.02599855
-0.1199341
-0.1100069
0.08597707
0.0675156
-0.0257052
0.08188042
-0.09121879
0.02393824
0.04650613
-0.02115377
0.1110189
-0.04771934
-0.02567954
0.07283553
0.0408878
0.0148346
-0.1252356
-0.06291095
0.05571594
-0.02931936
-0.1328768
0.01849644
0.006420103
-0.06881294
-0.1276044
-0.09886573
-0.128386
0.003829952
-0.2555238
-0.05145531
-0.1761152
-0.2291406
-0.09864745
0.0930306
0.2319267
-0.1966177
-0.02609968
0.1958029
-0.2471387
-0.1490237
0.0328656
-0.01949076
0.04844923
0.1375822
-0.02938704
0.05377367
0.1197727
-0.03080617
0.09025463
0.08870476
-0.03938824
-0.03687007
0.001845444
0.0799446
-0.01129889
-0.04873665
-0.03678913
-0.03817742
-0.1494206
0.1264072
-0.1771538
0.1426503
0.01991809
-0.05491373
0.3024159
0.07249454
0.2101065
-0.1212212
-0.2689131
0.08584481
-0.0230854
0.1069517
-0.04962607
-0.1740203
-0.03002436
-0.3260969
0.1733518
-0.03644396
0.01314597
-0.04695983
-0.02179776
-0.09389053
-0.05337791
-0.06174751
-0.1326671
0.10902
-0.06047262
0.06345024
0.2174696
-0.07726256
0.07098159
0.118103
0.0404941
-0.04145381
-0.04773381
-0.01078623
0.03583216
-0.1563668
-0.06837068
0.02659894
-0.03631751
-0.06868351
-0.1624211
0.1308698
0.1005852
-0.02067209
-0.1584231
0.1065509
-0.05210733
-0.1039895
0.04723982
0.01004403
0.1837133
-0.05974915
-0.08521593
-0.105494
-0.0724787
-0.1229733
-0.03205128
-0.08623906
0.1024099
-0.06845829
-0.0683682
0.1185338
-0.07232448
-0.01336704
-0.08420523
0.02938923
0.02790092
-0.2078384
0.1623502
0.109373
0.1633197
0.1125902
0.1180556
0.002080698
0.04008828
0.110542
-0.09442676
0.1291125
-0.1432595
0.0452493
-0.06937946
-0.08860812
0.1977677
-0.1911668
-0.002114381
-0.03272521
-0.2763151
0.2047158
0.04410941
-0.0793328
0.2057256
-0.1031362
-0.1964424
0.1085423
-0.05997871
0.01510268
0.01152994
-0.01242704
0.01253389
0.00180934
-0.04746193
0.06841104
-0.02398938
-0.04556779
0.02587996
-0.2257272
0.3027904
-0.2286101
0.06733347
0.02625269
-0.3104567
0.258078
-0.4073074
0.2794701
-0.08866439
0.08172305
0.1498884
0.008744034
0.06847911
-0.0004025413
-0.03001045
-0.0836434
-0.1745158
-0.03566192
0.000438339
0.06737641
-0.08266566
-0.08114544
-0.02942704
-0.09519815
-0.1077639
-0.07928241
-0.04909001
-0.1291051
-0.02188512
-0.01329992
0.01868343
0.02112311
-0.09510425
0.02426699
0.04525166
-0.02942387
0.008107244
0.02244375
0.005707177
0.1154796
-0.2063736
0.01681868
0.1094779
-0.07721864
-0.06046981
-0.08165213
-0.02059753
0.1689896
-0.02402716
0.02097925
0.1979476
0.08109098
-0.2541774
0.04815585
-0.04208034
-0.2870797
-0.02227018
0.144922
-0.07273866
-0.09850845
0.1060339
0.009883293
-0.1353893
0.1876062
0.3660094
-0.2302221
-0.05061985
0.4739959
-0.1710004
-0.265649
0.2142832
0.07833004
0.02556905
0.0616369
-0.05353529
-0.06921168
0.1973038
-0.1043552
-0.1059506
0.1476824
-0.01826572
-0.002678983
-0.1253449
0.004145867
0.1461317
-0.003883461
-0.2171492
0.04634261
0.09240324
-0.01116465
-0.1096907
-0.2066481
0.1403335
0.07799739
-0.1910211
0.05120379
0.1979122
0.0061226
0.08281682
0.01055487
-0.1998316
0.1014731
0.1376012
-0.1926531
-0.00796968
0.0542574
-0.1942097
-0.0298118
-0.04855808
0.0764764
0.05889212
-0.08314122
0.02383325
0.2104624
-0.0443182
-0.09849806
0.1086961
0.0335245
-0.05357168
0.09787811
-0.04895886
-0.03880086
0.01705061
-0.07738065
0.0348523
-0.06121957
-0.293867
-0.01449414
0.2899731
-0.1846159
-0.2917552
0.4643922
0.06491702
-0.3695246
-0.03198149
0.1634231
-0.07763803
-0.164111
0.1508954
0.08971132
-0.1532654
0.1204736
0.1294414
-0.2032503
-0.05038178
0.02397312
-0.07145117
-0.1077306
0.1472591
0.04936126
-0.1520748
-0.06621104
0.06666174
-0.07331358
-0.02136489
0.2088197
-0.06681502
-0.2033862
0.2697076
0.06544744
-0.1617385
-0.03985854
0.05854348
0.02274914
0.001136942
0.08442317
0.06288521
-0.005553884
0.1127337
0.1406103
-0.02725818
0.1333273
-0.1687327
0.09646749
0.1173016
-0.09052284
-0.002450253
0.1391286
-0.1395575
0.04950708
0.07421795
-0.1029873
0.1108784
-0.1772662
-0.1123539
0.03016292
0.03797348
-0.006570821
0.0399167
-0.3255498
0.07529923
-0.1067256
0.07592139
0.08477993
-0.07620522
-0.132271
-0.097145
-0.1751647
-0.03018463
-0.1247314
0.05144728
0.08502133
-0.04857088
0.01164925
0.02894333
-0.1198113
0.100616
0.04352595
0.01390364
0.192117
0.1044314
0.1011192
0.1340986
0.01334131
-0.007393056
-0.02326213
-0.1594364
-0.07726245
-0.02088523
0.02582194
0.04711356
-0.04425557
0.004774916
-0.04329722
-0.005915149
-0.0166049
-0.07054862
-0.001220451
0.07140038
-0.1056896
-0.05742663
0.1015413
-0.00277196
-0.1567363
-0.1352293
-0.1298893
-0.09931099
-0.158715
-0.1767434
-0.09558434
-0.1658434
-0.144147
-0.008272613
-0.007825496
0.07370289
-0.01307329
0.06055211
0.1934662
-0.01964575
-0.05724888
-0.007175503
0.1143039
-0.0058039
0.09416725
0.06938149
0.07472309
0.04893749
0.04317109
0.04243324
0.009738329
0.03381512
-0.1843033
0.133774
-0.1591283
-0.07183067
0.1318735
-0.02789737
-0.0423379
-0.03098972
0.06462462
0.02570009
0.02080523
0.1305289
-0.03021499
-0.01704836
0.1354603
0.1122745
0.07904989
0.1631711
0.05228745
0.005257047
-0.05710282
-0.09757578
-0.03901058
-0.1143411
-0.1016192
-0.03500211
0.02361042
-0.3237017
0.01302713
-0.07659966
0.1427388
-0.04356715
-0.227075
-0.1061985
-0.1542868
-0.07063636
-0.04243436
0.1023827
-0.01334576
0.01521777
0.1177788
-0.01688209
0.0292422
-0.03751413
0.06498088
0.1154025
-0.03240071
0.06722398
0.1119168
-0.02333649
0.1414914
0.1303548
-0.01693501
0.218511
-0.1277403
-0.07420213
0.2367656
-0.0884662
-0.01717453
0.2308624
-0.1672481
-0.0599404
-0.1465224
-0.01953672
-0.03414527
-0.1227774
0.07033598
0.031221
0.05671287
0.1865503
0.01573247
-0.05897872
0.06361054
0.02928527
0.01816511
-0.02297279
0.05409835
-0.2193732
-0.04280015
0.08650921
0.01146044
-0.1183563
-0.08828191
-0.06994668
-0.1842097
-0.1320371
-0.09393927
-0.1611954
-0.134365
-0.1090667
-0.08735272
-0.07262
-0.1243632
-0.02457798
0.05213701
0.02064735
0.08936214
0.07909842
-0.1166565
-0.1788133
-0.2199256
-0.003788066
-0.04481992
-0.02094752
0.04004613
0.09846782
0.08526962
0.02357714
-0.03971905
-0.039111
0.002702618
-0.07280104
-0.0676745
-0.02491742
-0.1020046
-0.1168363
0.124032
-0.004567642
0.08243579
0.0247833
-0.07074885
-0.00325009
-0.00658865
-0.04066996
0.01392995
-0.01209264
-0.09244952
-0.03917462
0.08134954
-0.04378912
-0.02556372
-0.01471489
0.05601848
-0.00028956
0.009261119
0.03351231
0.0535556
0.03816856
-0.03323802
-0.07022449
-0.004921945
-0.1295271
-0.03976747
-0.1964679
-0.0165834
-0.02567627
-0.02841258
-0.0204659
0.009368015
-0.1174609
-0.1670246
0.02047807
0.008182611
0.1319658
0.02868809
0.1027798
0.05491593
-0.1976762
-0.04813432
-0.1781125
-0.2249649
-0.300901
-0.3484731
-0.1886494
-0.03806696
0.02085263
0.1214071
0.3251973
0.3939849
0.2068008
-0.02713365
0.04977633
-0.07792182
0.009159822
-0.05881799
0.0222924
-0.01767218
0.07930975
-0.0212835
-0.001605707
0.07940122
0.01889417
0.02728087
0.03204456
0.01445284
-0.03623947
-0.0836684
-0.04390322
-0.03281412
-0.08343416
-0.0459692
-0.006288756
-0.06220117
-0.03010154
0.04386632
-0.01192174
-0.005494895
0.1068699
-0.009740737
-0.07446977
0.09894825
0.06602404
-0.06348582
0.09380838
-0.01215915
-0.0669973
0.1187431
-0.0069403
-0.1051156
0.07915652
0.1324357
-0.03022033
0.07772302
-0.03921158
-0.1041547
-0.001263029
0.0529358
0.1809848
0.05793443
-0.09150974
0.1055766
-0.1588224
0.04696308
0.05027979
-0.0671188
-0.0659695
-0.02647428
0.02773719
-0.008711116
-0.02397239
0.04493243
-0.002627121
-0.02746628
-0.05064865
-0.1273566
-0.2464255
0.08005477
-0.03677934
-0.1027458
-0.04002449
-0.1923108
-0.2068896
0.1275306
0.070117
0.001543219
0.05424816
-0.03226211
0.006035053
-0.0001750016
0.03675322
0.06838675
-0.06685562
0.04661116
0.08390759
-0.05001298
-0.05127053
0.01913886
-0.01727771
-0.1048291
-0.1189873
-0.00837855
0.1226064
0.04124761
-0.0412477
0.08243708
0.007224206
-0.1122408
-0.05782594
-0.05418801
-0.1675697
-0.04097741
0.03548062
-0.1432022
-0.0802048
-0.0132713
-0.07448217
-0.06301219
-0.1248138
-0.1884856
0.05981978
0.08846321
-0.1293047
0.08789839
0.1658339
-0.2477977
-0.06669746
-0.02244725
0.1033345
-0.01715349
-0.1552532
0.06922733
-0.03787729
-0.2097322
0.079385
-0.004774371
-0.146602
-0.009444863
0.03376114
0.03578431
-0.05010711
-0.001446299
0.009018797
-0.03545767
0.006542918
-0.002587105
-0.01358119
-0.08901765
-0.09015641
0.01613298
-0.005162419
-0.05900766
-0.08237784
-0.1072493
-0.1518696
-0.04722613
-0.03676312
-0.06369374
0.09949927
-0.05390608
0.01592838
-0.05222518
-0.05788925
-0.1463761
0.02223399
0.02470187
-0.08512861
0.1548456
0.1563836
0.002973404
0.1172279
0.1546976
0.06222498
-0.0006894861
-0.0334168
-0.06884008
-0.0121069
-0.02641765
-0.05937186
-0.02259269
-0.03196348
-0.05431035
-0.05525983
-0.1159736
0.01192123
-0.1378317
-0.2134886
-0.07047396
-0.0543246
-0.06981868
-0.1317617
-0.04712403
-0.04787377
-0.0585878
0.05913843
-0.2658211
-0.2233466
0.05996663
0.1156546
-0.02018935
-0.1259351
-0.08574
0.06165992
-0.1656304
-0.03084194
0.3020637
-0.1326966
-0.0006755978
-0.0803787
-0.1707967
-0.1044853
0.03848607
-0.009045522
-0.1277285
-0.03671314
-0.04355761
-0.1517236
-0.102277
0.1118912
0.0898908
0.08566792
0.06819889
0.07087836
0.1059812
-0.0314549
-0.04009825
0.01462951
0.01803491
-0.03235296
-0.05551766
0.01208624
0.07098622
0.09598882
0.04553058
0.02208215
0.07497314
-0.06180514
-0.1106158
-0.19831
0.1352487
0.1890785
-0.09703912
0.02696069
0.07077869
-0.04869008
-0.1376534
-0.1349495
-0.1204916
0.02011809
-0.1702174
-0.1261037
-0.1334815
-0.1334321
-0.06098591
-0.1137741
-0.04834328
-0.0755434
-0.1101043
0.03143487
0.3187947
-0.1414552
-0.2089872
-0.07927776
-0.02177681
0.05890791
-0.05481182
-0.005816631
0.1749103
0.03286818
0.1146722
0.1866048
0.007282121
0.0358933
-0.08598153
0.08180471
-0.1274358
-0.04485823
-0.003561723
-0.01178217
0.1434632
-0.0198057
0.09759909
0.02025514
-0.02652517
0.2144155
0.1970402
0.05803604
-0.06454995
0.07773062
0.07579031
0.07185448
-0.006820142
-0.07116156
0.006575435
-0.06133964
-0.03504593
-0.02482307
-0.04101518
-0.03870412
-0.06853495
0.1176285
-0.08117796
-0.1050288
0.2612444
0.08553858
-0.1425693
-0.2013008
0.0852122
-0.0267571
-0.02904951
0.09610116
0.01371303
-0.01584141
0.05614126
0.02871368
0.01274709
-0.06195429
0.1361174
0.1386132
0.1926076
0.1005844
0.09897351
0.1617385
0.02311933
0.02649913
0.07701984
-0.02483354
-0.03626706
0.003845404
-0.06906328
-0.07312742
-0.05840404
-0.0586282
-0.0642014
-0.1505087
0.08312417
-0.037245
-0.02544543
-0.006270357
-0.09045345
-0.07508529
0.1658848
-0.04957472
-0.08099899
0.000190771
-0.04128439
-0.02717467
0.1025788
0.02801387
-0.001145084
0.162154
0.1864222
0.0954089
-0.1040862
-0.04809836
0.00997483
0.04103315
0.07111369
0.07163563
-0.02295628
-0.03767252
-0.02867382
0.06699804
-0.06513645
-0.06423229
0.07593501
-0.01503384
-0.0002434948
0.08409702
0.008876489
0.03580553
-0.05235517
-0.1189628
-0.1422155
0.06335683
0.01188094
0.01177654
0.0964696
0.08973422
0.1112188
-0.02598768
-0.05032078
-0.03120694
0.1213765
0.08859426
0.03174184
0.2019998
0.2035453
0.06630336
-0.13882
-0.04549344
-0.04842824
-0.02674346
0.001610523
-0.01791387
-0.03273322
-0.0468807
-0.004391516
-0.1715704
-0.09394438
-0.1512005
-0.1055197
-0.06055034
-0.03780007
-0.07359367
-0.1020852
-0.1122057
-0.04499486
0.000151896
-0.00516095
-0.1043482
-0.07986154
-0.07467543
0.03838426
0.04792593
0.08702713
-0.06454735
-0.06708672
0.006860351
-0.03289657
-0.01936442
0.01764133
-0.02230812
0.01929417
0.001089785
-0.1211881
0.008141804
0.04346246
0.1294586
0.3256907
0.3140563
-0.0514546
0.1242774
0.1552709
-0.1049875
-0.1201342
-0.07606237
-0.0567756
-0.06540481
-0.01358335
0.006785008
-0.007355383
0.05474671
0.108389
-0.04778237
-0.09872817
-0.06119445
-0.07765231
-0.1026061
-0.0171485
-0.077451
-0.04171583
0.06060407
0.09051485
0.1201679
-0.0129113
0.03600823
0.07365642
-0.04609356
-0.02222798
-0.01970282
-0.05697336
-0.09516824
-0.07690179
-0.03267785
-0.08437509
-0.1051292
-0.02330603
-0.08295877
-0.106533
-0.006743827
0.006739266
-0.101262
-0.01152679
-0.003973125
-0.08760303
0.08361412
0.07343482
0.1152047
-0.1262165
0.04287067
0.06280895
-0.0406809
0.1227303
0.1159132
0.121581
0.1440895
0.1708242
-0.1036681
-0.02581874
0.000744935
-0.1177997
-0.2016446
-0.08130862
-0.06072488
-0.08611853
-0.1942061
-0.07579098
-0.0722895
-0.07966831
-0.07437693
-0.08006614
-0.04046216
-0.04492595
-0.03656621
-0.02569546
-0.03063006
-0.03257154
-0.1366482
0.0256608
0.04051334
-0.01587492
-0.003184753
-0.0009192005
-0.03179154
0.04942458
-0.02310922
-0.09261599
0.1582184
0.009970068
-0.05793202
0.01919397
-0.07005978
-0.1011669
0.01305194
0.03421539
-0.005526802
0.04135112
0.05674811
0.08879177
-0.0895303
0.04079902
0.04957769
-0.06349424
-0.02567873
0.1369756
-0.08590794
0.03358483
0.2077072
-0.1425002
-0.06545302
0.1504758
-0.008974745
-0.01015429
-0.006290054
-0.156697
-0.104968
-0.07113244
-0.06142708
0.01358083
0.01024179
0.05619777
0.08836865
0.1462285
-0.03726654
-0.08054386
0.01982819
-0.1996793
-0.1671578
-0.1003607
-0.004643559
0.04675669
0.02670996
0.1451938
0.08582199
-0.05710186
0.1028096
-0.05420958
-0.09048975
-0.09569423
-0.01732666
-0.005311513
0.1191308
0.02180365
-0.03274436
0.1521505
-0.01162776
-0.1482084
0.04788722
-0.00292647
0.01779011
0.04019443
0.01304101
-0.03542727
-0.05085327
0.01519353
-5.398054e-05
-0.04012779
-0.009394949
0.04775764
0.06601109
-0.1250483
-0.006304089
-0.06527901
-0.02854488
-0.127887
-0.05373072
-0.02273546
-0.04949408
0.07696062
0.03821892
-0.02601616
0.08069731
0.01839818
-0.008302161
-0.197463
-0.1644254
-0.2125023
-0.1968598
-0.1405644
-0.1824595
-0.1319493
-0.1118702
-0.1348182
-0.07103703
-0.1555025
-0.03019445
-0.1018255
0.0866005
0.007850148
0.05166488
-0.0006068153
-0.06733756
-0.1295896
-0.04694244
-0.1989468
-0.2388064
0.1372873
-0.1275413
-0.01940191
0.06305954
0.0751275
-0.1358406
-0.05409231
0.1407675
0.05601498
-0.09509187
0.09699903
-0.05576615
0.1078802
-0.1585218
-0.01835915
-0.09690514
-0.09474982
-0.2094451
-0.1220015
-0.1024271
-0.2587329
-0.1008921
-0.1230206
0.07485747
-0.004953865
0.1208899
0.138369
-0.02234356
0.1018697
0.03831131
-0.05674176
-0.005070222
0.1190929
-0.1225706
0.07678495
0.1681195
-0.1428366
0.2926358
0.06698284
-0.119124
0.10811
-0.05639578
-0.164975
0.1230892
0.01113547
-0.09416728
0.1695839
-0.03705687
0.01095724
0.08127473
-0.1525584
0.01258971
-0.05137213
-0.2225849
0.1279341
-0.05017743
-0.281693
-0.008048309
-0.008776942
0.06426163
0.08665282
0.03652966
0.1751961
0.05548786
-0.1455462
0.1729952
0.1367078
-0.03017153
0.04691805
-0.1217575
0.05000446
0.2072254
-0.1646563
0.07262994
0.07846528
-0.1601539
-0.08672119
-0.03850825
0.1204517
-0.09400999
0.05143213
0.01488046
0.1476162
0.09629799
-0.05872945
0.004233063
-0.01504825
-0.05671977
0.03642037
0.08792553
0.007486917
0.2871312
-0.02138495
-0.09535244
0.1727001
-0.03839114
-0.05232235
-0.04940677
-0.02992491
0.05546045
-0.07581907
-0.04611197
0.0225862
-0.2103732
-0.1053475
-0.480448
0.007442411
0.09781795
-0.6924803
0.2004531
-0.2826255
-0.3576243
-0.1228902
-0.02801055
0.05659453
-0.1108707
0.07098073
0.1790385
0.03409078
0.02441917
0.05407301
0.01027267
-0.04024091
-0.05484978
-0.08296421
-0.05433968
-0.04129121
-0.1060244
0.007888852
-0.008749074
-0.0794566
-0.04972707
0.07981265
-0.1381035
0.009331039
0.07410798
-0.1710576
0.03984661
-0.1128735
-0.1737616
-0.1310783
0.1528508
0.009513328
-0.173523
0.2527879
0.02988273
0.01767044
0.1753899
0.0001375385
0.08667726
-0.1646448
-0.09108795
0.1339517
-0.3081402
-0.1356499
0.01914092
-0.1040949
0.04044085
0.01957865
0.03528621
-0.09810661
0.04566619
0.04239313
0.03791312
-0.01524847
0.1047467
-0.0876651
0.07694972
0.1638102
-0.09133749
0.1489497
0.07280511
-0.1304885
0.06361937
-0.06292885
-0.1350842
0.01088361
-0.04544294
0.05613613
0.0264734
-0.1337363
-0.01183995
0.02035907
-0.06907175
0.03672129
0.05341892
-0.01508452
0.02914884
0.03096209
-0.0406296
0.08025634
0.01963898
0.02164987
-0.06234312
-0.01367506
-0.1140423
-0.14676
-0.09858606
0.05249006
-0.01012502
-0.02916562
0.1006154
-0.1255228
0.05239654
0.1024153
-0.01368258
0.03877214
-0.007103113
-0.03341713
0.04199607
-0.03016096
-0.05182412
-0.04925954
-0.02704694
0.02077779
-0.07043657
-0.003973261
0.05920693
-0.07840928
0.05411106
0.1628044
0.08620655
0.02980467
-0.09623453
0.0005552016
0.01674142
-0.1090289
-0.0772392
-0.06184451
-0.08566917
0.0143644
-0.1288889
0.1244378
-0.06514506
-0.09091055
0.1253886
-0.08773304
0.04999944
0.09666643
-0.09185598
-0.03240137
-0.03633572
-0.07916372
-0.01707426
0.0421655
-0.07624339
0.07493563
0.1028731
-0.03375906
-0.2063608
-0.1006719
0.06765436
-0.2517534
0.08398811
-0.2138115
-0.1591945
0.1788005
0.06532384
0.132121
-0.003816978
0.07821808
0.08777289
-0.01904609
-0.01962423
-0.07519372
-0.03402101
0.08956725
0.08290872
-0.0124656
0.1521906
0.1406156
0.04588665
0.1185162
0.08521014
-0.006243782
0.01872697
0.001018542
-0.07332666
0.09873876
0.04355517
-0.05759864
-0.01874958
-0.01228436
-0.02046873
0.01421122
0.04879358
0.02047631
-0.05107111
0.006394282
0.02827039
-0.0703475
0.03616428
0.02677969
-0.05397198
-0.01233558
-0.119122
-0.04409529
0.1314367
-0.1094229
0.07845663
0.01409695
-0.2096712
-0.07595725
0.07627437
0.08637357
-0.01058855
0.03177726
0.005678118
0.06992333
-0.01536088
-0.09516869
0.1305157
0.1161458
0.1215805
0.003436389
-0.01855826
0.04387078
-0.06602222
-0.01129995
0.1060417
0.06910746
0.1837259
0.09221332
0.06264808
0.2246049
0.1197081
-0.1224739
-0.09899887
-0.1656037
-0.1873483
-0.0551384
-0.08637011
0.08631619
0.1942731
0.05809114
0.1641571
0.0821593
-0.08567256
0.2825136
0.1806273
0.01489638
0.1467012
0.02724953
-0.05551727
-0.08540598
-0.07145887
-0.05352909
0.03182175
0.04121815
0.1574231
-0.002893901
-0.03600791
0.103483
0.07691146
-0.03751193
0.01029646
-0.1546021
-0.2089292
-0.07986433
-0.1287699
-0.07833073
0.1014543
0.09792137
0.2339252
0.2611959
-0.1080499
-0.07742788
-0.09611223
0.03081657
0.04023138
0.0259064
-0.02155744
0.0459099
0.1193989
-0.1463721
-0.02197497
-0.06292053
-0.1351506
0.005964085
-0.04986792
0.06734348
0.1876259
0.08302414
0.02733597
-0.01175836
-0.01236532
0.1321461
0.1302903
0.02721008
0.1034612
0.1232977
0.04233073
-0.04711407
0.05519561
0.1682276
-0.04225107
0.0974123
0.04490102
0.07036395
0.1209817
-0.07871152
-0.03139472
-0.06702773
-0.1095828
-0.05367591
-0.06466099
-0.09849192
-0.0738322
-0.05370205
-0.0382698
0.008197634
0.002061156
-0.03569832
0.02350053
-0.005301601
-0.04374206
-0.06893637
-0.09754574
-0.09920214
-0.168524
-0.1339523
-0.1247584
-0.1170153
-0.1015682
-0.05550122
0.06237811
0.01395864
-0.08938337
0.07692244
0.2038483
0.08487684
0.2141709
-0.1050449
-0.05953424
-0.1047188
-0.2168599
-0.05726044
-0.06087157
0.03970762
-0.08195606
-0.1543215
-0.1063423
-0.2558917
0.1102792
-0.09908447
-0.2910295
-0.1601732
-0.05102569
-0.01165981
-0.1035045
0.05826424
0.005689625
-0.005464234
-0.03769559
-0.158394
0.01260336
-0.03553646
0.01996136
-0.05176618
0.01321067
0.1106273
-0.1135533
-0.1095495
-0.1391255
-0.08174896
-0.1624573
-0.01061498
-0.1823106
-0.08004434
0.03639405
-0.1503729
0.03535044
-0.03837794
-0.04965832
-0.1449506
-0.04913309
-0.03626347
0.08985502
0.02996876
0.1161296
0.2125856
0.03959083
-0.0246888
0.05420932
-0.1333299
0.1093882
-0.04843475
-0.121294
-0.1823425
-0.2426186
-0.2213712
-0.005164969
0.01532647
-0.07652176
-0.1734391
-0.01983705
0.1825777
-0.05289302
0.02760263
0.05937802
-0.01800104
0.05235719
0.07833667
-0.02020523
0.1079458
0.156634
-0.1471544
0.130496
0.1923277
0.02155467
-0.009640676
-0.1225196
-0.08094166
-0.1602225
-0.1064448
-0.1377993
0.02095651
0.03316666
-0.04321522
-0.01952224
0.04333871
0.115187
0.01151457
0.06755994
-0.06600706
-0.06886154
0.07692838
-0.08462947
0.1045215
0.08830236
-0.09681201
0.06636702
0.05925632
-0.09285755
-0.007087889
-0.02919786
-0.05555935
-0.2333208
-0.07870347
-0.1751706
0.1330357
-0.1098239
-0.03183724
0.111373
-0.2518941
0.09222104
0.04132204
-0.07031278
0.08017779
-0.01894035
-0.05584924
-0.01800572
-0.05339273
-0.1188144
0.03905731
-0.02000021
-0.07976124
0.0625244
0.01081812
-0.0490782
0.1255466
0.0732116
0.01795943
-0.1543892
0.01779844
-0.07570498
-0.2196151
0.04342309
0.01655003
-0.1157398
0.04592595
0.03353781
-0.3128778
-0.01834618
0.0232019
-0.401899
0.03959845
0.2644567
-0.2349591
-0.07019557
0.07225012
0.1067275
-0.1621562
-0.04830941
0.2296912
-0.1651435
-0.04867885
-0.06841076
-0.06599381
-0.01415667
-0.005742297
-0.03559247
-0.09269353
-0.0565714
-0.07787023
-0.01161723
-0.1507682
-0.0326689
-0.06588573
-0.2325588
0.13082
0.2435445
-0.2625396
0.149349
0.2370487
-0.2292988
0.09636926
0.2902635
0.09641796
-0.008208925
0.1311043
0.1655352
-0.03038465
0.0736002
0.08689699
-0.03062508
0.04815724
0.0009075027
-0.09060107
0.08700772
0.01396361
-0.07437565
0.1354148
0.02420443
-0.01199189
0.08160188
-0.07608157
-0.01568704
-0.007004012
-0.1295798
0.1101288
0.08154847
-0.131798
0.03067038
-0.01615928
0.03151129
-0.03433314
0.005571133
0.1699928
0.07024667
-0.1216587
0.07458586
0.006205936
-0.0977339
0.149565
0.03145532
-0.179575
0.1160518
-0.007775651
-0.1331785
0.163607
0.06002456
-0.08602498
0.00573096
0.1547722
0.007813836
-0.07588697
0.08969127
-0.007977588
-0.01407137
0.0129555
0.002886784
0.1992816
0.09751301
-0.1344687
0.1828274
0.03710195
-0.1286943
0.2419619
0.05465562
-0.147591
-0.1384003
0.005005719
0.01362583
-0.1103437
0.01916028
0.002272288
-0.09948562
-0.01296341
-0.001394188
-0.05051442
-0.2585798
-0.01955318
0.07389797
-0.3534494
-0.07854237
-0.1628565
-0.2025487
-0.1411064
0.001416052
0.1785942
-0.05862172
0.001751324
0.1517279
-0.03137476
0.01201695
0.1008168
0.02108408
0.07903861
0.04238804
0.08348334
-0.01155717
-0.05950387
-0.04336472
0.01201611
-0.01603301
-0.02758849
-0.101724
-0.03683232
-0.08606564
-0.08914802
0.04088199
0.006817101
0.03290134
0.1579233
0.1090387
-0.09791117
0.03527739
0.04285824
-0.05102338
-0.2810012
-0.1334697
0.07767981
0.2740702
0.1928598
0.02465065
-0.004914263
-0.1823286
-0.2758983
-0.101337
-0.02136425
0.3712935
0.1169215
0.0574321
-0.00650357
-0.02248996
-0.07110457
0.005597196
0.0166794
-0.005227056
-0.05034307
0.01544477
0.01632778
0.1548453
0.1120714
0.138339
-0.006461171
-0.07240172
-0.003500759
-0.09891482
-0.1097438
-0.07493038
-0.08768164
-0.06087782
-0.1153457
0.02679354
0.1134212
0.07411189
-0.04434495
-0.03953375
0.00281416
-0.1079751
-0.04951464
-0.01959336
0.05982014
0.1829446
0.2158069
-0.09480585
-0.02977084
0.06232883
-0.131199
-0.02754635
0.05098246
-0.03958396
-0.009799849
-0.0009859195
-0.1181903
-0.09549111
-0.1571954
0.07250102
0.01890947
0.03331856
-0.1403048
-0.09772658
-0.07629386
-0.09875924
-0.06634338
-0.1412949
0.1277007
0.08920921
0.1561745
0.05494736
0.08755485
0.109347
0.06946915
-0.0409116
-0.0368428
-0.006976537
-0.105759
-0.03066413
-0.02338389
0.05677219
0.08149411
0.06388593
0.1010385
0.06936167
-0.3131016
-0.1645267
-0.2191497
-0.08145843
0.04148353
-0.09230991
0.1861206
0.2139331
0.1029394
0.07510503
0.08397669
0.09123773
-0.01990967
-0.0266159
-0.01671687
-0.08572295
-0.0802411
-0.008040844
0.04107336
-0.05156744
-0.06751329
-0.102669
-0.08257985
-0.03826738
0.1594898
-0.01599768
0.04736387
-0.08197843
-0.1207278
-0.1531406
0.01020739
0.05765298
-0.08248882
0.1608339
0.2507063
0.1585923
-0.02000342
0.0188056
0.04895275
-0.04956191
-0.01930893
0.01894074
-0.06698532
-0.03584779
-0.002745438
-0.1383595
-0.1225578
-0.05452534
-0.02600969
-0.01354051
-0.07111938
0.05347209
0.1060606
0.07649606
-0.09185489
-0.06393024
-0.06585846
-0.03472422
-0.02347032
-0.1414621
0.06699567
0.1333647
0.08608309
0.0394349
-0.03186118
-0.09290387
-0.06356265
0.01080231
0.03074222
0.02536036
-0.007893082
0.01281158
-0.1123894
-0.0552978
0.06001367
-0.07323625
-0.03698947
-0.03026976
0.002423198
0.06416043
-0.02449727
-0.2663988
-0.3192095
-0.205764
0.1108141
-0.02503315
-0.07292218
0.2316925
0.2304854
0.1892586
-0.1305135
-0.1424487
-0.1407067
0.01651546
0.02564483
-0.000654076
0.1195714
0.05516456
-0.02486453
-0.04220236
-0.1478515
-0.1786118
0.05032381
0.04453151
-0.07385703
0.02610043
0.1442571
0.05821092
0.08248886
0.06907801
0.05466188
0.01248453
0.02823199
0.07063149
-0.1221793
-0.04944762
0.001535504
-0.001840217
0.06258281
0.01619794
-0.09229083
0.08577295
-0.002647061
-0.1051627
-0.06627081
-0.1179461
0.01488637
0.07078201
0.123996
-0.06210656
-0.08323447
0.0115637
0.01273207
-0.06658805
-0.03102345
0.02448696
-0.008548293
-0.05191165
-0.07061455
-0.05315543
0.03406637
-0.1513625
-0.09026723
0.0169018
0.1791935
0.3131675
0.09701185
-0.1523052
0.01384701
0.04314713
-0.2449648
-0.327447
-0.2903973
-0.0406972
-0.002667092
0.07595494
-0.02497439
-0.067936
-0.03455681
0.2001058
0.05077901
-0.03111915
0.06221558
0.03488868
-0.07991403
-0.02551125
0.0752638
0.03386235
-0.02423956
-0.03752906
0.05282077
0.05980251
0.1199279
0.09876373
-0.04685535
0.01508001
0.07746054
-0.05727069
-0.03216577
0.04602749
