1.125793e+00
-1.785516e+00
-1.438669e+00
-1.082909e+00
4.712225e-01
-2.169242e+00
-3.251966e+00
-4.649332e-01
-1.884691e+00
-9.383511e-01
-7.186241e-01
-3.529133e-01
-1.764057e+00
-2.846554e+00
-7.934450e-01
-1.129852e+00
-1.409663e+00
-1.861329e+00
-1.071203e+00
4.570638e-01
-5.242503e-01
-9.375731e-01
-2.336670e-01
7.164971e-01
-6.286403e-01
-3.152342e-01
-1.395087e+00
-2.565683e-01
-2.376284e+00
5.615469e-02
-3.687126e-01
-1.895641e+00
-2.976075e-01
1.102179e+00
-2.085317e+00
-1.748400e+00
-1.860381e+00
-1.502543e+00
-5.494373e-01
-1.594938e+00
-1.624321e-01
-3.335342e+00
-1.419827e+00
-7.323087e-01
-6.471176e-01
8.956768e-01
-2.268063e-01
-7.079244e-01
3.353681e-01
-3.927795e-01
-2.577594e-01
-3.687839e-01
-2.049963e+00
-3.521657e+00
-1.158372e+00
-1.668568e+00
-1.843418e+00
-2.690240e-01
8.670654e-01
-1.597320e+00
-1.620359e+00
-1.538084e+00
-1.098851e+00
-1.835760e+00
