6.249087e-01
4.838338e-01
8.580737e-01
7.247293e-01
5.309266e-01
4.806512e-01
6.477559e-01
6.736495e-01
5.879390e-01
5.202916e-01
6.140682e-01
7.461805e-01
6.304132e-01
6.323795e-01
8.011985e-01
8.735288e-01
4.861108e-01
8.238354e-01
5.473859e-01
5.801501e-01
4.715272e-01
4.723951e-01
6.272078e-01
5.816086e-01
5.157763e-01
5.237937e-01
5.928928e-01
7.030910e-01
5.982565e-01
4.687446e-01
4.342709e-01
5.622145e-01
5.365109e-01
4.167573e-01
4.102963e-01
7.708446e-01
6.204569e-01
5.610718e-01
4.628506e-01
4.942543e-01
6.309881e-01
5.478852e-01
6.284902e-01
5.120979e-01
7.966747e-01
2.457895e-01
5.109192e-01
6.203924e-01
6.564547e-01
4.374096e-01
4.506730e-01
6.072069e-01
6.559917e-01
7.757248e-01
6.324818e-01
5.554723e-01
5.738389e-01
6.684848e-01
7.054821e-01
6.669943e-01
4.359003e-01
6.390683e-01
5.546086e-01
5.352378e-01
