-6.689705e-01
-4.851036e-01
-5.973752e-01
-5.177052e-01
-4.608072e-01
-3.941338e-01
-5.820220e-01
-3.806480e-01
-5.349513e-01
-5.289134e-01
-3.649606e-01
-5.480944e-01
-4.023526e-01
-6.614207e-01
-5.098274e-01
-4.878694e-01
-3.767280e-01
-5.715938e-01
-4.514633e-01
-5.930645e-01
-4.954554e-01
-5.017325e-01
-4.736084e-01
-4.255081e-01
-6.505500e-01
-4.318950e-01
-5.010303e-01
-3.624479e-01
-5.960757e-01
-6.648979e-01
-6.136736e-01
-4.669423e-01
-4.072617e-01
-4.144522e-01
-2.862680e-01
-4.412910e-01
-3.528752e-01
-5.561371e-01
-4.288529e-01
-6.528982e-01
-5.986531e-01
-6.408700e-01
-6.341674e-01
-6.045288e-01
-6.017717e-01
-3.053780e-01
-5.650378e-01
-5.437722e-01
-3.682194e-01
-4.931514e-01
-5.469518e-01
-4.861996e-01
-5.691490e-01
-5.790175e-01
-5.644518e-01
-4.856682e-01
-4.264909e-01
-6.522127e-01
-4.838377e-01
-5.971161e-01
-1.166769e-01
-3.412562e-01
-4.309660e-01
-4.206530e-01
