-3.605984e-01
-4.464618e-01
-5.069402e-01
-2.866931e-01
-3.326543e-01
-7.637858e-01
-3.439962e-01
-3.445799e-01
-5.333999e-01
-4.548011e-01
-3.335377e-01
-4.330961e-01
-3.689520e-01
-3.646146e-01
-5.757568e-01
-3.944442e-01
-5.255401e-01
-5.042756e-01
-3.351660e-01
-3.206891e-01
-5.495152e-01
-3.721458e-01
-3.679187e-01
-6.384667e-01
-5.032398e-01
-4.209820e-01
-4.419877e-01
-4.565865e-01
-4.713147e-01
-3.158411e-01
-4.308555e-01
-3.764058e-01
-5.315804e-01
-4.139127e-01
-4.942266e-01
-5.851219e-01
-4.141409e-01
-3.931739e-01
-5.260316e-01
-3.369640e-01
-4.143980e-01
-3.795168e-01
-5.072049e-01
-3.152120e-01
-5.086891e-01
-3.800973e-01
-6.234038e-01
-5.118368e-01
-5.523317e-01
-2.954406e-01
-2.643405e-01
-5.692400e-01
-2.912252e-01
-6.375123e-01
-3.767860e-01
-4.598428e-01
-4.597278e-01
-6.453635e-01
-4.416872e-01
-6.194534e-01
-4.415683e-01
-5.517975e-01
-4.225223e-01
-1.760446e-01
