4.636851e-01
4.634635e-01
5.123447e-01
5.063615e-01
4.870582e-01
6.124561e-01
5.595093e-01
4.341229e-01
5.648485e-01
5.242445e-01
5.710074e-01
5.189634e-01
4.902121e-01
5.701183e-01
5.239697e-01
5.445905e-01
5.091720e-01
4.871015e-01
5.426468e-01
4.655313e-01
4.786942e-01
4.763674e-01
5.652658e-01
4.017313e-01
4.324047e-01
5.173188e-01
5.564324e-01
4.813738e-01
5.787184e-01
5.504898e-01
4.549037e-01
5.073125e-01
4.974190e-01
4.733884e-01
4.781215e-01
5.470845e-01
5.192813e-01
5.736801e-01
5.369653e-01
5.407885e-01
4.102753e-01
5.713884e-01
4.936758e-01
5.226046e-01
4.884078e-01
4.424570e-01
5.024311e-01
4.989884e-01
4.598121e-01
4.983930e-01
4.647160e-01
4.930649e-01
5.656546e-01
5.859255e-01
5.527061e-01
5.290360e-01
5.596830e-01
4.448632e-01
4.992906e-01
5.601813e-01
5.626451e-01
5.022684e-01
4.579934e-01
5.178560e-01
