-5.115303e-02
-2.223022e-01
-1.539364e-01
-2.444532e-01
-1.249284e-01
-3.743888e-02
-2.004682e-01
6.096393e-02
-2.499957e-01
-2.487188e-01
1.510018e-02
-3.575458e-01
-7.177433e-02
-2.850739e-02
-2.720414e-01
-1.581256e-02
-1.342127e-01
-2.138992e-01
-2.213171e-01
-1.560450e-01
-1.089113e-01
-2.191209e-01
-2.717255e-01
-4.670391e-02
1.374107e-01
-3.812351e-01
-5.947864e-02
-2.618881e-01
-1.679861e-01
-2.227641e-01
-3.502983e-01
-1.645798e-01
-4.426116e-01
-3.379645e-01
-4.683001e-01
-4.822552e-01
-3.293828e-01
-8.745581e-02
-5.097943e-01
-1.944143e-01
-1.963451e-01
-9.683707e-02
-1.685976e-01
-1.283610e-01
-1.650037e-01
-7.894837e-02
-2.688892e-01
-6.374552e-02
-1.796876e-01
1.119581e-02
-2.895504e-01
-3.471037e-01
-1.931071e-01
-2.627935e-01
-3.507752e-01
-2.784154e-01
1.618398e-02
-2.015949e-01
-1.013518e-01
-2.370686e-01
-1.581952e-01
1.416550e-01
1.990603e-01
-1.903416e-02
