-5.216347e-01
-3.514467e-01
-2.316797e-01
-3.187844e-01
-5.776079e-01
-5.227314e-01
-4.773427e-01
-4.186430e-01
-3.811114e-01
-5.050591e-01
-5.291777e-01
-4.881048e-01
-4.148683e-01
-2.996683e-01
-2.380330e-01
-6.085108e-01
-3.322897e-01
-2.318254e-01
-4.773371e-01
-5.433751e-01
-4.072326e-01
-5.286841e-01
-5.879464e-01
-4.809529e-01
-3.554579e-01
-5.747381e-01
-4.393940e-01
-5.471042e-01
-4.377321e-01
-4.729665e-01
-4.372351e-01
-2.869351e-01
-4.290866e-01
-5.169503e-01
-3.556481e-01
-3.417138e-01
-3.986641e-01
-3.643882e-01
-4.055369e-01
-3.936166e-01
-2.585644e-01
-3.637625e-01
-2.829307e-01
-5.219563e-01
-4.278453e-01
-5.564445e-01
-4.895793e-01
-3.798845e-01
-5.660752e-01
-4.686336e-01
-3.374149e-01
-6.348108e-01
-5.043035e-01
-5.016706e-01
-5.672780e-01
-6.691842e-01
-5.161443e-01
-5.667253e-01
-4.875003e-01
-3.076063e-01
-4.398992e-01
-5.789661e-01
-2.216961e-01
-2.470699e-01
