-1.513142e-01
4.709220e-02
3.890363e-02
1.707765e-02
2.166133e-02
9.048685e-02
-1.837043e-02
-5.308154e-02
1.555430e-02
-6.748483e-02
-1.435754e-01
2.308744e-02
4.235944e-02
-2.163042e-01
-1.421151e-01
-6.735514e-02
-1.688696e-01
-4.786232e-02
-5.898826e-02
-3.254686e-02
-3.775125e-02
-3.298822e-02
4.260237e-02
-2.690571e-01
-3.001287e-01
-6.085974e-02
-1.185223e-02
2.427521e-02
-3.225671e-01
-7.786641e-02
-1.791497e-01
2.739786e-02
4.737773e-03
7.240095e-02
-1.291501e-01
-1.760878e-01
-2.152431e-01
4.418481e-02
-1.168913e-01
-3.202161e-01
-2.367686e-02
-1.086407e-01
-2.017250e-01
-1.470124e-01
-2.029170e-01
6.302446e-02
-6.898579e-02
-1.047741e-01
1.576608e-02
-4.591598e-02
9.945198e-02
-5.019898e-02
8.313549e-02
-5.687664e-02
-2.459862e-01
8.074088e-02
-3.084567e-02
9.027657e-02
6.196193e-03
-2.873007e-02
6.125402e-02
-1.739752e-01
1.099975e-02
4.774176e-02
