2.674659e+00
5.572000e+00
4.515404e+00
6.334984e+00
4.714724e+00
3.840473e+00
6.067344e+00
3.400234e+00
4.169145e+00
4.544965e+00
4.825729e+00
4.281438e+00
4.142678e+00
3.884873e+00
3.076371e+00
6.377388e+00
3.791879e+00
5.444409e+00
3.706193e+00
3.918631e+00
6.826236e+00
4.759552e+00
3.682064e+00
3.478473e+00
4.705115e+00
1.914659e+00
6.983120e+00
4.580230e+00
3.763848e+00
5.242663e+00
4.147354e+00
5.625811e+00
4.470494e+00
6.405209e+00
3.261595e+00
3.424577e+00
4.370255e+00
5.628417e+00
6.374230e+00
5.011946e+00
4.003159e+00
5.328453e+00
5.588762e+00
3.767606e+00
3.630383e+00
3.292794e+00
4.257825e+00
4.491945e+00
4.059999e+00
5.709103e+00
5.209666e+00
3.422910e+00
5.479345e+00
6.732224e+00
5.736607e+00
5.893466e+00
5.596713e+00
4.865230e+00
3.561220e+00
5.013200e+00
3.582733e+00
6.499424e+00
3.241962e+00
5.069253e+00
