1.517514e+00
1.716490e+00
1.707736e+00
1.716659e+00
1.610888e+00
1.285448e+00
1.360297e+00
1.275702e+00
1.224276e+00
1.464883e+00
1.017665e+00
1.458521e+00
1.405997e+00
1.237452e+00
1.215037e+00
1.394767e+00
1.067260e+00
1.137692e+00
1.186299e+00
1.144041e+00
1.497254e+00
1.228820e+00
1.189186e+00
6.151345e-01
8.152239e-01
1.135908e+00
1.483993e+00
1.538559e+00
7.753367e-01
7.839493e-01
1.088268e+00
1.504645e+00
1.757663e+00
1.209288e+00
8.858798e-01
1.186214e+00
1.166814e+00
1.180087e+00
9.310261e-01
9.564059e-01
1.289223e+00
9.478446e-01
1.124491e+00
1.167862e+00
1.316456e+00
1.667949e+00
9.947323e-01
1.205468e+00
1.001345e+00
1.212223e+00
1.320516e+00
1.196575e+00
1.360109e+00
1.319515e+00
1.492064e+00
1.554618e+00
1.344186e+00
1.670124e+00
1.554379e+00
1.904052e+00
1.644340e+00
1.476398e+00
1.492795e+00
1.349843e+00
