5.063969e-01
4.669400e-01
4.879594e-01
5.228197e-01
5.010365e-01
5.402028e-01
6.274077e-01
4.921373e-01
5.089032e-01
5.350838e-01
5.204513e-01
5.635039e-01
5.397065e-01
5.071084e-01
4.796192e-01
4.949901e-01
5.729260e-01
5.015955e-01
5.116588e-01
5.066567e-01
4.891763e-01
5.581188e-01
5.074490e-01
5.313627e-01
5.643356e-01
4.695779e-01
4.238336e-01
5.148054e-01
4.324670e-01
5.557212e-01
5.290622e-01
5.504757e-01
5.021988e-01
4.925545e-01
5.863885e-01
5.494059e-01
5.256793e-01
5.342832e-01
5.223833e-01
5.011339e-01
5.401881e-01
5.544080e-01
5.221704e-01
5.127215e-01
6.006739e-01
5.347397e-01
4.391142e-01
5.071448e-01
5.659811e-01
4.984087e-01
4.870355e-01
5.275889e-01
4.855714e-01
5.190017e-01
5.431762e-01
4.899362e-01
5.411786e-01
5.049933e-01
5.067195e-01
4.987567e-01
5.632214e-01
4.331158e-01
4.759466e-01
5.134654e-01
