4.826857e+00
3.486088e+00
5.750395e+00
4.988315e+00
4.251423e+00
4.891586e+00
5.979478e+00
4.248632e+00
5.071299e+00
5.220047e+00
6.751457e+00
4.194031e+00
3.544513e+00
6.499929e+00
5.071927e+00
5.863471e+00
5.519942e+00
4.744827e+00
5.276855e+00
3.873168e+00
4.141031e+00
3.255429e+00
5.849244e+00
2.823636e+00
3.978428e+00
5.489229e+00
5.526453e+00
4.852810e+00
5.860031e+00
5.318256e+00
3.577754e+00
5.196227e+00
4.547196e+00
3.926758e+00
3.662022e+00
4.833541e+00
4.689517e+00
5.369359e+00
4.304765e+00
4.932422e+00
3.071987e+00
5.975025e+00
3.989539e+00
4.592774e+00
4.239770e+00
4.038517e+00
3.944784e+00
4.076229e+00
4.115300e+00
3.519998e+00
3.916419e+00
4.665010e+00
5.020654e+00
6.380869e+00
4.316145e+00
4.128492e+00
4.679284e+00
2.462676e+00
4.368730e+00
5.617141e+00
5.139774e+00
3.927488e+00
4.292014e+00
5.230860e+00
