9.261298e-01
1.203916e+00
5.529082e-01
7.977472e-01
8.291582e-01
9.658466e-01
3.561166e-01
7.865847e-01
1.068294e+00
6.691189e-01
7.219986e-01
5.802497e-01
6.881825e-01
1.146861e+00
7.870463e-01
6.895899e-01
4.929346e-01
5.972086e-01
6.425747e-01
5.003269e-01
6.153619e-01
4.195923e-01
5.926036e-01
5.537297e-01
5.640115e-01
5.492133e-01
5.849371e-01
4.684181e-01
6.371270e-01
3.956369e-01
5.588645e-01
4.601527e-01
5.761632e-01
3.968698e-01
5.658378e-01
3.982700e-01
5.725962e-01
5.075479e-01
4.736662e-01
6.470115e-01
5.392561e-01
4.664649e-01
7.192722e-01
4.992877e-01
4.795907e-01
8.006686e-01
6.406422e-01
6.530128e-01
8.788568e-01
1.220267e+00
7.001420e-01
6.825241e-01
6.657332e-01
8.427286e-01
1.051570e+00
7.060626e-01
9.791371e-01
7.250013e-01
5.863070e-01
8.431852e-01
8.366452e-01
1.439430e+00
1.178456e+00
9.462360e-01
