-3.622616e-01
-7.898636e-01
5.138222e-01
-8.825769e-01
5.959762e-01
-9.232825e-02
-5.581515e-01
-1.736890e-01
5.338442e-01
-8.540124e-01
5.988023e-01
-8.113549e-01
-5.933867e-01
4.264576e-02
4.660627e-01
-4.107392e-01
2.522974e-01
-5.892975e-01
-1.748352e-01
4.860246e-01
-1.210358e-01
-1.863778e-01
3.961259e-01
-2.682209e-01
5.020370e-01
-1.161175e-01
6.242827e-01
7.336609e-01
5.412238e-01
1.068896e-01
-4.382271e-01
9.323517e-01
-1.133243e+00
4.091870e-01
-5.130857e-01
4.258315e-01
-1.499914e-01
-8.565292e-01
-1.772578e-01
-7.307531e-01
5.194681e-01
6.418647e-01
-8.312569e-02
-1.712762e-01
6.115952e-01
9.344910e-01
-3.536543e-01
6.383009e-03
2.077357e-01
-5.844619e-01
7.199353e-01
1.935745e-01
-5.729445e-01
5.429487e-01
-1.090071e-01
-8.561277e-01
-4.010020e-02
1.494024e-01
-6.345460e-01
-7.447420e-01
7.797261e-01
1.594485e-01
6.929771e-01
-7.823503e-02
-1.992217e-01
-6.374893e-01
-9.665008e-01
7.862831e-01
-5.436312e-01
-5.304751e-01
1.938752e-01
-6.794370e-01
-4.664648e-01
-3.558060e-01
3.669079e-01
5.370285e-01
-4.902252e-01
-1.156603e-01
3.432635e-01
1.070426e+00
4.141977e-01
6.264126e-02
7.093327e-01
-4.124842e-01
-4.413108e-01
-3.594111e-01
-5.036576e-01
-3.349301e-01
-2.393426e-01
6.390901e-01
-8.517054e-02
6.479542e-01
1.482314e-01
1.496337e-01
2.949376e-01
-2.570988e-01
-6.930336e-01
-1.388540e-01
-3.158911e-01
3.328156e-02
-3.551026e-01
-3.764318e-01
4.171694e-01
5.084352e-01
-3.477007e-01
-3.144828e-01
4.281118e-01
-2.355669e-01
-5.010555e-01
8.216283e-01
1.945063e-01
9.156387e-01
2.897147e-01
3.465249e-01
-2.665690e-01
2.420655e-01
2.359641e-01
4.518787e-01
-6.473352e-01
-4.753846e-01
1.967757e-02
-6.348991e-01
1.007708e+00
8.134071e-01
8.870025e-01
7.878886e-01
-7.922452e-01
-1.077073e-01
8.570868e-01
5.774170e-01
8.005171e-01
-5.900405e-01
6.424193e-01
6.022538e-01
7.628977e-01
-3.460187e-01
-7.797248e-01
4.368956e-01
-1.679172e-01
6.017962e-01
-2.992108e-01
9.063430e-01
-4.372662e-01
-1.651168e-01
4.006895e-01
-6.340854e-01
4.793629e-01
-1.943509e-01
-4.778973e-01
-5.472754e-01
4.912660e-01
1.203469e-01
2.888688e-01
1.467618e-01
-6.011065e-01
4.924375e-01
-3.618637e-01
-3.069892e-01
4.398263e-01
7.985651e-01
3.657577e-01
5.269505e-01
2.549908e-01
-2.964241e-01
-8.024759e-01
7.080660e-01
-1.995684e-01
3.611216e-01
6.527090e-01
7.382096e-01
4.653559e-02
-3.538817e-01
-5.732039e-01
-8.098674e-01
-2.395088e-01
5.113609e-01
1.802063e-01
-3.781990e-01
-5.496403e-01
-5.542874e-01
-4.507501e-01
-6.916739e-02
-3.527624e-01
8.403516e-01
-8.305654e-01
-6.624233e-01
-3.973747e-01
-9.249625e-01
-1.862977e-01
-7.089340e-01
3.591195e-01
-2.182178e-01
-5.300090e-01
6.960593e-01
1.714952e-01
2.573701e-01
-4.849448e-01
9.611335e-02
-4.543454e-01
-5.431429e-01
6.541694e-01
9.827116e-01
5.277895e-01
-1.620631e-01
2.682251e-01
7.732376e-01
-7.331561e-01
-5.362652e-01
2.030771e-01
7.075737e-01
5.942784e-01
3.827138e-01
7.439343e-01
5.561936e-01
3.976143e-01
1.124387e-01
-2.543021e-01
-2.421276e-01
-2.906798e-01
-8.568049e-01
-8.256400e-02
-5.182061e-01
-3.578576e-01
-9.523638e-01
-3.025355e-01
3.949432e-01
-9.703577e-02
-2.333889e-01
1.978458e-01
-2.404204e-01
4.771343e-01
2.623191e-01
-6.075400e-01
3.734600e-01
-6.442719e-01
5.333238e-01
8.308195e-01
7.587655e-02
2.091303e-01
-2.705037e-01
5.827916e-01
7.146963e-01
4.545919e-01
-8.690044e-02
5.089125e-01
-3.565321e-01
-5.405775e-01
6.392477e-01
8.393215e-01
-9.718388e-01
-2.949420e-01
-4.062542e-01
-4.186411e-01
-3.578049e-01
-1.828355e-01
-6.442261e-01
-8.065790e-01
4.085389e-01
-7.883193e-01
-4.433456e-01
7.723950e-01
6.990988e-01
-4.603499e-01
2.416650e-01
1.729664e-02
6.962481e-01
-1.297326e-01
3.678795e-01
7.369304e-01
-8.328868e-02
5.566753e-01
-3.923400e-01
-6.756853e-01
-3.997283e-02
-1.628827e-01
3.430460e-01
-6.960276e-01
-6.356454e-01
6.087106e-01
-1.427020e-01
-2.630401e-01
-5.200659e-01
6.432462e-01
-6.624110e-01
-1.519568e-01
3.582989e-01
-3.132941e-01
2.143994e-01
2.464629e-01
-5.130553e-01
4.685367e-01
-3.637964e-01
4.717506e-01
8.107982e-01
-2.913514e-01
6.417727e-02
-6.068744e-01
-6.965827e-01
3.605461e-02
6.631645e-01
3.993082e-01
-7.384965e-01
-7.423419e-01
4.778524e-01
1.388750e-01
-4.179864e-01
-6.915357e-01
-4.385959e-01
6.777338e-01
1.155892e+00
-1.194246e-01
-7.482453e-02
-3.701279e-01
8.553756e-01
-4.256163e-01
1.089368e+00
-7.774430e-01
-2.643229e-01
2.734951e-01
-1.927148e-01
-1.641826e-01
1.253891e+00
-3.694844e-01
-5.392321e-01
2.241936e-01
-7.276379e-01
7.838929e-01
6.415301e-01
7.197735e-01
-4.693091e-01
-7.244109e-01
-7.076840e-01
-4.269023e-01
-4.803217e-01
-3.555301e-01
3.512588e-01
-2.898005e-01
2.941154e-01
-3.783175e-01
6.768955e-01
3.253710e-01
-4.501587e-01
-5.634108e-01
4.607967e-01
-3.769785e-01
7.641035e-01
-6.750399e-01
-6.252050e-01
-1.619809e-01
-1.306408e-01
-4.277733e-01
-8.506930e-01
7.143998e-01
5.991120e-01
4.364468e-01
-1.398582e-01
4.039675e-01
4.052965e-01
-1.235759e-01
1.141971e-03
3.674919e-01
-3.683920e-02
7.471085e-01
-5.495805e-01
-2.301648e-01
-6.576027e-01
2.392064e-01
-4.061781e-01
5.457375e-01
3.542642e-01
3.771078e-01
8.846433e-01
5.859429e-01
-1.475400e-01
9.303127e-01
-3.242995e-01
9.849109e-01
-2.966498e-01
-1.445438e-01
4.704725e-01
-5.112710e-01
-3.096184e-01
4.917853e-01
-8.598006e-01
2.752214e-03
-8.433824e-01
6.782724e-01
1.078316e+00
-8.052918e-01
8.580239e-01
-1.856264e-01
6.047742e-01
3.248041e-01
-3.408653e-01
-2.424700e-01
4.423031e-02
-3.243673e-01
-5.247580e-01
5.291151e-01
-2.536432e-01
-5.007674e-02
1.928116e-01
3.415275e-01
-4.086048e-01
-7.171298e-01
4.711840e-01
5.075099e-01
-4.328397e-01
-3.086841e-01
-2.642716e-01
4.659747e-01
6.801661e-01
-7.921867e-02
-4.872922e-01
-1.846748e-01
-7.570510e-01
6.992401e-01
5.438079e-01
5.814189e-01
9.131573e-01
7.150413e-01
6.257353e-01
-5.174860e-01
-1.969142e-01
4.106794e-01
-2.690248e-01
4.576269e-01
-1.672469e-01
-4.869413e-01
-5.348719e-01
5.102884e-01
-3.610370e-01
-6.300040e-01
8.121916e-01
-5.270332e-01
-2.572835e-01
-4.943455e-01
-4.257598e-01
-2.579320e-01
3.581813e-01
3.729782e-01
-2.088584e-01
-2.591906e-01
-6.065260e-01
-6.735090e-01
-3.596223e-01
-4.919740e-01
6.481699e-01
1.159267e+00
7.191053e-01
-3.011524e-01
-2.761067e-01
7.401371e-01
-5.466151e-01
-1.022177e-01
-4.827718e-01
-2.141334e-02
4.418532e-01
-2.686655e-01
-1.293975e-01
-3.222734e-01
-1.439693e-01
-1.682182e-02
-4.491854e-01
4.333793e-01
-5.686505e-01
-2.257776e-01
-4.239742e-01
8.645513e-01
3.666950e-01
-5.177255e-01
3.934820e-02
-1.868639e-01
-3.734571e-01
-4.459658e-01
-5.131028e-01
4.837407e-01
5.143875e-02
-1.067580e-01
1.361027e-01
1.194672e+00
-4.922102e-01
-3.919728e-01
4.959255e-01
-1.005818e-01
-1.950248e-01
2.898203e-01
1.896656e-01
-1.690411e-01
-1.335428e-01
-4.050216e-01
8.065099e-01
-4.567884e-04
-5.532224e-01
-3.153224e-01
-2.215040e-01
-4.135090e-01
-2.496223e-01
4.112894e-01
6.477965e-01
-5.244546e-01
-4.294233e-01
-1.158628e-01
-5.006479e-01
-2.128183e-01
1.002821e+00
1.104179e-02
9.794412e-01
-6.715292e-01
9.954160e-01
-6.194189e-01
7.031359e-01
-1.342163e-01
-7.635121e-01
-6.157087e-01
-2.555859e-01
-6.377600e-01
-3.022420e-01
4.662641e-01
1.679390e-01
-5.924314e-01
-3.111033e-01
2.194351e-01
-5.769074e-01
7.967268e-01
-1.293814e-01
-3.134844e-01
-2.601432e-01
-3.394631e-01
7.217492e-01
-4.401591e-01
-5.870187e-01
-1.598610e-01
5.595041e-01
-3.778523e-01
2.299677e-01
6.489995e-01
-5.487981e-01
8.638468e-01
6.706143e-02
-1.533500e-01
4.388323e-01
5.267550e-01
5.371817e-01
-3.956992e-01
-7.930877e-01
-3.007074e-01
-5.180877e-01
-2.514524e-01
-6.433452e-01
-3.348367e-01
-1.869865e-01
2.315420e-01
-1.082289e-01
-1.940746e-01
-3.703738e-01
-4.487996e-01
8.705646e-01
5.762163e-01
-1.248692e-01
-4.605963e-01
3.541755e-03
3.754827e-01
-1.314279e-01
-5.387866e-01
-3.182480e-01
7.737196e-02
9.491710e-01
-4.512156e-01
5.571242e-01
1.398343e+00
-1.497663e-01
5.209823e-01
-8.555835e-01
9.494489e-01
6.342424e-01
1.825573e-01
-5.968052e-01
8.834124e-01
8.534657e-01
-5.155623e-01
-5.512392e-02
-4.445920e-01
5.792797e-01
-3.735557e-01
-2.236990e-01
-1.619251e-01
8.379855e-01
6.534181e-01
-2.351699e-01
-5.095251e-02
1.046392e+00
-3.696348e-01
-1.509867e-01
-7.493155e-01
1.458371e-01
6.881357e-01
2.206163e-01
-4.323533e-01
2.254024e-01
1.921808e-01
5.061060e-01
-5.042560e-01
4.361600e-02
-1.738712e-01
3.522111e-01
5.623722e-01
1.956647e-01
-6.968687e-01
-5.509974e-01
-1.172518e-01
-3.116844e-01
-1.303632e-01
-2.263934e-01
4.601131e-01
-2.674138e-01
-4.464210e-01
-1.911314e-01
-3.826948e-01
-1.688972e-01
3.996022e-01
5.944604e-01
-9.900101e-02
-5.245454e-01
-4.323485e-01
-6.121483e-01
-2.933744e-01
-4.982176e-01
5.776398e-01
-4.034023e-01
1.146329e+00
-5.465361e-01
-3.227992e-01
2.065674e-01
-2.664178e-01
-5.191711e-01
1.050468e+00
9.025324e-01
-6.791244e-01
9.843607e-02
