1.134766e+00
1.189726e+00
1.023309e+00
9.543727e-01
9.703574e-01
1.068130e+00
9.730489e-01
1.091745e+00
1.052869e+00
9.791061e-01
9.732017e-01
9.859300e-01
1.048136e+00
1.154032e+00
9.973302e-01
1.028567e+00
8.765373e-01
8.077091e-01
7.626680e-01
4.956028e-01
8.053640e-01
1.013057e+00
7.027436e-01
7.625792e-01
8.668031e-01
8.672596e-01
4.628420e-01
9.043131e-01
9.231727e-01
8.263505e-01
8.870490e-01
8.698693e-01
6.983871e-01
8.303910e-01
9.071751e-01
8.308451e-01
7.526708e-01
7.250055e-01
6.375954e-01
8.418550e-01
6.291735e-01
7.937475e-01
6.302396e-01
8.231732e-01
9.099245e-01
4.787068e-01
6.685602e-01
7.495568e-01
9.514968e-01
1.052404e+00
1.124658e+00
1.027303e+00
1.007325e+00
1.022560e+00
1.170162e+00
1.030966e+00
1.085299e+00
1.088377e+00
9.773863e-01
9.849985e-01
1.061664e+00
1.027205e+00
1.051273e+00
1.071878e+00
