-5.834629e-01
-4.132610e-01
-5.085341e-01
-5.194170e-01
-6.778696e-01
-6.441290e-01
-7.701067e-01
-2.000162e-01
-5.886012e-01
-5.981686e-01
-3.907696e-01
2.580002e-01
-5.295330e-01
-5.796139e-01
-4.738618e-01
-5.028451e-01
-5.668408e-01
-7.574778e-01
-3.320284e-01
-5.480842e-01
-8.105196e-01
-2.761008e-01
-6.174148e-01
-5.519543e-01
-6.008289e-01
-2.143270e-01
-4.680929e-01
-5.932128e-01
-4.947515e-01
-3.575788e-01
-5.028583e-01
-4.423077e-01
-5.086304e-01
-3.947512e-01
-2.433571e-01
-4.511626e-01
-8.866299e-01
-7.376140e-01
-5.826818e-01
-9.251959e-01
-5.149715e-01
-6.160261e-01
-4.759704e-01
-7.501473e-01
-3.051246e-01
-2.406731e-01
-6.639065e-01
-5.557362e-01
-3.935028e-01
-6.628028e-01
-1.271660e-01
-3.914675e-01
-6.196195e-01
-4.437274e-01
-5.859566e-01
-3.436952e-01
-6.768782e-01
-7.761081e-01
-7.195761e-01
-5.022128e-01
-6.942673e-01
-2.578506e-01
-7.327712e-01
-4.376084e-01
