3.269761e+00
4.283420e+00
6.488243e+00
5.491509e+00
4.788711e+00
4.555562e+00
3.893617e+00
4.180842e+00
3.610996e+00
4.711655e+00
3.274525e+00
5.262089e+00
4.073792e+00
4.489050e+00
3.194618e+00
4.948493e+00
4.345933e+00
4.479558e+00
2.822319e+00
3.534091e+00
2.798811e+00
4.027352e+00
6.216636e+00
3.575504e+00
4.287940e+00
4.305640e+00
4.402044e+00
2.843811e+00
4.206399e+00
2.987492e+00
3.338032e+00
3.177994e+00
3.198154e+00
5.776732e+00
6.530883e+00
2.907857e+00
2.606404e+00
5.757998e+00
3.074403e+00
4.138509e+00
3.832315e+00
4.517442e+00
4.548615e+00
6.549919e+00
2.821533e+00
4.092483e+00
5.305435e+00
4.121207e+00
3.751823e+00
3.720145e+00
3.975862e+00
3.535576e+00
3.766556e+00
4.643569e+00
5.890224e+00
3.392364e+00
5.463447e+00
5.102876e+00
3.399692e+00
5.520302e+00
3.016783e+00
3.874090e+00
7.519907e+00
2.886701e+00
