32 16 3
0.02335578
0.1651607
0.001281596
-0.0872933
-0.007138236
-0.101005
0.03495324
0.06230458
-0.01664855
0.06427203
0.1551031
0.2888345
-0.0416412
0.01655337
0.05835798
-0.2819454
-0.2632428
-0.1220264
-0.002012545
0.0008126483
-0.04971705
0.1114836
0.1602627
0.1373743
0.09091634
0.1359181
0.1026013
0.05390333
-0.09528235
-0.03502376
0.05743108
-0.03142631
0.07459642
-0.03520919
-0.04589082
0.04703012
0.08466958
0.07236311
0.04067674
0.1164616
-0.05511655
0.0246099
0.2940674
0.1111232
0.09320532
0.140867
0.1274519
-0.06395496
0.1528533
0.1970728
-0.0009443712
0.1353785
0.1316408
-0.01888125
0.1201531
0.09730386
-0.1125917
0.09000583
0.09337954
-0.02161307
0.02956971
0.01267983
-0.05438081
-0.06150423
0.0628358
0.2821232
0.1375864
0.3080158
0.3596318
0.1187296
0.3090928
0.2854521
0.07231909
-0.02678423
0.001931184
0.007028333
-0.05930424
0.005436345
-0.1790164
-0.1207773
-0.0115348
-0.01284851
0.09925979
0.1986099
0.02238286
0.1163346
0.1142741
0.06414735
0.04682443
-0.005189253
-0.05259169
-0.07550731
-0.1223258
0.09521993
0.05234604
0.04051726
0.2893953
0.2484971
0.1605502
-0.1343476
-0.01780036
0.04883055
0.1049258
0.2659183
0.325265
0.2723864
0.4247332
0.270145
-0.02906634
-0.08819868
-0.2903953
0.03743241
-0.03813761
-0.1775268
0.09168091
0.07347121
-0.09799957
-0.01084315
-0.06985105
0.01010365
-0.00487322
-0.155836
-0.02578881
0.04393209
-0.04705003
-0.01422861
0.003837965
-0.02216691
-0.04900412
0.1305739
0.04672266
0.06094439
0.1216173
0.06227387
-0.01051485
-0.02815874
-0.2705703
-0.09696029
-0.2090284
-0.3777398
-0.1582357
-0.09654241
-0.06677766
0.001091134
0.04263037
-0.02047032
-0.04069383
-0.06173821
-0.05890076
-0.1534339
-0.1044724
-0.1678372
-0.163507
0.06136375
0.1067522
0.1427492
-0.02849433
-0.0304386
0.1098601
-0.1319994
-0.1724725
-0.08675326
-0.1394322
-0.1722399
-0.1076815
-0.1035374
-0.1678023
-0.2115541
-0.06993619
-0.232255
-0.2791962
0.06176911
0.1143519
-0.008148699
0.1586273
0.2601134
0.008625421
0.05658731
0.1759027
0.02520064
-0.2053159
-0.1424772
-0.2008303
-0.1611805
-0.03494141
-0.1626686
-0.01947252
-0.1797507
-0.05772078
-0.05147368
-0.2599699
-0.2545074
0.0136552
-0.2660814
-0.2758653
-0.0398769
-0.1552966
-0.3037602
-0.1271857
-0.0631663
-0.05974827
-0.1592986
-0.09072424
-0.1427736
-0.07445825
-0.1663631
-0.1178379
0.09744214
0.0311762
-0.0703202
0.1082547
-0.2031404
-0.03657389
0.02419911
-0.1011996
-0.0717516
-0.1378176
-0.163007
-0.04028434
-0.06083274
-0.1285909
-0.08637267
-0.1060722
-0.2541284
-0.2132823
-0.2119525
-0.2098755
-0.04012094
-0.2049375
-0.0268566
0.0002640093
-0.07690555
0.05203116
0.06094026
0.0253895
-0.1162749
-0.05730396
0.02037138
-0.1154503
-0.1410227
0.1019323
-0.0376124
-0.02034057
-0.07772993
-0.2321587
-0.2008886
-0.2378677
-0.2002268
-0.2448777
-0.2005192
-0.2617324
-0.2415396
-0.03686864
0.0290729
-0.08352621
-0.08211878
-0.001166327
-0.105964
-0.2326271
-0.1867443
-0.1197801
0.02628055
0.1059563
0.02784083
0.005933881
0.1122662
0.03711266
0.04503324
0.03896538
0.02124289
-0.1857206
-0.2027416
-0.1932327
-0.08383661
-0.1688395
-0.187702
0.01708624
-0.05627092
-0.1258781
0.1138295
0.1093078
-0.01493751
0.0857258
0.09871016
0.1011502
0.1251999
0.2473999
0.08421202
-0.006369751
-0.003451907
0.07177228
0.05648006
0.01136411
0.1899128
0.1901005
0.2114369
0.2549347
-0.1239202
-0.07322522
-0.09443998
-0.1945441
-0.09559662
-0.1885807
-0.1819303
-0.1719584
-0.02964466
-0.2118669
-0.1620571
-0.07126728
-0.08160448
-0.0033618
0.02030589
-0.1062234
-0.07826549
-0.04311283
-0.09509791
-0.07491194
0.01938448
0.002193403
0.1125721
0.3014974
0.2408116
0.2607923
0.1818223
-0.2627665
-0.229601
-0.08712479
-0.0758468
-0.1068687
-0.07789022
0.02095795
0.02685014
0.04835472
0.2164225
0.03332056
-0.02362524
0.02927583
-0.06811935
-0.1269313
-0.1870575
-0.2626075
-0.1545463
0.1036046
0.04287631
-0.07906923
0.007424321
-0.1813281
-0.1670521
-0.05298261
-0.1567599
-0.09320578
0.008022521
0.0977187
0.102683
0.06934743
0.1528567
0.005305287
-0.1133675
-0.1228099
-0.1400493
-0.1150418
-0.01069249
-0.009357829
0.06727864
0.03952797
0.000162911
0.07778482
0.03781443
-0.008079719
0.03158617
0.0578271
0.05340253
0.04279922
0.09907251
0.3094458
0.1190476
0.2690971
0.3385972
0.212324
0.0714968
0.01418765
0.128563
0.06234811
-0.01959532
0.03296116
-0.06487966
-0.09089362
-0.09397705
-0.02346151
-0.0967204
0.1176804
0.1114384
0.0135626
0.03127411
-0.01935294
-0.05066979
0.1909192
0.09321148
0.04890876
0.2266028
-0.0262261
-0.0254005
0.2245684
0.06764805
-0.0110607
-0.1408801
-0.1549606
-0.02666511
-0.1423947
-0.1056626
0.0502205
-0.05767826
0.03301009
0.02022167
0.01120225
0.02174304
-0.06250514
-0.02923086
-0.05014746
-0.1212221
-0.09826817
-0.1216095
-0.1980234
0.07651927
0.0839538
0.000552888
0.0602258
0.001474962
-0.1919644
-0.04726531
-0.04222609
-0.1114296
0.1472421
0.06864281
0.06095848
-0.01625774
-0.07224682
-0.02261857
-0.06103808
-0.2658018
-0.3075562
0.1294964
0.1801486
0.07202164
-0.1271283
0.1166429
0.08030892
-0.2508368
-0.08886654
0.02108994
0.009599726
0.08260932
0.1001901
-0.137433
0.01443528
0.07629786
-0.1532973
-0.1100351
-0.1088918
0.0431435
0.2144626
0.2113608
-0.2692062
-0.1956782
0.2272657
-0.2691057
-0.1536877
-0.06558014
-0.05205618
0.1289047
0.01162921
-0.06174771
0.08430877
0.1874877
-0.09752036
-0.1298593
0.00664792
0.1491199
0.02207906
-0.2421849
0.1177844
0.1083947
0.1462776
-0.023151
0.1380622
0.05278162
0.06100646
0.0532626
0.003340021
0.0928786
0.1703795
0.1357594
-0.02253182
0.0436849
0.1234187
-0.2258961
-0.2382533
-0.09924013
0.03981037
-0.1359004
-0.2133712
0.4731983
0.4662847
0.07264058
-0.2444898
-0.1759568
0.122974
-0.1142308
-0.148715
-0.1006204
0.1313072
0.1921695
-0.001960914
-0.008207275
0.0002764227
0.05194878
0.03485135
0.09451912
-0.04270782
-0.09822583
-0.09766158
-0.05599023
-0.01819287
-0.03699952
-0.1853999
0.1314011
0.06987069
-0.03980944
0.007801747
0.04691654
-0.1067912
0.1087329
0.07166284
0.06597366
-0.03930055
-0.1352075
-0.01535645
0.006544369
-0.04940741
-0.02232062
-0.04756482
-0.08698425
-0.1964718
0.1241015
0.0691162
-0.04942334
0.2035516
0.2815981
0.1069444
0.0721876
-0.0920337
-0.1356751
0.2038148
0.08738671
-0.08375549
0.1638645
0.2585211
0.08060785
0.07379655
0.08264269
0.05378734
0.008544774
0.00556973
-0.01465806
0.1423553
0.03921372
-0.009352789
-0.1431864
-0.1442596
-0.1478943
0.1192725
0.0001269313
-0.1830285
0.2634177
0.2268447
0.03987127
0.1303366
0.03062138
0.04973989
0.2517464
0.06238417
0.08071562
0.2543505
0.2383947
0.07537447
0.08099872
0.1879666
0.1326715
0.09230722
0.10653
0.150078
0.1163702
0.179596
0.1283914
0.032707
0.08308017
0.2049435
-0.04149813
-0.02173195
0.1875763
-0.08263546
-0.01426383
0.07039634
0.1911001
0.2012333
0.1677345
0.03715811
-0.04578701
0.07684362
-0.03478944
-0.03551376
-0.08309171
-0.07102646
0.06423166
0.1403258
-0.07986743
0.02693625
0.2194611
-0.1176864
-0.1639155
0.03280991
0.1247973
0.2711808
0.1459656
0.1077016
0.1329796
0.08710003
0.02431593
0.09278119
0.005934409
0.05949765
0.02965642
0.1555498
-0.06057476
-0.138138
-0.005286427
-0.02088983
-0.0193094
-0.01256022
-7.493835e-05
0.03387638
-0.08404916
0.06358399
0.04982473
0.02321146
-0.07957581
-0.03722087
0.02742813
-0.2367491
-0.1065938
-0.0159621
-0.1520331
-0.09198937
-0.051734
-0.07875305
-0.04093035
-0.03422869
-0.1764738
-0.2181733
-0.1240611
-0.08231678
-0.1482708
-0.1645399
0.0387559
-0.07075821
-0.1340943
0.1397168
0.1200123
0.0106468
0.1867678
0.07086877
0.03808949
0.1062223
0.05208629
-0.009567893
0.06471271
-0.06829033
0.02007478
-0.03376857
-0.1102888
-0.02970196
-0.04139886
-0.1160886
-0.09857026
0.1219515
0.2039817
0.07997939
0.06879891
0.1451046
0.1746056
-0.06404451
0.08748221
0.1041625
-0.05282336
-0.04989252
-0.03175507
-0.1120463
-0.06376469
-0.05955537
-0.1451991
-0.1410601
-0.1932261
-0.09161954
-0.02774291
0.02899354
-0.07091296
-0.08326271
-0.09163554
-0.08938088
-0.1151465
-0.1788042
0.0685114
0.1702482
0.007358865
0.2062239
0.1269075
0.138869
0.04271232
0.01772057
0.1799062
-0.1611891
-0.2147125
-0.1778924
-0.1480419
-0.1361395
-0.04522383
-0.07635096
0.05625211
0.09454825
0.1728736
0.1362358
0.1108269
0.02353636
0.1263815
0.01722283
0.00332502
-0.02469935
0.001486248
0.05951248
0.07802557
0.1177545
0.05303192
0.04491155
0.09924092
-0.04483763
-0.002841084
0.006740598
-0.1513261
-0.201561
-0.1054425
-0.243231
-0.3072822
-0.280984
-0.1122105
-0.204607
-0.1743099
0.05923855
0.1626156
0.04631365
0.06281827
-0.1073037
-0.03399571
-0.09974787
-0.1001998
-0.3221997
0.155301
0.1419508
0.1010932
0.1411237
0.1291294
0.06540156
-0.03933463
-0.1328849
-0.2077558
0.03827
-0.06625468
-0.101775
0.03230454
-0.05029113
-0.0257013
0.0945676
0.1608259
0.1328688
0.06702217
0.1041131
0.01831457
0.0624247
0.004432927
-0.002521487
0.06863683
-0.03331051
0.01904163
-0.1139378
-0.1298872
-0.1737259
-0.08885727
-0.07826726
-0.0844311
0.1034997
0.2291285
0.1622274
-0.06020016
0.08599148
0.188313
-0.04191591
0.02494171
0.1069928
-0.01940964
-0.01677138
0.06871927
-0.006441256
0.002609904
-0.01244585
0.04976154
-0.006039955
-0.0409818
-0.038678
-0.009778052
-0.07237747
-0.06388815
-0.01770467
0.07379295
-0.1561453
-0.1662732
0.03180234
-0.03189398
0.1152988
0.1331401
0.02528009
-0.03917983
0.05125906
0.09293813
0.05779178
0.1974811
0.3612022
0.4256283
0.3927777
-0.1285561
-0.05516247
0.01063498
0.02531147
0.09447764
0.224886
0.1886157
0.3420885
0.4170081
0.04042877
0.01737723
-0.05362801
0.114503
0.02521298
-0.04043926
0.1113944
0.01210486
-0.101001
0.04363602
0.07996105
0.04547198
-0.05426664
0.04363038
0.04574173
-0.05475773
-0.01994259
-0.01626679
-0.06792123
-0.1060442
-0.1807687
-0.3052704
-0.1650888
-0.2990195
-0.2996816
-0.3183232
-0.1943317
-0.07203066
-0.02162891
0.09258158
-0.1749257
-0.03006884
0.01765595
-0.2093787
-0.1677076
-0.1107983
0.1862866
-0.04909881
-0.181079
0.06731666
-0.1124839
-0.3056928
-0.04392708
-0.2250399
-0.3381147
-0.08998846
-0.2186
-0.220555
-0.1061288
-0.1774931
-0.2927705
0.1177028
-0.02770532
-0.0114729
-0.06027536
-0.1413596
-0.01273242
-0.04051116
-0.01230205
-0.09121408
0.1024611
-0.04980192
-0.07017978
0.09235951
0.03914319
0.1182992
0.06477094
-0.1059164
0.06901655
0.06120618
-0.115589
-0.06517997
0.06775586
0.08290602
0.08211517
-0.00581773
0.05908822
-0.01151561
0.09450287
-0.002524287
-0.03190912
-0.06453764
-0.126712
-0.02476713
0.04487845
-0.0953254
0.1539587
-0.05313557
0.06295351
0.1853684
-0.02172738
-0.1972701
-0.2347355
0.02586219
-0.126513
-0.1251727
-0.1847615
-0.2094887
-0.1237302
0.01539363
-0.08042844
-0.1454308
-0.0759939
-0.1051515
-0.04054478
-0.1958059
-0.1031692
0.1074757
-0.01991968
0.04572004
0.02806246
-0.1038597
-0.02047906
-0.03691403
-0.1354389
-0.1387215
-0.08074545
0.1119643
0.004839811
-0.1373625
0.05945523
-0.01651274
-0.1213994
0.08088845
0.03248644
-0.02602231
-0.1733427
-0.06978196
-0.01276933
0.01908337
0.1646891
0.1141957
0.1872475
0.1256633
0.03853446
-0.003977511
-0.1099975
-0.1287882
-0.07167446
-0.03263123
-0.2481078
-0.04244756
-0.05082462
-0.09629583
0.0314588
0.02936098
0.08097203
0.05338902
0.01387504
0.008672174
-0.005236673
-0.02690119
-0.09742028
-0.05862558
0.09252273
0.09416914
0.1041546
0.2351204
0.1108106
0.04121792
-0.00180933
-0.02584408
-0.09828591
-0.1358148
-0.1739964
0.1416569
0.02578034
0.009460684
0.2157959
0.08376134
-0.03319132
-0.02243567
0.003050579
-0.06464821
0.03237493
0.09748194
-0.02697722
0.05748083
0.06037684
-0.03816353
-0.241475
-0.1559569
-0.1616385
-0.04957903
0.00218068
-0.0990314
0.02265192
-0.06331713
-0.192839
0.02402292
-0.09949219
-0.04835581
0.08300332
-0.1973573
-0.1230367
0.0158949
0.09961318
-0.09491669
0.128254
0.1712303
0.08155584
-0.05517912
0.05069179
-0.00280813
-0.01812633
-0.02356264
-0.0896868
-0.200065
0.1191774
0.1068434
-0.2061037
-0.04690024
0.1469911
-0.04439003
-0.1503506
-0.04031959
0.07790437
0.2260151
0.2107179
-0.1199048
0.147473
0.2424528
-0.09184062
-0.004589428
0.1652429
0.2282775
-0.09089188
-0.2339578
0.2842242
0.2211948
0.1250896
-0.1732621
0.1866731
0.3487251
0.1890104
0.09895934
-0.007427797
0.01530899
0.2103108
0.1481311
-0.2116547
-0.07456544
0.07774628
-0.06007147
-0.1152325
-0.1276706
-0.1668007
0.03229254
-0.1488797
-0.1019174
-0.1012168
-0.08452801
-0.05587701
0.0152261
0.01093913
0.03334543
0.0263222
0.09553418
0.1240367
-0.1872968
-0.1597963
-0.07786918
-0.1403701
-0.08195393
-0.005399062
-0.06493868
-0.09067233
-0.07533775
-0.06722624
-0.1398439
0.07164451
0.1890114
0.103926
0.05854991
0.2308615
0.297652
-0.2419107
0.01254672
0.1664259
0.05911871
0.1725073
0.1202057
0.02357581
0.2972414
0.281038
-0.2247939
-0.05927941
0.08595832
-0.006089982
0.1287636
0.0816551
-0.0422617
0.1205974
0.1122506
-0.0956316
-0.04373826
-0.06945509
0.04415865
-0.03186395
-0.1995573
0.2818667
0.3215583
-0.02698165
-0.0669826
0.2031433
0.09129097
0.07822834
-0.03074299
-0.05954352
0.07226665
-0.04559391
-0.03504208
-0.03028083
0.01074569
0.06233755
0.05966473
-0.2218471
-0.07512244
-0.1392426
-0.03424692
0.05636671
-0.03063559
0.07729624
0.04948778
0.05959709
-0.003300523
-0.05536091
-0.08949445
-0.123804
-0.01589542
-0.1101881
-0.01196517
0.09368802
-0.3170525
-0.2921295
0.178791
-0.3273115
0.4689083
0.2639514
0.07608432
0.2998815
-0.09270473
0.3189006
-0.1624199
-0.1409432
-0.1147956
-0.1874299
0.2764327
-0.1649299
0.2111758
-0.03376703
0.04784373
-0.04593911
0.03649243
-0.02269628
-0.1115947
0.004660553
-0.1741503
-0.05070606
0.04768687
0.02141295
0.07005612
-0.08833981
0.1124194
-0.002360256
-0.2541453
0.006930839
-0.1506082
-0.01202051
-0.08323798
0.003343329
-0.02394524
-0.02519191
0.07569148
0.005105916
0.1958558
-0.04846429
-0.05321122
0.1365729
-0.1365022
-0.09389538
-0.003087032
-0.1425749
-0.01268779
-0.04870194
-0.08062598
0.03971564
0.16643
0.2350868
0.0120969
0.1515688
-0.1137118
-0.003537741
-0.04660829
-0.1779851
-0.003057299
-0.06214543
-0.03320374
0.084833
-0.07844198
-0.05139667
0.01963468
-0.1228863
-0.1368982
-0.06128426
0.1757178
0.1297832
0.00477598
0.07200281
-0.1090563
-0.153401
-0.1413696
-0.2039271
-0.06705449
-0.05171091
0.009227012
0.0440852
0.0804213
0.05817081
0.007088634
-0.0724951
-0.1065573
0.09043691
-0.1006595
-0.02886137
0.001309571
0.01267495
0.1228775
0.04478119
0.08619367
0.1147314
-0.06740304
-0.03164356
0.00780138
0.05242991
-0.02524927
0.05574922
0.07100215
-0.03154527
0.07809062
-0.001786182
0.3108411
0.3169582
-0.1563469
0.4008435
-0.4582541
0.07688819
-0.0998296
0.0175375
0.1523647
-0.01563411
-0.003345619
0.03254367
0.001176282
0.0816321
0.0331964
0.04276111
0.08572503
0.01377831
-0.03375284
-0.02449786
0.08849642
-0.003460703
-0.09239029
0.139048
-0.05924328
-0.07100347
0.01886029
0.1326254
-0.04682764
-0.02376938
0.1347083
-0.1157158
-0.05568644
0.06754769
-0.0984237
-0.07754662
-0.2083235
0.1906814
-0.003713089
-0.2409204
0.3032352
-0.1393237
-0.1318743
0.1276828
-0.178701
0.09142591
-0.2949613
0.06464732
0.2834878
-0.605522
0.3495577
0.372508
-0.4488753
0.2877196
0.008915069
-0.09057037
-0.06797051
0.0924165
-0.04154243
0.03490127
0.06516662
-0.06158403
-0.02413822
-0.1384609
0.09915422
-0.1088186
-0.1304201
0.2399777
-0.1161342
-0.1181755
0.04108504
-0.1216337
0.09257834
-0.1450197
-0.01600568
0.09580616
-0.09423298
0.03616117
-0.05134028
-0.06037383
-0.07223729
-0.04767042
-0.0940382
0.03014846
0.04897847
-0.02162407
0.03132837
-0.01041713
-0.1125392
-0.07074322
-0.04531593
-0.03133659
-0.1016757
-0.05078761
0.07266498
-0.005311282
-0.1670312
-0.06749685
-0.01410655
0.138773
-0.1789749
0.1565198
0.1456462
-0.2437052
0.1401208
0.09702949
-0.1953025
0.1147545
0.03193335
0.1466402
-0.01966399
-0.0484526
0.1649779
0.004263452
-0.1727216
0.0132091
-0.06920904
0.1373635
-0.1261217
-0.0141357
0.1135083
-0.1027926
0.125565
0.08523449
-0.1448265
0.08266346
0.03876394
-0.09074391
0.1354795
0.07375593
-0.2894397
0.1410795
0.09632579
-0.1169902
0.1502576
-0.1052255
0.07365096
-0.006815395
-0.1296075
0.05154683
-0.03019502
-0.08889108
0.04401007
-0.01355082
-0.2677756
0.297492
-0.2030387
-0.3909771
0.5712493
-0.2034507
-0.2342898
0.2301481
-0.1789675
-0.1246323
0.09056416
0.0807365
-0.02315093
0.1416516
0.2615878
0.03864987
0.2091193
0.3374671
-0.05178498
-0.0417333
0.1280311
0.01149062
-0.0540734
0.1835839
-0.02167045
0.04546802
0.1399853
0.07398036
0.1248166
0.1389568
-0.006839854
0.03709514
0.05830722
-0.1073362
-0.07070346
-0.001540967
-0.04008974
0.002304026
-0.04971808
-0.07268675
-0.02615234
-0.09926598
0.0427595
0.1242992
0.0130024
-0.1362027
-0.1709164
-0.175529
-0.08577717
-0.2065952
-0.2128489
0.04857856
-0.005761108
-0.1330135
-0.03669806
-0.04181191
0.03160346
0.06813084
-0.01929271
-0.03873423
0.08820265
-0.01402124
0.004218874
-0.08260079
-0.01737626
0.07159404
-0.07100841
-0.04616426
0.148681
-0.1342722
-0.08291873
0.06204699
-0.07582832
-0.1035541
-0.07619456
-0.1722934
-0.09155615
-0.1886004
-0.1978193
-0.2056716
-0.2465722
0.1042554
-0.01673777
-0.1202043
0.04948274
-0.03652907
-0.07035565
0.0518144
0.04415349
0.002133169
-0.263028
-0.2672811
-0.2035262
-0.2078854
-0.1755293
-0.2076419
-0.1725667
-0.2091058
-0.1377075
0.1198998
0.09971032
0.06037759
0.1032171
0.09803773
0.1202516
0.1690731
0.137103
0.09603415
-0.158213
-0.1131435
-0.137452
-0.1640461
-0.158163
-0.1646031
-0.0699814
-0.1304633
-0.0695466
-0.1276658
-0.001176388
0.003824845
-0.11876
-0.05307325
-0.01519439
-0.04196624
-0.02560259
-0.01499617
0.09743894
0.1578834
0.115608
0.0778305
0.04240058
0.2227699
0.1169527
0.1969498
0.3321102
-0.02169067
-0.06524646
-0.09893264
-0.09319019
-0.09100626
-0.09516866
0.002630552
-0.01249091
-0.04252417
0.1333085
0.07904907
0.02830721
0.1479358
0.08474074
0.0849926
0.0617148
0.01935539
0.03954934
-0.006388459
-0.08097138
-0.1526106
0.1722222
0.1116041
0.08029202
0.1056171
0.1965087
0.1177822
-0.02002872
-0.06276096
-0.0731281
0.05538045
-0.007582164
-0.1457569
0.1864064
0.1104749
-0.1023278
0.1586556
-0.02474864
-0.1367393
0.1855029
0.1170179
0.01660235
0.009215738
0.129569
0.148997
0.2800516
0.05385729
-0.03240222
0.07811742
-0.1338018
0.112289
-0.02218914
0.04557334
-0.000830311
0.01236494
0.04611187
-0.01703422
0.1925828
0.1623847
0.1171247
0.1296336
0.1950297
0.2333712
0.0595906
0.3109146
0.2888391
-0.1534185
0.03301306
0.1788682
-0.1483288
-0.2486649
-0.07773147
0.2034344
-0.02461077
-0.2175603
0.3080652
0.1604997
-0.07391518
0.2339016
0.2380281
-0.01817743
-0.1415543
-0.05353794
0.09110315
-0.1902156
0.04320196
-0.06481308
0.05429716
-0.04526858
-0.07787427
-0.02483179
-0.004788242
-0.005483103
-0.03268569
0.03026929
0.08522718
-0.1148085
-0.06786436
0.1174227
-0.2003249
-0.2438218
-0.1943236
-0.07563787
-0.09150208
-0.2299364
0.008494931
-0.008286696
-0.04159157
-0.1875179
-0.04830339
0.03242771
-0.1386127
-0.08553184
0.08772738
-0.02569615
-0.1415819
-0.01250458
-0.1802785
-0.1972935
-0.08467473
-0.1480003
-0.2701894
-0.1473334
0.01362942
0.01550657
0.00890405
0.05272407
0.04915083
-0.06853472
0.08054031
0.0716675
0.05983222
0.09031135
0.09862941
0.06663231
0.02782454
-0.0529944
-0.1188028
0.1960979
0.07919753
-0.007056234
0.09554654
0.06304201
-0.02381911
0.02738941
0.1064328
0.1707173
-0.0100097
0.13634
0.3284869
-0.1253169
0.03243831
0.2474572
-0.05446758
0.06057799
0.1280941
-0.0003882903
-0.05391164
0.04299256
-0.02917685
-0.04177833
-0.03439369
-0.1812319
-0.2661786
-0.1434649
0.03761948
-0.02033572
0.08029566
0.3643612
0.3884291
0.3834694
-0.002100936
-0.009345453
0.0156542
-0.07089289
-0.03976265
-0.1482612
-0.06684323
-0.2276794
-0.309586
0.1028414
0.1688387
0.08899938
-0.01078258
0.0692711
-0.005307729
-0.06509641
-0.05415894
-0.07877295
-0.1259109
-0.1296545
-0.01725599
0.05172653
0.001654515
0.05145336
0.1740629
0.2936968
0.1332787
0.08714133
0.1128253
0.143514
0.08639722
0.01585728
0.116615
-0.005369044
0.06846693
0.08525232
0.179281
0.1496571
0.192215
0.04290583
0.01900322
-0.1369155
-0.02937905
-0.1334487
-0.1990344
-0.2337821
-0.2404329
-0.1911841
-0.06184385
-0.02325455
0.0674185
0.1888695
0.2704245
0.3115581
0.2783934
0.3514362
0.3016836
-0.03932484
0.1562235
0.030073
-0.2291499
-0.2557098
-0.2103253
0.08687472
0.1261055
0.110614
0.008296508
0.04801377
0.1164839
-0.1129981
-0.06985485
-0.01572557
-0.08550707
-0.06825592
-0.06665254
0.0144437
0.113174
0.1157296
0.03693961
0.09124269
0.1671701
0.01384047
0.04667532
0.05581211
-0.043421
-0.03327993
-0.1598683
-0.02063604
-0.05381734
-0.09989557
-0.01335427
-0.08590212
-0.0543154
-0.1164495
-0.1037533
-0.007311267
0.1479405
0.2387463
0.2684622
-0.1172837
-0.09800568
-0.00781462
-0.002506603
-0.05419138
0.01698962
0.1337614
0.1185582
0.1111492
-0.1650397
-0.1715158
-0.0450335
-0.09197831
-0.08447097
0.03388235
0.09415536
0.1839417
0.1871248
0.06079831
0.09266999
0.04284998
-0.03028033
-0.02828922
-0.07832127
-0.06593209
-0.08486632
-0.1567538
0.1076526
0.1394091
0.05246121
-0.1325531
-0.05851796
-0.07089883
-0.2078086
-0.1093063
-0.01536061
-0.07817377
-0.16078
-0.0676356
-0.0153524
0.04155924
0.1586439
0.06666692
0.08418607
0.1082895
-0.2459074
-0.2180261
-0.1337339
-0.2478639
-0.02161833
0.01340059
-0.08925933
0.04098111
0.2541303
0.02563737
0.01268706
0.1870203
0.008298912
0.0004665453
0.1631294
-0.002090432
0.05024002
0.1046731
0.1560894
0.1846581
0.02669998
0.1130668
-0.02700542
-0.2607099
-0.06092073
-0.07534859
-0.2478156
0.07227637
0.277891
0.138446
0.1978932
0.2842127
-0.04808293
-0.01050172
-0.1598
-0.2954026
-0.002718602
0.04759285
0.2545815
0.01360813
0.1046165
0.2196908
0.1235198
0.2284367
0.09057978
-0.2025568
-0.1813439
-0.0590954
-0.144115
-0.02282056
0.1868324
0.02359121
0.2817238
0.276357
0.2320636
0.09073798
-0.00941374
0.04744416
-0.06689894
-0.1063875
-0.01861738
-0.2854218
-0.1744378
0.02515426
0.1033776
0.05189075
0.1672524
0.1418365
0.01334767
0.1952791
0.06480103
-0.02414807
-0.0307819
0.03233703
0.08412629
-0.07722215
-0.1027867
0.1149213
-0.01634044
0.1318452
0.1022996
0.02042804
0.007523663
-0.02169871
-0.1733584
-0.3019463
-0.2814729
-0.1677139
-0.2294512
-0.301718
0.07834312
0.08814205
0.02428963
0.01194348
-0.0210619
0.1138209
-0.025455
0.1366216
0.1875257
-0.1488283
-0.1900167
-0.05785367
-0.07268481
-0.007770409
0.1211484
-0.09695644
0.008374231
0.1702421
-0.02545138
-0.02357428
0.004359482
0.0458645
0.03177619
0.02392594
0.04440367
0.04087484
-0.09302774
0.1889156
0.1557784
0.07689404
0.1266014
-0.06446584
-0.0509314
-0.06885366
-0.2039748
-0.1454049
-0.07505934
0.008373525
0.08808491
-0.05134388
0.07224844
0.02826161
-0.05975809
0.0098615
-0.01690221
0.08783852
0.1219104
0.1636575
0.08851802
0.004197092
0.07706262
-0.02767652
-0.1443563
-0.05287049
0.1647786
0.09930744
0.08640152
0.1543147
0.05912714
0.1019132
0.07793806
0.1051419
0.1209382
-0.02730051
-0.1485997
-0.2405883
-0.04006459
-0.09748231
-0.1001583
-0.01661447
-0.01955692
-0.001245886
-0.1484364
-0.04186673
0.06436487
-0.104146
0.02848474
0.08705249
-0.04770327
0.07078917
0.06893346
-0.09318116
-0.04335523
0.03296855
-0.1262441
0.0003344837
0.2357179
-0.04880286
0.3104766
0.2185304
-0.08409778
-0.1924804
-0.167378
0.02220934
0.05004999
0.1128173
-0.008386348
0.115071
0.2019854
-0.07936781
-0.211904
-0.1025743
-0.1348981
-0.1868822
-0.1260136
-0.1180365
-0.2330841
-0.1267526
-0.02189535
-0.03329109
-0.04694749
0.03564519
0.01523626
-0.1022363
0.126311
-0.06009454
-0.09903269
-0.05802258
0.07386325
0.0614426
0.1484845
0.1160563
0.04187948
0.1370362
0.08683998
-0.06001101
0.1723938
0.2275586
0.1632382
0.2066112
0.05657694
0.1646142
-0.057611
-0.0883984
-0.08647611
-0.05635656
-0.06766067
0.0892643
-0.1514048
-0.1150261
0.0415848
-0.1894958
-0.03380774
0.04902988
0.05735667
0.1064576
0.1415419
0.1259472
0.1223933
0.1733255
0.1166939
0.1315229
0.08244949
-0.2248866
-0.2534246
-0.1909579
-0.1954675
-0.2847498
-0.1838236
-0.06361104
-0.1263559
-0.110998
0.168623
0.2872121
0.2183375
0.2119343
0.1745126
0.1521409
0.04701633
0.0485563
-0.03813923
-0.09002478
-0.03478594
0.01805846
-0.08745279
-0.09300201
-0.007465225
-0.06431042
-0.03231914
-0.02920187
-0.1363178
0.119288
-0.09530003
0.1034554
0.1026835
0.1544645
0.1542742
0.1885996
0.2636802
0.06427966
0.07764326
0.04417377
0.2000487
0.2047044
0.3133952
0.1140893
0.1721029
0.2357922
-0.05289253
-0.03065848
-0.07736376
-0.09168234
-0.0158668
-0.05193796
-0.1290617
-0.02660033
-0.03342061
-0.0774409
-0.07659935
-0.05610355
-0.009788737
-0.01908933
-0.004731743
-0.1413821
-0.1173674
-0.09172443
0.1124999
0.04725881
0.04031563
0.2500158
0.09227857
0.1696868
0.2147013
0.3216285
0.3506366
0.05515749
0.04740209
-0.03159221
0.1504549
0.1415459
0.124314
-0.02701905
0.02705677
0.1017187
-0.1139503
-0.1783869
-0.115669
0.09912382
0.0654422
-0.004212633
0.2583678
0.1483954
0.08848581
0.1027989
0.027994
0.03200268
0.08928246
0.07741235
0.1936958
-0.004889434
0.04008964
0.09086295
-0.1506697
-0.1843265
-0.1354369
-0.04436283
-0.0456818
-0.122914
0.02512048
0.06075973
0.01993768
-0.05549126
0.008910473
0.03009169
-0.03774977
0.04170443
0.09319861
-0.09625468
-0.05087977
0.0442819
0.1265504
0.1678839
0.08760457
0.1330507
0.1461128
0.08493955
0.1765391
0.07023896
0.1101646
-0.08488075
-0.1285203
-0.1309788
-0.02899403
-0.05341492
-0.01467296
-0.0007424758
-0.06689676
-0.02908682
0.04991203
0.02892729
-0.007195333
0.08432633
0.01947031
0.1066942
0.103895
0.1429544
0.1435899
0.07586481
0.03002999
0.02441984
0.1944897
0.1069622
0.1638062
0.1969951
0.2365361
0.2488606
-0.1012125
-0.06263883
0.02758467
-0.1051717
-0.07087785
0.1047079
-0.1950716
-0.1409419
0.01085542
-0.04769405
-0.03606803
0.01238801
-0.09377807
-0.08545388
-0.008916394
-0.01843309
0.01304209
0.04501656
-0.1949326
-0.1507211
0.008302499
-0.07305176
-0.04768407
-0.001647852
0.0984133
0.1970763
0.07605581
0.08217787
-0.008572267
-0.03296388
0.1814616
0.1214463
-0.002265491
-0.03104283
-0.09759188
-0.0006524392
0.1142469
0.1212723
-0.2172471
0.05057091
-0.003987438
-0.09402891
-0.2053513
-0.0333242
0.08235309
0.06587094
0.1714383
-0.01488069
0.131174
0.02168233
-0.1423351
0.05919859
-0.08582565
-0.02598682
0.1654307
-0.1911063
-0.2542208
-0.2296182
-0.3383387
0.2471272
-0.2421192
0.1034381
0.1648239
-0.05780872
0.2151657
-0.1470434
0.27243
-0.1225283
-0.2864871
-0.1026757
-0.227264
0.3166758
-0.07118045
0.0195636
-0.0650996
0.08696811
0.02748815
-0.05644027
-0.08220246
-0.1182414
-0.03317027
-0.0971259
-0.07449612
0.08653226
0.05189327
0.2282364
-0.04382037
0.09787737
0.02798626
-0.140944
-0.01150592
0.0004399772
-0.01095604
-0.1656521
-0.06707303
0.08286439
0.06874383
0.1427189
0.05970423
0.0762936
0.02014867
-0.05252383
0.1784879
-0.001796665
-0.05588621
0.03939616
-0.04638037
-0.017907
-0.1160898
0.0790678
0.1013283
0.02631873
0.06758431
0.007655159
-0.009441211
0.02390438
-0.1076934
0.01495436
-0.1121588
-0.02657044
-0.1098078
-0.03164745
0.02000313
-0.1201684
-0.04938883
0.04479561
0.01475252
0.01788448
0.03296291
0.1906706
0.1120388
-0.1105817
0.02043565
-0.1382872
-0.142832
-0.1100227
0.02441457
0.03752026
0.02843219
0.19319
0.006963427
0.09168229
-0.06951392
-0.09432528
-0.07245594
-0.06745245
-0.08351711
-0.09846897
-0.01977111
0.02888197
-0.1294878
0.02404564
0.08178246
0.01665766
-0.1112161
0.02016138
-0.05713228
-0.1168621
0.06094081
-0.0854014
0.03175825
0.05865933
-0.2634899
0.2972561
0.3250351
0.2238339
0.4612201
-0.2785321
0.2143807
-0.1191752
-0.0154406
0.0991241
-0.02750482
-0.07349575
0.05354799
-0.1151294
-0.08226246
0.02447335
-0.002960669
0.0380068
0.07126063
-0.09352005
-0.01665968
0.01017818
0.02532199
0.06722307
0.03199201
-0.006397665
0.1425438
0.2521675
0.1780788
-0.03607975
0.1713924
0.0555439
-0.1764106
-0.1889135
-0.2574629
-0.2596293
0.2156498
0.2360308
0.1953575
0.2438689
0.2709808
0.2070807
0.1987494
0.09982721
0.09666166
0.01520228
-0.009165596
0.1258515
-0.07530009
0.002447476
0.009138064
0.005346897
0.04625303
-0.07148747
-0.06355991
-0.2137325
-0.1742269
-0.2436679
-0.3110305
-0.1275274
-0.0955079
-0.06251812
0.08033221
-0.02544879
-0.1181357
-0.2243648
-0.1089355
-0.2078161
-0.1363259
-0.1960284
-0.1741234
0.07194763
0.1263682
0.1005031
0.03310377
0.02203354
-0.09037101
-0.1984319
-0.2143332
-0.3513873
-0.1595542
-0.1849159
-0.2554293
-0.4390831
-0.2051015
-0.1811717
-0.1848972
0.01513258
0.1331613
0.1794049
-0.05046038
0.09433088
0.1825212
-0.01956931
-0.1900658
0.1451297
0.06417102
-0.02755099
-0.04868345
0.09622769
0.002552028
0.1029602
0.08406781
0.03578128
0.04982589
0.09498593
0.1127873
0.06588145
0.0796095
0.08587775
-0.02125306
0.05419278
-0.05415639
-0.12525
-0.05275311
-0.1464892
-0.09679586
-0.08719191
-0.2333867
-0.1522398
-0.2092773
-0.234268
-0.06272394
-0.2749395
-0.1067983
0.1200027
-0.07382689
-0.1633447
-0.01711978
-0.08722918
-0.06644765
0.1647457
-0.008593176
0.04269822
0.02309079
-0.1348815
-0.0994637
-0.07091292
-0.05129029
0.03478462
0.1355942
0.09743095
0.1489567
0.1580326
-0.1026477
-0.124196
-0.03537732
-0.1592287
-0.07144146
0.008285007
0.03956351
0.1255586
0.08140907
0.03242439
0.04128047
-0.02712711
-0.04450426
0.05461416
-0.09250589
-0.1953987
-0.08684112
-0.1574868
-0.00193048
-0.06340616
-0.02836918
0.003619149
-0.07224239
-0.2090632
-0.04190284
-0.2131661
-0.2686922
-0.08787211
-0.004139875
0.04139666
-0.1278679
-0.02831663
0.05110689
-0.1099138
-0.0706529
0.001385553
0.03618922
0.1676749
0.09130169
0.03103284
0.2395705
0.1090011
0.0203628
0.234597
0.05938806
-0.1854705
-0.3333011
-0.2549099
0.06388841
0.01707551
-0.07008081
0.3143719
0.3870169
0.2316572
-0.1849255
-0.09944872
0.01991912
-0.03747828
-0.1144252
-0.0489188
0.04985137
-0.03876613
-0.08356521
-0.1264221
-0.08654928
0.04770963
-0.1078395
0.05946385
-0.1109109
-0.140248
-0.120166
-0.06506784
0.0598749
0.130362
0.215108
-0.1224461
-0.004963881
0.3061788
-0.154452
0.03560305
0.1745251
0.1818503
0.1924507
-0.08206154
0.1351358
0.2677382
0.1559914
-0.03776852
0.06063233
0.09429405
0.04759348
-0.05602026
-0.03400906
-0.07671967
0.03261575
-0.1602829
-0.01424028
-0.1098985
0.01472426
0.06219007
0.1551385
0.189724
0.1264279
0.105723
0.1089719
0.06142373
0.06430451
0.02537942
0.01099634
0.0139483
-0.04807418
-0.06790664
0.01176854
-0.02496339
0.02106971
0.06234505
-0.0315273
-0.1434656
0.03215048
0.1625057
-0.1532813
-0.02428631
0.04910626
-0.1111064
-0.1211161
-0.1190536
-0.1011688
0.008154848
0.01235383
-0.2699586
-0.1110688
-0.06935836
-0.2489473
-0.2455837
-0.1791315
0.1579788
0.1143526
-0.07442716
0.2494008
0.173948
-0.04859133
0.2032116
0.1722125
-0.05128281
0.0470807
0.1516203
0.05278814
0.1346213
0.2583322
0.2566555
0.01451887
0.0271228
-0.01693873
-0.007850431
0.06555404
0.0717667
-0.08404232
-0.0003908431
-0.007352704
-0.09995816
-0.04998207
0.02797472
-0.1025168
0.3257604
0.3270803
0.08111221
0.2083358
0.2898072
0.1694527
0.3589701
0.3051739
-0.04453548
-0.06147508
-0.09908052
-0.08285666
-0.0227837
-0.1241411
0.08552082
0.04757817
0.01782486
0.02739272
-0.2213828
-0.2758546
-0.009900421
-0.2495287
-0.2106061
-0.05086381
-0.3272829
-0.08185411
0.04113064
-0.1452625
-0.1616629
-0.06480361
-0.2976431
-0.1652446
-0.1068265
-0.1477209
-0.06447587
0.05846175
-0.06533252
-0.2911143
0.1050827
-0.05288536
-0.3034713
0.1110632
-0.08080406
-0.2240023
0.09748562
0.1239628
0.06009395
0.1421531
0.0831508
0.08946706
0.1254589
0.1549683
0.145399
-0.08401174
-0.1903371
-0.08590983
0.004395729
-0.07163159
0.04577677
0.05151332
0.06362645
0.1125942
0.04623293
0.1442142
0.1048945
0.1582095
0.1495309
0.1287943
0.2096895
0.2739418
0.1338923
0.06676453
0.1166049
0.1991313
0.1326166
0.05600136
0.2804061
0.07277942
0.07555783
0.1127034
-0.09679692
-0.325198
-0.2412419
-0.1850367
-0.2556961
-0.1618731
-0.09369577
-0.1441755
0.05364915
-0.179737
-0.1861943
-0.09539329
-0.2023443
-0.09867387
-0.08229388
-0.2281689
-0.09744309
-0.01531411
-0.07340802
-0.2676067
-0.3122855
-0.1627198
-0.3126993
-0.2036965
-0.1548299
-0.2721914
-0.008726214
-0.01291964
-0.07699187
-0.06538709
-0.2222015
-0.1291136
-0.007627397
-0.3121843
-0.1424324
0.09427427
-0.1235637
-0.247007
-0.1304219
-0.1372223
-0.2025561
-0.08495767
-0.07255241
-0.07659137
0.07556294
-0.06839224
-0.03562075
0.03684458
0.01899868
0.08099522
0.03589836
0.04724357
-0.02470937
-0.01195181
0.0344689
0.04777806
0.1754453
0.1490007
0.1117162
0.2431306
-0.06682607
-0.1775519
-0.1261126
-0.02920286
-0.09186024
-0.0686396
-0.07554989
0.06003435
-0.007539777
-0.1284605
-0.1145797
-0.01518337
0.2512099
0.3601064
0.3229778
0.01056096
0.1274079
0.08836547
-0.3789105
-0.3411374
-0.3396695
0.08285204
0.1197299
0.0443707
0.06609084
0.1106379
0.2864599
-0.07083758
-0.0520085
0.04631631
0.03865885
0.04422002
-0.01514587
0.1744214
0.2076881
0.1403384
0.1263898
0.2390819
0.1446937
-0.09932254
-0.3223377
-0.203673
0.09815855
-0.1169653
-0.08065173
0.0829043
0.01253632
0.009979232
-0.1024469
-0.04864383
0.09223977
-0.005531912
0.04769834
0.2028989
0.0008060902
0.04335701
0.129449
-0.01648938
-0.04479825
-0.06530075
-0.007300874
-0.06898823
-0.1045966
0.006288809
-0.06187817
-0.06901355
0.1590477
0.3012795
0.2522646
-0.03833868
0.01965698
0.01165854
-0.3712175
-0.5100616
-0.507367
-0.2396331
-0.1584903
-0.1257385
-0.09226278
-0.06340277
-0.140217
0.04057654
0.02484536
-0.06499175
-0.05785413
-0.04763122
-0.04393156
0.08130676
0.05378912
0.1011875
0.01947901
0.02989952
0.07019702
-0.01665925
0.07300711
0.1555815
0.05520218
0.101427
0.1739152
0.06957877
0.05122837
0.01671952
-0.1913317
-0.1700108
-0.211458
-0.2469658
-0.3766353
-0.2479443
-0.1959035
-0.238181
-0.1429388
-0.1891583
-0.1844494
-0.1066885
-0.1737017
-0.2553299
-0.1802072
0.03519035
-0.1302602
-0.1519576
0.0494229
0.05600185
0.06053812
-0.1128578
-0.07806682
-0.02406869
-0.08050504
-0.06745839
-0.1329179
0.07231344
-0.03091351
-0.1780915
0.004309581
0.0556298
0.0306136
0.100959
0.1462228
0.1144691
0.0894288
-0.0132404
-0.1379102
0.0579074
-0.07795225
-0.1439981
0.1070129
0.004905039
-0.1114289
-0.1025051
-0.08732448
0.0112874
-0.08262966
-0.04732184
0.05756349
0.002414057
0.06496552
0.1542132
-0.05382035
-0.08352274
-0.04883611
-0.04574502
-0.04458525
0.009259827
0.007711539
0.05817869
0.09946789
-0.05435407
0.1088686
0.08985306
0.04362004
0.1430972
0.06286488
-0.1022066
0.04115901
0.004806298
-0.2239778
-0.1490358
-0.09682263
-0.07249257
-0.09833449
-0.1016025
0.09960371
0.07924633
-0.02054822
-0.1818241
-0.05961251
0.06288703
-0.02440915
0.08129787
0.1457385
-0.004256126
0.05792332
0.09898537
0.01466891
0.05483961
0.06663542
0.03119397
0.02782575
0.06628764
0.07575896
0.08498996
0.09988081
0.05125909
0.08999962
0.1285387
0.03469429
0.1031108
0.1987713
0.03957898
0.08252915
0.1391383
-0.06811466
0.01211617
-0.05997941
0.1034545
0.2183534
0.1397949
0.06049745
0.109999
0.07287578
0.1518658
0.1518901
0.1402837
0.0701032
0.03909787
-0.01208195
-0.03697374
-0.07156613
-0.08995144
0.1629557
0.1554053
0.1053506
0.03687656
-0.08063451
-0.03101063
-0.05220246
-0.08822151
-0.08720104
-0.01170706
0.01216493
0.02546521
0.06709988
0.05993103
0.08756576
0.06964532
0.1395855
0.07706866
0.1212169
0.1575659
0.1172894
0.06354652
0.1246352
0.1580919
-0.1040185
-0.0602248
-0.08850243
0.157558
0.06387656
-0.01739511
0.04199207
-0.0367467
-0.07037889
-0.05386019
-0.08938484
-0.1389676
0.1838492
0.2100879
0.1292629
0.2640306
0.2799715
0.1638979
0.04949985
0.03354103
-0.06040008
-0.1287476
-0.02796191
-0.03638803
-0.1274148
-0.1149883
-0.04275469
-0.02352834
-0.04738688
-0.08260787
-0.2891147
-0.07873332
0.2340418
-0.2381997
-0.006566175
0.2276088
-0.05914016
0.1711908
0.2183004
-0.07584585
-0.02232878
0.02871151
-0.1475414
-0.002221678
0.1046008
-0.1166295
0.01038802
0.11843
0.001398181
0.05155228
0.09380054
0.005793164
-0.002099825
-0.007515941
0.05092898
0.01875269
0.0003230123
-0.188288
-0.04209473
-0.03125151
-0.02719478
0.107566
0.103097
0.08997908
0.1630053
0.03636658
-0.09248982
0.02289018
-0.02523294
0.05110462
0.02207774
-0.05058799
0.103053
0.124135
0.0939341
-0.004251172
-0.0993603
-0.05655982
-0.00342565
-0.05901648
-0.1358895
0.01129094
-0.007155914
-0.04966223
-0.1501568
0.08117174
0.2169534
-0.09921128
-0.05438774
0.1926386
0.003363562
0.1513944
0.180164
0.1632808
-0.06488684
-0.2167387
0.0621896
-0.08680058
-0.2117939
-0.06235282
-0.2112085
-0.2351966
-0.007390696
0.1066945
-0.01301554
-0.1168039
0.01747604
-0.03313718
-0.1398333
0.07413843
0.05154892
-0.0162588
0.104964
0.1625392
0.07023612
0.1193488
0.2045326
0.03929798
0.1503996
0.257299
-0.08915973
-0.05859128
0.048907
0.005941741
-0.04148454
0.02979913
0.1175041
0.1225553
0.1065287
-0.1812417
-0.07262744
0.03985534
-0.1038077
0.116476
0.3394587
0.06058482
0.3001414
0.4803451
-0.2612564
-0.1656869
-0.1190539
-0.1882416
-0.0885057
-0.06559045
-0.07648716
-0.02516216
-0.1124168
0.004525114
0.1149203
0.1016906
0.1015159
0.09324393
0.1444625
0.154411
0.158036
0.1178314
-0.03789456
-0.007606713
-0.07328542
-0.009061296
-0.01967738
-0.04747963
0.06611583
0.0778667
0.01871914
0.1616803
0.0304823
-0.06253767
-0.09574685
-0.1496016
-0.1529057
-0.06557328
-0.08869759
-0.08482229
-0.008731323
0.04989312
-0.185898
0.04287635
0.003818067
-0.1588502
0.01714608
-0.07846288
-0.113139
0.101191
0.2540028
0.03045626
0.1033608
0.1549565
-0.2381342
0.02507533
-0.1756072
-0.1908068
-0.07167669
0.08151621
0.05024518
-0.03178615
0.06403571
-0.1167603
-0.04129793
0.006564164
-0.1555555
0.08975188
0.2369857
-0.1195519
0.1265447
-0.008790938
-0.1936439
-0.01471747
-0.00251269
0.07184137
-0.1902929
-0.1690571
0.08682062
-0.1885429
0.2850745
0.01835228
-0.01932107
-0.05405969
-0.0839549
-0.07496472
0.04568692
0.1075684
-0.04717573
0.02236554
0.05832398
-0.0299201
-0.007240415
0.009033735
0.1056049
-0.04940516
-0.2608993
-0.02479088
-0.07706077
-0.1631242
0.01800184
-0.05059724
0.003367602
-0.1290012
-0.02577254
0.01522696
-0.03724878
-0.03511993
-0.06259487
-0.02320636
-0.05237078
-0.09564316
-0.1600893
-0.01054661
0.03906052
0.05230129
0.1720583
0.1451306
0.1070805
0.1699889
0.1412047
-0.01410047
-0.07355736
0.1162138
0.02816419
-0.03866987
0.2116152
-0.05364042
0.1049591
0.09938014
-0.03903326
-0.08523035
-0.0303679
-0.09587041
-0.1010493
-0.03075463
-0.1070514
-0.176547
-0.01017834
-0.006141359
0.1358868
0.02036989
0.04417538
0.02148495
0.07749548
0.04924254
0.08884678
-0.05966056
-0.03306774
-0.1243089
-0.204771
-0.05525543
0.01264163
-0.1059316
-0.04912684
0.03513964
-0.007781454
0.08052211
0.0241212
-0.1128299
0.09229036
0.02342653
-0.05488903
-0.04701393
-0.06191264
0.0196851
-0.04566747
-0.007098841
-0.1204529
-0.01308368
-0.0632934
-0.05649928
-0.02602834
-0.03211895
-0.001046004
-0.09810819
-0.2304581
0.3226165
-0.1035661
0.125802
0.4290733
0.02369501
0.4422331
0.01266376
0.1014839
-0.004944658
-0.1159561
0.08188146
0.0400887
-0.03169788
0.03269463
0.004911735
0.07578722
-0.07111278
-0.2373984
-0.4338548
0.07056162
0.02062134
-0.1864223
0.161533
0.1279535
0.07698043
-0.1111397
0.04073138
0.1011687
-0.1625163
0.03101344
0.08568159
-0.1473152
-0.02981313
0.1135445
0.001057886
-0.06332739
-0.07151854
0.01579685
0.1287636
0.1129107
-0.1164116
-0.0114328
0.1011612
-0.1209765
0.1244578
0.1552224
-0.08774117
0.03289575
0.1148868
-0.1321677
-0.1176831
-0.04626905
-0.1986193
-0.2281285
-0.03887671
-0.2073284
-0.09992372
-0.0558286
-0.2129824
-0.2331595
-0.1035475
0.08347506
-0.05504361
-0.04704406
0.009940451
0.01730641
-0.01195105
0.002328335
-0.002855826
0.03683498
0.1946666
0.3073041
0.2251437
0.1895843
0.2013216
0.2383254
0.09295835
0.1408104
0.05550986
0.06746922
0.02413845
-0.2049347
0.1541786
0.05840051
-0.1668687
0.2645065
0.1195744
-0.1426448
0.01868206
0.0008260143
-0.1097762
0.1272738
0.06202232
0.02151581
0.009947466
-0.1035592
-0.0819042
-0.03734842
0.09726984
0.1366788
0.0465018
0.1439221
0.170142
-0.002465256
0.1765326
0.1641879
0.1499023
0.1743298
0.1399955
0.2181442
0.3357646
0.2704517
-0.01375703
0.05732971
0.01945629
0.01227848
0.05287037
0.1692128
-0.1768869
-0.1715092
-0.01075409
-0.2245346
-0.2147017
-0.178667
-0.1934005
-0.07278004
0.000786122
-0.3075743
-0.1607664
-0.01891095
-0.2467488
-0.0317182
0.02382088
-0.1427321
0.02161851
0.1479799
-0.1503195
-0.009492601
0.08840048
-0.2420661
-0.1534624
-0.08235813
-0.02402837
0.07583091
0.04632672
-0.01385971
0.01272544
-0.04400968
-0.02296627
-0.2549725
-0.2897715
-0.0008732107
0.01983994
-0.1517532
0.01689631
-0.06138729
-0.1946579
0.17215
0.06765503
-0.106341
-0.1753149
-0.08688
-0.0459516
-0.1041997
-0.0341583
-0.005421426
-0.0522146
0.01721028
0.0767347
0.1256804
0.061102
-0.03382716
0.1548467
0.1124372
0.04299577
0.08604951
0.003039905
0.01750526
-0.1774802
-0.006077562
0.03406984
-0.1861065
-0.1162035
-0.06765533
0.06008929
0.03855653
-0.05648121
-0.128382
-0.02073234
-0.07828069
-0.1162388
-0.2697754
-0.1231773
0.0229735
-0.1166204
-0.2361864
-0.1571686
-0.01419679
0.183708
-0.2409904
-0.134441
0.007445404
-0.251965
-0.2007376
-0.06991844
-0.005326469
-0.02430832
0.02059571
0.05137777
0.01042634
0.02775217
0.1027217
0.005209895
-0.004750323
-0.1302131
-0.03805926
-0.01670911
0.06940976
0.1659784
0.1135381
-0.09205065
0.1129027
0.07027575
0.1023091
0.1340009
-0.07196155
0.2461272
0.2730078
0.1424418
0.3136044
0.388414
0.2766466
0.1129832
-0.05618908
-0.1262442
-0.08394963
-0.1156734
-0.1992341
-0.1301707
-0.1974663
-0.1299948
0.03784705
0.01970809
0.001247372
0.02741916
-0.006773832
0.02554656
0.01255305
0.03112438
-0.04774413
-0.1817291
-0.1568801
-0.1767575
-0.1192786
0.001935606
-0.06013669
-0.02854813
0.04017291
-0.006969871
0.06375707
0.1916953
0.1892578
0.06784133
0.1661129
0.184237
-0.06715453
0.03915001
0.0143748
0.1999916
0.08489072
-0.07659847
0.1452489
0.03608616
-0.01679934
0.01745965
-0.01745259
-0.1122338
0.1180932
-0.01188229
-0.08827386
0.1028019
-0.03610567
-0.1411729
0.03378905
-0.06597354
-0.1431287
-0.02394881
0.02287028
0.06381847
-0.06378352
0.003287949
0.0397995
-0.1249229
-0.1765385
-0.1013932
0.08448802
-0.04006352
0.1037104
0.1047194
-0.1305372
0.106656
0.1271273
-0.1377719
0.05533154
-0.09180277
0.04075934
-0.01249436
-0.06863978
0.04084724
0.01991374
-0.04861291
-0.01169817
-0.01349509
0.01567644
0.02918787
-0.04816476
-0.02429389
0.006771686
-0.06862411
0.008005925
-0.01068196
-0.08114058
0.09075212
-0.2650673
0.156305
0.1988573
-0.2692087
0.1430012
0.1550296
-0.3081934
0.07955275
-0.1628512
0.2304773
-0.2290522
-0.3063335
0.4429496
-0.2379479
-0.1855413
0.3151701
-0.08604393
-0.0278002
0.03511366
-0.08492451
0.04464125
0.1655877
-0.01360904
0.01266973
0.02937104
-0.1797493
-0.03924042
-0.1938401
0.1446308
-0.01550969
-0.1824034
0.09699688
0.04104262
-0.2160639
0.10414
-0.06241922
0.0657124
-0.1530275
-0.02577931
0.07270519
-0.06592095
-0.07939121
0.01392049
-0.104115
-0.1057229
-0.03210933
0.05680325
-0.07303507
0.01038297
0.07462729
-0.1086432
-0.0602176
-0.01567527
-0.02410831
-0.03357561
-0.03422682
-0.06824335
0.02609641
-0.04801356
-0.06126769
-0.07285647
-0.004142488
-0.1565657
0.1823492
-0.1284842
-0.1548526
0.1961728
-0.05692444
-0.1403527
0.04941441
-0.1264422
0.2137227
-0.04559687
0.1334893
0.1080939
-0.1213564
0.07171329
0.1208892
-0.1269196
0.01799156
-0.09460904
0.06910283
0.004633829
-0.06433668
0.08615927
-0.06105449
-0.05890029
0.0889799
-0.0325084
-0.09066229
0.1955129
-0.1429575
-0.1064495
0.2366888
-0.1345057
-0.07951908
0.1911667
0.03416669
-0.07234614
-0.1658556
0.003311695
0.04799565
-0.07740283
0.1122117
0.02332573
-0.01576397
0.08075785
0.1171674
-0.4003553
0.239521
0.1594983
-0.4152172
0.2746687
0.0548941
-0.2571894
0.09980405
-0.2895008
-0.2145759
-0.02052278
-0.1417103
-0.04040575
-0.05550766
0.02520299
0.0288389
0.02938672
0.03450722
-0.2399632
-0.3745481
0.2958182
0.06739419
-0.285704
0.3000137
0.149935
-0.1642413
-0.1511981
0.02102605
0.1421914
-0.1871983
-0.06834461
0.06863957
-0.2137021
-0.3387202
-0.1560721
-0.2828995
-0.1124436
0.1253418
-0.08201109
0.07655068
0.2611896
-0.04817874
0.1446208
0.1520725
-0.0883709
0.002701256
0.009855446
-0.1045959
-0.03699789
0.08785609
-0.2765257
-0.1752998
-0.04804185
-0.07921468
-0.203037
-0.1417483
0.2314785
-0.06148338
-0.2312411
0.2872408
0.01426145
-0.2434337
0.06213511
-0.07785102
-0.1327963
0.06974366
-0.01774199
-0.1357294
0.1188801
0.006079109
-0.08864823
-0.1903295
-0.09799446
0.1485907
-0.1807957
-0.1601448
0.01763652
-0.03577079
-0.1498936
-0.1122586
0.1012871
-0.1227508
-0.1747697
0.06510685
-0.1243917
-0.1017967
0.003202785
-0.1172402
-0.05130527
-0.0002338625
-0.008148337
-0.06133025
-0.03975845
0.05161239
-0.05798193
0.04901497
-0.05129332
-0.04503731
0.05840413
0.2408047
0.2093446
0.1523359
0.3048965
0.2478095
0.05070323
0.1732355
0.1271667
0.0620539
-0.06173111
0.001250405
-0.145794
-0.09303646
-0.04828832
-0.07961163
-0.131554
-0.06979334
0.003065233
0.05983758
0.1521627
-0.02876094
0.008081507
0.1199872
0.08446664
0.0986732
0.08537288
-0.1438265
-0.1015028
0.02986173
-0.2520215
-0.2006964
-0.118953
-0.1651331
-0.271786
-0.1490098
-0.09353087
0.04558542
0.03155112
-0.1203024
0.03086259
-0.003544609
-0.1347432
-0.0001418616
-0.06764352
0.002241455
0.2171252
0.1565709
-0.09495617
0.1310537
0.1430827
-0.1822803
-0.132443
0.06307934
0.1291549
0.03484952
-0.05100162
0.1889361
0.1643028
0.004756705
0.224889
0.2931167
0.2529344
0.01861331
0.02703358
0.1011553
0.07528898
0.011315
0.1684182
0.09334157
0.07849748
0.09225707
0.1073557
-0.004871187
0.0428488
0.04217742
-0.01044634
-0.0383032
-0.08259841
-0.1319626
-0.1816859
-0.02414485
-0.07059521
-0.02350735
-0.04424674
-0.06402253
0.2190176
0.01769792
0.07790877
0.2207453
-0.1497595
-0.1235541
0.04618844
-0.136526
-0.1438682
0.004702943
-0.170277
-0.1837538
0.002682111
-0.03971837
0.01940748
0.06789532
0.04694247
0.0624794
0.06262913
-0.01701059
-0.0237128
-0.03236553
-0.06633113
-0.1321901
-0.1790358
0.05828553
-0.008612697
-0.17403
0.1222254
0.1251258
0.02283451
0.1073418
0.3829787
0.5011164
-0.03171485
0.05703896
0.5457124
-0.1245125
-0.1019277
0.1984394
-0.1045711
-0.07866528
-0.03920637
-0.08763292
-0.1537007
-0.02057077
-0.009158099
-0.100756
-0.0530876
-0.0611737
-0.1419429
-0.1909997
0.02739594
-0.005576181
-0.2814564
0.05302498
-0.04511357
-0.1910988
-0.01450216
-0.06341287
-0.1017104
-0.001457399
-0.04513202
-0.1063886
0.02114734
0.07288721
-0.03064118
0.01824776
0.05851022
0.04437719
0.07507847
0.08842136
0.1114541
0.06175935
0.03912854
0.04715997
-0.08866807
-0.06410006
-0.05858719
-0.06437542
-0.1298988
-0.08849379
-0.03610788
-0.101136
-0.1477297
-0.05473214
-0.0845409
0.1196134
-0.05724275
-0.06773353
-0.05137083
0.09022293
-0.07463062
-0.09360501
-0.01572681
0.0671906
0.1558873
-0.007612287
0.09720884
0.1308924
-0.1316523
0.02824447
0.1068173
-0.093435
0.2050039
0.1422261
-0.1409736
0.05849152
0.2194961
-0.1275727
-0.195222
-0.05007901
0.1286781
-0.05633229
-0.1443094
0.1400215
-0.006244917
-0.01554549
0.01161196
-0.07208646
-0.05823516
-0.2898812
-0.3238502
-0.3535476
-0.2260316
-0.1570268
-0.296939
-0.1269377
-0.1164072
-0.1205923
-0.134339
-0.07110041
-0.09432918
-0.1120493
-0.03165316
-0.0683049
-0.1136557
-0.04664641
-0.02058961
0.1382193
0.1688261
0.1361845
-0.1474424
-0.238348
-0.1966126
-0.1656097
-0.2210496
-0.320665
0.07779364
0.155227
0.1068694
0.1009614
0.08207685
0.09232025
-0.09979486
-0.09901215
-0.08661114
-0.05940294
0.04307682
0.06743189
-0.1182545
-0.07915491
-0.004089727
-0.07804043
-0.119989
-0.05601517
0.1378566
0.03957627
0.01547177
0.0760146
0.06111803
0.09806888
0.01745667
0.02193166
0.09166148
-0.2631703
-0.1084953
-0.147177
-0.0886994
0.1020467
-0.1695509
-0.1170579
0.005158642
-0.1073328
-0.07976609
-0.09130674
-0.1593933
-0.01487906
-0.002519818
-0.1949139
0.01717863
0.02380551
-0.05563126
-0.08978221
-0.1114779
-0.1587315
0.03826737
-0.007935969
-0.1227298
-0.05514152
-0.1230118
-0.1662775
0.09563147
0.117525
0.07086936
0.1103222
0.05241955
0.06906442
-0.03058483
0.04026344
0.008273955
-0.09271137
-0.08238474
-0.04349303
-0.09221372
-0.1651205
-0.0414007
-0.005457291
0.07806658
0.03874486
-0.03420199
-0.04552745
-0.1021596
-0.001650209
-0.01534083
-0.02432198
-0.06628443
-0.0904152
-0.04150531
-0.06303309
-0.1904201
-0.1698482
0.09993859
-0.008497188
-0.01040822
0.02125791
0.05606564
0.1045415
0.04814559
0.08185459
0.01919005
0.04689788
0.05281436
0.04854567
-0.06084269
-0.07304492
-0.05094652
-0.1199347
-0.1291604
-0.01932961
-0.0161074
-0.1736171
-0.1494216
-0.1274758
-0.1211489
-0.1154541
0.161285
0.2022052
0.07332938
0.003185786
0.02965824
0.001364255
-0.05981757
-0.0551164
-0.0266562
0.02874325
-0.04923873
0.05215426
-0.1327237
-0.0687376
-0.1033817
-0.1938127
-0.2592514
-0.1012605
-0.07942133
0.01655389
-0.02264339
0.002195495
0.07883801
-0.002239665
-0.02366609
-0.01259548
-0.05213406
-0.1925
-0.1919852
0.03740542
-0.2653497
-0.2372982
-0.01426318
-0.1033256
0.02009482
0.1060452
-0.02825448
-0.01309333
-0.003811986
-0.1489687
-0.2769795
-0.1945008
0.01451217
-0.03418538
-0.1231101
-0.1057854
0.02329449
0.05019531
-0.1695997
0.1150142
0.1406226
-0.09868775
0.108725
0.09657508
0.2616176
0.2419679
0.1998512
0.008815388
0.1488848
0.1056022
-0.1082431
-0.05555855
-0.13184
-0.08009284
-0.2406826
-0.0006752509
0.3031839
0.2415588
0.4056797
0.1750083
0.3099555
0.4278305
-0.06217885
-0.2281826
-0.1352208
-0.01904109
-0.08349351
0.05084712
-0.08882091
-0.04803577
0.06756852
0.06641466
0.05385457
-0.01308219
-0.0971106
-0.04406536
-0.1214815
-0.2770537
-0.2647658
-0.1004756
-0.006842959
-0.03192663
-0.05503847
-0.002869413
-0.01390351
-0.09861263
0.0829724
0.1208347
-0.03481888
-0.01791537
0.1641536
0.1176845
0.1225018
0.1311282
0.1328029
0.06217834
0.1298638
0.0602626
-0.02393745
0.08323159
0.150681
0.08477686
0.1425527
0.1240138
-0.1401818
-0.1311343
-0.2216736
0.2270069
0.1240995
0.05748117
0.03076702
-0.03196268
0.02658969
-0.1180745
-0.158154
-0.01623898
0.01556364
-0.001321157
-0.01253755
0.1480888
0.1186613
0.04614809
0.2599446
0.1862999
0.09003003
-0.1321557
-0.08276559
-0.02672896
0.1912434
0.1628131
0.09162245
0.2041645
0.0915834
-0.04618163
0.02822119
-0.06531797
-0.1341334
0.01836752
-0.1219262
-0.2320691
0.03072346
-0.1076343
-0.2222285
-0.04868715
0.08343898
0.09979054
-0.01521293
0.05382554
0.09073342
0.006985189
0.1014749
0.09888286
-0.1189405
-0.186377
-0.2624217
0.00572402
-0.06611983
-0.2304935
-0.008745996
-0.1208696
-0.2920935
0.07013451
0.06482139
0.00146103
0.1197757
0.1082266
0.1216373
0.1057092
0.09974598
0.134921
0.0848003
0.1151378
-0.03367781
0.1227131
0.164861
0.1169923
0.02639333
0.1857111
0.2360837
-0.2570569
-0.2001678
-0.1141642
-0.1317732
-0.1648724
-0.1446393
-0.05872869
-0.1383686
-0.2403564
-0.07484588
-0.02970809
-0.02521996
-0.02845928
-0.02756369
-0.03184104
-0.002474209
0.03650782
-0.01405035
0.08039761
0.2023896
0.1468235
0.1979566
0.2246896
0.2017203
0.2283289
0.3189192
0.1957577
-0.1480757
-0.05063453
0.1174927
-0.117991
-0.04236732
0.1916849
-0.204587
-0.02497362
0.1611889
0.2515351
0.05859597
-0.1337049
0.1534105
0.09808388
0.01986803
-0.04611519
0.03162694
-0.02586487
-0.0005134728
-0.05758811
-0.03257921
0.0932995
-0.02091221
-0.08969527
0.1511125
-0.01250136
-0.129665
-0.08171666
-0.0871277
-0.2105933
-0.08145777
-0.1028636
-0.2125861
0.0358366
-0.03617143
-0.1055627
0.03914909
-0.009851059
0.03430672
-0.002082048
-0.01018055
-0.04821733
0.09731155
0.1448494
0.1135306
0.02275877
0.03713734
0.02444439
0.007674476
0.08397689
0.0419516
-0.003965364
0.04523358
-0.02828981
-0.07401256
-0.0484906
0.02802205
-0.05173848
-0.05669655
0.04140146
0.05078255
-0.0200126
0.02308252
-0.1279732
-0.110808
0.02482211
-0.2423811
-0.1192992
-0.09524486
-0.06816874
-0.08797818
-0.1090202
