2.674993e-01
3.437409e-01
3.525187e-01
4.940849e-01
4.933658e-01
5.081009e-01
3.363020e-01
3.244234e-01
4.302354e-01
3.506063e-01
2.533830e-01
2.835144e-01
5.003301e-01
3.535923e-01
2.857755e-01
3.115843e-01
1.896576e-01
3.072109e-01
2.749888e-01
2.636781e-01
3.156849e-01
2.779448e-01
2.567624e-01
1.892422e-01
3.254375e-01
2.300768e-01
2.879622e-01
3.052084e-01
3.257462e-01
3.432969e-01
3.669136e-01
2.046051e-01
3.008003e-01
1.613422e-01
1.861238e-01
2.176404e-01
2.477066e-01
2.307682e-01
3.087142e-01
1.794856e-01
2.796982e-01
3.681466e-01
2.549380e-01
2.343429e-01
3.098623e-01
2.845939e-01
2.164715e-01
2.666269e-01
5.032719e-01
3.194862e-01
4.051657e-01
3.604263e-01
5.661032e-01
4.477175e-01
3.162175e-01
4.226768e-01
3.338123e-01
3.331237e-01
3.737262e-01
4.061969e-01
3.306844e-01
3.411926e-01
2.795274e-01
3.371009e-01
