-1.845777e-01
-3.115676e-01
-1.294212e-01
-2.093487e-01
-1.831367e-02
-1.617981e-01
-1.905583e-01
-2.468980e-01
-1.826873e-01
-2.728029e-01
-1.971164e-01
-3.121582e-01
-4.833461e-01
-1.370983e-01
-6.046768e-02
-2.918961e-01
-1.727200e-01
-1.073346e-01
-2.668097e-01
-2.872806e-01
-3.051246e-01
-4.319537e-01
-3.071673e-01
-3.300414e-01
-8.846883e-02
-2.621651e-01
-3.161558e-01
-4.336147e-01
-2.624914e-01
-2.610102e-01
-1.222220e-01
-5.318219e-01
-1.941954e-02
-4.858011e-01
-2.336595e-01
-2.335093e-01
-1.186932e-01
-2.436367e-01
-2.646441e-01
-1.800036e-01
-3.297352e-01
-2.400398e-01
-6.016809e-02
-1.999709e-01
-3.649373e-01
-2.926821e-01
-3.274450e-01
2.416379e-02
-2.098746e-01
-3.358902e-01
-1.395633e-01
-3.222291e-01
-2.454886e-01
-2.114577e-01
-3.317956e-01
-3.140383e-01
-1.839951e-01
-2.201363e-01
1.114035e-01
4.495834e-02
-8.136393e-02
-3.990221e-02
-2.806551e-01
-1.343538e-01
