-1.405556e-01
-1.636824e-01
3.747197e-02
-5.586277e-02
1.937352e-02
-3.982043e-02
-9.963575e-02
-6.330951e-02
7.624529e-03
-1.169591e-01
-3.120845e-02
3.627504e-02
2.693767e-02
-3.458584e-02
-3.239749e-02
-5.032997e-02
-6.653875e-02
-4.171050e-03
-7.549814e-02
-7.596142e-02
-1.117682e-01
-5.804974e-02
-1.366125e-01
-7.990940e-03
-1.117790e-01
-1.303009e-01
-2.689024e-02
-4.912226e-02
-9.167381e-02
-3.052700e-02
-6.757274e-02
-8.001795e-02
-6.234763e-03
-8.318187e-02
-3.437631e-02
8.944302e-02
1.685542e-02
-7.301561e-02
-2.376038e-02
-7.414658e-02
-6.461585e-02
7.104726e-03
-4.880667e-02
-1.156945e-01
-3.486418e-02
-1.107477e-01
1.809809e-02
-1.272973e-01
-1.197145e-01
-6.298115e-02
-6.524611e-02
-3.920693e-03
-3.170758e-02
2.108341e-02
-8.848678e-02
-8.628000e-03
-1.294787e-02
2.376905e-02
-1.172303e-01
-1.399072e-01
-1.682086e-01
8.595724e-02
3.919318e-02
-9.381782e-02
