16 16 3
-0.01593634
0.02045058
0.03706067
-0.04139328
-0.02501359
-0.02911013
0.05238158
0.04930294
0.04810414
0.04916887
-0.07316564
-0.1685763
0.1190476
0.005327105
-0.1218815
0.1600442
0.00503821
-0.09032987
-0.09973531
-0.02262146
0.196982
-0.1314423
-0.01053433
0.1634383
-0.197184
0.006441376
0.1715389
0.04567941
-0.0320345
-0.1123163
0.04433517
-0.0300754
-0.122844
0.02910398
-0.03989866
-0.1182422
-0.04136857
-0.1188372
-0.03486022
-0.06373335
-0.07478575
-0.03604879
-0.06354969
-0.06463461
-0.02517238
0.1314733
0.06808754
-0.09528915
0.1491663
0.01186989
-0.0898491
0.1489986
-0.03052909
-0.07631753
0.2773696
0.005779734
-0.2422848
0.2886558
-0.0438461
-0.261653
0.2681001
-0.1130058
-0.3124213
-0.03948103
0.03398966
0.08848857
-0.1291094
-0.03364053
0.01524925
-0.06538975
-0.01835219
0.02464318
-0.05221163
-0.003066092
0.02440041
-0.1054693
-0.01676994
0.06796374
-0.1249566
-0.03528003
0.1161757
0.05384656
-0.1134057
-0.07640392
0.08222131
-0.0858634
-0.02047352
-0.001205874
-0.1094987
-0.02192156
-0.02197564
0.02299464
0.06609041
-0.08221244
-0.03232734
0.04248324
0.01588092
-0.05273284
0.02813404
-0.08868426
-0.07666536
0.02006602
-0.1074995
-0.05524288
0.02898872
-0.007234988
-0.05004911
-0.01459227
-0.1071023
-0.01921227
0.1150942
-0.09227658
-0.026327
0.07785594
-0.03406005
0.007277645
0.09815061
-0.002455449
0.01586618
-0.1318029
-0.01022163
-0.05123278
-0.03863377
-0.06381247
0.01600935
0.002682131
-0.03848054
0.005548435
-0.008547933
-0.04352889
0.02051977
0.03360739
-0.04729415
-0.0008339328
0.05415383
-0.04725747
0.007353283
0.1086521
-0.1059604
-0.06385802
0.03023956
-0.06489907
0.002703091
0.06409515
-0.01561131
0.01140544
0.02063131
-0.01891379
-0.01680167
-0.0312908
0.009998529
-0.019131
-0.02057329
-0.0253689
-0.03569256
-0.001683938
-0.005098984
-0.03356232
-0.04439691
0.007490343
-0.02328297
-0.04871412
-0.004305873
0.01130082
0.05969157
-0.02062535
-0.002877048
0.01118893
-0.01798409
0.000177901
-0.01335131
-0.004013999
-0.009489927
0.007318099
-0.00902997
-0.008964907
0.003867653
-0.002308574
-0.004059163
0.008512676
0.02992224
-0.0272308
0.04901627
-0.01470387
0.01170413
-0.0131367
-0.02811715
0.0400895
-0.02512081
-0.01930236
-0.0318348
-0.03286334
0.005897725
-0.006103708
-0.01374737
0.001844061
0.01265496
-0.006543874
0.03385808
0.03461879
0.02611645
-0.003156836
0.01102575
-0.001704374
-0.01325071
0.00518412
-0.009632229
-0.006919824
-0.02222241
0.02994594
-0.03877136
-0.04673396
-0.02950314
-0.02765436
-0.02510069
-0.04058625
0.004769911
-0.01326372
-0.03266352
0.01520823
0.01456284
0.002922646
-0.03850372
-0.005378849
0.004270358
0.01368348
0.004588581
0.02317614
0.006787777
0.01164559
0.03144739
0.005333883
0.0115964
0.01046153
0.02908
-0.03122637
0.04724425
-0.0008818465
0.002547511
-0.02672585
-0.07061539
0.0350011
-0.06055107
0.01335884
-0.001763329
0.01565241
0.01176294
-0.01457637
0.02160279
-0.05060314
-0.0203485
-0.02277637
-0.01587547
0.005399116
0.01387071
-0.03683092
-0.004253111
0.02925972
-0.05530399
-0.0373387
0.006914863
-0.06631149
0.04245073
-0.08050777
-0.04677069
0.01763071
-0.03889677
0.07695226
-0.03595521
0.04123392
0.01632642
-0.03563847
-0.01949531
0.02404762
-0.00167591
-0.008429744
-0.002578535
0.01743239
0.02106652
-0.003968851
-0.01186135
-0.008586825
-0.03140313
-0.04435118
-0.03276368
-0.004732757
-0.01096799
-0.00315795
0.09157432
0.06817169
-0.02294955
0.1375903
0.1129628
-0.03487447
0.120183
0.05449409
-0.02220498
0.03329625
-0.17473
-0.02471629
0.2701062
-0.09675994
0.02497944
0.2139428
-0.06744215
0.1048537
0.08685357
-0.04547542
0.009777077
0.05671108
-0.03159943
0.02285917
-0.05454332
-0.1035107
-0.04401101
-0.04403083
0.03905144
-0.04075729
-0.02887791
0.1462597
-0.04937634
-0.007636886
0.09831823
-0.06170097
-0.01104703
-0.2750945
-0.1958428
0.0947763
-0.1737054
-0.01120518
-0.04506101
-0.2911039
0.0005961146
-0.004363994
-0.08397762
-0.1256008
0.05859741
-0.05778505
-0.01926301
0.09299897
-0.08795847
0.02168462
0.1069149
-0.06331117
0.02789264
0.1507965
-0.05474264
0.01978133
-0.001571918
-0.05989904
-0.07379454
0.02032947
-0.007159767
0.1408705
-0.1577401
-0.1099156
0.06788531
-0.1428897
-0.03737688
-0.04355914
-0.03857935
-0.04980235
0.16119
-0.01731967
-0.1078288
0.2783002
0.02026767
-0.09137156
0.2263964
-0.004628059
-0.01764478
0.02450922
0.06381661
-0.01876882
0.02011484
0.08678043
-0.003304951
-0.003168889
-0.02372213
-0.2198223
0.08848773
0.05407122
-0.3566796
0.1608632
0.04356871
-0.2062509
0.08070844
-0.06554998
-0.04036598
0.0287573
-0.0717862
-0.08686703
0.1047102
0.09325138
-0.09318256
0.08645729
0.0935768
0.04623386
0.002573296
0.04993321
0.001574398
-0.03406125
0.08974689
0.02606037
-0.02073025
-0.07124837
0.120121
-0.05418717
-0.2215082
0.4605753
-0.3057649
-0.1320497
0.4034114
-0.1675563
-0.181482
-0.06914375
0.08288538
-0.2244175
-0.007131707
0.2341327
-0.2236323
-0.01329181
0.2186284
-0.03409703
-0.1529388
0.05816577
-0.1582681
-0.09888973
0.00990702
-0.08389553
-0.01018685
-0.005119655
0.01509318
0.02344672
0.02208686
0.00763256
-0.09804567
-0.07314913
-0.04612608
-0.1221982
0.008514308
-0.08504595
-0.1296615
-0.1603704
-0.1898156
-0.03230116
0.07538318
-0.168224
0.1117341
0.02529621
-0.04798073
-0.04370255
0.08265515
-0.09852421
-0.01927338
0.1075433
-0.08811718
0.04238217
0.1462861
0.1020486
0.06949168
-0.06630706
0.1366688
-0.01292768
-0.1010653
0.06230401
-0.07354414
-0.06125545
-0.06306826
-0.2375367
-0.02152327
-0.2093974
-0.1181376
0.08991174
-0.0888889
0.2311072
-0.01214889
0.05845097
0.08454807
-0.07930066
0.03811643
-0.03353877
-0.08023603
-0.006999835
-0.05677
-0.01607023
-0.02718584
0.05471395
0.04388404
0.04900039
0.04419765
-0.07057304
0.06331119
-0.02702593
-0.2016699
-0.07697454
-0.06834405
-0.06700674
0.0563526
0.1067033
-0.08145683
0.07638296
0.005945657
-0.1319639
-0.07527653
-0.03031763
0.07328559
-0.02791716
0.1406391
0.1155714
0.05932319
0.146669
0.01250502
0.09644496
-0.0553858
-0.03394172
0.03910765
-0.08198854
-0.0356782
-0.008016478
-0.09701224
-0.01371624
-0.1080509
-0.1343805
0.02865236
-0.1624409
-0.08557303
0.131083
-0.0574242
0.06775114
0.04154278
0.0186086
-0.0625615
0.003063813
0.04127217
-0.1238189
0.05511246
0.04652731
-0.0898454
0.1076001
0.07115854
-0.007175899
0.02216856
-0.01913975
-0.06055121
0.03599052
-0.0343868
0.02814329
0.13483
-0.01996315
0.1315807
-0.02292785
0.1832848
0.01216466
-0.2559511
0.1437998
-0.2067394
-0.1009448
-0.1110067
-0.001947835
0.07393143
-0.02206847
0.08227587
0.05908982
0.05553159
0.05419201
-0.08690082
-0.212189
-0.0139832
0.09516317
-0.01240843
0.08803801
-0.04472918
0.0137662
-0.03871217
-0.07876691
0.07039715
-0.01839559
0.002184682
0.04211875
-0.01571459
-0.03425806
0.03410251
-0.02143634
0.007615054
0.05925499
-0.07956482
-0.06909106
0.1494883
-0.09131774
-0.1219938
0.113863
-0.07128119
-0.1361575
0.07994976
0.01415574
-0.01875201
0.09375075
-0.005913552
-0.1001762
0.07636201
-0.01519598
-0.109399
-0.0363685
0.07765849
0.01835399
0.0122005
0.101774
-0.01429457
-0.01115841
0.037463
-0.04669977
0.05351789
-0.1100472
-0.1821395
0.08321234
-0.07342386
-0.1080431
0.03257981
-0.1279053
-0.1128622
-0.09065043
-0.0445815
-0.03660547
-0.08287743
-0.09498595
-0.02553759
-0.09679925
-0.1171824
0.01455667
0.02540215
-0.1054609
-0.0006142911
-0.03205968
-0.09560998
0.01860279
-0.03851376
-0.02601109
0.0418764
-0.01502362
-0.009672581
0.01835182
-0.0616865
-0.0522756
-0.007687057
0.004909642
-0.005165075
-0.04190655
-0.1094573
-0.02111253
0.09196516
-0.127515
-0.07673822
0.1225597
-0.138465
-0.09664895
0.0988389
-0.05962051
-0.04396728
0.02101674
0.01389737
-0.014238
0.01389695
0.04021246
0.0124816
0.009695888
-0.0557068
-0.1433987
-0.0612685
-0.03637332
-0.1827821
-0.03612023
-0.03174913
-0.0626855
0.03433607
0.0021679
-0.1862084
-0.1784119
-0.02353895
-0.1282836
-0.04060157
-0.06827454
-0.03826929
0.06271008
0.1475289
0.06981824
-0.06045601
0.08184359
0.006351313
-0.09763241
0.06568864
0.00238074
-0.067504
-0.1210759
0.03533727
0.02076021
-0.08794188
0.1780878
0.04001618
0.002793301
0.04748463
0.0923054
-0.1679454
-0.1162723
0.1107334
-0.1447037
-0.00675627
0.2835087
-0.1891692
-0.01018688
0.208959
-0.03736851
-0.1062162
-0.009624762
-0.1008999
-0.009049205
0.061902
-0.007366421
0.03190826
0.04950262
0.01253715
0.0302549
0.03418939
-0.01287517
-0.02303264
-0.02759183
-0.04593634
-0.0481851
-0.05090879
0.03830364
-0.04589058
-0.07085032
0.02511059
-0.0386561
-0.06024433
0.0674994
0.04548042
0.0007853686
-0.01417257
-0.005672896
-0.004092732
-0.006701834
-0.007353929
-0.01430931
-0.02180812
-0.02708241
-0.02638339
0.01488711
0.007494411
0.01029349
0.009558305
0.007498752
0.01163338
-0.006586423
-0.0155678
-0.002107221
-0.01185071
-0.05036565
-0.03710112
0.002441225
-0.01209844
-0.005242254
-0.006327855
0.0346508
0.02365204
0.01750915
-0.01182227
-0.01646353
0.01360103
-0.009827064
0.008058927
0.03259743
0.02643059
0.03842492
-0.01235893
-0.01190584
-0.01695129
0.03662492
0.04018727
0.03088344
-0.02029202
-0.01862313
-0.01120894
-0.02774683
-0.02139967
-0.01647771
0.02666375
0.008658596
-0.02747045
0.04281914
0.02813626
-0.03125462
0.002938587
0.004093257
0.02000399
-0.01969334
-0.001533897
0.0004571585
-0.01138826
-5.703383e-05
-0.000548249
0.0107873
0.003043131
0.004801932
0.009738979
0.002595866
-0.009517272
0.01967707
0.01556167
-0.01055984
0.002221303
-0.0006042466
0.02673827
-0.01603564
0.005500976
0.01316598
0.02572418
0.01481894
0.005513381
-0.08141401
-0.03651874
-0.0070938
-0.05061388
-0.02344343
-0.0209286
0.04494973
0.0496712
0.01006495
0.01017838
0.04658169
0.06884598
-0.02517402
0.002326084
0.03807567
-0.06627946
-0.04027981
-0.01117762
-0.02251003
-0.00540226
-0.004084619
-0.009406479
-0.03046003
-0.03983209
0.01544761
0.001978585
0.00392387
-0.01830784
-0.04179414
-0.031362
-0.00267409
-0.02775455
-0.052812
0.04663028
0.02892653
-0.01400569
-0.003050976
0.008956104
-0.02315095
0.07113265
0.0519992
-0.0203224
0.02485241
0.007253339
-0.03467881
0.04446037
0.04217964
-0.01129838
0.02259557
-0.02359867
-0.0415785
0.05293699
-0.02858462
0.01911681
-0.07470381
-0.02071472
0.05889393
-0.04688378
0.0294361
0.06847853
-0.09888739
-0.07426231
-0.03380015
-0.08077336
-0.1602541
0.06784618
-0.1656057
-0.141176
0.1388672
-0.1909954
-0.1156699
0.1397348
0.0263128
0.004067998
-0.0577712
0.01944412
0.001538806
-0.06886028
-0.001482556
-0.01298462
-0.08558985
-0.06639589
-0.09775314
0.008907533
-0.1262048
-0.07147323
0.004246412
-0.1315763
-0.03978131
0.04756721
0.06052683
0.05867897
-0.05001986
0.06559408
0.04017437
-0.05260595
0.0318456
-0.01497967
-0.1003825
0.04906311
0.1479139
-0.06421799
0.1181952
0.1089898
-0.1557155
0.09619649
0.03137659
-0.2307943
0.005907351
-0.03812586
0.05933373
-0.04624909
-0.04652029
0.02087096
-0.04499153
-0.06653164
0.001384484
0.007769794
0.001632065
-0.04355434
-0.03229287
-0.03438332
-0.08149737
-0.05062674
-0.0353003
-0.06867871
0.06942391
-0.06346565
-0.1187522
0.03155357
-0.1092836
-0.1077662
-0.02485067
-0.1216603
-0.07538254
-0.03577032
0.009556761
0.008874279
-0.01862049
0.01954504
0.03014882
-0.02759002
0.04213399
-0.006047023
-0.1143954
-0.1000578
0.02816021
-0.1177711
-0.1353662
0.07035803
-0.04204616
-0.04198058
0.07613039
0.04769089
-0.01449731
-0.1018124
0.02991369
-0.05690834
-0.1357731
0.001889408
-0.05040404
-0.0945403
0.006432136
-0.03249607
-0.009770674
-0.02588285
-0.04892433
-0.02304357
-0.07762744
-0.03653709
0.0345586
-0.01954151
-0.06223182
-0.04582372
-0.02196055
-0.05757939
-0.03183298
-0.04960236
-0.0472809
0.01056585
-0.01112841
-0.04601159
0.07517772
-0.05786445
-0.06485251
0.062671
-0.03633235
-0.04119402
0.1092886
0.03425357
0.02816729
-0.006489031
0.009338143
0.008447917
-0.03366017
0.06403741
0.05863809
0.04502233
-0.05552723
-0.0401217
-0.0284083
-0.05266529
-0.04107522
-0.006714325
-0.04400777
-0.004295395
0.03058148
-0.02878664
-0.02136181
-0.06771122
-0.06507386
-0.04955766
-0.09048245
-0.0005675884
0.02982692
0.02174313
0.03219561
0.0461769
0.01685632
0.021027
0.03132967
0.004285079
0.03017859
0.04574507
0.0293232
-0.03185807
-0.01044253
0.005485078
-0.002015857
0.0003073461
0.01860736
-0.03660156
-0.05321194
-0.03848989
-0.003396722
-0.02552822
-0.003010579
0.0005416632
-0.02422046
-0.004910309
0.04031214
0.03090077
0.03102517
-0.0009163028
0.0122089
0.05269129
0.03942979
0.0486391
0.07059453
0.06975783
0.05709502
0.04739235
-0.0213098
-0.04346968
-0.05516716
-0.1025554
-0.08292668
-0.06090285
-0.03302949
-0.0260134
-0.005220935
0.01851054
0.02619108
0.002275905
0.04853955
0.04871123
0.02514425
0.01671299
-0.009883019
-0.03212886
-0.0001024473
0.0251775
0.02916538
-0.009889931
0.01234313
0.004482551
-0.05128275
-0.03755389
-0.06155805
-0.03366337
-0.01095577
-0.05698393
-0.01922757
0.0007456368
-0.051357
-0.005293219
-0.01430681
-0.03614707
-0.08695243
-0.09579141
-0.09055702
-0.02671642
-0.04320601
-0.04591525
-0.01900007
-0.02457421
-0.03221533
0.05156779
0.02787853
-0.03964888
0.04254731
0.02090511
-0.04015258
-0.04635406
-0.04925406
-0.0882989
-0.03213461
-0.05618273
-0.024859
-0.02359206
-0.03046459
0.02355642
-0.04999796
-0.04889577
-0.04483646
-0.05396061
-0.05849856
-0.01923745
-0.05898303
-0.05694396
-0.0271648
-0.02901389
-0.04853945
-0.03036072
0.02000983
0.02710677
0.04930998
-0.01097117
0.003430404
0.02182902
0.002875673
-0.004843998
-0.009536169
0.03375431
-0.04015198
0.05471078
0.06000526
0.01863768
0.04821908
-0.01936986
0.004971123
0.0321318
0.02025319
-0.06485166
0.07800671
0.02149106
-0.09108331
0.03456211
0.1645439
-0.00535534
0.009016751
-0.002427022
0.03548513
0.04090294
0.017975
-0.03366659
-0.005280265
-0.03233234
-0.0188203
-0.01383718
0.04719818
0.008042738
-0.08377703
0.05355372
0.09060375
-0.03711686
-0.00998517
0.0935251
0.0379397
-0.08739655
-0.01724101
0.1106711
0.01639729
-0.1400032
0.04287621
0.183214
-0.1971201
-0.111199
0.01059575
-0.06886473
-0.09725746
0.00271625
0.004488746
0.02625395
-0.007550234
-0.03787332
0.07000065
-0.03651323
-0.126751
-0.07450223
0.1421576
-0.04565841
-0.07077584
0.1302451
0.04553161
-0.05442449
-0.02771883
0.0586522
0.1518769
-0.04852043
-0.07040562
0.1820985
0.03357491
-0.07490435
0.03509583
-0.09120704
0.1063683
0.08643492
-0.1437815
0.02326792
0.2237285
-0.1031848
-0.06877196
0.167661
-0.04150244
-0.05807979
-0.01096927
-0.02719212
-0.05533944
0.003172904
0.0431341
0.004967308
-0.01999392
-0.1479566
-0.0301866
0.09023938
-0.1187414
-0.196982
0.246247
0.05763065
-0.1570713
0.07688829
-0.1129714
0.0601127
-0.07585995
-0.1179066
0.06284091
0.05907782
-0.08704935
-0.08179025
-0.07622073
0.06909408
0.03879511
0.05136146
0.02427835
-0.00399688
0.01953432
0.0009270943
0.02113066
0.03801877
0.2064212
-0.146425
-0.2646958
0.2609249
0.07186387
-0.25177
-0.01027428
0.108181
-0.1316076
-0.07774022
0.09952806
-0.1119006
-0.08650732
0.07215764
0.02614455
-0.1402288
-0.06133292
-0.005633333
-0.1254718
0.01985149
0.07531106
-0.05514477
-0.05528618
-0.01194724
-0.01064173
-0.02980283
0.01600135
-0.002665546
-0.03314356
-0.05006539
-0.04046546
-0.06603306
-0.06881014
-0.0458713
-0.05937897
-0.04724466
0.02100705
-0.007816792
-0.00660383
0.02861494
0.0136705
-0.007051504
0.06537766
0.01098621
-0.004020669
0.01513166
0.02449308
0.02511626
0.0330319
0.01314672
0.004795349
0.03842137
0.000659121
-0.01952496
0.009633556
0.01767131
0.02056897
0.01350472
0.009490546
0.005390724
0.001581366
-0.005435065
-0.01418644
0.03560452
0.02937964
0.03719786
0.0254088
0.01773189
0.0311124
0.04381745
-0.0008467715
0.02445138
0.05104391
0.04290547
0.04750972
0.04945873
0.0591308
0.04285887
0.03161399
0.04576199
0.03895172
-0.007818462
-0.04181344
-0.04152275
-0.01307578
-0.03902954
-0.03491523
-0.04476691
-0.05613774
-0.06618415
0.0138
-0.007151793
-0.0325791
0.04622377
0.005852075
-0.02466184
0.04930269
-0.02451071
-0.04186791
0.01225244
-0.001882595
-0.03257393
0.02487417
0.00233735
-0.01252043
0.01232385
-0.001204297
0.01331118
-0.01799433
-0.006460697
-0.02208738
-0.005645858
-0.002685624
-0.007976717
0.002456966
0.01438481
0.01564913
-0.01361638
0.001139388
-0.001047973
0.003783684
-0.002194206
0.00906112
-0.00118756
-0.01216791
0.004466641
0.04549042
-0.01782424
-0.04252676
0.01515562
-0.02833523
-0.03419827
-0.02146468
-0.04859826
-0.04055657
-0.05808236
-0.01674325
-0.008645145
-0.04232417
-0.004988267
0.003172723
-0.02381883
0.007131984
0.004188157
0.01304667
0.02809962
-0.01928378
0.04737318
0.01059612
0.003643532
0.03441425
0.01959601
-0.009544303
-0.02267269
-0.0223145
-0.0402659
-0.02754175
-0.02681608
-0.02266281
-0.02792395
-0.0211193
0.00554172
-0.02904615
-0.05972446
-0.06742289
-0.0005066636
-0.04787914
-0.04630878
-0.001675492
-0.04707479
-0.03278791
-0.07051378
-0.09335157
-0.06786006
-0.04646905
-0.08579375
-0.08857367
0.007529027
-0.0395651
-0.08033427
-0.03521027
-0.0485273
0.02642806
-0.01746894
-0.03383327
0.02436203
0.002486017
-0.06018619
0.08262999
0.01698714
-0.03985918
-0.005585846
0.001383109
-0.07395916
-0.01562224
-0.01684853
-0.1077044
-0.05106661
0.04307346
0.02885477
-0.02667627
0.01832601
0.003050575
-0.05675544
0.007950043
-0.009007133
-0.06558657
-0.01174512
-0.05196311
0.03502811
0.004746664
-0.06801268
0.01981739
0.01193519
-0.09035951
0.01853007
-0.03540955
-0.01829716
-0.01229601
-0.02950176
0.004341916
0.004516197
-0.01296982
-0.001692223
0.019708
0.02421327
0.01500516
-0.06581841
0.02460565
0.002227315
-0.0848646
0.03225534
0.02556118
-0.1135071
0.03961774
-0.03867687
-0.01593246
-0.05107777
-0.07639686
0.0005434198
-0.03716105
-0.05196287
0.0173676
-0.001750717
0.00604738
-0.005739891
-0.03647263
-0.02458785
-0.03967156
-0.08196966
-0.0583827
-0.03610471
0.01124039
-0.006145267
-0.03281291
0.02764273
-0.00314126
-0.03137376
0.05524048
-0.001775486
-0.03359975
-0.0354286
-0.03486582
-0.02612924
-0.02860458
-0.02897955
-0.006941451
-0.03394473
-0.02973637
0.01169122
-0.08177912
-0.09233041
-0.05186432
-0.06775195
-0.06469706
0.03937501
-0.04378425
-0.03850234
0.08725992
-0.01399444
-0.01510194
-0.09025629
-0.03039733
-0.0183674
-0.09111448
-0.04806044
-0.02746989
-0.1051701
0.01362918
0.05451691
0.05335126
-0.0409231
-0.01787106
0.06347593
0.02949598
0.08182803
0.05631304
-0.04974312
-0.03088544
0.02653752
-0.05536534
-0.01783136
0.02796611
-0.06536209
-0.004918493
0.06675194
-0.003821159
-0.05473552
-0.009456944
-0.03485459
-0.03929668
0.05448382
-0.0115532
0.01513656
0.08343871
-0.001679517
-0.001465865
-0.001242417
-0.002431727
-0.002371946
0.001182679
0.0006163077
0.001332412
0.0005836714
-0.000794002
-0.001949174
0.0005035737
0.0004932777
-0.001530906
-0.001274375
-0.001075484
0.001322616
-0.0005433783
-0.000912701
-0.0006401462
0.002437252
-7.224228e-05
-5.620158e-05
-0.00018143
-0.00196542
-0.001899541
0.001765516
-0.003377549
0.002880266
-0.0005533941
-0.0005115915
-0.0009650411
-0.0004651279
-0.00388505
0.002361394
-0.001313166
-2.310719e-05
0.002239916
0.001468307
0.002931404
0.0002725151
-0.004519848
0.001435159
-0.001372657
0.001541726
0.001133089
-0.002088154
-0.0009401152
0.0001905148
-0.0002362047
-0.0004920925
0.001128429
-0.000988478
-0.0004837232
0.003544379
0.002084297
-0.002056289
0.0004649171
9.610325e-05
-0.002005051
0.003295138
0.0009160296
-9.122362e-05
0.001488408
-0.0006220535
-0.0002462251
-0.002040536
-0.0001822607
-0.0006527525
0.001981479
0.001834444
-0.0001385604
0.002478882
-0.00105822
-0.0007706981
-0.0006059061
-0.002564013
-0.0008575094
-0.002257734
9.077194e-05
0.0003169162
-0.002108246
-0.001745262
-0.001968272
0.0005419155
-0.0001054531
-0.00315512
-0.0009717066
-0.0009541565
-0.00125659
-0.001081303
0.0006114383
0.001424512
0.001545555
0.001640288
-0.002595193
0.0004228934
0.002136305
-0.002610708
0.0008281927
0.002095465
0.0004721332
-0.001376005
-0.003145318
-0.0009824707
0.002631829
0.002558844
-0.00270989
-0.001230039
-1.179927e-05
-0.00335245
0.001404486
0.0007529876
-0.001068509
-0.002870939
0.0001012543
0.0007935603
-0.0003179394
-0.0008947219
-0.001828255
0.000732841
0.0003628642
-0.0001764758
-0.002139386
-0.00177864
0.002109493
-0.002405533
0.001611718
-0.001002424
-0.001952666
0.002247094
-0.002156839
0.001803007
0.001578392
-0.002455782
0.0001618413
0.003138395
-0.0003183688
-0.0007188497
-0.003087493
0.001085426
-0.001273988
0.00083088
0.002217012
0.02564525
0.01554981
-0.01166423
0.06129475
0.0409778
-0.02748713
-0.01849056
-0.02015794
-0.06233603
-0.05241949
-0.1026971
-0.0860427
0.07514591
0.01316207
-0.0924381
0.1251162
0.07893869
0.01633496
0.01414418
0.02651062
-0.04447016
-0.01383194
0.0472825
0.01622586
-0.04376159
0.04102156
0.06170223
0.0009253002
0.01066183
0.03938235
-0.01737338
0.0004160535
0.04279444
-0.02645133
-0.01685809
0.01208082
0.04483305
0.009762443
-0.02996344
-0.03569246
0.05666601
-0.02018433
-0.01077251
0.06659636
0.1238729
-0.01759309
-0.02175304
-0.0007060158
-0.01462447
-0.01678624
-0.004960947
0.01925305
0.01318911
0.02963293
-0.02607258
0.03883513
0.06345988
-0.04060643
0.04444791
0.1158778
-0.1509541
-0.09378392
0.006342607
0.01474744
-0.01152984
-0.07034826
0.01302771
-0.01322961
-0.09656825
0.04776885
0.09075088
-0.04330024
0.01513241
-0.00748707
-0.03973044
0.0224676
-0.02198195
-0.05890248
0.01634235
-0.01936825
-0.07318117
-0.02820684
-0.04415054
-0.04433989
-0.03346609
-0.04181402
-0.05018122
-0.03386267
-0.02759446
-0.01434082
0.01858935
0.01045775
-0.04952437
-0.01453374
0.001158602
-0.07044967
-0.01756138
0.03573064
-0.01756334
-0.05904165
-0.02954546
-0.04125625
-0.09143429
-0.01709589
-0.003320093
-0.08838854
0.0641052
0.06081299
0.01065313
0.0222522
-0.0008065943
-0.03143528
-0.01892682
-0.0365594
-0.04453822
-0.05657315
-0.08751246
-0.09480803
-0.02966019
0.06137757
-0.1088255
-0.09106875
0.08591632
-0.05578044
-0.08106374
0.01887489
-0.01993409
-0.03577521
-0.007030797
-0.02617231
-0.04308869
-0.03373598
0.02365203
0.0222647
0.04178888
0.07786204
0.0200564
-0.06459147
0.0573611
0.04558412
-0.04665422
-0.0377412
0.02348543
-0.02268027
-0.05950517
-0.04537307
-0.0004861791
-0.04380404
-0.006163943
0.03307259
-0.03879958
0.004668613
0.005792155
0.02607374
0.008112065
0.05990251
-0.05910227
-0.06904444
-0.02561338
-0.00155043
-0.03588822
-0.0004372079
-0.06956937
0.1396978
0.2255618
-0.2007769
-0.0581543
0.1011837
-0.1355909
-0.1656918
-0.1045638
0.03414647
0.02312601
0.03632056
0.02245116
-0.002144412
0.01498337
0.03474434
0.001790968
0.0017275
-0.08493108
0.01745291
0.02099638
-0.07243372
-0.02183587
-0.0007576474
-0.005782057
-0.04900444
-0.01671933
0.02875898
-0.02598582
-0.07359108
0.08999627
0.04328832
-0.007760721
0.05395624
0.08415367
0.05112389
-0.02421768
-0.1060114
-0.08970676
0.091934
-0.03186053
-0.1309393
0.1628065
0.1142189
-0.0007782886
0.03412506
0.05802429
0.05354106
-0.02061504
-0.03162643
0.006029848
-0.03231933
-0.06042526
0.004709269
-0.05837793
-0.05195522
-0.04627443
-0.03197962
-0.04857671
-0.08251826
0.03642982
0.0006996538
-0.05361721
-0.02473648
-0.06602066
-0.05175144
-0.02968569
-0.02816764
-0.01306698
-0.002602353
0.02210598
0.001107799
0.006488434
0.04348017
-0.03869676
-0.01345867
0.08190225
0.01427458
-0.02500042
-0.0007542553
-0.0137865
-0.05074938
0.02238407
-0.02937879
-0.02615198
0.02250955
0.02459938
-0.01630639
-0.03188861
-0.02595586
0.01793695
-0.04012723
-0.06398248
0.03728189
-0.00497891
-0.05820543
0.02258571
0.0062644
-0.0546797
-0.001267902
0.02122992
0.04815009
0.03069313
0.01710441
0.01249065
-0.002659485
-0.03973147
0.001764143
-0.05057629
-0.02650078
-0.0340737
-0.0248392
-0.02007455
-0.05313789
0.0552006
-0.009257383
-0.0687459
-0.03987139
-0.002347747
0.0284913
-0.0387508
-0.04631422
0.004760129
-0.002844862
-0.0408532
-0.0267727
0.02004694
-0.0797606
0.1542408
0.040525
-0.09298845
0.1412455
0.03372259
0.02141352
0.03509669
-0.1243681
0.1738384
0.04187407
-0.1154963
0.2794716
0.0356817
-0.110831
0.07336195
0.06281771
-0.007374751
0.04638325
0.003979509
0.01848194
0.07605766
0.005018384
0.003797942
0.02027146
-0.02954146
0.01129069
-0.03552735
0.0229956
0.08646397
-0.1007721
0.08815204
0.04004764
-0.08239587
0.03331331
-0.3822667
0.04985424
-0.4128084
-0.3818816
0.4090328
-0.3789523
-0.4183223
0.210491
-0.3651765
-0.08098964
0.01269528
-0.03904
-0.0927742
0.1148657
-0.003628234
-0.1291737
0.04928435
-0.09228177
-0.004027816
0.03582471
-0.0575102
-0.09769193
0.07892642
-0.09412136
0.04039833
0.01499126
-0.02286676
0.007908969
-0.04593293
-0.07787829
0.02151338
-0.00858751
-0.08870897
0.03862843
-0.08533923
-0.01657752
0.2057648
0.04677781
-0.1060747
0.1122604
0.1167811
-0.2159733
0.1048153
0.05960383
-0.14844
0.07571233
-0.08187896
-0.03886146
0.05415228
-0.04939144
-0.07356865
0.08778533
0.006302413
-0.03396699
-0.2077817
0.137593
-0.2528964
-0.3962584
0.4826269
-0.4213267
-0.2663808
0.210393
-0.2173952
-0.02148498
0.01712611
0.06181008
-0.01526347
0.1051245
0.0242679
-0.1086015
0.07246785
-0.1181147
0.107205
-0.05714202
0.1830818
0.03772479
-0.1089065
0.1171274
0.1521347
0.05290052
0.1642606
-0.1036202
-0.2642643
-0.07598075
0.4976228
-0.6782013
0.5501127
0.2717639
-0.5095738
0.3499268
0.02878815
-0.063972
-0.181257
0.1166742
0.1376125
-0.1864456
0.01402596
0.07142158
-0.2740824
0.0431301
-0.03372607
-0.09754704
0.1141617
-0.0920959
-0.01797193
0.06024646
-0.04015111
0.09154215
0.008412591
-0.006483012
-0.007901631
-0.01276744
-0.01301793
-0.02483584
0.03046861
0.02545917
0.02156365
-0.08131047
-0.07004447
-0.06892422
-0.05298001
-0.05247232
-0.04472911
-0.01243416
-0.01425565
0.008013651
0.009134129
0.001810353
-0.007314253
-0.01310891
-0.006425599
-0.02930779
0.01159063
0.02730812
0.0109481
-0.01271
-0.003169287
-0.0009596946
-0.01459675
-0.001023651
-0.016244
0.01712471
0.008592811
0.004262628
0.003588961
0.03776293
0.003183505
0.07766334
0.09993947
0.06097834
0.004755874
0.05216265
0.03120584
-9.353051e-05
-0.003267835
-0.0220182
-0.004057996
0.001478303
-0.01530913
0.006019539
0.01850665
0.03979145
0.006880293
0.02090416
0.002350341
-0.1038096
-0.08409163
-0.08464852
-0.08511365
-0.08155317
-0.06707897
0.007072046
-0.002964842
-0.02073721
-0.02955645
-0.02232744
-0.007980115
0.00943513
0.0162474
0.00594615
0.01126562
-0.006911509
-0.02424363
0.04770704
0.03075434
0.01823816
-0.02787661
-0.03382692
-0.06186639
-0.00748074
-0.005087359
-0.02462667
0.01582657
0.009826439
0.001940888
-0.04153763
-0.01694627
-0.01629957
-0.0131507
-0.01120634
-0.01898959
-0.03129004
-0.03223978
-0.01912819
-0.01249681
0.008255642
0.01271817
0.01111881
-0.06078658
-0.03714609
0.1194397
0.04742569
0.04048421
0.03447859
0.008138069
-0.03107024
0.007643763
0.007510872
-0.00899955
0.002816408
-0.008109629
-0.02111373
-0.03276876
-0.03058017
-0.0426531
0.04593974
0.01828004
0.01265459
-0.0365596
-0.06018472
-0.04990435
-0.05402976
-0.05071368
-0.004935523
-0.0564159
-0.04080685
-0.0009886768
-0.05149383
-0.0555101
-0.02339541
-0.005981712
-0.004833715
0.0071179
0.07944427
0.04693458
0.05598264
-0.03558921
-0.03945574
-0.007829505
-0.0329193
-0.01992258
-0.02736991
