3.261975e-01
2.878024e-01
2.502347e-01
2.656459e-01
2.591210e-01
3.188888e-01
2.905174e-01
2.907439e-01
2.436525e-05
2.659529e-01
3.504209e-06
2.920765e-01
2.916547e-01
2.489796e-01
3.653600e-01
2.933592e-01
8.914478e-05
3.715280e-01
3.224503e-01
2.607434e-01
2.332663e-01
3.280965e-01
3.354580e-01
2.984402e-01
3.129286e-01
2.473182e-01
2.822032e-01
2.374728e-01
5.206179e-05
2.544634e-01
3.053596e-01
2.610878e-01
2.173397e-01
2.984034e-01
5.214696e-05
2.837759e-01
3.295520e-01
3.209406e-01
3.034970e-01
2.220054e-01
2.944502e-01
3.531803e-01
2.877328e-01
2.941716e-01
3.136121e-01
2.590339e-01
3.086791e-01
2.221827e-05
2.983264e-01
2.017094e-01
2.900004e-01
2.545469e-01
2.766589e-01
2.506268e-01
2.694909e-01
3.154594e-01
3.632659e-01
2.513970e-01
2.719428e-01
3.203941e-01
3.596191e-01
2.599731e-01
3.287488e-01
2.857478e-01
