-3.022576e-02
-8.141319e-02
-2.679094e-02
2.431566e-02
-9.628625e-02
-1.201047e-03
-2.637660e-02
7.031665e-03
-5.581368e-03
-6.907391e-02
-5.699624e-02
-7.869992e-03
-2.639124e-02
-4.002995e-02
-9.431444e-02
-8.304600e-02
-2.130045e-02
-4.511834e-02
-3.961897e-02
-3.490623e-02
-1.260223e-02
-1.336050e-02
-5.306879e-02
5.860287e-03
-9.341355e-03
-5.346671e-02
2.431996e-02
-6.881830e-02
-3.918019e-02
-4.647116e-02
6.212376e-02
-3.452462e-02
-1.562362e-02
9.266843e-03
-1.974908e-02
-7.116837e-02
3.396225e-03
2.375640e-02
-3.433326e-02
-5.770590e-02
-5.824978e-02
-5.404178e-04
-3.716173e-02
-6.527939e-02
3.931565e-02
-4.359008e-03
-4.767793e-02
-7.954510e-02
1.340138e-02
5.708294e-04
1.214302e-02
4.590411e-02
-4.115035e-02
-6.565669e-02
6.770582e-02
-3.243450e-02
4.083864e-02
4.301082e-02
-7.647622e-02
1.573437e-02
-8.012930e-02
-6.155338e-02
-5.113233e-02
-5.366210e-02
