4.565784e+00
3.067236e+00
7.642008e-04
3.270356e+00
1.003597e+00
3.216537e+00
4.290589e+00
5.523890e+00
4.047969e+00
4.808980e+00
2.739897e+00
4.974927e+00
4.348461e+00
6.487278e+00
7.904430e-04
2.724624e+00
4.355290e+00
5.084019e+00
2.961233e+00
3.792330e+00
4.586679e+00
7.144432e-04
4.048315e+00
4.672975e+00
4.580870e+00
5.987054e+00
6.347904e+00
3.158098e+00
4.938546e+00
6.183636e+00
3.534936e+00
5.220312e+00
4.791417e+00
3.133206e+00
6.417172e+00
5.148636e+00
3.010557e+00
3.667582e+00
4.559713e+00
4.303031e+00
4.072815e+00
5.698647e+00
4.516973e+00
3.332039e+00
4.097323e+00
4.782179e+00
4.773709e+00
3.848834e+00
4.226272e+00
3.182006e+00
7.396747e+00
4.040822e+00
3.869923e+00
5.612756e+00
4.223860e+00
4.099129e+00
3.726399e+00
3.733278e+00
4.184821e+00
4.128490e+00
6.207339e-04
4.166739e+00
3.189792e+00
3.961356e+00
