2.509242e-01
2.223508e-01
2.949850e-01
1.239229e-01
2.645162e-01
2.279409e-01
2.438951e-01
2.439399e-01
1.673354e-01
2.650456e-01
1.840169e-01
3.885851e-05
1.874399e-01
2.927409e-01
2.286505e-01
1.638251e-01
1.894364e-01
2.114985e-01
2.018200e-01
1.823450e-01
2.957794e-01
7.989437e-05
1.912314e-01
2.107614e-01
1.996851e-01
2.763388e-01
1.161596e-01
1.587004e-01
2.100715e-01
2.842530e-01
8.871746e-02
2.140170e-01
2.218805e-01
2.661240e-01
2.432226e-01
2.025543e-01
2.352989e-01
2.534201e-01
2.296648e-01
2.584317e-01
2.445511e-01
2.160846e-01
2.189825e-01
2.562357e-01
2.430471e-01
2.068486e-01
2.470579e-01
1.930587e-01
3.395689e-01
2.328237e-01
1.901067e-01
1.402353e-01
5.011634e-05
2.271956e-01
1.583924e-01
2.253120e-01
1.935792e-01
2.516064e-01
2.231918e-01
2.182345e-01
2.316723e-01
2.244052e-01
2.124061e-01
2.378180e-01
