1.384237e+00
2.427733e+00
2.403609e+00
1.329164e+00
2.343407e+00
3.244465e+00
1.854812e+00
1.247380e+00
3.171434e+00
7.648907e-01
1.228517e+00
1.873178e+00
1.253175e+00
1.557958e+00
2.557430e+00
1.491539e+00
2.847793e+00
2.771205e+00
2.223829e+00
2.374241e+00
2.027919e+00
1.681590e+00
2.680743e+00
2.703150e+00
1.397324e+00
5.340465e-04
2.564494e+00
4.527118e+00
1.655643e+00
3.256808e-01
1.339574e+00
2.275911e+00
1.539404e+00
1.659298e+00
2.349005e+00
3.805109e+00
1.652157e+00
1.734098e+00
2.259153e+00
1.670495e+00
6.255537e-04
3.280628e+00
2.212389e+00
1.516957e+00
1.978410e+00
3.538042e+00
4.458963e+00
2.858379e-01
2.741139e+00
2.557979e+00
1.150501e+00
2.149147e+00
2.369179e+00
1.209048e+00
1.970831e+00
2.589370e+00
2.107268e+00
2.224894e+00
2.034148e+00
2.285936e+00
2.583239e+00
2.413934e+00
1.322644e+00
1.822713e+00
