1.692977e-01
2.163192e-01
3.002977e-01
3.258488e-01
3.814364e-01
3.837207e-01
5.589009e-01
3.675275e-01
2.941538e-01
3.107358e-01
4.714350e-01
5.727740e-01
1.943517e-01
3.194118e-01
5.144852e-01
5.676142e-02
2.390817e-01
2.413259e-01
1.637269e-01
2.953677e-01
1.814518e-01
3.894502e-01
2.062280e-01
2.324469e-01
2.958209e-01
2.373551e-01
2.099035e-01
3.195136e-01
2.493776e-01
2.939186e-01
2.277208e-01
1.832523e-01
3.526231e-01
3.530672e-01
2.094413e-01
2.656450e-01
3.247289e-01
3.286133e-01
2.287097e-01
2.025207e-01
2.046487e-01
3.904572e-01
1.733282e-01
1.315449e-01
3.654835e-01
1.536468e-01
2.293117e-01
5.120496e-01
4.205681e-01
2.624184e-01
3.096160e-01
5.652366e-01
1.791020e-01
3.528466e-01
2.659758e-01
3.512480e-01
4.336174e-01
5.539033e-01
2.099387e-01
6.175778e-01
1.855082e-01
2.529753e-01
2.177326e-01
2.499345e-01
