2.270818e-03
4.502452e-03
6.849003e-03
5.160121e-03
8.102688e-03
8.220824e-03
1.593964e-02
6.995108e-03
5.592715e-03
5.682490e-03
1.013562e-02
1.233745e-02
3.595673e-03
8.665699e-03
1.242128e-02
6.810406e-04
4.706306e-03
5.018870e-03
2.764886e-03
6.443415e-03
2.175332e-03
9.933099e-03
3.571884e-03
4.310664e-03
3.860162e-03
3.243640e-03
2.856873e-03
5.052892e-03
4.732017e-03
5.716116e-03
2.598426e-03
1.703593e-03
5.073788e-03
5.441407e-03
3.739885e-03
4.770029e-03
4.132102e-03
6.720520e-03
2.825828e-03
5.400542e-03
2.387846e-03
5.067457e-03
1.790252e-03
1.801916e-03
4.458220e-03
3.071672e-03
3.152007e-03
1.532889e-02
7.530369e-03
4.142812e-03
7.257182e-03
1.151098e-02
3.816532e-03
9.670760e-03
5.378053e-03
8.846005e-03
8.544412e-03
2.425811e-02
5.183372e-03
1.466881e-02
5.737027e-03
4.570157e-03
2.833459e-03
5.787100e-03
