9.994992e-01
-2.048680e+00
-1.994939e+00
-1.782351e+00
-1.470286e+00
-1.075857e+00
2.172871e+00
-2.238663e+00
-3.496025e+00
-6.096739e-01
-1.743700e+00
1.924985e-01
-1.966273e-01
2.649515e+00
3.584727e-01
-6.306688e-03
-2.045970e+00
2.525500e-01
5.412456e-01
1.003853e+00
-2.416353e-01
6.867032e-01
3.648038e-01
-1.716694e+00
-5.985091e-01
-2.177363e+00
-1.483746e+00
-7.624283e-01
-8.354239e-01
1.414209e+00
-5.074915e+00
-2.066110e+00
-7.624239e-01
-7.773842e-01
-1.432253e+00
-1.434130e+00
-1.166346e+00
-1.373933e+00
-1.542283e+00
-4.248594e-01
-9.839231e-01
2.050290e-01
1.178596e+00
-9.943146e-01
-1.105442e+00
-9.774814e-01
-5.617532e-01
-1.132191e+00
-2.687763e+00
4.693289e-01
-1.029516e+00
-3.253226e+00
1.099504e+00
1.466875e-02
-1.407466e+00
-4.507935e-01
-1.805169e+00
-1.213966e+00
-1.204600e+00
3.323248e-01
-1.720618e+00
-8.045694e-01
-8.891762e-01
-4.889502e+00
