16 16 3
0.09689881
0.007739364
-0.1000644
-0.3064376
-0.2360529
-0.2068185
-0.02970311
0.05580559
-0.07479908
-0.1382179
-0.1075562
-0.09728674
-0.01735572
0.09206812
0.002915983
0.03173681
-0.02362198
-0.05755489
0.01643903
-0.01307353
0.01291475
-0.0596027
-0.07535764
-0.1076781
0.00356591
0.05116114
-0.01175872
0.04130898
0.001616356
0.0007651477
-0.05248772
-0.0678812
0.01032771
0.03369001
0.1260839
0.09628315
-0.05214725
0.06173693
0.02809297
0.06180386
0.02556891
-0.04089518
0.1545497
-0.03113573
0.03796984
-0.01021154
-0.02914935
-0.01362298
-0.1093968
-0.07943596
-0.06562283
-0.1030225
-0.07121963
-0.05404878
0.03332553
0.05289758
-0.02628544
0.06585405
0.06386876
-0.03408261
-0.01856047
-0.1389009
-0.03798578
-0.2229451
-0.1640365
-0.1459292
0.1717754
0.07993662
-0.06933973
-0.208704
-0.1756733
-0.1399755
-0.0008307517
-0.01194508
-0.06437041
0.01090712
0.03483268
-0.06624815
-0.02320791
-0.048086
0.008322443
0.02262394
0.02956424
-0.009653279
0.02497325
0.04934078
-0.01387536
0.03442733
0.02939061
-0.002102577
-0.05308431
-0.07623766
-0.02155728
-0.06997521
0.05855925
-0.1063787
-0.06661384
-0.1714813
-0.08322386
-0.1205343
-0.06924751
-0.02203797
0.009341711
0.1772837
0.07304328
-0.01016279
0.04506746
0.009716477
0.05139317
0.06627292
0.09391212
0.02838595
0.0479391
0.04248395
0.01161774
0.04476985
0.04776775
0.07433333
0.007350509
-0.01758063
0.05888057
-0.06737976
0.08325191
-0.08584204
0.0303549
0.0004290104
0.1369759
0.1326565
0.03681985
0.07134759
0.06862865
-0.001504388
0.01745831
-0.04863273
-0.009505654
-0.01553523
0.04488464
-0.0869251
-0.1128156
-0.1858833
-0.1215746
-0.1468109
-0.1072819
-0.1354868
-0.04869269
-0.02841311
-0.04046283
-0.09675043
-0.1407103
-0.1765144
0.04191912
0.03307259
0.01247015
0.03020422
0.02624581
-0.01096342
0.025203
-0.03006008
-0.02405739
0.007173062
0.01001937
0.0404654
0.04144491
0.06209487
0.03363253
-0.04018189
0.0188204
0.01311489
-0.1065237
-0.05493855
-0.00583773
-0.001497386
0.04123497
0.03840785
-0.008103675
0.0126943
-0.007638306
0.01940744
0.04016196
0.03332101
-0.01484055
-0.00492519
-0.01158412
-0.05057082
-0.04351942
-0.03983018
0.04523593
0.04169521
0.04483793
-0.03161988
-0.03334849
-0.02908756
-0.01389671
-0.009343843
-0.0531378
0.0194537
0.03538556
-0.01972034
0.0282434
0.08172356
0.1786544
-0.1530316
-0.1311318
-0.02594031
-0.01602216
-0.08707057
-0.06415457
-0.0616317
-0.08506475
-0.06577302
0.01782258
0.03914569
0.06178622
-0.02433206
-0.03583512
-0.04186846
0.004362874
-0.01074912
0.006246919
-0.03425239
-0.02692814
0.02184982
-0.009420168
-0.0006851428
0.02334743
-0.08191741
-0.08141731
-0.06734528
-0.04623182
-0.06522483
-0.06110735
0.01709398
-0.02843309
-0.04253795
0.04696285
0.01812966
0.0127264
0.006530969
0.05737201
0.02450229
-0.03379637
-0.01570804
0.0379047
-0.02473439
0.001209137
0.002132158
0.01408594
0.04878984
0.04609251
-0.07817936
-0.04860785
-0.02021943
0.03679734
0.001702457
0.001823659
0.03348489
-0.005746617
-0.01917007
0.06049363
0.02866334
0.002984129
0.007154698
0.03729969
0.04741912
-0.02274637
0.004913943
0.03008194
0.01973176
-0.0458895
-0.06277794
0.01735136
-0.01957424
0.004310092
-0.02659572
-0.04751283
-0.01506441
0.05542769
0.01779367
0.02645273
-0.03522691
-0.01498531
0.01269358
-0.06369329
-0.03595633
-0.0307472
0.04319458
0.01612328
0.007899189
0.06219121
-0.00110038
-0.08264688
-0.129878
-0.04375881
-0.03480953
-0.1819248
-0.1986589
-0.1418833
-0.002453563
-0.07941205
-0.09709109
0.03728208
-0.02098982
0.06663891
0.07578662
0.1225106
0.08153498
0.03652851
0.04421266
-0.01218981
0.04187813
0.08592417
0.1075333
-0.06624773
0.002824856
0.1181527
0.02380147
0.1054991
0.05311549
-0.01538736
0.01567321
0.05139316
-0.09116635
-0.1061361
-0.03140449
-0.01943217
-0.05221908
0.0772267
0.2056935
-0.006391099
0.02117029
0.2485591
0.1491961
-0.03601445
0.06022734
0.07419813
0.08280786
0.04553058
0.07050706
0.09276711
0.04406396
0.02428115
-0.018305
0.009623242
-0.03639522
-0.01043986
0.07650594
0.07423702
0.02046515
-0.01117969
0.08770325
0.08507462
-0.06325255
-0.08580987
0.01579856
0.1517537
-0.06624627
-0.1769299
0.1698225
0.2495572
0.05570043
-0.1497958
-0.08835188
0.03896343
-0.1625577
-0.2788354
-0.1578869
0.0967168
-0.06287628
-0.1632524
-0.04971163
-0.04153872
0.007262432
-0.01056938
-0.07007188
-0.06320925
0.03509564
-0.01154823
-0.01871946
-0.1338819
-0.03870908
0.07762343
0.05986891
-0.002884919
0.03430833
0.02510776
0.1154947
-0.003187356
-0.2866823
-0.175973
-0.07571245
-0.2512282
-0.2877694
-0.1937471
0.07546103
-0.04700627
-0.1353532
0.08122329
0.06417212
0.03339697
0.04448505
0.06679849
0.05529943
0.006374074
0.01150761
0.02564181
0.02902878
0.08413926
-0.01199257
-0.103828
0.07401184
-0.05944341
-0.08798407
-0.04723215
0.03679631
-0.1348861
-0.04743615
0.08890653
-0.1086305
-0.1422405
0.03333394
-0.01320329
-0.08762708
-0.03367926
0.01569297
-0.06245582
-0.1620205
0.1686779
0.1472506
-0.02677079
-0.02331004
-0.009720414
0.07636435
-0.08483072
0.004463966
0.009761869
0.1735927
-0.06502421
0.004167434
-0.01252889
0.05564899
0.08186641
-0.2931531
-0.1661957
-0.1277158
-0.2559014
-0.1305445
-0.1069793
-0.1582055
0.01102962
0.03889335
0.02363322
-0.02585639
-0.0183963
0.09961294
-0.02552594
-0.0343276
0.07436985
-0.02109745
0.04054334
-0.04249014
-0.03031937
-0.04659384
0.09405091
-0.05330276
-0.05683026
-0.02651243
-0.0508863
-0.05279028
0.01263174
-0.01478347
0.05226171
-0.1720373
0.06693711
0.001514193
0.05065775
0.03466165
0.007255689
-0.1340016
-0.0679191
-0.06458195
-0.09610558
-0.07763035
-0.106928
-0.0556649
-0.07164692
-0.09645903
-0.01820372
0.02284291
0.03661031
-0.1510992
0.03590658
0.06378615
-0.04640825
-0.04410299
0.01073494
-0.02174924
-0.07456019
0.04999672
-0.1597
-0.00462081
-0.008399846
0.1150186
-0.1263204
-0.1436442
0.09048959
-0.03955685
-0.02705752
0.06539144
0.1515314
0.02883115
-0.05538209
-0.08258516
-0.02642682
0.05273756
0.02598731
0.08090097
0.01126451
0.01955892
0.04840089
0.03214618
-0.04479025
0.02870198
-0.05103412
-0.2339565
-0.1119482
-0.2626734
0.1155948
-0.06858177
-0.1314572
-0.08250057
0.0886839
0.03420782
-0.1814952
-0.07724945
-0.1768323
-0.0482973
-0.03305406
-0.2572033
-0.1142945
0.01731772
0.07426824
0.09016246
0.09842386
-0.009655029
0.01436368
0.06385126
0.07053307
0.04498571
0.0587648
-0.1658447
0.003586049
-0.2106932
0.1328486
-0.1314882
-0.0270222
-0.005978301
-0.1140272
-0.09288702
-0.1108119
-0.09725789
-0.07471777
0.05544923
0.1055843
0.07719897
-0.008362915
0.02475754
0.0004339287
-0.1669498
0.01856992
0.01190033
0.03403058
-0.07291118
-0.03614962
0.05875711
-0.02222256
-0.06935401
0.0017606
-0.0004023976
0.001421349
-0.0004268866
0.000937106
0.0005286146
3.403303e-05
0.0002949498
0.00130665
-1.841683e-05
-0.002206176
-0.001617439
-0.002531424
0.001053868
0.0008078624
0.0005683245
0.0004202443
0.001652417
0.000625538
-0.000664065
0.003210258
-3.061685e-05
-0.002081526
0.001072715
-0.0009230044
0.000535721
-0.0001154269
-0.001154518
-0.000895442
-7.515723e-05
0.0006659257
0.0001907669
2.20089e-05
0.0009825865
-0.004811022
0.00348738
0.0004726772
0.004434625
-0.0009399178
-0.001684594
-0.0007828861
-0.002680002
-0.0005591876
-0.001127182
3.30932e-06
-0.0007944339
0.003459376
0.000325452
0.001256784
-0.002870547
0.00218238
0.002254721
0.0007024724
0.0007812352
0.001245581
-0.002088317
0.0001680622
0.000198932
0.000944047
0.002001118
0.002103033
0.001014644
0.002119127
0.0007854989
-0.002646165
0.001857079
-0.002194756
-0.001090978
-0.0006205279
-0.001356897
-0.001884855
-0.001266666
-0.0006165887
0.001969343
-0.0005766326
0.003315422
0.0008055209
-0.005156138
-0.002690503
-0.001861324
0.002964811
-0.0004663453
-0.0009597141
-0.001201277
0.001010334
0.001341341
-0.00130809
0.000923396
-0.0007179804
0.001970798
0.0004078506
0.003843441
-0.00128368
-0.002519149
0.0005717523
-0.002240573
0.002383284
0.001980081
-0.001442514
-0.002224353
0.001433247
0.003400211
0.0007053083
0.0002499022
-0.00349008
-0.001790429
-0.003052398
0.003312356
0.003045497
0.001096272
-0.002816681
0.000370091
0.002695115
-0.001400071
0.0009197673
-9.073692e-05
-0.001044349
-0.001244467
-0.0006805785
-0.00171833
0.001169859
0.0005867227
-0.0009523908
0.0002661711
-0.001240797
-0.002071155
-0.0006165318
0.001353252
-0.002756495
-0.004143287
-6.334921e-05
-0.0006318493
-0.001707852
-0.0002429314
0.001186173
-0.0006916447
-0.0005587322
0.0007630704
0.00131687
0.002292798
-0.001180138
0.001003748
-0.0006904834
0.00126411
0.08803539
-0.006025549
-0.02497491
0.03527912
0.07424755
0.06870798
0.01252117
-0.1082063
-0.03424423
-0.09260047
-0.153064
-0.07327044
0.005494962
-0.0761944
-0.04606482
-0.1023409
0.01927746
0.1140684
0.03861055
-0.01724702
-0.03190447
0.00281903
-0.002558156
0.03277685
-0.01168903
-0.03199149
0.05816578
0.01269307
0.01800562
-0.0373024
0.009504897
0.007794042
-0.02760272
0.001867598
-0.04094214
-0.005625446
0.01026487
-0.1952749
-0.0771721
0.05257949
-0.04417804
-0.006826276
-0.07234712
0.04240229
-0.02089215
-0.07603248
-0.07004318
-0.07547769
-0.06333318
-0.08919612
-0.08691727
-0.02514816
-0.08088677
-0.1282644
-0.02555949
-0.06722511
0.04992451
-0.004274003
-0.0100339
0.03911985
-0.00923592
0.05510744
-0.0306471
0.03153519
-0.0131111
-0.02005122
-0.03533344
-0.06076666
-0.06366517
-0.05875252
0.0617477
-0.08342308
0.007582345
0.02204415
0.1205452
-0.02805715
0.00921512
0.1243142
-0.01188582
0.04961182
0.0363757
-0.0002789218
0.01298278
0.01160775
0.04561671
0.02663376
0.01095761
-0.004263307
0.02315668
0.02205144
0.09160827
-0.07473321
-0.02959783
0.1125729
-0.1275817
-0.0005646224
-0.04422162
0.0389819
-0.01457561
-0.0240008
0.01649456
-0.006255411
0.03796569
-0.1417798
0.00566239
-0.03520376
-0.07416411
0.02156081
0.04186994
-0.00608009
0.0274724
0.0391248
0.009067761
-0.009603405
0.03446756
0.02388429
0.01110696
-0.09397639
0.04505647
-0.05044676
-0.1685436
0.1505866
-0.08204909
-0.01119302
-0.09134894
0.005097216
-0.06472768
0.005920453
0.08504043
-0.1439168
0.003723978
0.08274058
-0.09219632
0.05322072
-0.004996682
-0.001522566
-0.05452945
-0.02127
-0.07787167
0.04046798
-0.04846587
0.03894152
-0.0391172
-0.03758885
-0.005872281
0.0123546
0.0338774
-0.157706
0.05909287
-0.01822707
-0.050908
-0.1423075
-0.1886988
-0.1731293
0.0355488
-0.07613381
0.09308436
0.032839
-0.1041981
-0.04493573
-0.07361944
-0.06225391
-0.02451264
-0.07587514
-0.04977319
0.02894955
0.02793707
0.02977123
-0.006304741
0.03892463
-0.05542682
-0.006482979
0.01944192
0.03515378
-0.04696788
0.1031522
0.140187
-0.03310576
0.01181924
0.03263329
0.03216537
-0.008815262
-0.06360953
0.1526496
0.04247666
-0.03581889
-0.09565567
-0.01848579
-0.04370786
-0.02540353
-0.07570494
-0.08859711
-0.06888983
-0.07190309
-0.06521395
-0.1080769
-0.08119306
-0.06647956
-0.07662564
-0.1077427
-0.01752968
0.09849416
-0.05936589
-0.02208332
-0.06614359
-0.01831603
-0.02505175
-0.05065889
0.00219075
-0.08442153
-0.01683411
-0.09442903
-0.05565131
-0.101304
0.01360209
-0.00182992
-0.01232958
-0.02894128
-0.007186604
-0.033699
-0.1244893
-0.009624154
-0.01017667
-0.08510637
-0.07725351
-0.06153956
0.02252686
0.03368161
0.02985554
0.01322461
0.01820899
0.0150551
0.03760038
0.004394498
-0.06933305
0.003821047
-0.07212117
0.008253873
-0.1537486
-0.06575695
-0.1676555
-0.04722595
-0.1171842
-0.1563111
-0.03613708
0.01669203
-0.08555231
-0.1959091
-0.08026353
-0.0865022
-0.12057
-0.1306369
0.05731357
-0.02177572
-0.006886438
0.1140804
0.09040274
0.04440705
0.1033067
0.07535493
0.05598565
-0.02901425
-0.08114191
-0.04419258
-0.05738883
0.02204815
-0.006040569
0.02541582
-0.08461954
-0.02990893
0.02603399
-0.03887972
-0.0331548
-0.02770245
-0.1725458
-0.01804066
-0.03301889
-0.08694546
-0.0571408
-0.05032073
-0.1348098
-0.1577136
-0.07436991
0.04259785
0.04242657
0.01260729
-0.03608506
0.01341746
-0.2592323
0.112131
0.108194
-0.1937118
-0.2742519
-0.0009996399
0.06191013
0.05534369
-0.2278895
0.09508654
0.03750702
-0.006750543
-0.08659754
0.05819022
0.06949423
-0.01828011
-0.07249382
-0.01206314
-0.06202671
-0.03107065
-0.01258021
-0.05511689
-0.03718202
0.03239646
0.05569844
-0.01995235
-0.02969413
0.02903419
-0.001816092
-0.02382595
0.1045578
-0.03571098
-0.04597453
0.134426
0.07119122
-0.005221459
0.05995067
0.007139835
0.002126664
-0.02441128
0.04632127
-0.08815331
-0.03709885
0.03317155
-0.05423741
-0.0628364
-0.009524645
0.04903625
-0.06508516
-0.02973983
-0.05225178
-0.07666764
0.0136635
-0.02766035
0.004767012
-0.06663565
-0.2313275
-0.04474679
0.09792604
9.90273e-05
-0.01913594
0.02767441
0.026612
0.1972555
-0.02939934
-0.2287726
-0.09810871
0.2056432
0.04943131
-0.2523
-0.2613024
0.1121893
-0.005405139
-0.1345856
-0.02212445
0.1061696
0.03548729
-0.1485879
0.06583698
0.04320634
0.09493769
0.06787878
-0.01265126
-0.09195828
-0.05486903
0.0121785
-0.04323163
0.04446046
-0.0231379
0.03635878
0.1207746
-0.1175156
-0.1291407
-0.1825135
0.2439114
-0.002825009
-0.0545636
-0.1696654
0.1740148
-0.02630782
-0.2005195
0.08399256
-0.01775926
0.05143436
-0.1675401
-0.0256063
-0.1481545
0.08530279
0.03614649
0.05979387
0.04764653
-0.01949578
0.03311109
0.05612127
0.01716259
0.02894504
0.01662932
-0.1009387
0.0467961
0.06524488
0.01323362
-0.1168084
0.02725571
0.002304672
0.02711476
-0.1356225
-0.01754579
-0.08571024
0.0695928
0.05221229
-0.08120658
-0.07682095
0.07706985
0.02447355
0.009559683
0.02314126
0.1610495
0.01987367
-0.1338237
-0.08983731
0.05494652
0.1296517
-0.003492968
-0.1101815
0.1034831
-0.003564692
-0.07519749
0.02890637
-0.01485149
0.08565359
0.06669849
0.1086191
0.02712185
-0.08141582
-0.1248376
-0.03536264
-0.06532842
-0.03323862
0.1107269
0.04588456
0.01832327
0.03988449
-0.02511221
-0.09453518
-0.07284535
0.0541974
-0.01024922
0.04736165
0.01325947
-0.01417235
0.02851875
0.07158098
-0.0239788
-0.140858
0.03000129
0.02338691
-0.01093087
-0.007934863
0.05541746
0.05292391
-0.06248455
-0.1130961
-0.005507106
-0.04558398
-0.1593846
0.01632409
0.009852846
-0.08222619
-0.04299533
0.01947553
0.008206072
-0.1139601
0.03920092
-0.03470224
-0.04949636
0.01728249
-0.03922686
-0.01898691
-0.009530602
-0.09387
-0.03687578
0.1258998
0.0159399
-0.0534849
0.05980593
0.01931939
-0.09781941
-0.114182
-0.0295854
0.1502377
0.06367952
0.04117969
-0.1434032
-0.00764569
-0.05099177
-0.06851286
0.04783558
0.09213325
0.1776518
0.03007411
0.006857847
0.06341768
-0.05575113
-0.09486939
-0.08162471
0.00594264
0.008856816
-0.004218515
-0.05648035
0.00420151
0.01218265
-0.06793404
0.03041864
0.03385514
-0.03754715
-0.2066626
-0.07035813
0.06240447
-0.105573
0.04251725
-0.01065366
-0.06890514
-0.03490497
-0.04610945
0.00227603
0.007412189
-0.08186571
-0.0274271
-0.009162819
-0.09180827
-0.07164483
-0.03823236
0.009701354
0.009051441
0.01940283
0.008781751
0.0006656574
-0.01656337
0.001395521
-0.002354208
-0.007558062
-0.03151752
0.09786905
0.09660225
-0.02217347
0.09351229
-0.1835424
-0.07662349
0.05776334
-0.1701978
-0.08819969
-0.03094503
0.05228446
-0.03278467
-0.009984144
0.005993113
-0.121574
-0.05241633
-0.1160738
0.02780498
-0.0003528933
0.01086594
0.08962739
0.02217437
-0.05482663
0.03806854
-0.002689103
-0.0575473
-0.0004585838
-0.001895997
-0.001356426
-0.0001576078
0.00176243
-0.0004614729
0.001646858
-0.001853813
-0.0004982871
0.002502279
-0.003099685
0.001281394
0.00225138
-0.001183278
-0.00135182
0.00320206
-0.00177386
-0.0008349547
-1.34633e-05
0.001053929
0.001457015
0.000402725
-0.0004366463
-0.003136977
-0.001158328
-0.0008173629
-0.002421734
-0.001770453
0.0001218441
-0.0008494043
-0.0008523807
-0.002872056
0.002753672
-0.001962492
-0.001612
-0.001823806
-0.0004090327
-0.001791813
0.001740113
0.001010555
-0.001609542
-0.001865303
-0.0007858691
0.0009081831
-0.0006371726
-1.620344e-05
-8.253194e-05
0.004204242
-0.002585614
0.0001483268
0.00342564
0.0006820384
0.001362118
-0.002354055
-0.0005342589
0.001990446
-0.000106577
-0.0006173102
-0.001195854
-0.001378556
-0.002702368
-0.005184914
-0.001429505
-0.001852039
0.000128834
-0.002248156
0.001732986
-0.000445706
0.001194649
0.002040167
-0.0002040551
-0.003131838
0.001461012
-0.003574098
-0.00111812
-0.002145398
0.0006357475
-0.0008000615
0.001870008
-0.004441042
0.002068868
0.002310857
-0.0001052801
-0.002384498
0.0002612238
0.000477014
0.001290918
-0.0008003885
-0.0008134425
-0.001020048
-0.00366018
-0.002011554
-0.001696542
-0.0008592096
0.0006141792
0.001160111
-0.00275779
-0.002330841
-5.044762e-05
0.0004168716
0.0001313438
0.001650257
-0.002133534
-0.001364081
0.00195757
0.001752561
-0.002855709
1.381773e-05
0.0002808928
0.0006034988
-0.002741642
0.001168277
0.001630594
0.001061001
0.002960974
0.0008300382
0.002214341
-0.001755714
0.0009457311
0.001657236
0.000731217
-0.002350919
-0.0001532821
0.0002927798
-0.001732459
-0.0003482089
0.002480753
0.001629446
-0.001077142
-0.003333831
-0.0001370604
-0.001496949
0.0002066438
0.0006119331
0.002600543
-0.00252074
-0.0002997259
0.000200163
0.0007658477
-0.001413407
0.002365166
0.001765163
-0.002513717
0.001520136
-0.04880039
0.01433695
-0.00585066
-0.07716724
-0.06171224
-0.0819404
-0.05083977
-0.001228681
0.01919407
0.01517555
-0.03604637
-0.06688604
0.01215815
-0.01006313
-0.004172647
0.07645944
0.02028311
0.01779759
0.006905935
0.0251732
0.05568927
-0.04885706
-0.05432934
-0.06300826
0.05535432
0.04557312
0.04039935
0.03705418
0.04975482
0.005406039
-0.01118918
-0.01734189
-0.05629686
-0.06301933
-0.04951632
-0.05020173
0.01414557
0.1172121
-0.02451929
-0.01518833
0.04525797
-0.05916829
-0.02094221
0.04181344
-0.1161985
-0.07747811
-0.02645372
0.02321074
-0.084001
-0.06735475
-0.006826815
-0.06046826
-0.02519173
0.01149498
0.001350545
-0.1220967
-0.01835111
0.2167605
0.1985809
0.149202
0.1154752
0.09777216
-0.02238358
0.0001799917
0.05480403
0.0357326
-0.1231537
0.0007800746
-0.1246121
-0.04472813
0.05781782
-0.06011865
0.008817686
-0.02873744
-0.04198297
0.02814949
0.007067933
0.01485138
0.004588774
0.01889841
0.07035318
0.1617522
0.1907448
0.03545567
0.1069468
0.1049613
-0.06867838
-0.04144046
-0.06814031
-0.1530616
-0.009795696
-0.02426826
0.019715
-0.07455534
-0.03045203
-0.07004111
-0.08664156
-0.1033503
-0.1028629
-0.0006187732
0.03100071
-0.07609704
-0.03288306
-0.01734462
-0.04641268
0.0840556
0.04077528
0.06696817
-0.01004571
-0.03211852
0.003027199
-0.01952073
-0.01608908
0.006515687
-0.006712561
0.009096904
0.01937239
-0.04382839
-0.07259406
0.03121145
-0.04161688
-0.06289774
-0.02845695
0.01685112
0.05439374
0.07674871
-0.04288809
0.1345443
-0.007421129
-0.03319063
0.09836677
-0.0003063679
-0.1039022
0.02662175
-0.07006594
0.01566184
-0.01264022
-0.02603662
-0.03517979
-0.07540312
-0.08726226
-0.02045433
-0.0536567
-0.02448794
-0.05031142
-0.1613598
-0.1069085
0.0265337
-0.003242551
-0.07495343
0.07053189
0.1145343
0.04459106
0.09329373
0.06744117
0.07746331
-0.01562298
-0.00725828
-0.009213895
-0.04758693
-0.06425485
0.08235095
0.190216
0.1408968
0.03896916
0.01710202
0.1109365
0.1619967
-0.1932275
-0.1577853
-0.02686717
0.03244192
0.003768511
0.05785488
-0.01808618
-0.007244268
0.008439112
-0.09342939
-0.1215937
-0.08023667
0.01315305
0.04755444
0.09752274
-0.00342801
0.08854907
0.1112237
0.03963087
0.08493114
0.06717455
0.03965356
-0.0427142
-0.009713623
0.05075325
0.003668449
-0.01236979
0.1345968
0.09738571
0.03032653
-0.06856155
0.09421337
0.2224213
-0.2083956
-0.2608031
-0.0978755
0.1050299
-0.02197745
-0.1003915
-0.08867087
-0.07200079
-0.1240808
-0.01345727
-0.09907655
-0.03237505
0.2216415
0.1425883
0.06917267
0.01153878
0.1072042
0.08401828
-0.08775318
-0.04410056
0.05825915
-0.04440304
-0.1388782
-0.07624702
-0.03868393
-0.02537841
-0.03179748
0.008768328
-0.04278014
-0.04905547
0.06994981
-0.004639177
-0.08314015
-0.0817024
-0.02444429
-0.1066378
0.001344404
-0.01493843
0.007328757
-0.0325495
0.01746322
-0.04713191
0.03513172
0.05743315
0.01003706
-0.01657724
0.001138778
0.06307369
-0.07874522
-0.1498106
-0.1122645
-0.04256996
-0.0526504
-0.04969665
0.003450429
-0.02663018
-0.03865341
0.07087741
0.06974297
0.02445272
0.02000983
-0.05366061
-0.07772373
-0.05609726
-0.04532043
-0.0206333
-0.06603996
-0.09990591
-0.07045574
0.01476717
0.01884585
0.0303158
-0.02945962
-0.006881553
0.03255551
-0.01481889
-0.01900766
0.03133016
-0.09598003
-0.1246522
-0.1323652
0.05653387
0.01645296
-0.01917249
0.04555664
0.139699
0.04840594
-0.04132903
-0.01006948
0.04579278
0.1181078
0.05763325
-0.08027991
0.0513052
0.01752549
-0.02892505
0.01338487
0.03698389
-0.06606727
-0.06077651
-0.09245452
-0.04049377
-0.0529451
-0.09062257
-0.01201828
-0.00379301
0.01481826
0.007558091
0.01282656
-0.04760987
-0.06800558
0.006347864
-0.0363488
-0.06359051
-0.03236505
-0.05034158
-0.02068707
0.03834468
0.01603343
-0.04379245
0.04979076
0.05311531
0.004409911
-0.05649899
-0.04669004
-0.06049927
0.05027184
0.02444596
0.057417
0.01421507
0.03398232
0.08297636
-0.06820429
-0.03841901
-0.05364756
-0.04339662
0.007537265
-0.02117033
-0.02524123
-0.01293814
-0.0181026
-0.005050675
-0.0676646
-0.07299981
-0.0291269
-0.05623493
-0.01681975
-0.04399111
-0.02540091
0.001322301
-0.04187534
-0.1060092
-0.09977259
-0.0976619
-0.09967991
0.05859268
-0.06509801
0.01228813
-0.05639777
-0.0462253
-0.04153063
-0.09052244
-0.02474844
0.02193749
0.05115758
-0.01349588
0.01966615
0.07491548
0.05243046
0.04571604
0.002314948
0.07459751
0.07333353
-0.01647111
0.05944767
0.03882632
-0.02707061
-0.07686619
0.02579467
-0.1610243
-0.1567211
-0.1434845
-0.1509442
-0.100964
-0.09232824
-0.001688516
0.04447307
0.02968699
-0.09734792
0.02054649
0.01680291
-0.09995117
0.01156087
-0.09159857
-0.07766498
-0.01037085
0.03343314
0.005639914
-0.01482977
0.0107536
0.03201648
-0.006695386
-0.00898637
-0.01521879
-0.04634071
-0.1033444
0.09666307
0.05035224
0.04232743
0.09579885
-0.1194231
0.0496147
-0.1646608
-0.02990136
-0.06924386
-0.04602122
-0.07764503
-0.05359863
-0.02504252
-0.02633898
0.008849773
0.04450393
-0.03780754
-0.06076077
0.009725671
-0.02833336
-0.007794179
0.0310565
-0.01016964
0.07860905
0.002637654
-0.1396618
-0.0245442
-0.07153408
-0.1865068
-0.2320074
-0.141831
0.01119642
-0.06472041
-0.2391277
-0.04566823
-0.08213007
-0.01373922
-0.02247476
0.07982364
-0.01421659
0.04419737
-0.009500129
-0.101327
0.03918558
0.03963811
0.02060818
-0.0623558
-0.003289937
0.02288033
-0.08948669
-0.01178442
0.02808938
0.01670718
0.08362057
0.05412893
-0.04749679
-0.01925412
0.004470078
-0.02258066
-0.001138212
-0.01710683
0.05211037
-0.03755
-0.002322873
0.07221983
0.1058893
0.03309653
0.08019782
0.08419945
0.06548379
0.03986366
0.04691978
0.05793991
-0.02470625
-0.01413859
-0.02669809
-0.01721119
0.00390338
-0.06735481
-0.002889095
0.03412161
-0.002940572
-0.02126548
0.1080216
0.06308371
-0.08852983
-0.08376138
-0.03566507
-0.01127148
-0.08399165
-0.05898765
0.01080012
0.09992323
-0.1043679
-0.1048931
-0.09256582
-0.05147832
-0.1163569
-0.08229314
0.009140968
0.01159852
0.03076387
-0.0458303
0.05332148
0.1206847
0.1064253
0.0279959
0.02581761
0.01283384
0.001422454
0.02377996
0.02265959
-0.02101228
-0.02928684
0.0329627
-0.02495631
-0.08620708
-0.05063574
-0.02906778
0.1323973
-0.05998793
-0.04025695
-0.08393463
-0.03843745
-0.2870876
-0.3344957
-0.1857989
-0.03901847
-0.07214405
-0.1722725
-0.03554178
0.008222409
-0.02513789
0.06383926
0.05948654
0.0404093
0.04285434
0.04891398
0.03500393
0.0457632
0.02944804
0.02125823
-0.007649434
0.06426813
-0.04232326
0.0008546552
-0.09094676
-0.03169557
-0.05215127
-0.04736976
-0.008254039
-0.004803416
-0.01361383
0.08870263
0.03083997
0.01198392
0.01688634
0.03459053
0.06086039
0.07779389
0.02464985
0.09754553
-0.04022529
-0.09009928
-0.04195553
-0.007725902
-0.1353196
-0.09317771
-0.06039667
-0.2686276
-0.2279236
-0.1541801
-0.05992057
0.0688829
0.03791876
-0.2001717
-0.3185991
-0.3507445
0.0341327
0.1298837
0.1398571
0.003079642
0.01257667
-0.002862431
-0.08662808
-0.03333637
0.04018508
-0.03164079
-0.04105614
-0.03436839
0.03569905
0.03354339
0.06971212
-0.02062048
-0.05690548
-0.05590788
0.06295748
0.005830522
-0.007146213
0.05620706
0.06887269
0.04349563
0.03449653
0.01173316
0.0004860679
-0.126782
-0.06814753
-0.1110395
-0.003238335
0.02019528
0.03804985
-0.05659933
-0.08772339
-0.05940758
-0.02991451
-0.06639606
-0.05780638
0.01382999
0.03430628
0.01849547
-0.01780794
-0.007032615
-0.01621207
0.01250124
-0.01946686
-0.05872221
0.07495558
-0.03574699
-0.06335264
0.02288676
0.009340194
0.002984533
-0.1377402
-0.03058879
-0.07891817
-0.08024566
-0.1174348
-0.07689997
0.02751974
0.1128116
0.1136594
0.02545425
0.06595737
0.07946276
-0.0043204
-0.0262563
-0.007352659
-0.003726137
-0.02224935
-0.001286967
0.05795905
0.06073397
0.03482252
0.08149564
0.03838444
-0.03095267
0.05392093
0.02682375
-0.01493288
-0.02374115
0.1197983
-0.01278473
-0.03526197
-0.09796001
-0.09436072
-0.04772564
-0.01800373
0.05563447
0.1243029
0.1691961
0.1604105
-0.06268216
-0.04008857
-0.08974262
-0.04223366
0.007466436
0.06189252
-0.003010139
0.0006723194
-0.02386688
0.01752494
0.03577896
0.0329202
0.03682608
0.04856382
0.04402931
0.03492577
-0.005568683
0.0602492
0.04177886
0.06546733
0.07986932
-0.0191052
0.01264236
-0.07270274
0.05914698
0.02319259
0.06245247
0.0009217041
-0.03644305
-0.03134612
0.1091213
-0.00273786
-0.02573439
-0.08552179
-0.1346065
-0.1417346
-0.02862773
0.03569302
0.05778037
0.003375203
-0.005120347
-0.003319239
-0.1267553
-0.1327731
-0.1418921
-0.10811
-0.06846663
-0.05627072
-0.002491645
-0.02288244
-0.07787913
0.01432524
0.03535208
0.003196449
0.08544757
0.06955342
0.04449413
-0.006658975
-0.03790634
-0.001050151
-0.1609058
-0.1661465
-0.1503453
0.02348076
0.07561944
0.08407791
0.1573335
0.1616709
0.1274793
-0.03290159
-0.05726726
-0.04972981
-0.03530909
-0.005226003
0.02965662
0.03821286
0.07061131
0.06372239
0.0192261
0.04545371
0.01126322
0.03976264
0.05597455
0.01693528
-0.004663136
0.03878266
0.02860328
0.014403
-0.01158857
-0.05328012
-0.02955212
-0.04109891
-0.05545138
-0.06092928
-0.04296356
-0.01447954
0.1769508
0.1622383
0.08984584
0.1229044
0.05804848
-0.040857
-0.149932
-0.1305145
-0.113783
0.0154302
0.04553061
-0.00757545
-0.02191868
-0.04242063
-0.07589405
-0.03363886
-0.003418176
0.001501146
-0.0484517
-0.01854885
0.006543206
0.0222847
0.06973807
0.07273233
-0.003762254
0.004252033
0.0008130203
-0.01265808
-0.02860476
-0.0900742
-0.08293855
-0.04810564
-0.05242065
-0.01420938
0.07029882
0.03358755
0.0169607
0.02113422
0.0244972
-0.03508108
-0.01316688
-0.0306907
-0.02577601
0.01442485
0.02404264
-0.02580066
0.01754689
0.01498683
0.08040525
0.05013346
0.05197447
0.02372165
-0.03330573
-0.03221194
0.02456062
0.03548073
0.01244371
0.008547869
0.008683974
0.01260887
-0.03179893
-0.02795368
-0.01932714
0.04498009
0.01932273
0.01882493
0.1027223
0.06820873
0.04293936
0.07419866
-0.0115182
-0.008927425
0.03198605
-0.001270982
-0.01273317
0.01617721
-0.03536299
-0.01869725
0.0274981
-0.006024822
-0.01194382
-0.05396311
-0.0675761
-0.07131521
0.01142963
0.04942302
0.06358083
0.01578699
0.04160218
-0.005441282
