-3.163697e-01
-1.885443e-01
-3.089000e-01
-2.955046e-01
-2.445643e-01
-3.182152e-01
-3.241514e-01
-2.729245e-01
-2.116160e-04
-3.657415e-01
-1.099511e-04
-3.248341e-01
-2.892557e-01
-3.038065e-01
-4.239797e-01
-2.261152e-01
-7.001234e-04
-4.045309e-01
-3.699355e-01
-2.703469e-01
-2.035205e-01
-4.943621e-01
-3.027414e-01
-2.790751e-01
-3.274968e-01
-2.763504e-01
-3.338115e-01
-1.996752e-01
-3.993365e-04
-2.863671e-01
-2.835466e-01
-3.394030e-01
-1.831986e-01
-3.769605e-01
-3.832960e-04
-3.013352e-01
-4.001902e-01
-3.415773e-01
-3.516097e-01
-1.477014e-01
-2.391312e-01
-3.165488e-01
-3.788655e-01
-3.388610e-01
-3.331877e-01
-2.978323e-01
-2.692055e-01
-4.605156e-04
-3.201669e-01
-1.173289e-01
-2.959726e-01
-2.114923e-01
-2.391469e-01
-2.584932e-01
-3.055224e-01
-4.030925e-01
-3.790211e-01
-2.491461e-01
-2.112062e-01
-2.952858e-01
-3.816618e-01
-2.386739e-01
-3.813285e-01
-2.829641e-01
