4.111732e+00
6.560808e+00
6.806092e+00
9.605406e-04
3.468561e+00
5.442451e+00
4.010627e+00
2.673000e+00
2.341712e+00
4.980191e+00
4.685200e+00
4.614823e+00
3.856282e+00
2.268540e+00
5.035847e+00
3.398122e+00
1.549859e+00
3.102285e+00
2.531235e+00
3.313346e+00
2.180565e+00
3.241208e+00
2.593116e+00
3.934592e+00
2.402600e+00
4.893599e+00
4.573197e+00
4.112687e+00
6.458678e+00
4.745857e+00
4.238245e+00
4.754825e+00
2.429356e+00
3.821427e+00
3.634817e+00
4.282500e+00
3.198830e+00
4.043738e+00
3.563492e+00
3.238910e+00
2.705261e+00
3.533001e+00
4.749618e+00
4.148736e+00
2.924618e+00
5.592669e+00
1.876345e+00
5.824033e+00
3.165414e+00
2.983613e+00
4.372146e+00
5.635273e+00
3.075801e+00
5.557662e+00
3.963987e+00
5.711638e+00
5.017919e+00
4.094471e+00
6.807591e-04
3.706125e+00
3.992727e+00
4.392588e+00
4.236794e+00
3.300088e+00
