-1.457326e-01
-3.158247e-01
-3.205194e-01
-1.459063e-01
-1.787998e-01
-2.511446e-01
-2.085290e-01
-2.273712e-01
-2.852329e-01
-5.716758e-02
-6.160445e-02
-2.382230e-01
-2.233894e-01
-2.299523e-01
-1.179241e-01
-5.063724e-02
-3.044281e-01
-2.038437e-01
-1.951241e-01
-1.694920e-01
-2.424495e-01
-1.501675e-01
-3.110193e-01
-2.029259e-01
-2.096917e-01
-4.096426e-04
-1.650860e-01
-2.706720e-01
-1.941605e-01
-5.305753e-02
-1.767185e-01
-2.074036e-01
-2.453200e-01
-1.635408e-01
-2.714389e-01
-2.113096e-01
-1.144727e-01
-2.684556e-01
-2.444089e-01
-2.451251e-01
-6.736434e-05
-1.861274e-01
-2.419318e-01
-1.593635e-01
-7.822154e-02
-2.362576e-01
-1.525904e-01
-8.823819e-02
-3.448150e-01
-4.202555e-01
-1.972753e-01
-1.130358e-01
-2.871598e-01
-1.557582e-01
-1.501977e-01
-3.619433e-01
-2.261921e-01
-3.444019e-01
-2.271642e-01
-2.680582e-01
-1.759114e-01
-3.477474e-01
-1.689175e-01
-2.750958e-01
