-1.776428e-01
-1.455722e-01
-2.395596e-01
-1.296862e-01
-1.505744e-01
-2.279763e-01
-2.181333e-01
-1.907842e-01
-1.313409e-01
-1.601373e-01
-2.409738e-01
-2.094588e-01
-1.599510e-01
-2.397485e-01
-2.516443e-01
-1.108951e-01
-1.459590e-01
-2.442336e-01
-2.328136e-01
-2.340632e-01
-1.534372e-01
-2.381148e-01
-1.951264e-01
-2.201271e-01
-2.239236e-01
-1.292161e-01
-1.661420e-01
-2.211226e-01
-2.193067e-01
-1.727314e-01
-1.759608e-01
-1.683748e-01
-3.001158e-01
-1.815737e-01
-7.277962e-02
-2.071088e-01
-2.463677e-01
-2.782584e-01
-1.982368e-01
-1.676863e-01
-1.763871e-01
-2.119031e-01
-1.564736e-01
-1.795383e-01
-1.862200e-01
-1.271973e-01
-1.993082e-01
-3.584201e-01
-1.773896e-01
-2.378935e-01
-1.691308e-01
-1.391498e-01
-1.456829e-01
-2.190284e-01
-2.629923e-01
-1.751466e-01
-2.029949e-01
-2.517978e-01
-1.968295e-01
-2.123404e-01
-2.628125e-01
-2.191717e-01
-8.393011e-02
-2.530186e-01
