2.472663e-01
2.569451e-01
2.653725e-01
3.248460e-01
3.692249e-01
2.565705e-01
2.247838e-04
2.807909e-01
3.004908e-01
3.414208e-01
2.457657e-01
1.211700e-04
2.992641e-01
2.857529e-01
3.222936e-01
3.151281e-01
2.715271e-01
3.607742e-01
3.669471e-01
2.631400e-01
3.320299e-01
2.090077e-01
3.058463e-01
2.699566e-01
3.130491e-01
3.281841e-01
3.055519e-01
2.993557e-01
3.296263e-01
3.203157e-01
6.840794e-05
2.950494e-01
2.893385e-01
2.906524e-01
8.026742e-05
2.493101e-01
5.263401e-05
2.826006e-01
2.792132e-01
3.628510e-05
3.495372e-01
2.721118e-01
3.508343e-01
3.360455e-01
2.759091e-01
3.054464e-01
3.448995e-01
2.699232e-01
2.994737e-01
3.182021e-01
3.346261e-01
3.010634e-01
2.917695e-01
2.543566e-01
3.359570e-01
3.302338e-01
3.808473e-04
2.680535e-01
3.365040e-01
3.512436e-01
3.843615e-01
2.855591e-01
3.089700e-01
3.144746e-01
