4.528160e-01
3.436497e-01
2.049189e-01
3.206830e-01
-1.446304e-01
2.481260e-01
3.876077e-01
9.841399e-02
3.334572e-01
3.404535e-01
5.453790e-01
4.515132e-01
3.106096e-01
2.524714e-01
4.059840e-01
3.023179e-01
3.425376e-01
2.173187e-01
1.989688e-01
2.907957e-01
1.484097e-01
1.789941e-01
2.108850e-01
1.294297e-01
1.712327e-01
1.834975e-01
3.315013e-01
1.759447e-01
9.282492e-02
3.155750e-01
2.979629e-01
2.644909e-01
3.686161e-01
2.750750e-01
-5.156327e-02
2.360582e-01
1.455172e-01
3.441552e-01
1.443074e-01
3.250007e-01
1.087151e-01
1.291852e-01
1.657739e-01
1.847690e-01
3.090012e-01
1.234104e-01
2.207043e-01
3.283755e-01
5.600739e-01
3.968164e-01
3.473041e-01
2.449811e-01
2.533077e-01
5.377092e-01
1.990847e-01
1.451054e-01
3.619204e-01
3.564311e-01
1.808177e-01
4.333369e-01
5.506070e-01
2.872054e-01
3.826892e-01
1.110158e-01
