16 16 3
0.01251696
-0.01213894
-0.006059942
-0.03915676
-0.02602009
0.01117269
0.01167034
0.02171123
0.03970874
-0.006609273
0.01735914
-0.04561341
0.01741789
0.02959027
-0.03790892
0.01873277
-0.0095028
-0.0312106
-0.007196788
-0.02115843
-0.04499605
-0.0002828283
-0.01179512
-0.02839756
0.0163807
0.01904985
-0.006330327
-0.02604317
0.000898661
0.02593607
-0.02298696
0.02174777
0.03637194
-0.02051932
0.02160913
0.03257853
0.01560996
0.003181974
-0.07221784
0.03399958
-0.01416633
-0.05193801
0.02023339
-0.02430591
-0.0421477
0.01073874
0.01083402
-0.01086046
-0.007204352
0.001087764
-0.02827749
-0.0001898656
0.00583822
-0.01955658
-0.01054397
0.001042136
0.01467692
0.003019657
0.00482864
0.02416486
0.00518381
0.01330454
0.02152009
-0.02401014
-0.03862519
0.01635011
-0.03208732
-0.05468669
-0.01768245
-0.02447803
-0.0331066
0.01622801
0.01748072
0.004554682
-0.0048415
0.004246845
-0.003922461
-0.0110447
-0.01870154
-0.03493614
-0.01817476
-0.001521072
0.003857748
0.006339516
0.007153943
0.003915995
0.008153781
-0.0110457
0.007500808
0.00979507
0.02397483
-0.001438466
-0.02628411
0.01705338
-0.01232745
-0.04971441
0.01083247
-0.03616555
-0.02097533
0.01442952
-0.006368143
-0.004886631
0.03241179
0.001206082
0.02682608
0.05017189
0.03366977
0.01588453
0.003190328
0.01983123
0.006830038
0.01382798
0.01607834
0.0002661913
-0.008898493
-0.006623198
-0.02078371
-0.02388179
-0.0340114
0.04363818
-0.06037131
-0.02969839
0.03896278
-0.03721959
0.006594792
0.04164312
0.01232327
0.003152536
-0.02362135
7.280632e-05
-0.01334564
-0.02217097
-0.0158335
-0.01359351
-0.02088396
-0.03579539
-0.04429745
0.01312433
-0.03258999
-0.01217269
0.02444928
-0.006076455
0.007623584
0.0301192
-0.04129084
-0.06269258
0.07802135
0.004599317
0.03481197
0.02959586
-0.008489604
-0.1014841
-0.06184633
0.02103681
0.004363385
0.03509086
0.00181309
-0.03126084
0.01109654
-0.09017922
0.01640367
-0.1013068
0.04423405
-0.004933142
-0.0599554
-0.02002835
-0.04428842
0.006056509
-0.05276153
0.01651617
0.09093506
0.04525707
-0.01367421
-0.06435621
0.02371806
-0.03843962
-0.03752075
-0.06337208
-0.06128461
0.004806631
0.03886383
-0.0909298
-0.01088352
-0.1061886
-0.1615919
-0.02476395
-0.08947853
0.02070106
0.0463435
0.02070898
0.009854944
0.04927501
0.04734492
0.01115463
0.07558551
0.06221591
-0.009823575
0.02509394
-0.02279263
-0.02239929
-0.0580667
0.008672018
-0.001851821
-0.01834857
-0.04260337
-0.07537802
-0.121046
0.1506876
0.03040066
-0.08899069
-0.05445932
-0.0851391
0.03192068
-0.02767323
0.03858235
0.02831538
-0.005468123
0.003507025
-0.04300798
0.06326147
0.01740245
-0.01831632
0.07571364
0.04237907
-0.03779088
0.0523997
0.01983954
-0.0223678
0.02871528
-0.03371363
-0.0835184
-0.0410133
-0.06924181
-0.06178265
0.06281223
0.06082938
-0.0325094
0.007566493
-0.08389465
0.006652446
-0.1047033
0.03166502
-0.06812675
0.02466292
-0.07711854
-0.1611143
-0.1119198
-0.1782348
-0.1493027
-0.17773
-0.1058981
0.01537262
-0.03347141
-0.05756732
-0.1188274
-0.05992408
-0.08793689
-0.1220594
-0.114457
-0.1320647
-0.1640331
0.08632787
-0.05509964
-0.0280078
-0.1321404
0.1454343
-0.06476164
0.08315507
-0.01849171
-4.730533e-05
0.0005479368
-0.0221519
-0.1048751
-0.03674302
-0.08553536
-0.1253253
-0.005383369
-0.1171539
-0.03521067
-0.0161811
-0.09491409
-0.0923965
-0.05521948
0.02535534
0.05151449
0.09102233
-0.007015993
0.03108454
-0.02993324
-0.1002191
-0.04380716
-0.05411749
-0.1040853
-0.08180201
-0.05659402
-0.09173121
-0.1046461
-0.01308216
-0.0098105
-0.01571333
-0.02062947
-0.09073125
-0.07630158
-0.03885688
-0.1118478
-0.1124544
-0.04335784
0.03841849
0.05167504
-0.01809136
0.01670429
0.03117155
0.0417035
0.01443281
0.00804483
-0.02851924
0.01264274
0.01704604
-0.02074558
0.00860355
-0.01918471
-0.01937955
-0.001297535
-0.02567182
0.01017185
0.1426565
-0.02583351
-0.01346732
-0.02404308
0.0522235
0.07417814
-0.1605621
0.08276257
-0.006563112
0.04287575
0.0155035
-0.01888797
0.04791173
0.03336372
-0.004264799
0.00713173
0.01230229
-0.01112162
0.01888274
0.005174728
-0.01187265
-0.007661043
0.01040633
-0.01869908
-0.02938233
0.06399781
-0.128544
-0.1366822
-0.03992667
-0.04251839
-0.133383
-0.05293127
-0.02740536
-0.0880286
-0.04861581
0.0741481
-0.006376962
-0.0155354
0.01326544
-0.03783497
0.01068503
-0.01536916
-0.02082307
-0.004553613
-0.02037684
-0.03567162
-0.0340851
0.003162776
-0.01843473
-0.02800807
0.02205961
0.02164333
0.01063819
-0.06169368
0.06913432
-0.0584955
-0.04503827
-0.0239415
0.06181471
-0.007248043
-0.09908953
0.1332313
-0.007115419
0.1039964
-0.06680356
-0.06938159
0.1320404
-0.03333596
-0.1058278
0.08708994
0.095975
-0.01899366
0.01141302
-0.006589992
-0.01344491
0.008446272
0.008275555
0.004500042
0.003707613
0.005047846
0.01108837
-0.1864682
0.2135027
0.07441763
-0.05607739
0.05444765
0.001419472
0.04733647
-0.1078193
0.06417046
-0.05345769
-0.0739556
0.01726283
-0.02365163
-0.01125287
0.01228765
0.03770376
0.05601123
-0.03384763
-0.1070892
0.01015036
-0.02535588
-0.08570673
0.004767664
-0.01487665
-0.02605672
0.02952297
0.01626788
0.06902363
0.007983631
0.03989107
-0.07524043
0.06356868
0.04111271
0.0639388
-0.02084903
0.06189102
0.04754709
0.05670608
-0.0001792578
0.008063189
0.05599149
0.03238799
-0.05342436
0.01909141
-0.07846731
0.07944325
0.0982985
-0.1264143
-0.0734852
0.06997513
-0.003483421
-0.1073037
-0.04021448
-0.02020389
-0.0003054397
0.04072014
0.009353108
-0.02143927
-0.003480876
0.02102664
0.0388342
-0.03374205
0.04723051
0.1805299
-0.05486266
-0.108552
0.1001057
0.07864325
-0.1126003
-0.1281252
0.0799999
-0.0270135
-0.01018707
-0.04979277
0.0239999
0.02750477
-0.02098625
-0.07146827
0.01562799
0.009958489
-0.0173138
-0.007876115
0.001144749
-0.006857818
0.02856672
0.02074407
0.0309741
-0.008626444
-0.01824917
0.0781975
-0.00442285
-0.0866415
-0.02682295
-0.03659549
0.03333537
0.02931083
-0.07808859
0.1289167
0.04495284
-0.0358484
-0.05546479
0.08213662
0.03714006
-0.03581377
0.03309825
0.08162
0.1072965
0.02689338
-0.003541892
-0.01091427
0.008017223
0.03378961
-0.01116638
0.05662766
0.0393044
0.03668557
0.06839164
-0.0276611
-0.17078
-0.1555742
0.1893288
-0.007173514
-0.1020979
-0.1563059
0.1485498
0.03914628
-0.1372873
-0.1877678
-0.02708106
0.2255796
-0.1760177
-0.2098151
-0.009375889
0.01237473
0.05399072
0.04583059
0.04848395
0.04426143
0.03960845
0.02268123
0.05386332
0.01885495
-0.01303693
-0.2296807
-0.05678357
0.213358
0.07794358
-0.1426693
0.06055567
0.1162325
0.003610072
-0.250344
0.001087254
-0.116742
-0.1290305
0.06412075
0.01247778
-0.02602027
0.01833831
0.1004445
0.06169054
-5.44222e-05
0.006648026
-0.006525157
0.01399409
0.01028222
0.1023131
0.03958628
-0.0745782
-0.01653244
-0.02211509
-0.04863373
-0.009343259
-0.05001409
0.003281348
-0.06092921
-0.04833791
-0.04459208
-0.08437719
-0.04160562
-0.02090113
0.01134688
-0.207515
-0.09151711
0.09108596
-0.3011957
-0.08114901
0.08982757
0.0767666
0.05245444
0.01138624
0.0104008
0.02312034
0.03385129
-0.02785184
0.0656161
0.0633632
0.009153009
0.03050183
-0.02509673
0.01421797
-0.00580876
-0.06676498
0.02933649
-0.02915061
-0.01758927
0.07103399
-0.0449915
0.05974928
0.09186699
-0.03244257
0.08215553
-0.0496057
0.1662261
0.02517224
0.009312203
0.03420262
-0.01850337
0.1041021
0.1044191
0.001300515
0.07950688
0.07981262
0.01811505
-0.01612204
-0.03645273
0.03814841
0.07424585
7.899079e-05
-0.01621164
0.07623736
0.04694194
-0.1142762
-0.05993114
-0.04687554
0.03848207
-0.08851538
-0.02767586
-0.001957653
-0.09132084
0.04756717
-0.07553153
-0.0555184
-0.03267808
-0.04067055
-0.04596419
-0.008333034
0.02283598
0.004856446
0.08279105
-0.0213576
-0.001588681
0.02060844
-0.005789652
-0.04253301
-0.05139657
0.003827651
-0.04822895
-0.02142482
0.01953208
-0.0918036
0.005670378
-0.0664827
0.1127864
-0.05558047
0.0499642
-0.05053434
0.1426006
-0.08888208
-0.07067816
-0.09333599
-0.02384041
0.2948546
-0.1024801
-0.07016181
0.2045186
-0.1262681
-0.1532826
0.03805387
-0.006468879
-0.04342896
0.01964971
-0.01653161
-0.008893253
-0.002897584
-0.03587831
0.03748444
0.07735942
-0.07775016
0.1239144
-0.08804654
0.2711851
-0.1563814
-0.08483994
-0.02169708
-0.01756199
-0.1485172
-0.1270085
-0.02240182
-0.1185271
-0.04700745
-0.02134706
0.002077252
0.05229232
-0.03476802
-0.0719843
-0.04639475
0.005655698
-0.1290926
0.02464432
0.04185941
-0.07315545
-0.01662427
0.09357144
-0.03507616
0.1211891
0.08609603
-0.02446261
-0.1491368
0.05250451
0.1000679
-0.02784153
-0.2201547
0.1786221
0.04590531
0.05960789
0.03591111
0.1231409
0.1659235
0.02002902
-0.01396384
0.0633743
-0.01823697
0.1215493
0.1276754
-0.1699355
-0.04233458
0.07470373
-0.09017535
-0.1114569
-0.06819819
0.003542291
0.04396598
0.09194519
0.02432553
-0.03967246
-0.00912405
0.02288025
-0.02130983
-0.1098241
0.126445
0.1160877
-0.02132891
-0.07317073
0.186817
0.07669953
-0.1315945
-0.1032179
0.06613959
-0.03855969
-0.03726692
-0.03657874
0.06456894
0.05413081
0.03817556
-0.008133407
0.08551839
0.05472081
0.01305278
0.1411454
-0.05726822
-0.1541925
0.1887257
0.195253
-0.1894764
-0.1570731
-0.01732354
0.09937473
-0.07534677
-0.1122526
-0.01279134
0.09133634
0.08065689
-0.1060794
-0.1363534
0.1828151
-0.04211523
-0.1737443
-0.1773427
0.2475315
0.1149332
-0.2066472
0.1807358
0.3231362
0.1898253
0.03510153
-0.03065504
-0.02732053
0.004097693
0.03768797
0.01729849
-0.03356993
-0.02827736
0.0402902
0.01629014
-0.07664368
-0.1463263
-0.04387755
0.3238577
0.02748164
-0.1635416
-0.02800255
0.01778441
-0.1475893
-0.3254284
-0.3297883
0.2031257
0.3042362
-0.2776353
-0.2721515
0.1395381
0.02341208
0.1037019
0.07297104
0.1159352
0.03017411
0.01887008
0.03652647
0.06680613
0.009270335
-0.02491133
-0.1392638
0.1290592
0.1420069
-0.01869181
-0.1464297
0.06304628
0.1300334
-0.07287439
-0.1766577
-0.1974444
-0.2815492
-0.220611
0.07727766
0.0222325
-0.1709936
0.1148575
0.2279951
0.05666753
0.1138253
0.0824911
-0.09435529
-0.05540808
0.08898269
0.05753912
-0.07984339
-0.1351258
-0.02084969
0.003125182
0.007806996
0.04345825
-0.004598076
-0.03109125
-0.04408057
0.005521352
-0.01604656
-0.04429947
0.03347658
0.008365477
0.01753335
-0.001150487
-0.01669262
0.03667116
-0.0334673
-0.003676985
0.05930007
0.0073978
0.0207124
0.03826023
-0.01661296
0.0008902465
0.03100305
-0.04779829
-0.03370872
-0.0003495266
-0.01374202
-0.005151386
0.01749573
-0.0076696
-0.01348128
0.01799849
-0.009029703
-0.02608027
-0.007682721
-0.003611909
-0.01538688
-0.02901784
-0.01281528
0.007145538
-0.01111453
-0.03814616
0.02024623
0.002478585
0.02268701
-0.0007648344
0.007518374
0.01275071
-0.001784697
-0.0009726441
0.01116937
-0.004562905
-0.01723254
-0.04027666
-0.03754382
-0.04240564
-0.01458225
-0.01489526
-0.02344896
0.002613247
-0.01545314
-0.02747756
0.06395464
0.07260129
0.09622671
0.03421052
0.03249083
0.0545169
0.04786815
0.01449363
0.039324
-0.001332886
-0.03752487
-0.04249473
0.009338859
-0.01220557
-0.03760907
0.04251526
0.006468964
-0.01623903
0.005056203
-0.002473729
-0.00212973
-0.004383981
-0.01526205
-0.01373012
-0.003890899
-0.02458782
-0.02722942
0.01461492
0.01326739
0.01297248
0.01075143
0.02161206
-0.02061672
0.000781351
-0.01004097
-0.03986273
-0.03945144
-0.06981606
-0.08394008
-0.02384368
-0.04708603
-0.08339492
-0.008237422
-0.04303531
-0.08790738
-0.02234105
-0.003751802
0.00474422
0.003066873
0.01575016
0.03247615
-0.01103137
-0.007676369
0.008886092
-0.0278227
-0.005397275
-0.03442856
-0.009360977
-0.02856066
0.008163845
-0.03024603
-0.04113725
0.005757109
0.003966973
-0.01375483
-0.03285217
-0.006503053
-0.0264303
-0.02256689
0.009485956
-0.02492046
-0.02204367
-0.0008270128
-0.02287299
-0.02216324
-0.003085703
-0.01741837
-0.006542655
0.01691842
0.01886456
0.02014333
-0.05188329
-0.03103147
0.07379771
0.05833527
0.06572131
0.06145523
-0.053712
-0.001940621
0.0647282
0.006037888
-0.0401269
-0.06717966
-0.08517268
-0.0896363
-0.1008968
0.0141052
0.05137805
0.03187487
-0.1678607
0.01255068
0.165901
-0.08030746
-0.06067877
0.03833106
-0.00378798
-0.09420851
-0.1231817
0.01130181
0.005807586
-0.03428896
0.0578386
0.007273795
-0.07613958
0.05904234
-0.002715845
-0.048809
0.03947994
0.07270075
0.004964765
0.03353419
0.0342767
0.03437335
0.02160324
-0.008636816
0.02689389
0.02778196
0.01861799
-0.03425823
0.03642609
0.07096585
-0.000346134
-0.02712535
0.01541999
0.04167652
-0.0394946
-0.1118395
-0.1151057
0.1208274
0.02777905
-0.1409501
0.09354105
0.09976408
-0.04939362
0.1031837
0.101748
0.09291597
-0.07574709
-0.07083146
0.05238612
0.01680708
-0.0706991
-0.05570358
0.04161017
-0.01236755
-0.03976072
0.1565721
0.160914
0.1202777
4.44574e-09
0.03355275
0.03261937
0.0193511
-0.01249163
-0.03668416
-0.009764371
0.01992022
0.03640851
-0.03946962
0.0302748
0.04709298
0.03161975
0.08055747
-0.01331744
0.02170169
0.06155727
0.04422107
-0.01882734
0.02319506
0.01865244
0.02562797
-0.08703523
-0.1140421
0.07948506
0.08526652
0.07718623
-0.1264302
-0.1144664
-0.1575495
0.02951272
0.006410948
0.009221595
0.007439128
-0.01632087
-0.0197618
0.0195533
-0.01986372
-0.02903586
-0.04098492
-0.0963921
-0.04345462
0.0269615
-0.08473219
-0.09575999
0.09036691
-0.01575068
-0.09952427
-0.1286455
-0.171154
-0.1006274
0.04051623
0.04285523
0.0437642
-0.03057037
0.04405577
0.06274378
-0.1009839
-0.04217825
0.1159504
-0.05564442
-0.09724692
-0.00767877
0.1107616
0.01305307
-0.04637821
-0.001433481
0.001345011
-0.0002084963
-0.00104817
-0.002160151
-0.001943958
0.0002800369
0.001550347
0.003295216
-0.001310524
-0.00125297
0.001965008
-0.004191155
-0.002784776
0.0008719999
8.442253e-05
0.001686436
-0.001557423
-0.001428664
-0.0008117498
-0.001557594
-0.001520535
-0.0001233592
-0.002617239
0.0002795664
0.003818012
0.003145471
0.001438276
0.003273716
0.002452832
0.0008844824
0.002175979
-0.00247638
0.001381018
-0.001418607
-0.0004919932
-0.003953318
-0.002012609
0.001758357
0.001206723
0.003756279
0.002704873
-0.0007151456
0.002089415
-0.0004559558
-0.0007210007
0.0004864124
-0.001349745
0.0005672935
-0.0005769368
-0.0009688964
0.0002062933
0.001884802
0.001350871
0.0023688
9.300913e-05
0.0005160758
0.00159255
0.0006059693
0.003836744
-0.003035319
0.0003766676
-0.0003050768
0.0005955744
-0.001564299
0.0003780459
6.400224e-05
-0.0005124915
0.0007267412
-0.00156765
0.0006928536
0.003154837
0.00113535
-0.000254041
-9.392654e-05
-0.0006774723
0.00173698
-9.502771e-05
0.002421008
0.0003518244
-0.0009144838
0.001923004
-0.003266121
0.00073582
7.744147e-05
0.0006225388
-0.00387938
-0.001967104
-0.001353571
0.0006558851
-0.0007820824
-0.001264221
-0.000109826
-0.001296839
0.0001861356
0.002854173
0.001493488
0.000581932
-0.0008910946
0.0008907281
-0.001652309
0.001294742
0.0004229254
-0.001932557
-0.001767326
0.002385331
-0.001743795
0.001125836
-0.003845702
0.002773353
-0.001670507
-0.002253154
9.182844e-05
-0.0008766501
-0.001458587
-0.0005467481
-0.001107435
0.001180306
0.003948415
0.0007776186
-0.001745233
-0.000517915
0.003038036
-0.0007376981
-0.001357044
-0.0007991696
-0.0006502075
-0.0003296983
0.0008299778
-0.0008979785
-0.003075836
-0.002034778
-0.001140713
-0.0005163228
0.0009289377
0.0006935615
-0.0003074592
0.0007366661
0.00358464
0.0004107831
-0.001030783
0.001324725
-0.0009460946
0.0001696061
0.06407783
0.008262548
0.01115701
-0.06217512
-0.02399474
0.03147649
-0.02439165
0.04615774
0.05468938
-0.07749285
-0.03079131
0.09349728
-0.08618922
-0.03882371
0.0784288
-0.03849239
-0.04567821
0.02077663
-0.05359069
-0.05900262
0.03286688
-0.05137493
-0.0535647
0.08935901
-0.04432192
-0.02545668
0.08833316
0.07830732
-0.03112039
-0.1028046
0.141562
-0.01124764
-0.09157155
0.08681664
-0.00974111
-0.1002159
-0.2148223
-0.08575808
0.04350846
-0.1797851
-0.09106035
0.1013839
-0.1644452
-0.1327177
0.08785982
-0.03288784
-0.02963592
-0.0323731
-0.02505652
0.02588559
0.04390743
-0.02222071
0.0296277
0.06304254
-0.03922652
0.1020449
0.0002510778
-0.09865348
0.07116915
-0.009737259
-0.05320792
0.02728662
0.0282706
0.02680834
-0.01772461
-0.03930617
-0.03152213
-0.02648005
0.03290258
-0.0223822
-0.06892773
0.1000221
0.0895097
0.04619103
0.01227979
0.0146927
0.07872943
-0.01452206
-0.01619685
0.05270356
0.03343179
0.01536958
-0.02771923
-0.02923354
0.005981805
-0.0099394
-0.00744998
-0.02333456
-0.03216186
-0.01150049
-0.1224143
0.05838056
0.05504074
-0.2151182
0.1128946
0.1286537
-0.1658385
0.01164034
0.06125646
-0.1362588
0.07209696
-0.01225148
-0.2051324
0.1201244
0.01655363
-0.1383868
0.04239463
0.0780625
0.01770435
0.02700189
0.1254462
-0.01119289
0.01899114
0.1138923
-0.005323434
0.009628767
0.06383129
0.04650466
-0.1039576
-0.04966559
0.2705475
-0.1056099
-0.1830276
0.2221508
-0.02573298
-0.1630423
-0.04416287
0.05384021
-0.08574749
-0.04717663
0.2093611
-0.05228144
-0.03642427
0.1579252
-0.007365236
-0.03023431
0.02223168
-0.03084398
-0.0340796
-0.06757919
-0.03118818
-0.01565522
-0.06418902
0.01003466
0.03641641
0.01538277
0.07550678
-0.04740189
-0.04345015
0.03191191
-0.08824316
0.05664804
0.2231513
-0.01635498
-0.2541986
-0.2673593
-0.09345041
-0.2612863
-0.02673707
-0.1835541
-0.2108715
-0.0002351657
-0.001492056
0.03241231
0.05642849
0.0365642
-0.01042281
-0.04031761
0.01584953
-0.03891405
-0.05399597
0.1124481
0.0509227
-0.1727564
0.2705118
0.08822145
-0.2479983
0.09354767
-0.1155624
-0.3048621
-0.07965382
-0.2322852
-0.08300204
-0.2508174
-0.2542989
0.09718665
-0.1537776
-0.005921985
-0.03811539
0.1265634
0.1613557
-0.03544823
0.09360129
0.003922245
-0.01283639
-0.006522074
-0.02693109
0.1464748
-0.1276882
-0.0311784
0.1558096
-0.05559047
-0.01257937
0.102676
-0.0258024
0.06064373
-0.01826121
0.02462967
-0.03607771
0.0416102
-0.05191492
0.03501726
-0.007886861
0.01779341
0.02942002
-0.02970602
0.01278452
0.0760256
0.1443297
-0.0538692
0.1926909
0.2679802
-0.04294812
0.09829585
0.1428943
-0.0692421
-0.03327776
0.004321314
-0.02891912
-0.00415415
0.1146728
-0.01248225
-0.05858336
0.03811955
-0.08533089
-0.1034944
0.008986583
-0.2266018
-0.07956428
0.3870194
-0.1237524
0.001821006
0.1307189
-0.1541464
-0.01941404
-0.04174469
-0.2464947
-0.1870127
0.1260863
-0.05640507
-0.1762502
0.19002
0.06903287
-0.02980331
-0.0002529528
0.0136586
-0.09991146
-0.004757802
-0.07022359
-0.07624106
0.02987175
0.03725057
0.01823512
0.01534324
0.3781287
0.2450064
-0.3597229
0.1661414
0.04641264
-0.2775314
-0.1242752
0.05401928
-0.002265509
-0.0908351
0.2331121
0.2891324
-0.04406042
0.1365538
0.1033759
-0.2741303
-0.06253259
0.2099818
-0.1481324
0.04052516
0.05246277
0.001470264
0.03714535
-0.01707823
-0.1107745
-0.0761536
0.07829212
-0.03594899
-0.06111899
-0.06979001
0.1343185
0.169829
0.0767391
-0.03092204
-0.04195093
-0.002003874
-0.04293013
-0.05013087
-0.05475875
0.05260011
0.04791718
0.05879724
-0.004405299
-0.01761577
-0.02883765
0.002774841
-0.0001938315
-0.02326937
-0.02294931
0.007961421
0.03730738
-0.003746413
-0.004418115
-0.02391372
0.01321977
-0.004888614
-0.04956006
0.0651084
0.05748042
0.02834625
-0.01606243
-0.01986635
0.02058296
-0.01371319
-0.02401168
-0.0009660489
-0.004845194
-0.02373748
0.006505495
0.01130948
-0.0399525
-0.03216682
0.01849191
0.01406715
-0.01183883
0.02430408
0.05614709
0.03538314
0.0656354
0.1367762
0.1480456
-0.08829957
-0.01670695
0.02883936
-0.07899532
-0.1085779
-0.1180093
0.08888101
0.0959596
0.01599112
-0.04560825
-0.0665715
-0.02473533
0.05028955
-0.02755823
-0.05789948
-0.02782198
-0.01500985
-0.03064134
0.05444112
0.1001835
0.104073
-0.05193122
-0.0157525
0.03023533
0.04102656
0.02282808
0.01121312
-0.02103388
-0.04148761
-0.01234715
0.016309
-0.03534669
-0.04321245
-0.01414814
-0.05315867
-0.0653199
-0.05960188
-0.03179306
-0.02647435
-0.009936121
-0.004345754
-0.0124704
-0.004298238
-0.1130208
-0.1878889
0.1399708
0.172007
0.1195402
-0.1266514
-0.09872725
-0.1150056
0.04690743
0.06226862
0.02692384
0.001786856
0.01282766
0.01167819
-0.0131468
-0.01254429
-0.01166596
-0.03503069
-0.01038343
-0.1015241
0.00898675
-0.02318819
0.03209249
0.04767893
0.05367836
0.02888759
-0.1001132
-0.09724762
-0.05642818
-0.02030804
-0.02577908
-0.007959296
-0.01221373
-0.02802469
0.008932804
0.02803963
0.06172176
0.05157706
-0.05516398
-0.05278154
-0.05366943
-0.002571099
0.02266799
-0.04040936
-0.02953151
-0.04143406
-0.03282142
-0.006991497
0.1237131
-0.001347556
-0.07516691
-0.1035708
-0.01216683
-0.1100551
-0.1261653
-0.05365829
0.0877037
-0.04839274
-0.1343376
0.06107045
0.07669084
0.1042436
0.06355064
-0.04164131
-0.1479211
0.04120813
0.06885134
-0.05083954
-0.06899636
0.09042387
0.08906323
0.06031357
-0.006265513
-0.1031461
0.05459421
0.07104125
0.05744267
-0.03074703
-0.004630495
0.1043586
-0.08377098
-0.1318454
0.07833861
0.1099561
-0.09286306
-0.1242627
0.2045505
0.2105635
-0.02882393
-0.1061574
-0.04087091
0.08496864
-0.08965776
-0.08968735
0.05154206
0.04896155
-0.07594956
-0.09449246
-0.09123177
-0.1286692
0.03320313
0.1051617
-0.02118756
-0.078356
0.02675267
0.04157798
-0.1120377
-0.002250605
-0.01286088
0.1415988
0.07275391
-0.1308697
-0.1072478
0.1785355
0.08852512
-0.1379105
0.06144504
0.219648
0.2845027
-0.06448036
-0.01099711
0.1794825
0.0535288
-0.1107485
-0.1082096
-0.003967118
-0.003256528
0.004187916
0.04140218
-0.04974517
-0.03843825
0.007188725
-0.005148774
-0.0714783
-0.1818414
-0.04028524
0.1040041
0.07722464
-0.1549115
-0.05916348
0.1012357
0.05362488
-0.1790552
-0.2868679
0.05954322
0.05357196
-0.2072704
-0.1106733
0.06889667
0.0188087
-0.2187741
-0.2800594
0.09379043
0.01800286
0.05056654
0.1162282
0.02682876
0.003035701
0.1180839
0.08301227
0.03011877
0.3228577
0.1090498
-0.2536752
-0.1382275
0.3020179
-0.02385611
-0.2643418
-0.1581277
0.225079
-0.07797793
0.1713095
0.1652476
-0.2158773
-0.05350014
0.1526053
-0.08320715
-0.0896265
-0.1169678
-0.03602492
-0.129371
-0.03544977
0.113698
-0.03936254
-0.06273214
0.04579554
0.002318441
-0.02821312
-0.001125357
-0.05258869
-0.01169709
-0.03914406
-0.05062209
-0.1902147
-0.04808885
-0.1410177
-0.1656777
0.04819496
0.1435265
0.06683566
0.03746966
0.02340942
-0.04201825
-0.05100087
-0.09201872
-0.06272413
-0.1082235
-0.02956073
0.0806537
-0.05090461
-0.03298933
0.009955738
0.002282047
-0.03812935
-0.08612865
-0.08477362
-0.0563492
0.04864055
0.01081279
0.02762133
0.05139694
0.01051902
0.0003931125
-0.0523328
0.005424194
-6.533526e-05
-0.008644382
-0.04851291
-0.1585301
-0.05925127
-0.0637564
-0.1430062
0.07813281
-0.08174448
-0.0021366
0.08118987
-0.04218055
0.09583528
0.100184
0.002121171
0.08807003
0.06042818
0.08981708
-0.07611123
-0.09455804
-0.08179969
-0.1896206
-0.01359186
-0.1846685
-0.1096923
0.1385957
0.007241913
0.02059001
0.03509136
-0.1042634
0.0006870556
0.1978934
0.04075471
0.1347447
0.1352595
0.009750806
-0.03106231
-0.1213308
0.003246575
0.02672212
0.01285788
0.01079297
0.0689201
0.1202329
-0.06152451
-0.02208529
-0.0171628
-0.05123613
0.01571929
0.0059518
-0.02385876
0.03928167
0.01626883
-0.03933685
0.08909409
-0.001486747
0.05448038
-0.05611499
0.007288796
-0.0005607202
-0.01584483
0.03888744
0.0641983
0.006002849
-0.2198752
-0.03484573
-0.1025549
-0.1805935
-0.06138835
-0.1173841
-0.1162137
0.02894275
-0.004099747
-0.02253386
0.009639832
-0.006142104
-0.02422634
-0.05818399
-0.07893182
-0.08021252
-0.05999211
-0.1067842
0.05056562
-0.07171459
0.05791586
0.1242945
0.06269436
0.1833001
0.02560915
-0.05824901
-0.09556985
-0.1781858
-0.08887898
-0.05352944
-0.04785139
0.02770416
0.07655166
0.154663
0.007209963
-0.08748867
-0.08715162
-0.1013483
-0.04255025
0.0635438
-0.03816003
0.03538464
0.08042473
0.03532813
-0.05381216
-0.1804013
0.0735532
0.1590783
0.09321092
-0.1263205
-0.04010762
0.03265499
-0.04131935
-0.02453012
0.06945521
0.0162362
-0.007929518
0.0377957
0.004506175
-0.02693149
-0.002548927
-0.02245
-0.0753481
-0.1054274
0.08159032
0.0889494
0.08597714
-0.02476084
0.00456702
0.06909312
0.07512233
0.03272682
-0.001931062
0.07788081
0.0783835
0.06326868
-0.03015404
-0.01564606
0.009752795
-0.08987009
-0.03881049
0.05684746
0.05517624
0.04886428
0.1171143
-0.04805209
-0.08895586
0.02721499
0.01274106
-0.009915418
-0.04317676
-0.007527336
0.03353523
0.000673354
0.0315732
0.02818249
-0.0270691
-0.0265776
-0.02424409
0.03485749
0.02813105
-0.01487427
-0.04782745
0.0191993
0.04240272
0.01549989
-0.1683065
-0.05922428
-0.01212506
0.06067688
-0.02133149
-0.08917604
0.04365376
0.1061549
0.08330666
0.05013299
0.1109012
0.09014343
-0.08225299
-0.04510421
0.02847814
-0.02039277
-0.01939902
-0.05171317
-0.07892353
-0.03892643
0.01413793
-0.02069086
-0.03914668
-0.04479143
-0.001493731
0.01394785
-0.007698869
-0.04546737
0.001420163
0.06191612
0.08261272
-0.04178866
-0.06643958
-0.01245367
0.03485722
-0.03306734
-0.00251003
0.09504632
-0.0008033774
-0.137361
-0.1253399
-0.1603569
0.06592879
0.1096075
-0.06960934
0.0009552746
-0.01738056
-0.008752869
0.05155986
0.01726584
0.001962293
0.1073676
0.09011098
0.06628256
0.01224186
-0.06184046
-0.08561239
0.03087111
0.1191971
0.04232
-0.06459726
-0.1658304
-0.03884456
0.004626154
0.04193414
-0.004464966
-0.01243815
0.01249997
0.01621806
-0.0331239
-0.004462908
-0.05777556
-0.0271582
-0.02722029
-0.05555856
0.06925495
0.07196185
-0.02319679
-0.1322404
-0.0831091
0.05792535
-0.0003293969
-0.000954598
-0.0003528817
0.0007709996
-0.0008252339
-0.001626299
-0.002159202
0.002559044
0.00133777
0.001764343
-7.373628e-05
0.000705536
0.00166511
0.003055245
0.0003260087
0.001399013
0.003013567
0.0002116951
-8.718922e-05
-0.002238125
8.766182e-05
0.0003647691
0.001810945
-0.001465267
-0.0003349489
0.0007455299
-0.001777899
0.002209601
-0.001465174
0.0004908172
0.0003546943
0.003183876
-0.001756208
0.001210565
0.0004473805
-0.001210322
0.002339402
-0.002344951
-0.001952238
0.003515316
0.0006270807
-0.000379074
-0.001766225
-0.0004885888
0.0009055907
-0.001237938
0.0005520411
0.001188881
0.0008553404
0.002820867
-0.000788277
-2.227717e-05
0.001087531
0.0009478831
-0.002964015
-0.002684723
-0.00452965
-0.002617337
-0.001715285
0.001745717
-0.002961829
0.00279194
0.002261345
-0.001085507
-0.002551443
-0.001592307
0.002085054
-7.440861e-05
0.001052964
-0.000313583
-0.002210526
-0.003486473
0.0003156371
0.001827828
0.002364603
0.00183011
-0.001412649
-0.0009920426
0.000573132
0.002374637
0.0005858957
-0.001024337
0.001981534
0.000273193
-0.001909678
-9.133364e-05
-0.001810996
-0.001086007
-0.002885678
-0.0008371967
0.001427483
0.001888011
-0.002314814
-0.00107562
-0.002848736
0.000255293
-0.0005594618
-0.001765479
-0.003186473
0.002178984
-0.0001473125
-0.002004005
-0.004507035
0.001525173
-0.001359963
-0.002754871
-0.001019064
0.0007356231
-0.003049693
0.001086088
-0.001860626
-0.0005648399
-0.004406311
-0.002817301
-0.00175733
-0.0002881977
0.00123801
-0.001238819
-0.001955169
-0.00195557
-0.0006057768
-0.0003103787
0.004320959
-0.004778278
0.0004521939
-0.001961298
-0.0009142913
-0.0002191635
-0.001114495
-5.752835e-05
0.0007818716
-0.001049999
-0.003418894
-0.000859112
-0.0008715178
-0.004584867
-0.001896338
0.002163882
-0.001729757
-1.520653e-05
0.001967029
0.0003350171
0.001014178
0.0002088048
