4.308838e+00
6.742992e-04
7.055275e-01
1.837868e+00
3.003668e+00
1.717553e+00
3.815930e+00
2.811570e+00
1.642518e+00
1.996875e+00
2.185163e+00
2.871009e+00
4.107036e+00
3.469053e+00
9.649349e-01
2.975314e+00
2.461698e+00
3.751848e+00
3.695879e+00
1.283220e+00
3.447796e+00
3.172472e+00
3.632966e+00
2.132172e+00
5.211607e+00
3.772293e+00
1.668620e+00
2.709253e+00
4.997756e+00
1.883884e+00
1.915194e+00
6.831551e-04
5.863315e-04
5.955302e+00
4.018000e+00
1.258502e+00
2.934115e+00
2.016226e+00
3.171376e+00
2.147456e+00
3.553409e+00
5.041226e+00
2.415742e+00
2.662670e+00
2.853049e+00
2.525630e+00
3.482636e+00
3.543214e-01
2.906260e+00
2.024912e+00
2.200315e+00
1.536881e+00
3.152198e+00
2.911431e+00
4.431542e+00
2.324894e+00
2.070752e+00
1.885121e+00
5.175483e-04
3.962163e+00
2.513620e+00
3.774423e+00
6.453886e-01
2.631620e+00
