2.788302e-01
2.052761e-01
1.325490e-04
3.602515e-01
1.354236e-01
1.992047e-01
2.301523e-01
1.064105e-01
2.586319e-01
2.334036e-01
2.699242e-01
2.586714e-01
3.064214e-01
2.187824e-01
1.882708e-01
2.104698e-01
2.739648e-01
2.213651e-01
1.344563e-01
3.105524e-01
1.721587e-01
2.479401e-01
3.283677e-01
2.219771e-01
2.227133e-01
2.225392e-01
5.885366e-02
2.453388e-01
3.920712e-01
2.156185e-01
2.123455e-01
2.052209e-01
3.098543e-01
2.500430e-01
2.231130e-01
6.869866e-02
2.363959e-01
-1.442756e-01
2.704694e-01
1.863562e-01
2.973733e-01
3.084557e-01
1.782580e-01
1.597132e-01
1.718298e-01
2.117077e-01
2.920344e-01
2.475832e-01
2.524957e-01
3.020635e-01
2.902051e-01
2.361642e-01
2.756832e-01
2.550467e-01
2.459408e-01
1.936349e-01
2.848307e-01
2.438922e-01
2.443439e-01
2.191529e-01
2.473370e-01
2.396118e-01
2.205284e-01
1.754070e-01
