-1.500459e-01
-3.307196e-01
-1.800178e-01
-1.365138e-01
-1.832803e-01
-2.213119e-01
-2.422891e-01
-1.439765e-01
-1.636610e-01
-1.489690e-01
-1.987871e-01
-2.805815e-01
-1.227837e-01
-3.507853e-01
-1.948882e-01
-7.269279e-02
-1.316366e-01
-2.437857e-01
-1.790666e-01
-1.446639e-01
-1.573084e-01
-1.588634e-01
-1.568440e-01
-1.581988e-01
-1.785630e-01
-1.452489e-01
-2.005281e-01
-2.019348e-01
-2.508773e-01
-2.640769e-01
-1.554446e-01
-1.761979e-01
-2.764681e-01
-1.897826e-01
-9.827365e-02
-2.457238e-01
-2.269689e-01
-2.598670e-01
-2.078123e-01
-1.594490e-01
-1.122456e-01
-1.127763e-01
-1.653076e-01
-1.951506e-01
-1.887988e-01
-1.365594e-01
-1.701646e-01
-3.479586e-01
-2.153145e-01
-2.155389e-01
-1.302297e-01
-1.348199e-01
-1.732805e-01
-2.110917e-01
-2.279204e-01
-1.672104e-01
-2.117162e-01
-2.361441e-01
-2.881382e-01
-1.860856e-01
-2.338544e-01
-2.644421e-01
-1.519384e-01
-2.047464e-01
