3.629978e-01
3.110247e-01
2.386566e-01
-2.570140e-01
3.889028e-01
2.838430e-01
5.499195e-01
3.465457e-01
1.880204e-01
3.618105e-01
2.856986e-01
3.512898e-01
3.059637e-01
2.335876e-01
4.071130e-01
3.707392e-01
1.778346e-01
3.196823e-01
2.200484e-01
1.305087e-01
1.874097e-01
3.056045e-01
-1.219584e-01
1.178251e-01
2.595591e-01
2.262189e-01
3.204408e-01
2.888670e-01
2.638941e-01
3.454851e-01
2.135008e-01
2.837953e-01
2.891054e-01
2.446099e-01
8.764747e-02
5.383911e-01
2.701961e-01
4.755628e-01
1.257045e-01
3.904012e-01
2.390597e-01
1.294355e-01
3.004012e-01
2.571557e-01
1.330229e-01
2.178302e-01
2.092050e-01
3.960380e-01
3.798446e-01
2.340862e-01
1.176846e-01
2.279497e-01
3.748655e-01
2.576825e-01
3.153028e-01
9.156062e-02
2.643950e-01
1.906998e-01
4.288042e-01
-1.417497e-01
2.795446e-01
4.567882e-01
1.833798e-01
4.911514e-01
