1.682045e-02
1.437579e-02
2.441575e-02
6.027644e-03
8.763764e-03
1.124547e-02
1.961912e-02
3.622792e-02
1.421202e-02
1.518845e-02
1.302192e-02
1.754466e-03
6.282307e-03
1.911146e-02
1.902203e-02
7.049691e-03
1.040466e-02
7.941501e-03
8.633404e-03
6.553059e-03
8.503427e-03
1.074619e-02
7.362739e-03
6.467506e-03
1.069181e-02
1.709205e-02
8.662864e-03
3.264943e-03
1.949189e-02
6.706400e-03
1.053717e-02
9.554513e-03
9.275303e-03
7.494998e-03
9.743354e-03
8.933563e-03
1.242277e-02
2.166674e-02
8.255701e-03
1.089830e-02
6.704794e-03
1.330779e-02
5.324903e-03
9.147147e-03
1.130157e-02
2.192570e-02
6.119438e-03
1.525932e-02
1.299239e-02
7.822484e-03
5.836174e-03
7.495155e-03
8.512693e-03
1.106286e-02
1.207274e-02
7.859642e-03
1.057396e-02
1.378701e-02
2.062899e-02
1.175862e-02
1.815448e-02
2.112865e-02
8.935380e-03
1.761328e-02
