-2.620903e-02
-1.557788e-01
-4.656180e-02
5.773920e-02
-1.748742e-02
-9.295776e-02
-3.103475e-02
4.790711e-03
2.480757e-02
-6.931281e-02
7.519492e-03
-1.441222e-02
-7.401405e-02
-4.315818e-02
-1.077068e-01
-4.109988e-02
-6.521791e-02
-4.838970e-02
2.051349e-02
-1.033406e-01
1.445273e-02
-1.744622e-02
-4.951569e-02
2.721138e-02
-3.783891e-02
-2.204400e-01
-2.686238e-02
-4.787672e-02
-3.526910e-02
1.542170e-02
3.506169e-02
1.882934e-02
-5.883560e-02
-1.676366e-01
-3.538709e-02
-1.269551e-01
2.663311e-02
-1.541570e-02
-3.858922e-02
-5.161631e-02
-7.463710e-02
-1.991511e-03
-9.138152e-02
-1.717441e-02
4.505975e-02
2.360787e-02
-3.670366e-02
-5.138595e-02
1.365486e-03
-3.114361e-02
2.964151e-02
5.087250e-02
-1.911718e-02
-4.917474e-02
5.196559e-02
-1.972190e-02
5.714832e-02
-5.445189e-02
-9.751846e-03
7.371851e-02
-2.182553e-02
-8.877476e-02
-8.715228e-02
-1.403254e-01
