-2.217748e-01
-1.743529e-01
-1.693939e-01
-1.633121e-01
-2.284665e-01
-1.764262e-01
-2.044181e-01
-1.965792e-01
-1.851232e-01
-1.583634e-01
-9.986695e-02
-1.981261e-01
-6.875075e-02
-1.879697e-01
-1.338754e-01
-1.532087e-01
-2.840622e-01
-1.662538e-01
-2.379612e-01
-2.688166e-01
-2.535052e-01
-2.384706e-01
-2.137486e-01
-1.973867e-01
-2.901386e-01
-1.141123e-01
-2.746355e-01
-3.035583e-01
-2.320888e-01
-1.893458e-01
-2.193386e-01
-2.276431e-01
-2.709650e-01
-2.635137e-01
-2.760382e-01
-1.714402e-01
-3.342326e-01
-3.516414e-01
-2.089285e-01
-1.541127e-01
-2.255279e-01
-3.331897e-01
-1.903298e-01
-1.726799e-01
-2.087097e-01
-2.156818e-01
-2.255401e-01
-1.516212e-01
-2.578832e-01
-2.217242e-01
-1.296840e-01
-1.251152e-01
-1.425834e-01
-2.204442e-01
-1.859895e-01
-1.291037e-01
-8.667263e-02
-3.807383e-01
-1.286957e-01
-1.920556e-01
-2.321920e-01
-1.884721e-01
-1.211304e-01
-2.161664e-01
