-1.640612e-01
-1.090223e-01
-2.329790e-01
-9.136440e-02
-2.198393e-01
-2.309491e-01
-4.645573e-02
-2.345089e-01
-5.550551e-02
-2.977147e-01
-3.919467e-02
-2.362819e-01
-1.860694e-01
-1.689936e-01
-2.163686e-01
-5.426606e-02
-1.028858e-01
-2.044065e-01
-1.952329e-01
-3.303547e-01
-1.907447e-01
-2.313575e-01
-2.110909e-01
-2.945902e-01
-3.335486e-01
-6.950172e-04
-1.730940e-01
-1.308181e-01
-2.559026e-01
-2.232802e-01
-2.694015e-01
-3.103763e-01
-1.972803e-01
-2.450926e-01
-2.476618e-01
-1.719285e-01
-2.362936e-01
-3.366353e-01
-2.531689e-01
-1.627544e-02
-6.043040e-02
-3.662187e-01
-1.524327e-01
-2.060121e-01
-1.177560e-01
-9.069269e-02
-2.124536e-01
-7.147079e-02
-1.140400e-01
-1.011233e-02
-1.843150e-01
-2.017171e-01
-1.583495e-01
-3.290356e-01
-1.131426e-01
-1.114773e-01
-2.278767e-01
-1.217906e-01
-1.937364e-01
-1.213260e-01
-1.177510e-01
-2.644253e-01
-7.312524e-02
-1.587008e-01
