2.756811e-01
3.424045e-01
2.206658e-01
-1.406424e-01
3.884602e-01
2.392070e-01
5.101545e-01
1.438005e-01
1.801513e-01
1.857187e-01
2.818817e-01
2.871819e-01
2.847776e-01
4.995551e-01
2.551610e-01
3.243903e-01
2.228341e-01
2.368808e-01
3.422556e-01
2.078741e-01
1.257076e-01
2.788475e-01
7.651809e-02
1.988016e-01
2.892467e-01
2.236382e-01
3.865883e-01
3.898326e-01
2.561720e-01
3.066395e-01
-1.744249e-01
3.160039e-01
2.904668e-01
2.160122e-01
1.734498e-01
2.160327e-01
1.635425e-01
3.436936e-01
3.089840e-01
1.946300e-01
2.486837e-01
1.847207e-01
3.451754e-01
2.247041e-01
3.214169e-01
-1.371018e-02
1.389271e-01
2.123612e-01
2.551865e-01
4.338876e-01
2.649851e-01
3.295146e-01
3.589156e-01
5.754666e-01
3.802702e-01
3.504730e-01
2.609721e-01
6.716980e-01
4.367955e-01
5.790321e-01
4.896335e-01
3.959460e-01
-1.705037e-01
1.659560e-01
