-3.586738e-01
-3.507796e-01
-3.407805e-01
-2.328176e-01
-2.782490e-01
-2.785125e-01
-2.866381e-01
-2.290397e-01
-8.738760e-04
-4.490458e-01
-3.328731e-01
-3.632318e-01
-3.467156e-01
-2.387019e-01
-4.065013e-01
-2.550752e-01
-3.093633e-01
-2.825150e-01
-1.818550e-01
-3.299325e-01
-3.212461e-01
-3.268682e-01
-2.170402e-01
-9.133693e-02
-2.910118e-01
-3.554986e-01
-2.495102e-01
-3.133317e-01
-3.781419e-01
-3.471467e-04
-3.564595e-01
-2.674310e-01
-4.169103e-01
-2.041644e-01
-2.601425e-01
-3.282091e-01
-3.434499e-01
-3.227316e-01
-2.014567e-01
-3.821056e-01
-4.052251e-04
-1.751009e-01
-2.578579e-01
-3.961543e-01
-1.903342e-01
-2.545502e-01
-1.464872e-01
-4.230839e-01
-3.203109e-01
-3.151332e-01
-3.120658e-01
-2.479358e-01
-2.979226e-01
-3.561666e-01
-1.884927e-01
-3.716397e-01
-3.669179e-01
-2.613313e-01
-2.706192e-01
-2.347025e-01
-2.468864e-01
-3.045491e-01
-3.257377e-01
-5.485367e-04
