-1.488474e-01
-1.937794e-01
-1.832331e-01
-1.254029e-01
-1.289108e-01
-2.510655e-01
-2.563719e-01
-2.122786e-01
-1.776777e-01
-1.291099e-01
-2.132833e-01
-1.327539e-01
-1.062748e-01
-2.772637e-01
-2.807289e-01
-1.134965e-01
-2.041347e-01
-2.541541e-01
-1.929272e-01
-2.758061e-01
-1.865194e-01
-2.843454e-01
-2.464778e-01
-1.111134e-01
-2.600853e-01
-1.421138e-01
-1.522475e-01
-1.998329e-01
-2.418095e-01
-1.755869e-01
-1.848981e-01
-1.733456e-01
-3.122705e-01
-2.271152e-01
-9.285812e-02
-2.522281e-01
-2.507570e-01
-2.631216e-01
-2.229024e-01
-1.878597e-01
-1.848485e-01
-2.406123e-01
-1.113863e-01
-1.596681e-01
-1.898157e-01
-1.030349e-01
-2.299171e-01
-3.125798e-01
-2.585442e-01
-2.893925e-01
-1.840567e-01
-1.356865e-01
-1.481088e-01
-2.356869e-01
-2.239110e-01
-1.991610e-01
-1.804331e-01
-2.739713e-01
-2.057780e-01
-2.535820e-01
-2.246673e-01
-2.064195e-01
-1.177731e-01
-2.080502e-01
