6.404657e+00
3.431387e+00
4.036485e+00
3.935649e+00
4.209991e+00
1.078654e-03
4.031766e+00
4.425432e+00
6.333345e+00
3.544166e+00
3.184656e+00
5.547093e+00
4.542584e+00
3.625424e+00
2.110803e+00
4.878792e+00
6.241113e+00
7.462184e-04
9.015597e-04
3.740937e+00
6.477102e+00
5.110397e+00
4.198700e+00
4.600319e+00
4.444073e+00
4.937516e+00
6.157012e+00
4.676918e+00
4.665147e+00
3.376953e+00
4.067761e+00
8.970110e+00
8.168120e-04
7.382204e+00
5.635125e+00
4.213686e+00
4.877090e+00
2.128424e+00
2.479939e+00
4.040101e+00
4.293172e+00
4.461807e+00
6.117610e+00
5.371215e+00
7.224961e+00
6.372631e+00
5.423892e+00
3.993580e+00
6.583136e-04
6.065409e-04
5.373324e+00
8.041251e-01
4.094005e+00
3.799821e+00
3.838162e+00
1.538727e+00
5.873589e+00
3.559226e+00
4.157104e+00
4.115540e+00
4.669324e+00
5.860303e+00
6.073236e+00
3.007017e+00
