-4.341609e-02
2.985034e-01
2.442300e-01
4.538059e-01
3.756453e-01
2.110435e-01
2.893192e-01
-1.069084e-01
4.056416e-01
1.577713e-01
-7.759611e-02
6.018125e-01
1.111409e-01
3.848179e-01
3.050101e-01
3.097232e-01
1.706963e-01
3.597689e-01
3.870870e-01
4.898308e-01
2.463428e-01
2.530780e-01
2.511857e-01
3.641183e-01
2.907106e-01
3.575857e-01
8.948448e-02
1.228200e-01
1.788661e-01
2.455395e-01
1.472493e-01
1.816388e-01
3.827767e-01
3.010899e-01
3.041073e-02
3.802255e-01
2.079425e-01
8.380333e-02
2.777908e-01
3.698212e-01
2.461091e-01
2.417937e-01
4.004396e-01
2.677426e-01
1.854938e-01
9.724551e-02
2.270492e-01
3.236875e-01
6.348341e-01
2.137239e-01
2.674698e-01
2.142260e-01
2.430211e-01
1.787659e-01
4.400909e-01
4.712401e-01
1.732121e-01
3.661120e-01
1.091932e-01
3.092436e-01
6.170153e-02
3.387757e-01
4.416960e-01
3.341653e-01
