16 16 3
0.1105929
0.1280062
0.09376293
-0.1196196
-0.2738802
-0.1960817
0.03389698
0.1040614
0.0547362
0.04236858
0.02606168
0.04955702
-0.04549052
0.03445263
0.01355792
0.03992032
0.06343233
0.01826025
-0.0604154
0.2431775
0.2499931
-0.07956984
-0.3197314
-0.259625
0.01921727
0.2177751
0.06075909
0.1094849
0.1000782
0.1228069
-0.1255758
-0.05872091
-0.03726677
0.03046774
0.004424665
0.04475706
0.1407637
0.155171
0.06920461
0.05100911
-0.1002975
-0.1019201
0.02770068
0.04356708
0.03755733
0.07063492
0.07777524
0.06328236
0.07990365
0.04084851
0.03460429
0.004807571
0.06778817
0.09657627
-0.07887758
-0.08032658
-0.08078065
0.08754556
0.08787604
0.06281163
0.042643
0.1056273
-0.01901571
0.07174214
0.02299851
0.04324628
-0.06004497
-0.02675729
0.08892253
0.002555956
0.07778776
0.08712856
0.01187546
0.1345536
0.07832299
0.0946303
-0.06767075
-0.08758729
0.0433494
0.05485591
0.0314269
-0.03523706
-0.0340724
-0.0130359
-0.01175933
-0.008830437
-0.01190805
-0.006700703
-0.04023663
-0.02885297
0.002221098
-0.002531299
0.0008528796
-0.0005315594
0.001055902
-0.001521966
-0.001504146
0.00207411
-0.001741786
-0.0072787
-0.06491087
0.0008361876
-0.02559361
0.273019
0.1381841
-0.09229343
-0.1827366
-0.04510252
0.008942433
0.01032543
0.06865847
0.0214077
0.03128574
0.03440078
0.0118349
0.04271813
0.1022322
-0.01382867
0.009703042
0.1393156
0.05113913
-0.04860837
0.0214086
0.01967223
-0.07285737
-0.06429856
0.02551121
0.1458701
0.06443222
0.08810379
0.05914729
0.07269985
-0.1043801
-0.06999399
0.0150278
0.002503809
-0.0002742844
-0.000865909
-0.0001892788
-0.001277309
-0.002312336
-0.0004728235
0.002239532
0.002021139
-0.02158987
-0.04489952
-0.05917013
0.08505626
-0.08814996
-0.0959299
-0.1365575
-0.1799413
0.1140005
-0.01576564
0.005921395
0.04475142
-0.04655287
-0.06135275
0.09573318
-0.0698344
-0.05457878
0.01729197
-0.08996382
-0.09831799
0.1425307
0.1353402
0.3089783
-0.1050831
0.03846088
-0.08954092
-0.003486479
0.0307034
-0.03350865
-0.0400422
-0.05792398
-0.06339235
-0.02792995
-0.01183429
-0.0387417
-0.02420311
0.008108773
-0.03621516
0.04990536
0.02878704
-0.10918
-0.0292763
-0.08509608
-0.1005482
0.09811459
-0.04672508
0.03832221
-0.01765093
0.118515
0.1154476
0.03282632
0.06891649
0.1274209
0.06914397
0.02684992
-0.07234075
0.01381557
-0.03647513
-0.1737615
-0.04915496
-0.08217687
-0.1327814
-0.01603262
-0.1234971
-0.0675626
0.0426951
-0.04476262
0.06619833
0.08005121
0.1925761
0.1655777
0.06899673
0.032566
-0.07411785
-0.01889762
-0.003686156
-0.02871615
-0.08066145
-0.02059826
-0.07791347
0.04808453
-0.03498498
-0.0008065753
-0.0361831
-0.02143112
-0.01294482
-0.034649
-0.009684257
-0.00944892
-0.007314739
-0.002083681
-5.680104e-05
0.0001406647
-0.001925216
0.003222664
0.002766826
-0.0004273073
-0.002556588
-0.004863238
0.05351387
-0.1454424
0.09394354
-0.2485928
-0.1173223
0.2389469
-0.003358429
0.1139947
0.027852
-0.04622233
-0.005970085
0.05313
-0.03869079
-0.0277931
0.01424357
0.04789897
-0.005415097
-0.02070533
-0.00993691
0.03942655
0.008042507
-0.003636752
0.003860627
-0.04738716
-0.03263119
-0.1121965
-0.07044883
-0.1000667
0.05640917
0.06600351
0.01114016
0.09566338
-0.08021288
0.0355972
-0.08663318
-0.003951626
-0.001658134
0.0004008432
0.001654296
-0.0005126451
0.005301784
-0.0009769659
-0.002762732
0.002087383
0.001073055
-0.01662274
-0.1123368
-0.03352365
-0.01377374
-0.09205179
-0.0773795
0.05272358
0.01753334
0.08636582
0.002997997
0.06672142
0.0445882
0.001780193
0.0596667
0.05306574
-0.02127147
-0.02328914
-0.02415531
-0.05896555
0.02987651
0.05267182
-0.1197515
-0.1203889
-0.1356805
-0.04079586
-0.02926004
-0.1269031
0.006219543
0.0270648
0.02249832
-0.04162663
-0.02034357
-0.0553508
-0.03197976
-0.04781148
-0.07421962
-0.06196211
-0.08503348
-0.01481329
0.006014971
-0.03357979
-0.06464316
0.06320398
0.02167702
0.02358082
0.1759657
0.1996973
0.08800153
0.1567621
0.0133234
-0.169284
0.06578188
-0.09268866
-0.2143297
-0.01742774
-0.01773803
-0.04485389
0.02568889
0.09477191
-0.01272805
-0.005561249
0.1038515
0.02514439
0.1627481
0.2425741
0.09433908
0.04267462
0.08468024
-0.0006285063
-0.2816333
-0.2574166
-0.3242225
0.02627366
0.1167561
0.08639371
-0.00981564
0.1142835
0.1385844
-0.1061485
-0.03322312
-0.005427929
-0.01884122
-0.001204724
-0.004215076
-0.03609962
0.03154922
0.05437176
-0.004684392
0.06561364
0.08781567
0.00152094
0.0003614261
-0.002148082
-0.0009260586
-0.0001040782
-0.0009692871
0.002034931
-0.00104661
-0.0007864057
0.1401442
0.1941253
0.1354832
0.07439442
0.09176248
0.1390594
-0.03644866
-0.07456999
0.02242437
0.0546109
0.06746702
0.1284881
0.06736885
0.105073
0.1214239
0.063504
0.1017924
0.086301
0.09296291
0.1011733
-0.0571302
-0.040128
0.1074882
0.08986496
-0.03236547
0.09502786
0.1256237
0.05776679
0.05413124
-0.02263456
0.03430798
0.01533971
-0.02122016
0.03725854
0.1062917
-0.001447857
0.001143379
0.001830337
-0.002232754
0.003668163
-0.001106164
-0.001711214
0.0002284105
0.001609727
-0.0007916765
0.069493
-0.1090627
-0.05542042
-0.0145513
-0.05814173
-0.02610429
0.01572223
0.04783868
0.01831559
-0.03204279
-0.0605017
-0.06027009
0.009008913
0.0253456
0.005700179
0.01671105
0.01658818
0.02780394
-0.09759209
0.0666096
-0.04142305
-0.05154331
-0.07559136
-0.08219902
-0.06759319
0.007385957
0.07792918
-0.05573913
-0.05569308
-0.0436666
-0.0291598
-0.03318396
-0.04162764
0.0337274
0.01875229
0.0219865
-0.02051589
-0.05065242
0.002494757
-0.04596632
-0.02622195
0.04997563
-0.0299682
0.03290686
0.04077024
-0.07955664
0.02422568
0.06897251
-0.08592357
-0.03238194
-0.01484368
-0.09876674
-0.05979866
-0.05939531
-0.03906923
-0.07056242
-0.01728227
-0.08058888
-0.1043907
-0.04759247
-0.08406197
-0.08556895
-0.08001217
0.1355556
0.142123
0.07048633
0.05837381
0.04043548
-0.01878747
-0.1339719
-0.1363945
-0.207301
-0.0763993
-0.04025956
0.04186112
-0.0460288
-0.03146519
0.04573442
-0.1138208
-0.05610017
0.004498086
-0.03474825
-0.0241588
-0.03028347
-0.02090813
-0.004689886
-0.000738795
-0.005828857
0.03083002
0.01220207
0.001577898
0.0005517561
0.002666953
0.0007138636
0.0002160966
-0.002256142
-0.00320927
0.001543603
-0.0008994624
-0.117976
0.003657632
-0.01505105
-0.02880195
0.05888746
0.0743902
-0.08341608
-0.02923522
0.01297659
0.006825848
0.01286659
-0.008877465
0.0275342
0.0413078
0.02001077
-0.03816917
-0.01035853
-0.006264825
-0.06263378
-0.02562455
0.03410333
-0.04772201
-0.07095312
-0.03179049
-0.0314808
-0.07064135
-0.07751166
-0.01195876
-0.00719916
-0.08303207
-0.02813002
-0.1302126
-0.1016199
-0.09217054
-0.1118757
-0.1384587
9.686039e-05
-0.003269163
0.001478681
-0.0005467663
-0.0006372231
-0.001234728
-0.0003470654
0.0016667
0.0009397257
0.02195706
-0.0431582
0.0004472969
-0.006602568
0.0470803
0.009013735
-0.008774237
0.1477759
-0.1234603
-0.01774508
-0.01357005
-0.04538012
-0.04813096
0.0226054
-0.0718494
-0.01025169
0.03104306
-0.04763616
0.04337994
-0.009928123
-0.03866757
0.05066893
-0.1979887
0.06629162
0.08913613
-0.1138949
-0.01202759
-0.0007983439
0.02165245
0.06908273
-0.002554879
0.006802311
0.03349037
-0.04461559
-0.0128754
0.002706855
0.01604375
0.06217231
-0.01302818
-0.05211008
0.1146183
0.02779537
-0.03935105
0.1010265
-0.041526
-0.05794595
-0.00715996
0.04943478
-0.03596132
-0.03145568
0.02755421
0.01572186
0.002523516
0.03153554
0.002381133
0.01164986
-0.03939513
-0.004096565
-0.02022317
-0.06292324
-0.007694072
0.00052102
-0.05737641
0.02580919
0.03111582
-0.009050613
0.02259014
-0.03762992
-0.02416548
0.02227141
-0.00225256
0.07673672
-0.04767284
-0.009867193
0.08170166
-0.0144893
-0.01120596
0.07322593
0.02947476
0.06550899
0.1018034
0.02035918
-0.06327027
-0.009426324
0.002527888
-0.05974593
-0.02068546
-0.01259352
-0.04028815
-0.02228114
0.001310684
0.003517668
0.003798117
-6.367964e-05
0.002968574
0.0002578723
-0.001012599
-0.001657734
-0.004130926
-0.02213823
0.1334355
-0.008587819
0.0006996628
0.2190498
-0.1400803
0.04147398
0.1041247
-0.01278887
0.04105615
-0.0004993951
0.01854954
0.02272304
-0.01054478
-0.005778915
-0.009983619
-0.05263014
-0.02193088
-0.01436095
-0.08786856
-0.048519
-0.03546964
-0.1687058
-0.07700757
-0.02182234
-0.1603867
-0.09611013
0.1141129
0.06713846
0.0826735
0.005232012
-0.06709293
0.09266021
-0.01207843
-0.02795685
0.04629763
-0.00087594
0.003803552
0.002436443
-0.002888252
-0.004428813
0.002012658
0.0009362861
0.004091105
-0.001434746
0.03898579
-0.05087529
0.02921747
0.01650935
-0.05892576
-0.06221207
-0.02316374
-0.08982746
-0.02489176
0.03870933
0.03182074
0.0787046
0.009766583
0.02495681
0.07043207
0.02321827
0.01241546
0.05706427
0.06310044
-0.05393598
0.05026971
-0.04936822
-0.04644399
-0.02601359
-0.05424058
-0.1030162
-0.01202023
0.04705204
0.03307679
0.005620924
0.07002863
0.06374881
0.05984548
0.02771617
0.03491125
0.03719767
-0.06660781
-0.01064695
-0.03063128
0.004692675
0.0220478
-0.03240553
0.03139077
0.00366919
0.001153905
-0.02486996
0.03791528
0.01709946
0.02024502
0.03770562
-0.01592332
0.02938294
-0.02841909
-0.0898623
-0.02910163
0.06422332
0.110363
-0.007499843
0.07271476
0.09850558
-0.02906165
0.1209817
0.1120236
-0.007536234
0.1040451
0.1225355
0.1133706
0.14127
0.09724019
0.1444055
0.1173917
0.03188156
-0.04948274
0.0103112
0.04884576
-0.06016779
0.04568132
0.06379848
-0.04689589
0.010671
0.01228344
-0.0145016
-0.008038536
0.008905905
-0.03901134
0.008100023
0.04408861
-0.06087685
0.001778231
0.03013682
-0.001690224
-0.003323583
0.001460097
-0.002070637
-0.000789898
-0.0001371382
0.0004379219
0.002359489
-0.002481838
-0.0886973
-0.06097667
-0.04553476
-0.04122539
-0.08908628
-0.02832547
-0.03317007
-0.1170232
-0.06874079
-0.007832844
0.004321457
-0.013418
0.008742653
0.03815159
0.06393382
0.02938888
0.05409776
0.06048698
0.006895139
0.02982371
0.08620999
-0.04295275
0.10667
0.1688527
-0.1070329
0.05951443
0.2087026
-0.05364002
0.01103663
0.04957277
0.004497954
0.09933735
0.1190585
-0.01074176
0.1016565
0.1125266
-0.003176367
0.003407341
0.002596868
-0.004002378
-0.000478696
-0.001191527
0.0005336196
-0.0004522296
0.0007179691
-0.03175139
-0.00750732
-0.008738372
0.01216663
0.03778975
0.004446854
-0.006809055
-0.009838163
-0.03362567
0.006732686
0.02107857
0.02081424
-0.0006270354
0.008410554
0.01045014
-0.0008227172
-0.000871603
0.00113199
-0.0490889
-0.07459117
-0.04723745
0.03707008
0.07212427
0.05895465
-0.01210684
0.01155594
-0.01273133
0.04317358
0.04787987
0.0451295
-0.038288
-0.03703292
-0.03056401
0.02097373
0.01915064
0.01598556
-0.02084914
-0.0122518
-0.01661141
0.004019096
-0.001676099
-0.009396832
0.01620866
-0.002505535
-0.04095007
-0.008535817
-0.002495655
0.0203689
0.004663514
0.0179606
0.02139658
0.0009256788
0.01599688
0.01010436
-0.003240021
-0.01746218
-0.01618251
0.01753982
0.01081665
-0.003894903
0.007896999
0.006319453
0.0070049
0.03117114
-0.0007791065
-0.0101754
0.002621631
-0.02153881
-0.01297073
-0.00287647
-0.003075317
0.008088669
-0.004816586
-0.006227139
-0.000720269
-0.008356573
0.01193026
0.000560727
0.01031692
0.01304968
0.01584792
0.006626219
-0.006375141
-0.008435634
-0.004401882
-0.005822066
-0.01463557
-0.001144578
-0.0008484807
-0.004713031
-0.002823356
0.0002722872
0.0003082672
-0.005221607
0.002666889
0.001473325
-0.002610497
0.001239612
-0.001150507
0.03165441
0.04763917
0.002578821
0.01145482
0.01682904
-0.01033437
0.01073549
-0.007628692
0.004544243
-0.008432415
-0.01474314
-0.01539799
-0.0006318769
-0.005140602
-0.003265743
0.01159929
-0.002254335
-3.184399e-05
0.0007932479
0.00724429
0.007487137
0.02179137
0.03715448
0.04128061
-0.009390541
0.008302069
0.01535347
-0.02359487
-0.01227285
0.00756394
-0.01575754
-0.003094713
0.002926893
0.01226595
0.009891683
-0.002005796
0.0019524
0.001649201
0.0002015544
0.0003438924
-0.002221631
0.0001312347
-0.005744481
-0.0008225309
0.002727574
-0.1822417
-0.07703885
-0.09964224
0.007613644
0.1623434
0.09627135
0.06969003
-0.01211273
0.1317484
-0.003582753
0.1673956
0.1419973
0.09019432
0.001014645
0.0249467
0.01841719
-0.123226
-0.07191988
0.09198446
-0.3321455
-0.1631291
-0.104367
0.2695509
0.1575403
-0.008521962
-0.01976546
0.01251084
-0.1718609
-0.05988799
-0.1108089
-0.07100908
-0.04313999
-0.06650856
-0.1865207
-0.1486101
-0.1591033
-0.1624776
-0.256854
-0.218452
0.03637324
0.1009452
0.03687063
0.1206986
0.05842542
0.05344127
-0.05318031
0.01601754
0.1085826
-0.01409002
0.07647725
0.07739881
0.03722698
0.07714842
0.07387207
0.0006081497
0.03338614
-0.005742268
-0.03445144
0.02518532
-0.08148538
-0.09619756
-0.06600375
-0.1256293
0.06697144
0.0551367
0.01912515
0.04547134
0.02505444
0.03826919
0.1171442
0.1519587
0.06060266
0.06788077
0.05302417
-0.08366728
-0.02382964
0.1254919
0.1082694
-0.04413036
0.01600059
0.003330932
0.02426331
0.03160047
-0.004033457
-0.007447805
0.01885473
-0.01295811
0.0437887
-0.01932101
-0.03374707
-0.0007260787
-0.001440704
-0.000197691
0.0008768842
-0.001592197
0.0005964611
0.0004071223
0.002942088
-5.528987e-05
0.0652612
0.3576966
0.06308301
-0.001735165
-0.2039641
-0.104388
-0.08100177
0.01085692
0.02909077
0.09379401
0.1518709
0.06115298
0.1256141
0.1396463
0.1341549
0.0659688
0.03225153
0.04931571
0.06942887
-0.04258726
-0.07516823
-0.01614974
-0.07204918
-0.04407217
-0.07381916
-0.0817795
0.02164823
0.2250479
0.1539609
0.08006553
0.04836665
0.1264913
-0.02426008
-0.08233006
-0.06167441
-0.09397217
0.001496152
-0.002252591
0.0007772557
0.001783359
-0.003932413
0.0001536428
-0.00161897
-6.98151e-06
0.001325538
-0.01447933
0.102524
0.01992165
0.01110701
-0.009892942
0.008402946
-0.04794514
-0.07782271
-0.03515474
0.01290971
-0.03345342
-0.02051095
0.06496499
-0.02823438
-0.08750933
0.06343181
0.01922176
-0.01190659
0.1455424
0.05824502
0.02101243
-0.07370233
0.1460221
0.1192566
0.001935798
-0.1769668
-0.1103309
0.02711442
0.037503
0.04389583
0.06896499
0.04922104
0.006100233
0.05815533
0.03519901
-0.005255832
-0.0862734
-0.05826349
-0.0568924
0.04660973
0.05324677
0.069638
-0.001071825
-0.01916513
0.0614102
0.07385663
0.07714261
0.05164554
0.1012163
0.0220805
0.009538321
0.03427724
0.001295469
-0.009213674
0.004496132
0.05630413
0.0475337
-0.0130056
-0.0217273
0.06547435
0.04868721
-0.06018189
-0.01217515
0.05617011
0.03963117
0.005241535
0.02023648
0.05049945
-0.005352842
-0.003725228
0.04638394
-0.001846531
-0.03481209
-0.06274516
-0.05457539
0.01712352
-0.001447028
0.01428876
0.05739162
-0.01405734
0.06332744
0.002957533
0.005164593
-0.01936417
0.01103759
-0.0008769013
0.003261474
0.01680397
0.01679456
0.01673263
-0.0003288915
0.003670431
-0.001275302
0.0001680234
-9.399117e-05
0.004146252
0.000204892
-0.003260171
0.00272633
-0.002359932
-0.08196459
-0.03653803
0.07117207
-0.09848014
-0.07543392
0.0161089
0.04576832
0.01964722
-0.01908595
-0.05993085
-0.010507
-0.06081111
-0.07516193
-0.002024871
-0.02690834
0.01248986
0.03343417
-0.02621568
-0.01124519
-0.08564597
-0.1450344
-0.08654381
-0.04163359
-0.09028988
-0.1383236
-0.02785622
0.03736364
-0.02415486
-0.08778369
0.1144004
0.226501
0.1138222
0.09819476
0.1205847
0.1152984
0.0007221475
-0.0009903394
0.001463892
-0.001639874
-0.0005814226
0.001665021
0.001852426
0.001255516
-0.001943075
-0.00544583
0.02669007
0.002546774
0.01389827
0.01733746
-0.01600934
0.009309294
0.01053111
-0.0213411
0.01669535
-0.009312031
0.00200388
0.0267027
0.01838025
-0.002263096
0.05648972
0.01436246
0.003564209
-0.03219578
0.02499729
0.04904939
-0.06903192
-0.1027211
-0.0177369
-0.01475595
-0.0656122
-0.1008294
-0.03062374
-0.03304855
-0.02636207
-0.08948285
-0.09528318
-0.105886
-0.04771218
-0.04481527
-0.04134089
0.006602013
-0.009163829
-0.0204785
0.01130972
-0.0004712853
0.007966828
0.004321402
-0.009138905
-0.0250809
-0.05152453
-0.05287694
-0.02164017
0.002322244
-0.008671166
-0.05605462
0.03375361
-0.07102234
-0.1361001
9.453695e-05
-0.07454716
-0.03089713
0.006708415
-0.05718848
-0.02968264
-0.01979972
-0.05520585
-0.04117626
-0.05910841
-0.01215802
0.06767833
0.0005273085
0.05150853
0.1307759
-0.02413946
-0.01405769
0.02635881
-0.07803352
-0.07334933
-0.04182841
-0.03869038
-0.01108419
0.01859127
-0.01962407
0.028577
-0.02266748
0.0222668
0.009857911
0.003042475
-0.002320244
-0.01670699
-0.02196564
-0.02645053
-0.02482228
-0.01059854
2.747422e-05
0.001944627
0.001647735
0.0001091291
0.002658485
-0.003127431
-0.000295391
0.004425802
0.001729209
-0.02010302
0.01092139
0.03558122
0.02522076
0.05105679
0.05794326
0.03928921
0.007258249
0.0257585
0.01668535
-0.01957498
-0.01551928
0.1086472
0.03536563
0.02223634
0.02065093
-0.03033367
-0.04421351
0.0832784
-0.01126413
-0.0526128
-0.01087493
-0.100226
-0.04466667
-0.07447577
-0.06864422
-0.07444186
0.06313311
0.03969072
0.007248588
-0.0783197
-0.09982504
-0.07348388
-0.1067674
-0.08208039
-0.02655458
4.702085e-05
-0.0003015916
-0.002126117
-0.00459073
0.001121765
-0.0046164
5.177887e-05
-0.0004953879
0.0006886111
-0.02636983
-0.06427398
-0.1006017
-0.03776578
-0.003489113
-0.08725497
0.04927402
-0.1497744
0.04963003
-0.05781754
-0.03597228
-0.03897225
0.06395075
-0.07196739
0.001059443
0.02354126
0.04053738
-0.0241032
0.0302569
-0.2475546
0.01775131
-0.3290601
0.407049
-0.2123625
0.08895244
-0.2254774
0.136315
-0.06657118
-0.05989657
-0.07417435
0.020044
0.02470068
0.05814091
-0.05269031
-0.03751005
-0.0847163
-0.04200712
-0.0638055
-0.02922439
0.04184704
-0.05074269
-0.04309014
-0.01626951
-0.1807389
-0.05801723
-0.003902248
-0.09201316
-0.1178463
0.004525066
-0.06282432
-0.03699369
-0.0259748
-0.06751814
0.015353
0.0279895
0.04578776
0.06035781
-0.05210887
-0.0453293
0.00250991
-0.04002215
-0.08698969
0.03137422
0.001483338
0.009481546
-0.01706946
-0.03583194
0.008508024
0.003187783
-0.07789841
0.03828986
-0.04572257
0.04610307
0.06607207
0.02376972
-0.04529054
0.1640284
0.01395366
0.1574301
-0.06491762
-0.009177833
-0.06681028
-0.02325427
-0.0740105
-0.08377618
-0.05001161
-0.02752968
-0.04122629
-0.02916744
0.002028367
0.0002382368
-0.001387968
-0.001468704
-0.001813392
0.0008134845
-0.001784003
0.002472911
-0.003705809
-0.000686425
-0.01276382
0.003558132
0.005976595
0.04388029
-0.1729852
0.1559777
-0.05916627
0.1679258
-0.01192661
0.05444167
0.0698442
0.04411224
-0.006119762
-0.05683487
0.04420212
0.008125029
-0.005317026
-0.01715147
-0.01450529
0.0550961
0.04875403
-0.1306364
0.06884921
0.06487978
-0.07320397
0.03504175
0.05524942
-0.06964722
-0.0693276
-0.04584977
-0.01813608
0.1503221
-0.1465816
0.1434175
0.06598209
0.06872673
0.002401396
-0.002398038
0.0008262359
0.001151488
-0.001947209
-0.001748774
-0.000506861
0.0004116602
0.002891568
0.06961636
0.02672506
-0.01131106
-0.06858817
-0.02530929
-0.108941
-0.02421254
0.07091627
0.005840257
-0.0003069889
-0.0008988756
-0.002364942
-0.0558189
-0.01296532
-0.008386085
-0.0364402
-0.07521994
0.00448284
0.0003268236
-0.1183686
0.1051074
0.08289304
-0.321016
-0.1696821
-0.04357938
0.1452426
0.01099843
-0.006803906
-0.02507717
-0.02133809
0.05537346
0.05717197
0.05933726
0.0691547
0.07788301
0.1046017
0.0274209
0.03282239
0.06634042
-0.08775236
-0.1278828
-0.05501339
0.01015453
-0.01196278
-0.02577643
0.120989
-0.01125108
0.0008345247
-0.004058208
0.01192347
0.03460813
0.03853104
0.03463341
0.03927856
0.009628336
-0.09037228
-0.03879032
0.05471279
-0.04594284
-0.05314013
0.01363045
0.006927122
-0.05677015
0.004818585
-0.02852222
0.01643096
0.003298416
-0.01403126
-0.004939091
0.03365855
0.02149895
-0.02213452
0.04491473
-0.03630157
0.02218538
0.01913269
-0.1093
-0.1219705
-0.1168744
-0.04630201
-0.0004274149
0.006637051
-0.02293416
0.001980495
0.01333585
0.05238222
0.0113722
-0.006325624
0.01856403
-0.00212664
0.001782084
0.002285813
0.000526464
-0.001191028
-0.0001611302
0.0003138735
-0.002720082
-0.004012904
0.0005039453
-0.00396414
-0.003744438
-0.1100281
-0.02183948
0.04045615
0.04746926
-0.07898162
-0.1528211
-0.01846597
-0.01642029
-0.03996368
-0.02157549
-0.03821403
-0.01112497
-0.02206299
-0.06373419
-0.04944089
-0.01645124
-0.01252677
-0.002501941
-0.01731668
0.04231821
-0.05499562
-0.1313066
-0.01616619
0.009284349
-0.04094864
0.009078477
0.05478176
0.0662047
0.04359732
-0.03636468
-0.006877739
0.007496785
-0.01579107
-0.1408185
0.001929457
-0.004028893
-0.003099616
-0.001687922
0.00463249
-0.001110066
-0.001974253
0.0007748983
-0.001430979
-0.0007447086
-0.03663995
-0.04774417
0.009065247
-0.03768796
-0.04042334
-0.03034053
-0.05167516
-0.02602979
-0.03361119
-0.03043731
0.007740139
-0.02050994
-0.02393729
-0.002067441
0.01387999
0.002255553
0.00429786
-0.136643
-0.0904902
-0.03443338
-0.01745056
-0.01078657
-0.02535587
-0.05033568
-0.009946821
0.08105616
0.01249763
-0.001029115
0.02437218
0.007552104
0.00270954
0.02034376
-0.01175387
-0.006310625
0.004663792
-0.02144053
-0.03380973
-0.04845369
-0.03467255
-0.05579642
-0.06229985
-0.02335928
-0.02004075
-0.006345258
0.01868637
-0.03090516
-0.04927751
-0.0170035
-0.09097052
-0.08937754
-0.007211563
-0.07239076
-0.07429839
-0.07906204
-0.06349263
-0.01370709
-0.01944702
-0.03532466
-0.01631351
0.003847994
-0.007637039
-0.05529827
0.02307476
-0.02507129
-0.07330403
-0.07307075
-0.09029011
-0.09155478
-0.1023898
-0.1107986
-0.090085
-0.0295016
-0.06188846
-0.03916403
-0.004695373
-0.06025049
-0.05781026
0.01453287
-0.001232897
0.008793892
0.01847734
-0.009272875
-0.01151236
0.01102255
-0.003331517
-0.01654918
-0.004466182
-0.01509109
-0.01913096
-0.001867268
-5.802478e-05
0.00175285
-0.0004659935
-0.003280699
0.0003001701
-0.00187015
-0.002523981
0.000533241
-0.005337803
0.005972392
0.007226712
-0.05092996
-0.01800417
0.0256586
-0.03352409
-0.03677605
-0.00679996
-0.00583071
-0.01140823
-0.02477757
0.03718208
0.001604703
-0.01456023
-0.01365342
-0.0301863
-0.02965042
-0.00370155
-0.06445757
-0.04938734
-0.03885623
-0.07424693
-0.0889072
-0.05184485
-0.07984566
-0.1162467
0.0145447
-0.03623403
-0.03141574
-0.022941
-0.07057273
-0.04792433
-0.03605403
-0.02815505
-0.04024645
0.001354596
0.001937049
-0.001166798
8.197868e-05
-0.0003796511
0.003375472
0.001668696
0.000550938
-0.0009257841
0.06532422
-0.09948938
0.005809706
0.003486936
0.001951654
-0.118996
-0.07298595
0.09119575
-0.2015872
-0.003292391
0.03638989
-0.02679966
-0.07874789
0.06637982
-0.05792407
-0.01165106
-0.02932331
-0.05582862
0.09758954
0.1521967
0.02278601
0.2107432
-0.3435135
0.1998152
0.07654806
0.00536876
0.02744347
-0.009729825
0.0009496891
0.02394876
0.03424055
-0.01958216
-0.01350753
-0.03122888
-0.02490726
-0.02699169
-0.009275042
0.02728739
0.07201868
-0.1720004
-0.04566241
-0.1007571
-0.02664349
0.05661189
-0.06867488
-0.004479625
0.002838553
0.03494196
-0.09652985
-0.005982306
-0.008642365
-0.01531743
-0.06273002
0.00771462
-0.01458121
-0.05486859
0.0241917
0.000559838
-0.02373371
-0.03899748
-0.05844115
0.02767722
-0.041134
0.01956512
-0.08122497
-0.02767432
0.09194608
-0.009131917
0.108861
-0.0277687
-0.0740936
0.0721599
0.06842246
-0.03284624
0.006660714
0.142894
0.004474536
0.08093074
0.05315814
0.1183046
-0.01255474
0.05682671
-0.0440403
0.03788918
-0.02345543
-0.03384743
-0.01450578
-0.05298431
-0.02720971
-0.00646094
0.0007781059
0.0004388313
-0.0008062851
-0.0007646894
0.00168961
0.001545504
-0.001487158
0.004610915
0.0003084136
-0.03557948
0.156048
-0.01219409
-0.06907424
0.2567973
-0.1207948
-0.0288516
-0.09310228
0.05071197
0.007351659
-0.02336964
-0.03197325
0.03208383
0.05255334
0.06138268
-0.03816226
-0.02049247
0.0431322
-0.0386724
-0.02771012
0.0370111
-0.02563651
-0.08711108
-0.03986552
0.008534955
-0.01843049
0.02070407
0.11725
0.07793838
0.1103293
-0.001127496
-0.1102856
-0.03068545
-0.05616312
0.05048833
-0.05067682
0.001355829
-0.0003940517
0.003444059
0.00289154
-0.001864595
0.002522864
0.0005367492
0.0006311783
0.001910596
0.06657591
-0.07932881
0.003179563
-0.05299994
-0.02109712
0.08180333
-0.08585283
0.03098839
0.11081
-0.04471783
0.008902814
0.04368479
-0.09448542
0.004852698
0.07663595
-0.08411328
-0.04101659
-0.005194804
0.2019413
0.0330626
-0.02155735
0.3762964
-0.06055592
-0.1412065
0.05589123
-0.0700231
-0.1111897
-0.01719522
-0.003179719
0.01182386
-0.01884434
0.04845781
0.06511445
-0.0163104
0.0257964
0.01427753
-0.0294973
-0.0940383
0.07191029
-0.1047367
-0.1123971
0.075706
-0.03393548
-0.01347307
0.1313148
-0.1208449
-0.05009031
0.05587499
-0.09591135
-0.009154855
0.05764751
-0.05901191
0.01887936
0.06366837
0.01975415
-0.09475066
-0.08108137
0.04042934
-0.02423607
-0.05971083
-0.0008927084
-0.02815203
0.0005824207
0.05609614
0.004471956
0.03510047
0.1599694
0.01360432
0.001387736
0.1980166
-0.02150918
-0.05132513
-0.06196865
-0.1361017
-0.0146056
-0.09186202
-0.1785214
-0.08732653
-0.0760022
-0.07054783
-0.04230769
0.05083094
-0.02561777
-0.00867695
0.01808603
0.01262971
0.01048004
0.002423441
0.012825
0.03497583
0.000969471
2.69278e-05
0.0005322722
0.002937409
-0.001910173
-0.0006011201
-0.0001006913
-0.002899284
-0.001878761
-0.1144924
0.07223126
0.1151254
-0.1820714
0.09697105
0.1264626
-0.01970028
0.08539417
-0.08288324
0.03505649
0.06143988
0.02207394
-0.007679267
0.02354382
0.00577471
-0.00469049
-0.03323097
-0.0185225
-0.04521575
-0.07789198
0.0336663
-0.03758555
-0.05337054
-0.01944282
-0.09869049
-0.03810645
0.01688723
0.0814439
0.04717988
0.05646765
0.1776085
-0.06112447
-0.0237607
0.09770429
0.03849061
-0.02734992
-0.0009016873
-0.0008672152
-0.0003330507
-0.001810328
0.001711913
0.001831723
-0.0007420158
0.003332169
-0.001095834
0.009159573
-0.002329082
0.04897345
0.003145384
0.1014217
0.04918326
0.06632581
0.08024982
-0.01482278
0.007731374
0.02726853
0.04717201
-0.02402991
0.04846596
0.02586944
0.04485969
-0.03533056
-0.0176772
0.003112484
-0.01068581
-0.06380773
-0.05041664
-0.001443012
0.06636532
-0.1308621
0.2835731
0.1997467
-0.00718894
0.04436241
0.009846487
-0.1847827
-0.133839
-0.174144
0.03548545
0.05709079
0.0519072
0.02069035
0.05722675
0.0783513
0.01021551
0.05829496
0.04178353
0.1212035
0.1671982
0.1105838
0.001203804
-0.08717029
-0.03396653
-0.02944507
0.06366572
0.05371933
0.1399979
0.08524498
-0.002405148
0.009729495
-0.01885994
0.05220253
-0.01189452
0.01201206
0.03384557
-0.1060545
-0.1183855
-0.05174197
-0.0125109
0.00166212
-0.01487521
0.02947782
0.005041546
-0.006661848
-0.03457791
-0.04314051
-0.002587892
-0.02438017
-0.01108746
0.008832534
-0.1049198
0.007532154
0.02877781
-0.1197464
-0.01174072
0.01606844
-0.004648951
-0.0005182325
0.01020917
-0.03889269
0.0127849
0.009102285
-0.01364244
-0.01697365
-0.01717368
0.000542737
-0.0001186411
-0.001265079
-0.003338764
0.0008807735
-0.002426973
-0.0001628255
-0.001088214
-0.0004249502
0.03411664
0.08507526
0.1424327
0.009650897
0.09196148
-0.05076639
-0.1019588
-0.2344089
-0.05048669
0.04709709
0.008189045
-0.04268708
0.02512182
0.04380686
-0.03482869
-0.02036762
0.01113774
0.04271856
-0.1254607
-0.04464339
0.01753466
-0.07388534
-0.1242318
0.03500471
-0.0792246
-0.02472555
0.02891896
0.1463357
0.04387679
0.04127236
0.2859319
0.3375646
0.2527253
0.08180457
0.2770903
0.130618
0.004595292
-0.0002149714
0.001851613
-0.0006962866
0.001380728
-0.003339025
0.0023571
-0.0006365364
-0.00284244
