2.973798e-01
4.020095e-01
2.166265e-01
3.175083e-01
2.276826e-01
3.307458e-01
3.100236e-01
4.134011e-01
3.591502e-01
3.504012e-01
3.108497e-01
3.201340e-01
2.921540e-01
2.426838e-01
2.999408e-01
3.046496e-01
2.319100e-01
2.824409e-01
3.565750e-01
2.448052e-01
2.188247e-01
2.745363e-01
4.203765e-01
3.747653e-01
2.803205e-01
3.396254e-01
3.998803e-01
2.614179e-01
2.995481e-01
3.120554e-01
3.582032e-01
3.366688e-01
2.936424e-01
3.676695e-01
3.344069e-01
3.130257e-01
3.151103e-01
3.252596e-01
3.579108e-01
2.657534e-01
3.038012e-01
3.733104e-01
3.134545e-01
3.562769e-01
3.869667e-01
2.463983e-01
2.710921e-01
3.835703e-01
3.039121e-01
2.752192e-01
3.292198e-01
3.995093e-01
3.116532e-01
3.083093e-01
3.143856e-01
3.343208e-01
3.518565e-01
2.592528e-01
3.397060e-01
2.775114e-01
4.080388e-01
3.354479e-01
3.838008e-01
4.238521e-01
