2.913395e-01
2.806615e-01
-1.661644e-06
2.411274e-01
1.816612e-01
2.612628e-01
2.697339e-01
3.752807e-01
3.009944e-01
3.370633e-01
3.005356e-01
3.088678e-01
3.483374e-01
3.275856e-01
-2.890982e-05
2.112391e-01
3.408322e-01
3.136060e-01
3.152406e-01
2.361842e-01
3.620046e-01
1.753387e-05
2.865112e-01
3.101884e-01
2.956199e-01
3.577799e-01
2.823863e-01
3.239399e-01
3.057185e-01
3.802331e-01
3.193318e-01
3.183406e-01
3.752756e-01
2.903713e-01
3.203435e-01
3.085615e-01
2.409191e-01
2.656097e-01
3.063414e-01
3.578939e-01
2.827642e-01
3.359185e-01
3.173538e-01
2.826186e-01
3.093630e-01
2.878391e-01
2.936065e-01
3.050832e-01
3.372384e-01
2.595137e-01
3.959400e-01
2.925891e-01
2.804244e-01
3.294206e-01
3.426471e-01
2.685702e-01
2.981240e-01
2.284018e-01
2.436412e-01
3.305661e-01
3.904722e-05
2.884196e-01
2.459537e-01
3.165077e-01
