-2.654503e+00
-3.505316e+00
1.542508e+00
-1.671007e+00
-5.714065e-01
4.987784e+00
-3.926455e+00
-3.431331e+00
-2.795577e+00
1.087672e+00
-3.079976e+00
-6.093579e-01
1.201587e+00
1.447519e+00
1.466588e+00
-2.626959e+00
-2.095119e+00
-1.543207e+00
-2.771420e+00
1.973770e+00
1.294475e+00
2.270749e+00
-3.897152e-01
-1.752378e+00
8.957560e-01
3.210614e-02
-3.070131e+00
-3.374970e+00
-8.889532e-01
2.303454e-01
-1.434958e+00
1.691371e+00
-5.045395e-01
-1.885908e-01
-2.085078e+00
1.163729e+00
-1.459742e+00
2.822294e+00
-1.359305e+00
2.788016e-01
2.085963e+00
-8.666407e-02
-5.713872e-01
3.163713e-01
-2.680175e-01
-3.729942e+00
-7.201698e-01
2.600186e-01
-2.298951e+00
-4.172621e+00
-6.320480e-03
-1.091340e-01
-6.177570e+00
3.200470e+00
2.064375e-01
-4.809078e+00
3.352394e+00
-1.532723e+00
1.009674e+00
3.061478e+00
-3.924040e+00
-5.656208e-01
1.750906e-01
2.500780e+00
