3.208288e+00
2.447437e+00
7.724409e+00
5.185531e+00
8.402338e+00
7.610029e+00
3.496318e+00
7.311076e+00
6.894695e-02
4.680381e-01
4.731586e+00
5.574628e+00
1.079123e+01
1.620899e+00
5.256791e+00
1.199710e+01
1.106895e-01
1.519131e+00
5.287487e+00
4.452581e+00
5.715464e+00
5.821025e-04
5.340144e+00
2.677949e+00
5.844126e+00
5.449106e+00
7.859629e+00
8.492510e+00
1.417576e+00
6.811228e+00
3.864873e+00
8.354347e-01
2.798590e+00
5.846933e+00
6.200895e+00
3.924909e+00
8.539529e+00
6.838070e+00
5.479181e+00
3.431620e+00
7.009681e+00
3.374643e+00
8.320301e+00
8.040855e+00
5.447147e+00
4.654539e+00
4.511759e+00
6.556871e-04
3.383494e+00
5.882933e+00
6.064240e+00
6.353755e+00
4.768188e+00
7.265420e+00
1.248325e+01
1.033304e+01
4.088972e-01
3.678247e+00
2.307014e+00
5.513876e+00
3.668742e+00
8.593374e+00
5.475316e+00
8.449118e+00
