16 16 3
0.003444327
0.008081471
0.01430715
0.0020198
-0.006333214
-0.0005035653
-0.008222133
-0.01954695
-0.007463593
-0.01695436
0.0455717
0.01140783
-0.03191292
0.06911454
-0.0722727
-0.008952036
0.04698795
-0.01883905
-0.02118165
0.02139368
0.0004808985
-0.01857506
0.01922609
-0.004975504
-0.01530437
0.02634084
-0.002424537
-0.007475002
-0.006666856
-0.009457813
0.00250878
-0.009214426
-0.006701622
-0.01386698
-0.01626696
-0.01571484
0.00470283
0.00243002
-0.000784879
0.01007621
0.0006272918
-0.002910755
0.01358064
0.009652598
0.007707734
-0.005062837
-0.003403479
-0.01655736
-0.008565487
-0.004910117
-0.01968161
-0.008803154
-0.01502731
-0.03173477
0.03404557
0.02129273
0.01305527
0.02341046
0.00115531
-0.004988399
0.001787356
-0.0205074
-0.02257876
-0.004034676
0.006422717
0.008908464
0.01092913
-0.01063027
0.004096092
-0.008432179
0.02372329
-0.0001265219
0.003110707
0.01438699
0.01237326
0.0002411015
0.001160733
0.0001541599
-0.0001565146
0.005214268
-0.006411606
-0.007987798
0.002425104
0.01156375
0.007034279
0.0107332
-0.01358546
-0.002847906
0.01080237
0.00827987
0.00668152
-0.01481348
0.04121106
-0.001117613
-0.03933041
0.05200372
-0.01076849
-0.04359584
0.05511544
-0.01523067
0.03033659
-0.003317228
-0.0460689
0.06358732
-0.03008025
-0.05993086
0.07887268
-0.03547369
-0.02497041
-0.06754444
-0.01657715
0.02007488
0.04409827
0.009935313
0.03647698
-0.05511207
0.1323054
-0.01000068
-0.009142551
-0.01289237
-0.00444376
0.001958797
-0.005137424
-0.007040521
-0.01129402
-0.01719375
0.0003834818
0.01483572
0.02274712
-0.003455387
0.01187177
0.0151535
-0.008112179
0.001188595
0.007594998
-0.003915711
-0.003148227
0.00606731
-0.0123229
-0.01582862
-0.001856962
-0.01296851
-0.01006602
-0.009179055
0.05014378
0.002218956
-0.003231857
0.004540274
0.007343811
0.02116748
-0.01243504
0.01396001
0.0500499
0.1045766
-0.08575995
0.0497942
-0.003937491
-0.07550548
0.002789575
0.04345815
-0.1505492
0.06721442
-0.05597906
0.004549293
-0.01313969
0.01420287
-0.01025901
-0.003186452
-0.01458405
-0.01229516
-0.02748505
-0.01449854
-0.01807429
-0.02547088
-0.003146086
-0.008406455
-0.01029885
-0.002030495
-0.004702008
-0.001576563
-0.08437788
-0.1590088
-0.07743261
-0.1539032
-0.2280472
-0.1399163
-0.08855508
-0.1611102
-0.07546796
0.007343401
-0.01104781
0.003167685
-0.004942738
0.01500642
0.03579189
0.03654796
0.0527798
0.0617592
0.03979285
-7.888722e-05
0.04127867
-0.00355859
-0.04696552
0.001594234
-0.01246443
-0.01740178
0.02146484
-0.01019221
-0.04369982
-0.03008694
0.03423559
0.01357845
0.01084872
0.01482971
-0.01553284
0.105683
-0.03956653
-0.13326
-0.08564752
-0.07295278
-0.158284
-0.08697817
-0.04340918
-0.1012167
-0.0224132
-0.01974879
-0.04624232
0.01526073
-0.06083712
-0.01695462
0.01678505
0.002532439
-0.0005869011
0.02018691
-0.009896415
0.03963721
0.01204887
0.009322713
0.04033316
0.03700634
-0.04286059
0.01333671
0.02550623
0.00454612
0.005330452
0.00809121
0.01697414
0.09792124
-0.06125547
0.03313788
0.07645997
0.0006339261
0.03964637
0.09388639
-0.08553685
-0.04040919
-0.1698994
0.1120475
0.003912237
0.1235512
-0.05700938
0.02091184
-0.007162635
0.0001440622
-0.05871138
-0.07666516
-0.05708241
0.00500265
-0.01451042
0.01050144
0.07015764
0.06312355
0.02749421
0.07551873
0.05959735
0.06199902
0.0473289
0.03684962
0.02986724
-0.03144667
0.02583952
0.05789611
-0.01662807
0.02990756
0.008793818
-0.03075575
-0.02950238
0.005834809
-0.01779954
-0.03965542
-0.01384339
-0.02710698
-0.04390014
-0.01818687
-0.001269761
-0.0135087
0.007851517
-0.0464474
0.0008238142
-0.0007224868
-0.04182118
0.05846541
-0.01354141
0.03129706
0.04286813
0.05637734
-0.04461322
-0.03845643
-0.005418506
-0.05146014
-0.01227511
-0.03254601
-0.04226027
-0.01770411
-0.0002547003
-0.01899464
-0.01513115
-0.005118878
-0.009449397
0.004225974
0.003118783
0.02108442
0.02833532
0.02655031
-0.00234976
0.01250772
0.03845686
0.01183155
0.0110089
0.02308015
-0.01288817
-0.00338663
0.006369289
0.02192304
0.01533027
-0.004341342
0.00340434
-0.01135701
-0.02643834
-0.00275001
-0.01661335
-0.03396022
0.005918111
0.0155369
0.02670961
0.02066593
0.02693384
0.02398199
0.01089772
0.02589597
0.02724315
-0.04662608
-0.02399719
-0.01202997
-0.01624095
-0.008945541
0.005908001
-0.006745209
0.003664163
-0.005412276
-0.003432774
0.001702573
0.002971054
0.005912068
0.01961499
0.01232022
-0.001840642
0.01604521
0.01188121
0.01602178
0.006842286
-0.01976252
0.02371671
0.006165015
-0.007348367
-0.02576982
-0.0216328
-0.01443132
-0.02652454
-0.08044113
-0.06218821
-0.05091612
-0.0840885
-0.05343958
-0.02328682
-0.05646419
-0.02568614
-0.01311387
0.001327468
0.05028654
-0.02928716
0.02982637
0.0354034
-0.03256329
0.03008522
0.02616246
-0.003437107
-0.008395144
-0.07935903
0.06096182
0.08653148
0.08116641
-0.05520601
-0.07555026
-0.0311622
9.90464e-05
-0.01444875
-0.02471537
0.02401374
0.007705247
-0.005156744
-0.02999567
-0.04670412
-0.05654543
-0.01135949
-0.01606977
-0.001213286
-0.01829449
-0.030136
-0.01457204
-0.02546751
-0.03008306
-0.007636184
-0.02272551
-0.02700945
-0.02992479
-0.001835026
-0.01043442
-0.007287535
-0.001987814
0.002284804
0.02373325
-0.006234812
0.01470142
0.004531403
0.01180037
0.02641162
0.01004918
0.007666825
0.009026791
-0.00987759
0.008311202
0.0307076
-0.001813938
0.01567309
0.008484758
0.005316717
-0.03347863
-0.001118881
-0.01716301
0.003997196
-0.05350756
0.0009690512
0.02411563
-0.04736654
-0.007272553
0.02161824
-0.02368986
-0.01670271
-0.01311298
-0.01181029
-0.0008117842
-0.01019835
-0.009743575
0.006621868
-0.004011068
0.002817022
0.01538729
-0.03115822
-0.00873172
0.008296423
-0.00505191
0.008077857
0.0139912
-0.0007486603
0.007325565
-0.0009933844
-0.004892065
-0.001562771
-0.01288374
-0.02259887
-0.02903031
-0.02378707
-0.02660753
-0.02939023
-0.01983507
-0.002883943
0.006956387
-0.001448289
-0.006695084
-0.006631731
-0.00587384
0.01160221
0.02047389
0.01817766
0.01572813
0.03031325
-0.01895531
0.01518387
0.004506223
-0.01938893
0.01171279
0.04382467
-0.02873202
-0.02478556
-0.004584756
-0.01714222
0.004101386
0.01507249
-6.678156e-05
0.002066717
0.01500368
-0.005540049
-0.02018028
-0.001769128
-0.002705214
0.01222336
-0.001348894
-0.002142888
0.0005774145
0.008850287
0.009442573
-0.01818758
0.03457126
-0.002569529
-0.02411213
0.03599419
0.001169246
-0.01693955
0.03850516
0.00626331
0.004943904
-0.01481238
-0.001675584
0.02376549
-0.02560856
0.02502049
0.02086096
-0.00532082
0.03926514
0.006735547
-0.004597109
0.01684792
-0.02714637
0.08141802
0.003029595
-0.01522594
-0.05653456
-0.009465651
-0.02489473
-0.02425894
-0.02958963
-0.06770893
-0.07032111
-0.07018661
-0.08126181
-0.082985
-0.07820849
-0.0163038
-0.00429318
0.001425717
-0.01277005
0.006269062
0.008552698
0.007412679
0.01173892
0.01437761
0.003926282
0.006184603
0.002808325
0.005819721
-0.001389255
0.00686868
0.01763901
0.02759775
0.009919163
0.0468951
-0.02776669
-0.01501822
0.08422441
0.03916254
0.02869703
0.08375668
0.05015638
0.04349858
-0.2131455
0.1995528
-0.3025661
-0.0145653
0.3933327
0.06404511
-0.1941468
0.1560602
-0.1812516
0.02745517
0.1671688
-0.004254733
0.1048654
0.1707939
0.018502
0.05339238
0.1286346
-0.02077114
0.01738947
-0.06048454
-0.05176094
0.01769077
-0.037231
-0.03183493
0.02970507
-0.04041324
-0.01959941
-0.03555379
-0.09283786
-0.06073736
-0.01148511
-0.09655624
-0.06017184
0.01586459
-0.07486809
-0.05978988
-0.05518779
-0.1012727
-0.07728473
-0.02638861
-0.01042679
0.007809747
0.03441669
0.04559802
0.02559988
-0.09888794
-0.1327579
0.02197935
-0.1595021
-0.2232802
-0.07705203
-0.1110774
-0.1934443
-0.09020602
0.01536666
0.02373998
-0.1314643
0.08806428
-0.01527139
-0.09351009
0.02116913
0.09903388
-0.07048789
-0.02726543
0.02715018
0.03626816
-0.02329895
0.03367316
0.08198733
-5.677816e-05
0.02996124
0.1006538
-0.04944035
-0.03832896
-0.005727794
-0.03724625
0.003859206
0.01184832
-0.04369698
-0.01293236
0.02836899
-0.03815384
-0.008940824
0.1615968
0.132182
0.1222655
0.3073522
0.1010888
0.08028059
0.2696077
-0.05996374
0.1040078
0.006349225
0.009754367
0.1312414
-0.01955511
0.04023
0.2012662
0.04252531
-0.0273128
0.02883727
-0.0811806
0.06720155
-0.1286277
0.1654819
0.02238409
-0.108313
0.02335946
0.08644826
0.07892887
0.0555295
0.02464525
-0.0008053649
0.01692368
0.0651525
0.05811174
0.07880341
0.01705785
-0.03300046
0.00107562
-0.05084271
-0.09436704
-0.04968759
-0.005437339
-0.06920684
-0.01955292
-0.0574432
-0.06085586
-0.002113672
-0.04792599
-0.05384117
0.02079963
-0.05702719
-0.0273512
-0.01874885
-0.06351871
-0.03323328
0.009288483
-0.06485581
-0.02937843
0.016363
-0.06071579
-0.02897198
0.02731461
-0.03752168
-0.002254554
-0.04738087
0.04831492
-0.009708809
0.05555675
-0.01050347
-0.01703199
0.008108811
-0.004995896
0.006844739
-0.06487668
-0.008639537
-0.02932959
-0.1024268
0.0006889473
-0.0592488
-0.1096731
-0.02960129
-0.03770069
-0.03311744
-0.01699007
-0.0222412
-0.02562506
-0.004372727
-0.009833767
-0.02322614
-0.00200371
0.006861977
0.01190589
-0.01978676
-0.007189559
0.02145368
-0.02498943
0.007379564
0.05013317
-0.001295904
-0.03588445
-0.01045674
0.004601298
-0.01930083
-0.003275877
0.03079198
0.0228938
0.01103898
-0.03672299
-0.005546042
0.02014187
-0.07668766
-0.04264041
0.005130698
-0.035727
-0.007757362
0.03096688
0.02318087
-0.02734877
-0.04205685
0.07687669
-0.03703125
0.03573367
0.0548864
0.01031996
0.07219688
-0.02303459
0.006355065
0.01988499
-0.05969686
-0.02356134
0.03744611
-0.07656661
-0.04836491
0.02354096
-0.06268854
0.03317019
-0.007232466
-0.01143484
0.01705187
0.001430141
-0.01910908
0.0115992
0.01541325
-0.03434366
-0.01461636
0.003108855
-0.01158882
-0.007845693
0.006377016
0.002211009
0.008682554
0.0136301
-0.00196983
0.08287332
-0.01164285
0.03363835
0.04807824
-0.03031847
0.05735898
0.02203725
0.009920349
-0.003098558
-0.1507563
0.03281008
0.002615575
-0.04327484
-0.02443071
0.01667652
0.00463397
0.00498459
0.05242356
0.04630868
0.05425087
0.04587755
0.04218283
0.05185623
0.01475537
0.02114927
0.03588784
-0.04535334
-0.0248827
0.01367549
-0.0638549
-0.0154115
0.03574232
-0.04298702
0.007403253
0.05034002
-0.01280655
0.003105898
0.008193028
-0.02777979
-0.04084489
-0.01306812
-0.01182882
-0.01698782
0.0130908
-0.02331411
0.0004992987
0.01154527
-0.01264582
0.01908575
0.01288339
-0.01962027
0.008798506
0.007628906
0.01632498
-0.05625248
0.04557895
0.04862412
-0.04356169
-0.001459928
0.05472035
0.003150256
-0.02077929
0.02868428
-0.01507212
-0.03004966
0.04741779
-0.01889256
-0.04232696
0.02618775
-0.00903073
-0.0488242
0.009139934
0.004659649
-0.001157706
-0.005820326
0.0004669213
0.00496075
-0.0066042
-0.01333649
0.004119313
-0.0114665
-0.0121367
-0.002157251
0.0008804137
0.008735312
0.01631236
-0.006963704
0.004685111
0.01160958
-0.01590849
-0.013774
-0.001564713
-0.0003635741
-0.01701793
0.002914156
0.0130289
0.01051258
0.0327967
-0.01846709
0.00917058
0.01101725
-0.02071797
0.02415311
0.01463353
-0.007422521
0.0172909
0.01227759
0.02377817
0.004955437
-0.04358293
0.009007053
-0.0198784
-0.01380804
-0.01069781
0.00129568
-0.03172141
0.01774904
0.01503825
0.01760254
0.02154496
0.0179331
0.01725695
0.008618058
0.009330901
0.004995502
-0.02202036
0.007225901
-0.0001911456
-0.002152503
-0.004425273
-0.007910581
0.01225767
0.02411695
-0.01125488
-0.0492064
0.03300957
0.007144358
-0.04794463
0.04557764
0.006312125
-0.04983042
0.03619394
0.005359136
0.0186673
-0.01951422
-0.0245522
0.05414455
-0.03710038
-0.01588281
0.08242022
-0.0247198
-0.00880182
-0.04823438
-0.005813132
0.02172923
0.01306528
0.006467954
-0.05260607
-0.05466899
0.05025575
-0.002020909
-0.03387912
-0.03921112
-0.0251129
-0.03212756
-0.03384618
-0.02520964
-0.02624562
-0.02115276
-0.00264502
0.002180028
0.009191431
-0.002662321
0.01564402
0.02416069
0.005088911
0.009734273
0.002154359
-0.02701428
0.01639189
0.02505613
0.009774799
0.004843567
0.00837162
-4.850498e-05
0.003464192
0.004995641
-0.005642575
0.01930892
-0.01871103
-0.02795076
-0.0206193
-0.03873499
-0.001917871
0.01556031
0.003392008
0.04826678
0.06895582
-0.05884552
0.09781642
-0.1113221
0.05105763
-0.07893679
0.04571239
-0.03398034
0.07982322
0.01456241
-0.01570686
-0.002198269
0.02283115
0.03127905
0.01294437
-0.04149468
-0.01605856
-0.007006077
-0.03138507
0.005635052
-0.001793883
0.01081891
0.03688002
0.03232671
0.03430616
0.06180359
0.05549312
0.0679208
0.01826748
0.0238649
-0.01248784
-0.04821633
-0.04194698
0.03072784
0.007446658
0.02461869
0.04013085
0.01861096
-0.007473989
-0.003121102
-0.01465077
-0.004286775
-0.04258931
-0.03686963
-0.007938283
0.06254898
0.03739277
0.02361093
0.04490083
0.0380123
0.04235054
-0.004206039
0.01396378
0.02511203
0.03813395
-0.02734451
-0.04839956
0.01710234
0.02392083
0.007485402
-0.02113227
-0.03290493
0.01127531
0.06982484
0.02653757
0.03105081
-0.01949969
-0.04453306
-0.02318191
-0.01538755
-0.02714828
-0.001290645
-0.01165724
0.01080556
-0.0546095
-0.006921665
-0.01541235
-0.02082365
-0.03667467
-0.0460626
-0.06870504
0.0366211
-0.04887579
-0.07478087
-0.006116564
-0.07943649
-0.07631794
0.003801343
-0.03564768
-0.03361205
0.03021681
-0.007386975
0.04917946
0.01838918
0.0695276
0.06816379
0.01930534
0.0438057
0.05650166
0.05568131
0.1449483
0.07374403
-0.01179355
-0.1937329
0.01279354
0.05677826
0.02728201
0.004418815
0.03242876
0.04061877
0.04585212
0.01663771
0.02142395
0.03034328
0.007344113
0.0117485
0.01198278
0.01594786
0.03566344
0.04354994
0.02598224
0.03207831
0.05959937
0.02527765
0.05542309
0.07025389
0.0302427
-0.008811779
-0.006619936
-0.0005419487
-0.01228197
-0.03881318
0.02005948
-0.015481
-0.01496668
-0.05058998
-0.05045263
-0.0009667707
-0.04702495
-0.03647603
0.02840008
-0.02197723
-0.01416579
0.04794289
-0.09268469
0.01143
0.03634766
-0.006609146
-0.08542972
0.05412718
0.08392426
-0.1149543
0.1238256
0.002217337
-0.03785609
-0.1078855
-0.09397919
-0.1390406
-0.1292955
-0.06423225
-0.1744474
-0.1016668
0.06304511
0.06256319
0.03476556
0.05431513
0.05178471
0.01726439
-0.006673587
-0.03834014
-0.0240974
0.03822048
-0.005800412
-0.05590421
-0.01297917
0.008279465
-0.0324064
-0.009728688
0.01404247
0.02541415
0.07711858
0.08116645
0.06733855
0.0948037
0.0924831
0.08861115
0.06136918
0.0738356
0.03402013
-0.04378089
-0.004133277
-0.02760906
0.05502716
0.1328259
0.123515
0.02415617
0.1206239
0.121745
0.08009851
0.01267362
0.02871179
0.03786594
0.07051031
0.03447952
0.08684863
-0.06083217
0.01650806
0.02505349
0.001297607
-0.0530751
0.01869516
-0.007465156
-0.04437489
0.0002173562
-0.0002602523
0.01609764
0.007767134
-0.02027903
0.01699831
-0.02297802
-0.02934708
0.03039484
0.0398744
0.02245755
0.02257467
-0.0348759
-0.05183104
-0.02441891
-0.05543208
-0.08816211
-0.06306928
-0.09346515
-0.1238379
-0.0975129
-0.02053934
0.06013051
0.01803559
-0.1008195
0.03978639
-0.0461231
-0.1138363
-0.03539773
-0.1671118
-0.1196279
0.02798259
0.07483394
0.0831519
-0.1759276
-0.08442231
0.04824857
0.1175622
0.06925145
0.0413743
0.02517674
0.01174829
0.0185599
0.02075139
0.01882071
0.07117417
0.084452
0.1047422
-0.04625791
0.00920306
0.05292985
0.00660595
0.05215931
0.1075693
-0.004509528
0.03639632
0.04400248
-0.07465865
-0.03886805
-0.01360984
-0.06699808
-0.04385292
-0.03559778
-0.03919587
-0.04405851
-0.02273316
0.01380015
0.01780144
0.007454206
0.06484694
0.05354539
0.0399854
0.06092077
0.04968382
0.03642033
0.01484862
-0.00619186
-0.06240852
0.02094105
0.02799279
0.03352933
0.002453834
-0.04649683
-0.05054833
0.04085434
0.08325528
0.07296014
0.06996605
0.09600169
0.1112073
0.05083212
0.05571495
0.09207238
-0.04360974
-0.04959305
-0.05085761
-0.04013039
-0.02235628
-0.02688111
-0.01660323
0.002517421
0.009503318
0.00678245
0.01856219
0.02966666
-0.01670633
0.001857501
0.008964544
-0.02780362
-0.01178098
0.007122518
0.03186573
0.03317384
0.02294754
0.0344249
0.02806629
0.02201874
0.002820056
-0.005963265
-0.02353847
0.04462759
0.01106807
-0.01066428
0.01068147
-0.02735667
-0.03087577
-0.03386119
-0.06186507
-0.06671086
0.02173178
0.05270594
0.006763502
-0.0009626569
0.01329807
-0.009609682
-0.01329511
0.01742246
0.01471616
-0.03423528
-0.03921431
-0.03874428
-0.05502215
-0.03250146
-0.02050539
-0.06109579
-0.03199538
-0.008359342
0.03899437
0.01389844
0.003243456
0.01452227
-0.01006858
0.002441061
-0.01700548
-0.0839012
-0.03676786
-0.0326911
-0.01495589
0.01147664
-0.03200039
-0.01349914
0.02394607
-0.03717864
-0.02462184
0.02797173
0.00518196
-0.03344224
-0.01019776
-0.02881478
-0.02083663
-0.01256289
-0.01615273
-0.004604589
0.02218805
-0.03754139
0.0542946
0.03561055
-0.04137895
-0.05383927
0.0250861
0.05260399
0.06447741
-0.03627416
0.05255671
0.05210117
0.04686243
0.08966731
0.07322071
0.07502114
0.09790064
0.09252391
0.1028636
0.02252173
0.002305125
0.005787763
-0.001035344
-0.01659448
-0.01425071
-0.001955394
-0.01948133
-0.01524672
0.02450015
0.03689273
0.03090145
0.008853179
0.02295556
0.01867042
-0.0008147316
0.008096611
0.02114309
-0.006968401
-0.04502665
-0.08318376
-0.03257062
-0.07371063
-0.103644
-0.05064559
-0.1004244
-0.08979642
-0.09483137
0.1023653
-0.09505719
0.02249733
0.1049435
0.1672526
0.01057484
-0.1209
-0.126178
-0.0314386
0.04675191
-0.04093073
0.02321462
-0.04074014
-0.04041568
0.0344303
0.02137747
-0.0458404
-0.0261027
-0.0523364
-0.08397905
-0.0629493
-0.1217264
-0.1325878
-0.0347377
-0.05095708
-0.07122051
0.01998036
0.006318568
0.01830686
-0.02585375
0.006454906
-0.05711821
0.02252493
0.001613727
-0.01344719
-0.0365352
-0.07310642
-0.1022677
-0.09712121
-0.1171754
-0.1443298
-0.01224489
-0.01865777
-0.07205734
-0.1201172
-0.1235947
-0.09065622
-0.1387558
-0.1562387
-0.1548017
-0.01026881
-8.249551e-05
-0.05053254
0.1402597
-0.1266901
0.1151569
0.05883636
-0.01609346
0.02478347
0.2255794
-0.2091614
0.2465681
-0.04554573
-0.09424911
-0.09429516
-0.08229908
-0.08800323
-0.09180916
-0.06667747
-0.1097909
-0.07226326
-0.01990165
0.1167459
-0.02379799
-0.1577919
0.105548
0.05630407
0.07267649
0.1832823
0.06562018
-0.01995464
-0.02215886
-0.04223422
-0.01844533
-0.04873632
-0.02161602
-0.06936619
-0.1411436
-0.08073406
-0.01545066
0.07952131
0.0276986
-0.1045387
0.086117
-0.09057231
-0.008128321
0.09252359
0.01012281
0.0287442
0.2038243
-0.006992104
0.1979236
-0.6896301
0.200186
0.08466553
0.02925879
0.01459011
-0.04664174
-0.02798963
-0.0101754
-0.04575941
-0.05786784
-0.06439994
-0.0442856
-0.06455585
-0.05405916
-0.02303175
-0.04701706
-0.05685889
-0.03474051
-0.04108019
-0.02539042
0.02123035
0.03190544
0.04932653
0.0564765
-0.04716357
0.1601693
-0.05486944
-0.0395968
-0.01951018
0.1294121
-0.07027648
0.160262
-0.04258149
-0.07191132
0.006153618
-0.06298611
-0.1235889
-0.07271932
0.03327448
-0.06079317
-0.02489285
-0.2960858
0.07488292
-0.06514802
0.1786756
-0.06116021
0.2751723
-0.03516186
0.06548035
-0.194465
0.08032159
0.08897636
-0.04903429
0.04742552
0.1083969
0.03789837
0.09311933
0.03911994
0.06428644
-0.006305055
0.01403616
-0.00739462
-0.04924651
-0.01174254
-0.006809785
-0.01875349
-0.01252401
-0.02101609
0.09339194
0.08528934
-0.01450027
0.1300135
0.1506753
0.03114888
0.08335976
0.09250105
0.04418265
-0.01926546
-0.02574186
-0.05407332
0.03770973
0.0395897
0.01165562
0.09719864
0.1202505
0.05445267
0.02369038
0.01955655
0.1193054
0.09037156
-0.0157745
0.06330976
0.1511459
0.03602986
0.05147007
-0.06121441
-0.05282843
-0.01833046
-0.01371328
0.02426233
-0.004285565
0.0022168
-0.06770328
0.047428
0.05845195
0.1224164
0.1302114
0.06793816
0.1318385
0.1809796
0.0307138
0.07155137
0.1568882
0.003211526
0.03416133
-0.01690824
-0.03335113
-0.02813191
-0.01229486
0.08226277
-0.03506225
-0.07409395
-0.0415114
-0.02628985
0.006467274
0.03074791
-0.004710384
0.02241183
0.02015188
-0.003613499
-0.009306408
-0.05234411
-0.03433072
-0.09849683
0.002213628
0.03380696
0.01875823
0.01897376
9.521234e-05
0.06061051
-0.0233976
0.1173506
0.105842
0.01806268
-0.2518081
-0.1979545
0.0475889
0.2265551
0.02697319
-0.02892578
-0.01203012
-0.02202459
-0.08585436
-0.08779385
-0.1023772
0.001289988
-0.0132209
-0.03507459
-0.004141032
-0.05207255
0.02159046
-0.05049919
-0.1591212
-0.08469974
0.05973596
-0.08350543
-0.008394644
-0.03646633
-0.03916803
-0.01534019
0.01427619
-0.004922764
0.01476865
0.007279824
-0.04278504
-0.01499894
0.08223089
0.07507136
0.07693493
0.1543369
0.1493797
0.1185303
0.127684
0.1316813
0.1013587
-0.01939959
0.04594097
0.06573749
-0.06847593
-0.03131029
-0.05453056
-0.01880298
-0.01392759
0.09622017
-0.04620708
-0.1186849
-0.02025072
-0.06397434
-0.1078086
-0.03844336
-0.0173373
-0.08159102
-0.007563532
0.00447726
0.01669875
0.04806441
0.01419491
-0.01298083
0.002686022
0.008546075
-0.00976987
-0.01711285
-0.0337316
-0.006046067
0.01571141
0.01368795
0.07012184
0.06939007
0.05003923
0.09659752
0.1014593
0.04713903
0.008735544
-0.009510199
-0.01708808
-0.05095067
-0.04699573
-0.08080834
-0.1135055
-0.08870487
0.00150673
0.03330124
0.04476469
0.1051251
0.1387184
0.1166286
0.08514438
0.1618335
0.1661843
0.0305014
-0.02289716
-0.05094952
-0.02141077
-0.0695511
-0.05515972
0.01893841
-0.02317873
-0.1119224
-0.01128856
0.0244066
0.03967701
0.08567525
0.1084604
0.07165596
0.09451152
0.1345781
0.1023078
0.0654107
-0.004375588
0.0254235
0.02752398
-0.02085974
0.03762408
0.08667227
0.04023658
0.09578323
0.01775814
0.06903381
0.1653414
0.0154001
0.02136854
0.1282234
0.02584092
-0.02270489
0.07714152
0.03234212
0.06120402
0.042209
-0.0289889
-0.01532098
-0.02208153
-0.04648533
-0.02398133
-0.05927928
-0.01228489
0.06994731
0.00457883
-0.06009494
0.0341698
-0.004237749
-0.01283963
-0.01028489
-0.04944519
0.05100783
0.04172011
0.03401336
0.06505325
0.05596909
0.03222556
0.05712614
0.05689467
0.04726944
0.09336148
0.1040821
0.06895041
0.1391179
0.1460165
0.08894678
0.1118807
0.1312872
0.09250913
0.07983834
0.08541603
0.04990105
0.0312047
0.04989548
0.01162795
0.02393065
0.075384
0.0586075
-0.0300971
-0.06198309
-0.0001288924
-0.005014731
-0.06944214
0.0008863966
0.06513364
0.002870362
0.0602696
-0.04606012
-0.01796252
-0.08184472
0.1146806
0.220449
0.07526305
-0.05371073
0.09955172
-0.2926173
0.1217536
0.01973451
0.0584262
0.05235074
0.07416299
0.0660449
-0.05593767
0.0315696
0.04406808
-0.01665263
0.01673982
-0.02492298
0.000117206
0.03170756
0.01078527
0.01742678
0.008692551
-0.01634128
0.04539426
0.1169695
0.03731795
0.006825173
0.04353734
-0.006511548
-0.04338309
0.03086307
-0.0225785
0.0002610773
-0.03179166
-0.03250847
-0.03003477
-0.0490271
-0.06652635
-0.03481114
-0.001330246
-0.02379153
0.05094775
-0.008772204
-0.04480416
-0.01020533
-0.07555087
-0.1301108
0.06264032
-0.02671713
-0.1053765
-0.03634667
-0.01492647
-0.009720472
-0.07999957
-0.04589368
-0.01017895
-0.0639441
0.02928259
-0.03195978
0.02112295
-0.009274972
0.001479126
-0.001017647
-0.04883047
-0.04829789
0.01266277
-0.03581272
-0.05851739
0.04197988
-0.00603077
0.0301802
0.01662481
-0.02908746
-0.0530695
-0.128664
-0.06894392
-0.007461481
-0.01845523
-0.02236653
-0.1117012
-0.01238782
0.01626292
-0.1106883
0.04680363
0.1101675
-0.02819892
0.1140447
-0.1443263
0.07285614
0.1743511
-0.2793894
0.2038898
0.02537736
0.03454737
0.08835401
0.02068436
-0.1043867
0.04636609
-0.007128201
0.3431213
-0.1255612
-0.01353675
-0.2167985
0.1575119
0.07504615
0.06129181
0.06040233
0.1476605
0.1348473
0.1428024
0.1293381
0.1057467
0.113195
0.04949206
0.01268404
0.0223903
0.009093734
-0.03340505
-0.03280963
-0.003436437
-0.05580753
-0.02608829
0.09359074
0.02095671
-0.09062051
0.07078035
0.02122824
-0.07576977
0.04339001
0.03505394
-0.08264041
0.002465532
-0.01168428
-0.003090578
-0.01419095
-0.02169888
-0.004295694
-0.02969295
-0.011488
-0.004192197
-0.08878111
-0.009461225
0.04050104
-0.0142326
-0.03400575
0.1170506
-0.001849004
-0.08279262
-0.03194217
0.007495997
0.085336
0.04577652
0.03755452
0.1102378
0.0698282
0.0717522
0.07710873
0.03365666
-0.0444336
-0.05503942
-0.05280744
-0.0461893
-0.04438104
-0.04521656
-0.02682284
-0.02051592
-0.03162433
0.0364882
0.01479648
-0.01701473
0.03431927
0.03356617
-0.004423158
0.003162713
-0.007973304
-0.00772347
-0.03215197
-0.002543178
0.0253032
-0.03303882
-0.01273031
0.001308105
-0.05285544
-0.02824956
-0.0111756
0.06165065
0.03676617
-0.03752912
0.04774076
0.03581752
-0.01437141
0.06282432
0.04427267
0.01063005
0.02129092
0.0829914
0.04509386
0.01256975
0.04425612
0.04200783
0.01706994
0.05628267
0.03478946
0.03151437
0.04055147
0.02431428
0.02758261
0.03276718
0.02547974
0.01631326
-0.00909489
0.004113126
-0.02319657
0.008976163
-0.0002650335
-0.02338795
-0.03842748
-0.01495595
-0.01297115
-0.02503642
0.006050031
0.06993786
-0.0620727
-0.07628738
0.05771572
-0.03505177
-0.05522271
0.01000695
-0.05729875
-0.05983907
-0.04464215
0.04690469
0.05354663
-0.08539448
0.06427626
0.1289888
-0.02043126
0.06596324
0.1012996
-0.09663115
-0.007442583
0.06097684
0.08325247
-0.03330624
-0.02536465
0.01913447
0.04595394
-0.08065006
0.03626588
0.04208886
0.03530592
0.02558978
0.02112187
0.01370919
0.03404669
0.04410101
0.04629336
-0.01667561
-0.03489221
-0.02827121
-0.04740107
-0.06206919
-0.04725002
-0.01282552
-0.04451018
-0.02753766
-0.03539299
-0.08195826
-0.05563115
-0.02572849
-0.07855599
-0.04428162
0.006962033
-0.03913271
-0.03190161
0.04194665
0.02514388
0.0228431
-0.04388807
-0.05966326
-0.0312857
-0.06625382
-0.07677913
-0.02067216
0.08849684
0.03447263
0.03016122
-0.02692256
0.05676813
-0.008462316
-0.006718779
-0.04751657
-0.02874846
-0.0396291
-0.006372382
0.05378032
-0.03186463
-0.008507711
0.0171807
-0.03550959
-0.02373566
-0.006645238
-0.001451286
0.0267073
0.009119814
0.0405847
0.05408892
0.02484725
0.05031651
0.04919319
0.01905268
0.02890963
0.0358906
0.05701535
-0.004543121
-0.03546603
-0.0187628
-0.002070954
-0.03924546
-0.03142808
0.006731681
0.01783038
0.004728157
0.004197752
0.01524278
0.02142577
-0.0003264054
0.02612304
0.0296031
0.0230489
0.003875802
-0.003666893
0.02000144
0.03349284
0.02993094
0.03035147
0.03192004
0.01536528
-0.02046745
-0.02680256
-0.01342596
-0.02170978
0.001172435
0.03294253
-0.02942461
0.05265037
0.0495037
0.0968141
0.07994885
0.08195896
0.006184523
-0.01652677
0.007499789
-0.04675345
-0.0690819
-0.03174254
0.01683383
0.03586287
0.0231369
0.03176887
0.03448
-0.01414255
-0.08369912
-0.04942137
-0.05375332
0.1012558
0.04827712
0.03010891
0.04915868
0.01447363
-0.02709766
-0.02479423
-0.05707886
-0.08387471
0.01199658
0.003788395
-0.0291919
0.001327206
0.04131932
-0.02877715
-0.00672722
0.07384711
-0.02710622
-0.04393427
0.04709461
0.02787228
0.03528482
0.06476142
-0.03326495
0.0208792
-0.1172567
0.03243021
-0.03715725
-0.03527224
-0.03149704
-0.1204233
-0.1123741
-0.1105759
-0.1354282
-0.1156618
-0.1055673
-0.003866718
-0.01866242
-0.02283895
-0.01764846
-0.04253132
-0.04948279
-0.0231986
-0.0550173
-0.04904725
-0.01521952
-0.02066368
-0.0272033
-0.0496891
-0.04899096
-0.02262728
-0.05012434
-0.03956834
-0.04696552
