-6.821232e-02
-2.333566e-02
-1.057656e-02
1.667350e-02
2.665904e-02
-1.702596e-02
6.874406e-03
-5.221001e-02
-1.316917e-02
-1.575178e-02
-2.070216e-02
-4.687048e-02
-2.451994e-02
4.983809e-02
-5.631701e-02
-3.459993e-02
1.496382e-02
-2.075047e-04
-7.200626e-03
-1.245015e-01
-3.141852e-02
-3.753627e-02
-7.614183e-02
1.876688e-03
-8.151520e-02
-3.970500e-02
-3.443959e-02
7.151832e-03
-4.521435e-02
-3.157921e-02
1.970533e-02
-3.377292e-02
-1.847250e-02
9.421629e-03
-6.245373e-02
-4.310473e-02
8.784671e-03
1.090063e-02
-4.397021e-02
-4.940824e-02
-8.137473e-02
-2.722855e-03
-3.077894e-02
-1.054950e-02
2.041223e-02
-1.768868e-01
-2.143358e-02
-6.044900e-02
-4.205664e-02
4.113027e-03
-2.716866e-02
8.182007e-03
1.292609e-02
-8.644580e-02
-3.843827e-02
-3.210759e-02
1.377284e-02
-3.599774e-02
2.457831e-02
-2.240772e-02
-1.393035e-01
-1.635756e-02
-5.602420e-02
-6.439193e-03
