4.792842e+00
4.672085e+00
4.818824e+00
3.884011e+00
2.949644e+00
3.511650e+00
4.201263e+00
2.096694e+00
6.886095e-04
3.602354e+00
5.598485e+00
3.396004e+00
4.578396e+00
3.766999e+00
4.055999e+00
1.420556e+00
3.083045e+00
3.408162e+00
1.289576e+00
5.358956e+00
3.889654e+00
4.131696e+00
6.063669e+00
9.441377e-01
2.404732e+00
3.289338e+00
3.307328e+00
2.741149e+00
3.644410e+00
6.280583e-04
4.383167e+00
2.417406e+00
2.778379e+00
3.554294e+00
5.244099e+00
3.334466e+00
3.393130e+00
3.498523e+00
3.780738e+00
3.782977e+00
6.540865e-04
1.888026e+00
3.457362e+00
2.835471e+00
1.855908e+00
3.048246e+00
1.621838e+00
4.819020e+00
4.146936e+00
3.450165e+00
3.768996e+00
3.678159e+00
3.078497e+00
5.041927e+00
1.893987e+00
3.909859e+00
3.173534e+00
4.020368e+00
2.617720e+00
3.393139e+00
4.197668e+00
3.285552e+00
3.076935e+00
7.795175e-04
