5.600851e+00
3.608086e+00
2.863959e+00
2.399926e+00
3.520728e+00
3.103054e+00
1.886999e+00
1.646581e+00
6.335565e-04
2.047258e+00
2.312736e+00
2.053649e+00
1.996585e+00
3.092657e+00
2.715332e+00
3.248734e+00
2.391953e+00
3.883879e+00
3.665894e+00
3.188544e+00
2.467507e+00
3.910421e+00
4.517033e+00
4.432738e-01
2.524556e+00
1.684620e+00
3.698941e+00
1.384938e+00
1.290277e+00
1.791529e+00
5.143862e+00
1.771517e+00
3.166729e+00
4.375268e+00
5.245971e-04
2.942514e+00
2.834149e+00
3.319560e+00
2.409113e+00
1.544043e+00
3.490785e+00
1.481164e+00
2.234872e+00
3.092309e+00
2.194221e+00
1.999226e+00
3.249417e+00
1.883468e+00
2.646093e+00
2.338974e+00
4.219233e+00
3.622905e+00
3.435963e+00
2.065933e+00
4.566750e+00
3.041622e+00
4.378098e+00
2.147185e+00
3.520154e+00
6.203602e-04
3.103438e+00
4.343362e+00
4.786016e+00
3.267429e+00
