3.196601e-01
3.453085e-01
3.486111e-01
7.405647e-05
3.219801e-01
3.117590e-01
2.701471e-01
3.111310e-01
2.263843e-01
3.588312e-01
2.913258e-01
3.136463e-01
2.785511e-01
2.595228e-01
3.516273e-01
3.031577e-01
1.933933e-01
2.975806e-01
2.466896e-01
2.542291e-01
2.720815e-01
2.925037e-01
2.727010e-01
3.067605e-01
2.776109e-01
3.053243e-01
3.023504e-01
3.233605e-01
3.549560e-01
3.037926e-01
3.234101e-01
3.365003e-01
2.618096e-01
3.130756e-01
2.663040e-01
2.470205e-01
2.950734e-01
2.909425e-01
2.724413e-01
2.952408e-01
2.641253e-01
2.821549e-01
2.832995e-01
2.853275e-01
2.650323e-01
3.919455e-01
2.251883e-01
3.561380e-01
2.948796e-01
3.036971e-01
3.073622e-01
3.987962e-01
2.555735e-01
3.653139e-01
3.512168e-01
3.770945e-01
3.333652e-01
2.959644e-01
6.342761e-05
2.937388e-01
3.061370e-01
3.044902e-01
3.316122e-01
2.483159e-01
