-2.546715e+00
-1.456797e-01
-2.706890e-01
3.250365e-01
-1.157828e-01
3.335169e-02
-7.775350e-01
-2.895427e-01
1.552545e-02
1.236966e-01
-5.870519e-01
-1.217782e+00
-2.249449e-01
-4.016116e-01
-2.817077e-01
5.848851e-01
-1.318762e-01
9.206611e-02
-1.735421e+00
2.490865e-01
-1.805151e-01
-7.112177e-03
2.758415e-01
4.663181e-02
5.114142e-01
-1.470773e-01
5.642722e-01
-9.215961e-02
1.405850e-01
4.555888e-01
-1.797326e+00
4.936000e-02
1.639057e-01
3.545739e-01
1.745704e-01
-1.289026e-01
-7.065984e-01
9.960487e-02
1.713827e-01
1.153097e+00
4.060514e-01
4.276887e-01
-7.568791e-01
1.430554e-01
-2.192442e-01
1.500048e-01
4.686176e-01
-1.479370e-02
-3.169761e-02
6.103460e-01
-9.506546e-02
-3.350595e-01
6.306610e-01
-1.330513e+00
6.050048e-01
-1.323996e-01
1.248879e-01
-5.754882e-01
-3.866165e-02
3.768575e-02
-2.436420e-01
-7.530857e-01
-5.890315e-01
1.070711e+00
