-1.353975e-01
-1.479125e-01
-2.308232e-01
-1.264865e-01
-2.162083e-01
-1.835708e-01
-2.017071e-01
-1.876317e-01
-6.594604e-02
-2.057959e-01
-4.764881e-02
-3.286417e-04
-6.825774e-02
-3.662120e-01
-2.303643e-01
-1.769118e-01
-1.290811e-01
-8.146759e-02
-1.647946e-01
-6.842485e-02
-2.486624e-01
-4.936024e-04
-2.549697e-01
-8.477340e-02
1.246317e-01
-4.430064e-01
1.055667e-02
-3.836414e-02
-6.952912e-02
-2.619725e-01
-5.960136e-02
-1.189412e-01
-1.907926e-01
-2.575333e-01
-1.735837e-01
-2.121010e-01
-2.142738e-01
-1.781094e-01
-2.433583e-01
-2.190238e-01
-2.315658e-01
-2.642940e-01
-3.253872e-01
-2.238181e-01
-2.202342e-01
-2.599351e-01
-2.288817e-01
-1.967556e-01
-4.045444e-01
-6.056216e-02
-3.226781e-01
-7.569977e-02
-4.178260e-04
-2.917914e-01
-1.011554e-01
3.758222e-02
-1.406038e-01
-2.107068e-01
-1.694814e-01
-2.130087e-01
-3.240866e-01
-1.863966e-01
-1.037699e-01
-1.307770e-01
