3.172869e-01
3.940024e-05
-1.608798e-01
2.140691e-01
2.490828e-01
2.448747e-01
3.411093e-01
2.920928e-01
2.194268e-01
2.299923e-01
2.525431e-01
2.924457e-01
3.474023e-01
2.711954e-01
1.523522e-01
3.015923e-01
3.123199e-01
3.185203e-01
2.909547e-01
2.191023e-01
3.117404e-01
3.222133e-01
3.140581e-01
2.868523e-01
3.996596e-01
3.010512e-01
2.363344e-01
2.481647e-01
3.281435e-01
2.793262e-01
2.517852e-01
7.315831e-05
6.230589e-05
3.469289e-01
3.080491e-01
2.041895e-01
2.728544e-01
2.853090e-01
2.794870e-01
2.763223e-01
3.093939e-01
3.246362e-01
2.939332e-01
2.620650e-01
2.759926e-01
2.800345e-01
2.675571e-01
9.856146e-02
2.842890e-01
2.331036e-01
2.650824e-01
2.342245e-01
2.808211e-01
2.432924e-01
2.968673e-01
2.650554e-01
2.708099e-01
2.453745e-01
-2.009003e-05
2.980300e-01
2.936496e-01
3.401946e-01
1.306121e-01
2.854827e-01
