3.393141e+00
1.624379e+00
9.348053e-01
3.064482e-01
1.869823e+00
3.055846e+00
7.171255e-04
1.654471e+00
4.919703e-01
3.102273e+00
2.229597e+00
2.704681e+00
2.060696e+00
1.672483e+00
1.527318e+00
3.346753e+00
1.335748e+00
6.204229e-04
6.526297e-01
3.011657e+00
3.043036e+00
2.095580e+00
2.250727e+00
9.948980e-01
2.410100e+00
2.613880e+00
2.479816e+00
1.801706e+00
1.533203e+00
6.937732e-04
2.365837e+00
2.132261e+00
5.311499e-01
1.274768e+00
1.990471e+00
2.836667e+00
2.743684e+00
1.225437e+00
5.169926e-04
3.059931e+00
1.144928e+00
3.029101e+00
1.256894e+00
1.668266e+00
3.208067e-01
1.448835e+00
1.532398e+00
1.549045e+00
2.965200e+00
2.970059e+00
1.510407e+00
1.464271e+00
8.550584e-01
2.872705e+00
2.387291e+00
1.178171e+00
9.637194e-01
2.048044e+00
2.776867e+00
2.174298e+00
2.874546e+00
2.169062e+00
1.912263e-01
2.263560e+00
