1.550637e-02
9.812528e-03
4.601941e-03
7.600987e-03
2.819589e-03
7.834911e-03
1.063791e-02
2.335505e-03
6.785128e-03
9.941639e-03
1.283301e-02
9.630968e-03
9.513464e-03
4.650536e-03
1.124640e-02
7.974613e-03
1.297695e-02
9.836320e-03
6.193840e-03
1.109444e-02
4.748792e-03
4.949662e-03
7.448248e-03
4.023890e-03
5.304384e-03
5.176222e-03
8.818652e-03
6.109801e-03
2.460834e-03
6.911753e-03
9.321113e-03
7.230979e-03
1.103597e-02
8.284786e-03
2.963570e-03
8.154918e-03
5.035536e-03
8.915727e-03
2.999980e-03
9.852528e-03
3.067492e-03
3.636924e-03
2.816005e-03
7.048537e-03
1.016857e-02
5.588855e-03
6.897971e-03
1.118767e-02
1.576006e-02
1.009966e-02
9.337058e-03
4.509316e-03
5.322988e-03
1.915760e-02
4.200474e-03
3.300653e-03
8.735529e-03
9.634975e-03
4.366922e-03
9.541575e-03
1.682640e-02
8.935216e-03
1.166807e-02
3.521207e-03
