-8.137833e-02
-1.945389e-02
5.743571e-03
-5.813844e-02
1.203533e-02
-5.112820e-02
2.417427e-02
-3.324923e-02
-4.375015e-02
-2.488680e-03
-1.862296e-02
1.239531e-03
-4.785667e-02
-2.609991e-02
-8.375888e-03
-2.793578e-02
-1.799725e-02
-7.967897e-02
-4.353897e-02
-1.936474e-02
-2.682662e-02
-4.327175e-02
4.019828e-02
-1.779489e-02
-3.960617e-02
-3.107310e-02
-5.796898e-02
-5.945784e-02
-4.101196e-03
-4.052541e-02
-1.251720e-02
-6.120761e-02
-1.245674e-02
1.607720e-02
-1.549212e-02
-5.490746e-02
5.148737e-02
-3.725040e-03
-3.065208e-03
-2.115141e-02
-6.309611e-02
-1.884648e-02
-5.968539e-02
-5.920716e-04
-2.644186e-02
-2.304048e-02
-1.441365e-02
-4.372751e-02
-1.556385e-02
-3.848151e-02
-3.385007e-02
3.827904e-04
8.255132e-03
-6.573118e-02
-1.827753e-02
-2.349850e-02
-1.644804e-02
-4.825020e-02
-2.232526e-02
1.166511e-02
-3.694029e-02
2.136935e-02
-1.103839e-02
1.358276e-02
