-1.932530e-01
-2.712599e-01
-4.722717e-01
-2.724647e-01
-1.771105e-01
-1.589876e-01
-2.973518e-01
-3.256405e-01
-3.006319e-01
-3.035708e-01
-2.887691e-01
-3.506815e-01
-2.454436e-01
-8.582007e-02
-3.428636e-01
-2.203892e-01
-2.842851e-01
-3.517046e-01
-3.110438e-01
-3.410155e-01
-3.479461e-01
-1.023259e-01
-4.148178e-01
-2.835919e-01
-3.088138e-01
-2.698371e-01
-3.194478e-01
-2.507026e-01
-9.381165e-02
-2.904144e-01
-4.030014e-01
-2.779941e-01
-2.492778e-01
-2.579347e-01
-5.739442e-02
-1.331853e-01
-4.163853e-01
-3.206965e-01
-2.578686e-01
-2.749007e-01
-1.735774e-01
-3.655709e-01
-3.045839e-01
-6.881604e-04
-3.563496e-01
-2.682199e-01
-2.113965e-01
-2.102802e-01
-2.764232e-01
-1.427314e-01
-3.499998e-01
-2.510463e-01
-2.788788e-01
-3.340056e-01
-1.686293e-01
-2.610804e-01
-2.573991e-01
-3.480396e-01
-1.961247e-01
-2.222051e-01
-2.536714e-01
-9.910144e-02
-1.094704e-04
-1.611221e-01
