-2.559657e-01
-7.402492e-02
-1.903054e-01
-1.033819e-01
-1.602728e-01
-1.460516e-01
-2.274095e-01
-2.367164e-01
-1.987967e-01
-2.418060e-01
7.696199e-02
-2.188387e-01
-1.924428e-01
-2.902495e-01
-1.677223e-01
-1.435557e-01
-2.479539e-01
-1.291851e-01
-3.044905e-01
-2.657084e-01
-2.523155e-01
-2.138505e-01
-2.834314e-01
-3.034050e-01
-3.820155e-01
-1.999144e-01
-3.531725e-01
-3.751854e-01
-3.786250e-01
-2.991802e-01
-2.396535e-01
-2.724492e-01
-2.039600e-01
-2.325885e-01
-4.782298e-01
-1.757020e-01
-3.076626e-01
-3.710292e-01
-2.563448e-01
-1.742072e-01
-3.651215e-03
-3.227860e-01
-1.281334e-01
-3.187958e-02
-2.190877e-01
-3.486013e-01
-2.313267e-01
-2.097401e-01
-2.561402e-01
-8.659206e-02
-7.675739e-02
-1.118963e-01
-2.014733e-01
-3.421839e-01
-4.798719e-02
-1.183994e-01
-7.959718e-02
-3.195876e-01
-1.285440e-01
5.497440e-03
-1.794214e-01
-2.171303e-01
-2.210233e-01
-2.403539e-01
