3.322141e+00
4.610866e+00
4.316249e+00
8.603068e+00
7.441606e+00
4.189079e+00
6.399316e+00
6.251588e+00
6.521698e+00
4.575070e+00
5.332183e+00
5.802128e+00
8.795522e+00
5.416855e+00
3.281726e+00
1.077573e-03
4.829362e+00
5.041774e+00
6.514330e+00
7.198938e+00
6.486165e+00
5.034897e+00
5.865939e+00
2.727442e+00
3.044039e+00
5.737551e+00
7.039339e+00
8.623462e+00
5.166764e+00
9.337910e+00
5.393664e+00
6.500666e+00
5.492586e+00
1.144612e+01
4.564899e+00
1.968970e+00
5.834712e+00
4.835375e+00
1.012710e+01
3.758809e+00
4.034815e+00
4.415755e+00
7.313130e+00
6.674826e+00
8.178536e+00
4.231740e+00
2.437495e+00
5.413395e+00
8.320712e+00
4.607628e+00
6.612458e+00
2.941848e+00
8.486035e+00
8.920051e+00
1.531986e+00
3.795183e+00
4.219141e+00
6.277335e+00
6.257347e+00
6.683350e+00
7.502185e+00
6.933238e+00
5.731903e+00
6.256263e+00
