3.624930e-01
2.859671e-01
3.327208e-01
2.523038e-01
3.363592e-01
2.732923e-01
2.399042e-01
2.046195e-01
4.627112e-05
2.845651e-01
2.701974e-01
2.796852e-01
2.581142e-01
2.772904e-01
2.277563e-01
2.770380e-01
2.389530e-01
3.336903e-01
3.408372e-01
2.844511e-01
2.691602e-01
3.001117e-01
3.097325e-01
1.196002e-01
2.303647e-01
2.568000e-01
2.904396e-01
1.849418e-01
2.579579e-01
2.495605e-01
3.358166e-01
2.239411e-01
3.001008e-01
3.383772e-01
6.949393e-05
2.773849e-01
3.109154e-01
2.975613e-01
2.519467e-01
2.665556e-01
2.787715e-01
2.135491e-01
2.535229e-01
2.967271e-01
2.802455e-01
2.403813e-01
2.632507e-01
2.407405e-01
2.848083e-01
2.550942e-01
3.069883e-01
2.968307e-01
2.516425e-01
-2.536534e-01
2.853620e-01
2.187635e-01
3.633563e-01
2.633114e-01
2.359885e-01
1.898507e-05
2.399986e-01
2.847616e-01
3.342107e-01
2.655087e-01
