-1.028011e+00
-5.235909e-01
1.197984e-02
-3.555235e+00
1.708889e-01
-5.131952e-01
-3.110786e-01
-3.651736e-01
-3.632939e-01
-3.758102e-01
-6.771739e-01
-1.376264e-01
-6.452351e-01
-9.598643e-02
-4.344889e-01
-2.877654e-01
-1.185901e+00
1.058001e-01
-2.604655e-01
-1.630683e+00
-5.485418e-01
-5.021679e-01
-1.411307e+00
-1.868638e-01
-3.887222e-01
9.882933e-01
7.327504e-03
-1.519859e+00
-2.826532e+00
-1.582194e-01
-8.541784e-01
2.551806e-01
-1.334759e+00
-5.717052e-01
-7.242245e-01
-3.664838e-01
-7.388937e-01
5.958149e-01
-9.419730e-01
-2.977156e-01
7.014902e-01
-7.691754e-01
-5.610793e-01
8.919694e-03
-2.154162e-01
-7.435284e-01
-1.221529e+00
-9.321947e-01
-3.153234e-01
-1.567039e+00
-1.816475e+00
-8.396621e-01
-8.356435e-01
-4.783652e-01
-1.737083e-01
-1.454109e-01
-1.585724e+00
-1.422555e-01
1.140381e-01
-8.530826e-02
-3.195180e-01
-3.111102e-01
-1.660943e-01
-6.297390e-02
