-9.137928e-02
3.241196e-02
1.236491e-01
9.087405e-03
4.253298e-02
1.449428e-02
9.601286e-02
9.970344e-02
1.652488e-01
-1.106321e-02
1.120574e-01
3.155127e-02
1.752960e-03
7.741376e-02
8.610146e-02
2.823146e-02
-1.969142e-01
-5.305810e-02
-4.640021e-03
-3.240231e-02
-1.546573e-01
-1.011903e-01
-2.579229e-01
-1.291916e-01
-2.271758e-01
-2.217315e-01
-3.686319e-01
-3.520107e-01
-2.282881e-01
1.447657e-01
-1.797429e-01
-1.706678e-01
-1.840326e-02
6.555907e-02
-3.672659e-01
-9.029929e-02
-2.045478e-01
-7.160718e-02
-2.531237e-01
-9.322624e-02
-1.104759e-01
-3.162789e-02
1.827684e-02
-4.728971e-02
-1.294788e-01
-1.473537e-01
-1.690714e-01
2.799148e-02
3.787615e-03
7.951118e-02
1.902222e-01
1.592766e-01
1.307171e-01
-7.613465e-02
1.596432e-01
2.221031e-01
1.542623e-02
-6.432310e-02
-7.955857e-03
1.769755e-01
1.693728e-01
1.574129e-01
3.003384e-02
5.209737e-02
