1.829909e+00
-1.353245e+00
-2.732195e-03
-1.306684e+00
-5.947558e-01
-6.355731e-01
-2.181300e-01
1.497099e-01
-1.410058e+00
-1.285202e+00
3.204616e-02
-2.147932e+00
-5.127504e-01
-2.427412e+00
7.073822e-03
7.641894e-02
-1.475685e+00
-1.463631e+00
-8.068719e-01
6.381737e-01
-1.318023e+00
-2.411876e-03
-2.468019e+00
1.171750e+00
-1.621490e+00
6.022546e-01
-6.934653e-01
-1.090343e+00
-1.961520e+00
-1.454945e+00
-1.866296e+00
-1.579833e+00
-1.909913e+00
-3.859599e-01
-3.308175e+00
-3.204939e+00
-2.001605e+00
-1.951958e+00
-1.092474e+00
-6.773761e-01
-2.074282e-01
-1.589140e+00
-1.913212e+00
-2.112411e-01
-3.963979e-01
-8.904812e-01
5.944497e-01
-1.239017e+00
-9.721733e-01
-8.422081e-01
-1.946670e+00
-1.401994e+00
-1.698818e+00
-1.261542e+00
-1.468149e-02
5.997893e-01
-2.134982e+00
-1.094025e+00
-9.377523e-01
-1.424013e+00
-1.857449e-02
-1.776522e+00
-6.870040e-01
-8.995374e-01
