16 16 3
0.07276922
0.004793928
-0.06209343
0.151167
0.004239341
-0.04747438
0.0122379
0.1007774
-0.05599494
0.07815459
0.1185391
0.1541752
-0.03859397
-0.07336516
-0.04274346
0.1227599
0.1339457
0.1389315
-0.0634394
0.01176623
0.02909592
0.09375531
0.003982077
0.04015903
-0.01197177
0.06547679
0.03751019
-0.03567021
-0.1262872
-0.311226
0.02869739
0.1657998
0.1589188
0.006041736
0.01210044
-0.04573505
0.06435435
0.02568883
-0.01603379
0.05660518
-0.03106774
-0.05598065
0.04166611
0.1839735
0.2141991
0.1384463
0.1648304
0.07329476
0.09168349
0.07532344
0.001209603
-0.004337584
0.006814985
0.005231647
-0.08183104
-0.07351094
0.09271032
0.005589283
0.05510749
0.08742277
0.01291817
0.05699176
0.004081366
0.009661322
0.07438933
0.0891356
-0.01788838
0.005106456
-0.03194346
-0.003697899
0.01483936
0.02316307
-0.002497975
-0.05220601
-0.142574
0.0914942
0.05443191
-0.01338901
-0.01459717
-0.05384783
-0.09851886
0.02058503
0.1098869
0.04746836
-0.06975934
-0.1607619
-0.1928865
0.06374238
0.01866115
0.02036459
0.1214395
0.06849094
0.06185206
0.07455514
0.06983092
0.04720226
-0.05193064
-0.05453333
-0.02795022
-0.01432675
0.01338725
0.02748737
4.889878e-05
-0.04559394
0.02310413
0.03965625
0.007418822
-0.06108591
-0.008573201
0.1316474
0.07159536
-0.162581
-0.1354707
0.01374127
0.05164855
0.0393642
-0.05644301
-0.01103863
0.03769226
0.0244637
-0.0404188
0.1850381
0.155462
-0.1510019
-0.1303473
-0.1599946
-0.04723563
-0.01931226
0.004457503
-0.1369591
-0.1486697
-0.09543435
-0.04068193
-0.0530158
-0.0535301
-0.08558837
-0.02095965
-0.05824722
-0.03433289
-0.1309471
-0.1360907
-0.005290657
-0.09317062
0.01136452
0.07312363
0.1247961
0.06074414
0.0530974
-0.02864448
-0.02700522
-0.02702376
0.01447519
0.07993731
-0.02881347
-0.001594081
0.02757723
0.09987225
0.05426728
-0.0971503
-0.003221869
-0.04100617
-0.07690711
-0.04481431
-0.004929571
0.03205408
0.05229154
0.01680307
-0.07224814
0.01140662
-0.04480398
-0.06214749
-0.03808657
-0.08062302
-0.009443313
-0.06064044
-0.07213856
0.1074177
0.06609081
0.1427744
0.100662
-0.04854533
-0.05435318
-0.04465012
-0.0436168
-0.03830273
-0.1113262
-0.03291609
-0.002504068
-0.02532388
-0.1134063
-0.07963374
0.006855973
-0.06176019
-0.01814536
0.01573966
-0.07493336
-0.09946309
-0.05495982
0.02119331
0.1049867
0.09242108
0.1363362
0.08511755
0.1212523
0.1304551
0.2001581
0.1626798
0.03211312
-0.06895731
-0.05144187
-0.03083286
-0.1384369
-0.0479022
-0.05761097
-0.1214569
1.689063e-06
-0.01477464
0.0576924
-0.01288235
-0.01839638
0.03101129
-0.02672692
-0.09613885
0.02617267
0.05458554
0.1318682
0.01287288
0.09383655
0.06938299
-0.08021804
-0.08500646
-0.08950838
-0.1397369
-0.03249035
0.05441686
-0.03899368
-0.005523568
-0.09090538
-0.04667535
-0.03665607
-0.04975656
-0.04961144
-0.02032
0.0003290593
-0.0283585
-0.01687793
-0.01108421
-0.03499373
-0.007832501
-0.01895066
-0.008063841
0.01997194
0.02054704
0.02261979
0.07380908
0.04630318
0.04247792
-0.03576667
-0.006754911
-0.0005247135
0.03062532
-0.1223393
-0.159741
0.1382434
-0.1795133
0.05221498
0.2767652
0.05283529
0.09249412
0.07940363
-0.02536593
-0.07058417
0.1005178
-0.05930061
-0.1185651
-0.01467376
0.06970913
-0.05675763
0.01075443
0.03959636
0.07106429
-0.01449054
0.07396135
0.01208373
-0.06278354
0.05472012
-0.02894203
-0.05200859
-0.03270509
-0.01885379
-0.0002814337
0.0002762584
-0.02047752
-0.01145894
0.01338774
-0.06326794
-0.0823131
0.04199829
-0.01994087
0.02163551
0.007559166
0.01217345
0.07628845
-0.00322821
0.01077497
0.006987388
0.05072716
0.04413176
0.013837
-0.01554396
0.05341957
0.03180882
-0.03016918
-0.04298255
0.0108828
-0.04022828
-0.009267986
-0.04162617
-0.01094133
0.003205403
-0.04489508
-0.01106112
0.03680777
0.02335547
0.07644369
0.1540858
0.1181409
0.01701615
0.09479423
0.1461579
-0.0264068
-0.0003859085
0.04160911
-0.09557806
-0.05661183
0.02503177
-0.05034103
-0.06936219
-0.0244526
-0.06814563
-0.0958626
-0.1018482
0.1163145
0.04400428
-0.002607528
0.09455278
0.007083956
-0.03091454
0.05718563
-0.01091962
0.06938199
-0.01993013
-0.02888595
-0.03011734
0.03762452
0.01032843
0.0296048
0.02865001
0.00289385
0.01847222
0.02195572
0.02151137
-0.02516566
0.01920372
-0.01532651
0.004042264
0.006876356
0.009403087
-0.02462801
0.01381325
-0.01531148
-0.0006033377
-0.01403164
0.001971776
0.01966217
-0.04856787
-0.01713102
-0.02475893
-0.05078169
-0.1016715
-0.03424964
-0.01416376
-0.08211688
-0.08363132
-0.01254212
-0.02318522
-0.04634229
-0.009582257
-0.008486839
-0.01488092
-0.007520284
-0.007002869
-0.003463233
0.006425486
-0.01209979
0.008918914
-0.06067067
-0.05702265
0.01945692
-0.009350047
-0.003089937
0.04511403
0.0431246
0.004569826
0.01430436
-0.04309269
-0.06969328
-0.04419543
-0.02740661
-0.05293409
-0.1136424
0.09109304
0.1235704
0.08703437
0.03649597
0.04482021
0.01454136
0.05544275
0.1131828
0.09207966
0.09343141
0.1464779
0.1299445
0.008321762
-0.03989345
-0.03380788
-0.04252239
-0.06066534
-0.09322179
-0.06475744
-0.06407302
-0.06883065
0.0581122
0.04572794
-0.01614861
-0.01093971
0.03842825
0.01501852
0.016885
-0.002908347
0.005563823
-0.0005361823
0.03015982
-0.006451251
-0.01701256
-0.005899548
0.0008647244
-0.02785365
-0.000941159
-0.03767565
0.007573422
0.01725679
0.01266523
0.01154675
-0.01120007
-0.01144827
0.01866784
0.01393444
-0.007132528
-0.0102943
-0.009932326
-0.03023433
0.01215146
0.009066798
0.01203582
0.005953632
-0.008683332
-0.03204251
-0.006033988
0.02857366
0.03508629
-0.008939403
9.564949e-05
-0.01129798
-0.006348753
0.006066205
-0.004230983
-0.002369103
0.01504269
-0.0004416222
-0.01773356
0.008427901
-0.001694435
0.009390538
0.01026578
0.006922691
-0.04575671
-0.0301458
-0.0169726
0.01706295
0.01762325
-0.01342981
0.01505865
0.01791768
0.009072373
0.02937303
0.0363738
0.04957019
-0.06857648
-0.08317122
-0.05550495
0.01777817
0.01314064
0.02613362
0.009266593
-0.007634087
0.006715919
-0.01288677
-0.002605629
-0.01116986
-0.00491453
-0.02480496
-0.01136101
0.02961562
0.02920568
0.04142662
-0.01158435
-0.008165249
0.004134809
0.007637338
-0.00131895
0.001524222
-0.00122882
0.01597014
0.01621729
-8.075367e-05
0.007648979
-0.002809633
0.03673495
0.03264261
0.04944858
-0.006226746
-0.004134643
-0.004947172
0.00565711
0.0033576
0.0018102
-0.0116869
-0.000440549
-0.004851158
0.02290972
0.04698514
-0.005055493
-0.01860855
-0.04724616
-0.04217049
0.01022566
0.04332152
0.01982513
0.02517051
0.02288482
-0.001708138
0.03530859
0.05192895
0.01861783
-0.04667315
-0.05367061
-0.05372126
0.01459751
-0.001450987
0.03745002
-0.05453799
-0.06375559
-0.02317391
-0.04453481
-0.04481954
-0.004129967
0.01049016
-0.0141923
0.002880787
0.02442852
-0.003017162
-0.01665226
-0.01904837
0.01082082
-0.02622022
-0.1023717
-0.1259082
-0.008268142
-0.08225944
-0.06577937
-0.02249538
0.0102318
-0.04521896
-0.1007815
-0.0207734
0.01749968
-0.07533416
-0.001124337
0.08311351
-0.11696
-0.01336302
0.1483287
-0.07989708
-0.06168735
0.006853152
-0.03268409
-0.03241204
0.02182308
-0.09602414
0.02010355
0.01561212
-0.07454146
0.04654427
-0.04022077
-0.008562521
0.01884184
-0.1262968
-0.01618389
0.04023865
-0.00403841
-0.02462726
0.03055051
-0.06109338
-0.05359408
0.05481393
-0.02272888
-0.07113349
0.05358671
0.026376
-0.04167666
0.02415406
0.0116791
0.01749629
0.01839829
0.02470444
0.02784977
-0.04386995
-0.05180555
-0.04968761
0.03494253
-0.01033603
-0.1725844
0.1228256
-0.01288141
-0.0878249
0.01188126
0.006205858
0.01333784
0.04487175
0.0450049
0.03087799
0.006674271
0.0105274
-0.01973657
-0.01499619
-0.008908866
0.004638198
-0.02724054
-0.009104768
-0.003845075
0.01189961
0.02140784
0.01516019
0.001313998
0.07874016
0.05373055
0.1006799
-0.1300621
0.09768766
0.06659925
-0.1557896
-0.06525457
0.09917791
-0.1233155
-0.03911313
0.06409445
-0.007419609
-0.009781202
-0.01820395
0.02502605
-0.01908894
-0.03570876
0.04234424
0.02015946
0.01227337
-0.01010675
-0.01580539
0.003264334
-0.003551303
0.004257178
-0.007069472
-0.002527799
0.001892917
-0.01657501
0.007583273
-0.03691013
-0.0505313
0.1016289
-0.007551096
-0.002342803
-0.01946327
-0.0409184
0.1210077
-0.1724905
0.09869924
0.02879398
-0.1636393
0.1457743
-0.04224294
-0.1483149
0.009639814
0.0177654
-0.02287954
0.04581343
0.01276653
-0.03818869
0.006364781
-0.003861244
-0.08619968
-0.05012202
-0.1310252
0.1279565
0.0541146
-0.02747077
0.1314147
0.02080071
0.002285382
0.08953986
-0.01085579
0.08459232
-0.0678122
-0.05496673
0.1496387
0.02815888
-0.05414598
0.1117095
0.0124622
0.06302775
-0.04530102
0.04923585
0.01394238
0.01157539
0.04163551
-0.007175045
0.05936154
0.03251792
0.03458374
-0.01792137
0.007205056
-0.003948102
0.01536256
0.002405134
-0.01694165
-0.04261309
-0.01902765
0.0167544
0.0832314
0.05630001
0.01435974
0.01212084
0.07521739
0.04423518
-0.03622707
0.0106457
-0.008861563
-0.03013097
-0.05156628
-0.0404007
-0.00304405
-0.04768555
-0.0191731
-0.0193492
-0.06279802
-0.05259074
0.03788355
0.01554967
-0.01863828
0.03717948
-0.0492052
-0.02999569
-0.002321971
-0.05705914
-0.01084925
0.07340969
0.009502861
-0.06262417
0.08184544
-0.03376019
-0.1299515
0.04875243
-0.0465753
-0.01486363
0.02301773
-0.03227221
-0.06206834
0.006262088
-0.06210741
-0.08123685
0.02290059
-0.06385559
-0.05684127
0.1189149
0.0379936
-0.007015313
0.1022168
0.05257619
0.02395139
0.07023698
0.06863511
-0.008216848
0.006472721
-0.04750476
0.008969215
0.01660448
0.07466032
0.1014337
0.05042708
0.07066359
0.07229217
-0.05031703
-0.06923903
-0.03365988
-0.06658447
-0.07840147
-0.1179165
-0.05580879
-0.07586619
-0.1102069
0.007095826
0.01339368
0.01814557
0.01483262
0.005723458
0.004239814
0.0256137
-8.672195e-05
0.00927241
0.05636758
0.06841085
0.01052725
0.04651704
-0.006427765
0.02767052
0.030142
0.01161031
0.04149582
0.09192269
-0.0066394
0.02804393
0.05806825
0.02185141
0.01961936
0.0160672
0.03929473
-0.0775116
0.0714466
0.04641752
-0.02409344
0.02678423
0.01103228
-0.03128306
-0.004711243
-0.02333821
-0.00740494
0.09697785
0.09301691
0.05963451
0.1459009
0.1621396
0.1523331
0.2498412
0.1468098
0.1796751
0.03767765
0.05712735
0.01821674
-0.01802056
0.06121319
0.07345285
-0.05074379
0.04117597
0.1332648
0.09207098
-0.005549868
-0.05898711
0.09726746
0.05293211
-0.02657938
-0.0008254179
0.08067825
0.03973169
0.1196455
0.1468116
0.1215915
-0.03465462
0.03131633
0.0135191
-0.07422473
-0.08555374
-0.04457715
0.09310792
0.04843384
-0.009993145
0.001601533
-0.02935082
-0.03527847
-0.01867485
-0.05986778
-0.02580902
-0.01809154
0.08398185
0.08857206
-0.03744905
0.05803742
0.1662534
-0.1020929
-0.09264054
-0.01193405
-0.01979327
0.03417025
0.08020219
-0.05042096
-0.06054717
0.05695095
0.009990878
-0.07859171
-0.03467517
-0.01996138
-0.07394939
-0.06180739
-0.07686945
-0.1133894
-0.1528567
-0.111691
-0.1668261
-0.1304489
0.06385365
0.05784556
0.05892588
-0.02997196
-0.00569527
-0.0150358
-0.06792185
0.009272926
-0.007950771
-0.02058553
0.01434373
0.01166036
-0.09282985
-0.03705145
0.03642626
-0.01987515
-0.06753471
0.001387739
0.06183591
0.06101794
-0.0495275
0.06898321
0.01472002
-0.03730787
-0.02052195
0.0343467
-0.01162006
0.0097416
-0.00269699
-0.06125469
-0.02466375
0.01029642
-0.06394542
-0.01116847
0.03617612
0.02891627
-0.01022499
-0.01140546
0.042412
-0.02425099
-0.01567516
0.01132186
-0.04474669
-0.01578628
0.021965
0.008526312
-0.0885163
-0.06771626
-0.0305415
0.0004333486
-0.09284624
-0.07194203
0.01791968
0.02742148
-0.02320986
-0.06547125
-0.09897056
-0.04093184
-0.1365859
-0.02093812
0.005496405
-0.1150408
-0.1059108
0.02954828
0.05228181
0.1876532
-0.07738268
-0.01722276
0.1042363
-0.05311857
0.008625639
0.1053292
-0.08110902
-0.0004072007
0.07353255
-0.06229799
0.02691287
0.03859516
-0.01479953
0.02974304
-0.008682021
-0.0529981
0.1905856
0.1328133
-0.1168738
0.04921881
0.02698672
0.01900869
-0.1236113
0.00954717
-0.06089184
-0.2658874
-0.05472551
-0.03525347
0.01229296
0.08582388
0.06992099
0.1127553
0.04072748
0.09637323
0.09841048
0.1112871
0.05743676
0.1086823
0.1498542
0.05169205
0.03382704
-0.03050119
-0.06761339
0.01845961
0.03436461
0.05777878
-0.03291106
-0.06379485
0.032906
0.03370371
0.06362358
-0.03849469
0.006829801
-0.03171935
-0.02729858
3.834047e-05
0.01271957
-0.05847423
-0.05857565
-0.07775661
0.1323399
0.1457514
0.09312783
-0.02596079
-0.005744627
0.004718674
-0.07595221
-0.1339724
-0.09466578
0.009874133
0.1290056
0.1179792
0.102857
0.1079512
0.1201098
0.0006159429
-0.007503367
0.1050174
0.06213035
0.03149729
-0.02838464
-0.05335813
-0.1188247
-0.1261842
-0.03085553
-0.04157298
-0.05497595
-0.02224977
0.02803945
0.02772878
-0.004588392
0.02023248
0.0435927
-0.02001452
0.02929527
0.05605259
-0.1254795
-0.1930674
-0.05391325
-0.002335474
0.004942416
0.07256649
0.1593767
0.08280852
-0.01612419
0.0864346
0.1307449
-0.06519916
0.05726487
0.09374796
-0.02338542
0.07875842
0.06246946
-0.07677611
0.07030616
0.04439303
0.0506078
0.013642
0.04144695
0.01553346
-0.04794268
-0.007285178
-0.001098321
0.01668228
-0.01405908
-0.05191213
-0.0591789
0.08548746
0.01733918
-0.06147098
-0.06590212
-0.09847001
0.09050149
0.2971784
-0.1185802
0.08410036
-0.1849922
-0.05446515
-0.1326712
0.01545105
-0.03875187
-0.01738215
0.05767823
-0.04480898
0.009728997
0.08018012
-0.02062242
-0.01170143
0.08577296
0.03962605
0.1469185
-0.1152991
-0.003554802
0.0820154
0.09740217
0.1231258
-0.01038861
-0.02243351
-0.1626682
-0.0500921
-0.03041181
0.0481537
0.06308854
0.06846412
-0.02263867
0.03207404
-0.03469789
0.02017832
0.03693407
-0.01744645
-0.02184601
-0.04814988
0.06767542
0.03820738
-0.1285428
-0.1192682
-0.06592387
0.003407233
-0.04472009
0.0290245
-0.01168533
0.04189933
0.1004972
-0.03385126
-0.04358112
0.02414534
0.01445913
-0.0282738
0.01009064
0.04798219
-0.02414425
-0.03506232
-0.0001192343
0.03270749
0.08817643
0.02856029
-0.05428588
-0.06574952
0.07448173
-0.00759517
-0.01777839
0.03645162
-0.008319009
-0.02531265
-0.03599919
-0.0607065
-0.07536477
-0.002186026
0.008695545
-0.02976375
-0.0006089581
0.009083351
0.01667122
0.06782047
-0.00365204
-0.05176263
0.04198724
0.06584382
0.05544879
0.02127639
0.01259211
0.03035202
0.08080339
0.07955579
0.09156182
0.01619004
0.01863558
0.03801387
0.0637093
-0.0127102
-0.01439958
0.01885737
-0.06801777
-0.01785677
0.02090859
-0.06380057
-0.01811547
-0.02249187
-0.05400915
-0.03168445
0.01107548
-0.08690719
0.0004810666
0.09768637
0.09667135
0.08669433
-0.02485283
-0.05695264
9.237961e-05
-0.02632907
0.02889967
-0.01583681
-0.01794645
-0.03344714
-0.0440531
0.01236434
-0.0359381
-0.01818691
0.007768129
0.004169573
-0.00877215
-0.007398108
-0.02386349
-0.02697103
-0.02618591
-0.03863098
-0.03637529
0.02934192
0.03033129
0.01411588
0.0114548
0.07834712
0.04441692
0.0614375
0.004488758
0.08214938
0.009383501
-0.1157473
-0.07427533
0.1160333
-0.02594507
-0.01254772
0.01221183
0.1187376
0.0583539
0.1237465
-0.0396744
-0.0788234
0.09251291
-0.02283034
-0.07478634
0.07069767
-0.04201259
-0.05148273
-0.01072537
0.02532587
0.05063412
-0.05686921
-0.05380026
-0.01808149
-0.05549831
-0.04245993
-0.01083783
0.02943945
0.08550929
0.08412517
0.001647198
0.02184088
0.02918806
-0.05726089
-0.03083927
0.02662377
0.03361381
-0.01447061
-0.02374703
0.02065697
-0.02208835
-0.09072334
-0.0285872
-0.062786
-0.07473201
-0.03386104
0.01606314
0.02737372
0.04135915
0.1223951
0.1537119
0.04386886
0.05679549
0.1063393
0.01986867
0.006346924
0.00780477
0.01080133
-0.01031067
-0.08782706
0.01284347
0.02869968
-0.04588301
-0.03086315
-0.02231889
-0.003164623
-0.04194431
-0.02325292
-0.02345746
-0.005176915
-0.04536257
0.02068524
-0.08240941
-0.06750251
0.03848397
0.08050237
0.09441061
0.07553604
0.1290053
0.01618519
0.01784206
-0.05566982
0.1354664
0.09037585
0.112552
0.2301902
0.2246425
0.1810217
0.243532
0.2184127
0.07434432
0.1074542
0.08412682
0.02687111
0.02872221
0.02274765
-0.01240008
-0.01124436
0.03238872
0.02761059
0.04266414
0.01726045
0.0009733204
-0.009628908
-0.03192539
-0.006007042
-0.04202736
-0.03112845
0.009610673
0.003016957
-0.01781235
-0.002732028
-0.0008021843
0.01533644
-0.03130886
0.05362162
0.001348643
-0.01180543
0.022057
0.02529007
-0.01963837
0.08327572
0.07652434
0.04012593
0.1236248
0.1445901
0.0274886
0.0420563
0.0335396
0.01719799
-0.002179368
0.01824597
0.004845453
-0.004862638
-0.01034954
-0.02665445
-0.00223725
-0.05727577
-0.004563028
-0.0017435
0.04744439
-0.0009930939
0.06914528
0.05626899
-0.03797962
0.003685236
-0.02176444
0.01022139
-0.08891339
-0.1100086
-0.002301635
0.04669424
0.03094357
-0.01147008
-0.001478329
-0.03077288
0.01924799
0.02553495
0.002540552
-0.1050307
-0.06863164
-0.0556449
0.01884964
0.03980754
0.02197788
-0.06851595
-0.00960336
-0.03830099
-0.04492986
-0.1126785
0.000691117
0.1565305
0.1410864
0.1518581
0.11864
0.1227289
0.1987673
0.1652922
0.1301025
0.1510067
-0.05142707
-0.03909414
-0.08219206
-0.04889023
0.1328428
-0.04650485
-0.08781878
0.068175
-0.008012358
0.06779271
-0.01333371
-0.001080851
-0.05044996
0.01343313
-0.1114658
-0.001337389
-0.07082098
-0.05638582
-0.00176551
-0.04728974
0.009178703
0.01342908
-0.04274061
-0.0108589
0.004505502
0.1539023
0.09673532
-0.04445881
0.02519379
0.07142002
0.1273866
0.0727402
0.0385949
0.092513
0.02213649
0.07119404
0.07387328
0.0367949
0.0455608
-0.01204932
0.02126207
-0.01295567
0.01734713
0.03233907
-0.02374852
0.01922378
-0.08252955
-0.01858713
0.04474453
-0.02158859
0.01114281
-0.1128793
-0.05012997
0.01716914
-0.04614023
-0.05805881
-0.003420786
-0.04362277
-0.01892909
-0.08935546
0.03143657
0.01627669
-0.02527287
0.004415039
0.1097382
0.0793821
0.001077313
0.05480028
0.1387775
0.006689107
0.02548315
-0.1032128
0.04454379
-0.1348032
0.03327382
0.1503408
-0.00485124
-0.04638479
-0.02815095
-0.08449044
-0.01910864
0.0476913
0.05069694
0.05562729
-0.03910632
0.04517834
-0.02229167
-0.05188662
-0.003235723
0.007692222
0.02471704
-0.003800313
0.02047274
0.01696186
0.04378589
0.01196257
-0.00998986
0.04920726
0.05318103
0.1684215
0.05804941
-0.05681127
-0.06008001
0.08264904
0.0005181614
-0.03102981
0.08726313
0.09661554
0.08082364
-0.04879912
0.08474725
0.09581349
-0.1649694
0.1244047
0.1034132
0.0316094
0.02783436
-0.04223397
-0.1020774
0.004827631
-0.08722092
-0.13127
-0.06292101
-0.01093473
-0.09687454
-0.02448204
0.05640388
0.1790233
0.1115512
0.02375797
0.1346733
0.0728635
-0.03440311
0.1015481
0.08411582
0.1200747
0.06851764
-0.02758148
0.112467
0.2112339
-0.01499454
0.01458422
0.1862274
0.1987567
-0.03279582
0.06672531
-0.004119801
0.03993648
0.1533018
0.1772554
-0.08907048
-0.01585269
0.1438805
0.1116904
-0.01023717
-0.0613106
0.08063325
0.05327569
-0.05281944
0.05315536
-0.06255119
-0.02693286
-0.1203732
-0.03030832
0.03478688
0.06313978
-0.02999398
-0.1676624
0.02581978
0.1542943
0.1112363
-0.06522975
-0.06693043
-0.1044705
0.0697531
0.07748518
-0.06081432
0.1173505
0.06810226
0.02913651
0.1158754
0.1235925
0.009183269
0.06987672
0.101006
-0.02622364
0.03892328
0.1245827
-0.001453216
0.01425174
-0.1184971
-0.06889005
-0.08515099
-0.05806827
0.0005712045
-0.08810678
-0.004578777
-0.07807447
0.05192025
0.1063941
0.09063394
-0.03007014
0.1352321
0.06616956
0.08974284
-0.03718086
-0.0006411338
-0.06300096
-0.02439126
0.110116
0.04519154
0.1023705
0.03370498
0.126477
0.1637724
-0.1096372
0.05453214
-0.06725559
0.03101131
0.05138176
0.1122614
-0.01917645
-0.2610908
-0.07187003
-0.01786435
0.06955732
0.2352071
0.09165908
0.07379299
0.04507387
0.1680919
0.09740814
0.1123635
0.04516961
0.01973791
-0.01793391
-0.02920232
0.01682353
0.07301299
0.0398083
-0.004311065
0.02949059
0.06299868
-0.1138181
0.07444633
-0.07018355
-0.1233089
-0.01524942
-0.05330942
0.005738648
-0.1180984
-0.009285869
0.1091017
-0.03962062
-0.0206674
0.1801435
0.1008736
-0.03516187
-0.003131592
0.1978271
0.002789665
-0.01425635
-0.03613407
-0.03621322
-0.09942599
-0.1423751
-0.155805
-0.06448179
-0.1283858
-0.111338
-0.02927723
0.07687449
0.07320478
0.02792601
0.08153073
0.1717616
0.08077266
0.06897081
0.03727779
-0.06127105
-0.08389767
-0.121533
-0.1063846
-0.1755605
-0.2184714
-0.05395218
-0.1279124
-0.1506153
0.005046147
-0.04561958
0.0455179
-0.03745076
0.0289279
0.06023366
0.01350444
0.03009364
0.1183723
0.07621657
0.01592018
0.06143437
0.03668455
-0.01874501
-0.03197901
-0.0222945
-0.002592264
0.0202002
-0.01635873
0.01714163
0.04570656
-0.0009579679
-0.05380166
0.0004669611
0.01523068
-0.05212247
-0.0208265
-0.05171686
-0.02235449
0.06291724
-0.01909356
-0.01105144
0.05557823
-0.02429475
-0.04122294
0.04896408
0.0470054
0.01068992
-0.01900482
0.06075881
0.1064386
0.0726022
0.1024166
0.08807217
0.0678154
-0.008288233
-0.05620564
-0.03672496
-0.00967317
-0.1421706
-0.1265611
-0.008875322
-0.04045746
0.01956086
0.005944828
-0.03790538
-0.0502989
0.006013526
-0.02157982
-0.0762767
-0.01912849
-0.01047245
-0.03286025
-0.05702834
-0.06573156
-0.05768801
-0.04369016
-0.07130849
-0.09599902
-0.03969373
-0.0545606
-0.1199568
-0.04705283
-0.008413668
0.02350439
-0.02681373
-0.06099966
-0.025337
0.0003132322
0.03087348
0.05393537
0.006173451
-0.01508019
0.005733431
-0.04255913
-0.07843215
0.001708765
0.006031774
-0.02468807
0.001595129
-0.009743004
0.02266997
0.02730467
0.003943701
0.006100934
0.001119376
-0.007338645
0.003499925
-0.02184601
0.006253096
-0.03630227
-0.0345471
-0.0289851
-0.05797945
-0.07830114
-0.006955582
-0.07836434
-0.05772457
-0.05381302
-0.04574113
0.007556303
-0.07552291
-0.1010752
-0.1118288
-0.04180571
-0.0171224
-0.04064722
-0.0203577
-0.01747066
-0.01987857
-0.06760928
-0.05787136
-0.05537447
-0.09009267
-0.06987353
-0.04767594
0.01695027
-0.1218471
-0.0692241
-0.0693463
-0.0503457
-0.04883602
-0.1269243
-0.1525017
-0.05906131
0.005962484
-0.01991609
0.02193649
0.05568102
-0.03378583
0.1804169
0.1352207
0.2047082
0.05730126
0.07727421
0.01727374
0.05884914
0.05054305
-0.1582513
0.06420085
0.02955776
0.06487849
0.04225535
-0.02379793
0.01431635
-0.07784364
0.06587487
-0.03166702
0.07035738
-0.03181557
0.05728016
-0.04617418
0.0210067
0.0210131
0.01341148
-0.08817971
0.1413643
0.06321137
0.02351295
-0.06127116
-0.05468804
-0.02680512
0.06061107
0.09146727
-0.05097235
-0.06605411
-0.02147942
0.01930069
0.01501933
0.001020808
0.03912736
-0.01608643
0.01937479
0.09158315
0.001234476
-0.0357979
-0.09242067
-0.04731572
-0.05057227
-0.06298645
0.03900553
-0.0436365
-0.04835746
-0.02394838
-0.03104113
0.001712289
-0.1136549
-0.08653364
-0.09854253
-0.04279083
0.000741153
0.007785547
0.04736369
0.05821589
-0.07664724
0.003547358
0.0388079
0.0907328
0.01473815
-0.1176141
0.07140473
-0.0074927
-0.08477161
0.01436581
-0.07123804
0.1026334
-0.006182575
0.1666147
-0.06726759
-0.008476939
-0.003364058
0.1758677
0.06325576
0.07153612
0.04238185
-0.008334563
-0.02539995
0.005820094
-0.01596187
-0.05691256
0.07647172
-0.01293059
-0.02745315
-0.04093676
0.01316949
0.02639822
0.04924693
0.0002509203
0.002741769
0.01772988
0.05748212
0.02649264
-0.02199178
0.0763441
-0.0233548
0.08440362
0.1157793
-0.001392495
0.1330159
-0.07937039
0.1093197
-0.04612324
-0.1307273
0.1318071
-0.056743
0.01601135
0.1863794
-0.09400083
0.03817001
-0.2150056
-0.005099077
-0.03025275
-0.04902896
-0.08318391
0.007906835
-0.03258478
-0.009122855
-0.08253591
-0.1291015
-0.1445633
0.1934138
0.1815815
0.1354862
0.1034913
0.06960956
0.07534695
0.1011564
0.150516
0.06139342
-0.0840418
0.009281165
-0.003886568
-0.0209181
0.04102173
-0.04024803
-0.05130108
-0.01266795
-0.06770825
0.01376202
-0.006232413
0.02411159
-0.1158725
-0.00757286
0.0583938
-0.08772326
-0.03129181
0.01254037
-0.03453129
-0.03494211
-0.0050161
-0.001032713
0.03152753
0.02093756
0.01267529
0.01155796
0.01634168
0.009572599
-0.03318933
-0.03431116
0.03743547
0.01845031
-0.03351748
-0.07464851
-0.006352803
0.008499682
0.04167048
0.00958871
-0.01060056
0.02812619
0.01241135
-0.01575281
0.02956195
0.04044526
-0.003445089
-0.04998589
-0.06048218
-0.06337274
-0.03896384
-0.01743295
-0.02523389
-0.06007142
-0.03022757
-0.008539941
0.04557093
-0.002107741
-0.06005358
0.01509111
0.03306663
0.042057
-0.02471713
-0.0116852
0.01841678
-0.004029518
0.02928639
0.05472381
-0.02882613
-0.01089155
-0.009985036
0.003847698
-0.007187314
-0.04419478
0.0168645
0.02078118
0.02779578
-0.001321952
0.006737168
0.04375274
-0.02349628
0.01895258
0.008859638
0.03547851
0.03680421
-0.06181185
0.0802962
0.1392408
-0.04867827
-0.002233638
0.0705131
-0.0826698
-0.0646813
-0.02252458
-0.01089391
-0.05917013
-0.08080691
-0.03686084
0.02362034
-0.03090209
-0.002579648
-0.0006883972
0.002379338
-0.01076874
-0.01124632
-0.002851973
-0.002476435
-0.01464724
-0.0135641
-0.01245534
-0.05041494
-0.02046481
0.02761279
-0.06250155
-0.002614054
0.01922922
0.005034672
-0.03486976
-0.01372216
0.02272335
-0.09767666
-0.06978048
0.07677981
-0.04859418
-0.08123602
-0.05654503
0.007385336
-0.01062928
0.05284016
0.006978183
0.003960249
0.01058887
-0.01926056
0.0005057759
0.006087013
-0.01992478
-0.004192756
-0.05354593
-0.02464575
-0.01871982
-0.03678587
-0.05260316
-0.05611108
-0.009762208
-0.04349057
-0.03464812
-0.04659852
-0.02259449
0.02860518
-0.06813922
-0.05254165
0.05497582
0.08111553
0.1523226
-0.04259964
0.06550101
-0.06313391
-0.08312839
-0.0461595
-0.03538007
0.04971905
0.05471632
0.1044306
0.1040354
0.07104336
0.06958042
0.045468
0.03220951
0.02517438
0.05290817
0.03431791
0.1402559
0.1253329
0.06338648
0.04650755
-0.03540864
-0.0398257
0.04928553
0.02572033
-0.0565922
-0.08802645
-0.05864379
-0.05788489
-0.04047275
0.01127184
-0.01568091
-0.004587348
-0.02407308
-0.009948479
0.002325251
0.02242662
-0.02372696
0.004783209
-0.01915316
0.1100289
0.1782589
0.1322545
-0.007928854
0.06794063
0.09768304
0.0710666
0.01735065
-0.01391691
0.0753437
0.1211312
0.04057966
0.1646835
0.2014029
0.09869923
-0.05676136
-0.02487478
0.08845663
-0.07810064
0.01440435
0.06120027
-0.1191608
-0.05389677
-0.02602257
-0.00220981
0.003188462
-0.09233838
0.04941346
0.06439842
0.07792082
-0.03648074
0.1126389
0.0422783
-0.01001873
0.06471042
-0.009838163
0.08298426
-0.04150415
0.003727115
0.1213825
0.100321
-0.03385427
0.003046786
0.1543931
0.04980937
0.127878
0.1148984
-0.0006748973
0.06397286
0.01794082
-0.04568745
-0.002704753
-0.01053973
0.0108134
0.006663153
0.0002403208
-0.02790269
0.02228726
0.02645635
-0.001433243
-0.03446464
-0.0348025
-0.06324291
-0.08008954
0.04050697
0.004912475
0.002198873
0.01492257
-0.07047239
0.02925869
0.1666946
-0.003601631
-0.06378566
-0.04677406
-0.04423593
-0.1190444
-0.124127
0.03037759
0.03013907
0.006220074
0.06239808
-0.06689579
-0.08712114
-0.02286295
-0.1270523
-0.1239
-0.07280323
-0.006915594
0.04706961
0.04883134
-0.07192594
-0.1035182
0.05997858
0.08800063
-0.01307476
-0.06336662
