-1.991344e+00
-1.918253e+00
-1.720397e+00
-1.352075e+00
-2.286827e-01
7.415500e-01
-7.142494e-01
-9.321730e-01
-1.781189e-02
-1.089933e+00
-8.323427e-01
-5.134079e-01
-1.289762e+00
-3.038004e-01
-1.010275e+00
-4.804261e-01
-1.087459e+00
-5.706659e-01
-7.487605e-02
-7.120933e-01
2.199241e-01
-1.271148e+00
-2.964810e+00
1.167598e-01
-2.772946e-01
-5.826899e-01
-2.754690e-01
-2.869093e-03
-4.754481e-01
-4.762729e-01
-2.305415e+00
-1.870509e-03
-8.135999e-01
-1.218339e+00
-8.162010e-03
-1.096203e+00
-9.874845e-01
-2.089746e+00
-1.028503e+00
-2.070951e-01
-1.785486e+00
-4.812003e-01
-4.447065e-01
-1.314399e+00
-7.993599e-01
-8.351308e-01
-1.494800e+00
-3.884053e-01
-1.455117e+00
-7.579560e-01
-1.797338e+00
-5.949552e-01
-1.414937e+00
9.481187e-01
-9.971696e-01
-9.030794e-01
-1.229698e+00
-1.275460e+00
-1.193403e+00
2.098431e-03
3.804115e-02
-1.308855e+00
-2.800693e+00
-1.172408e+00
