16 16 3
0.000488958
-0.1068057
3.032731e-05
-0.01462455
-0.1563192
-0.031494
-0.08263452
-0.1766987
-0.1190203
-0.008271448
-0.05494441
0.06931644
-0.05041784
-0.07545497
0.03728533
-0.06767057
-0.0245004
0.01393229
-0.08184388
0.009625658
-0.01048899
-0.01185072
0.07851861
0.0500134
-0.02428986
0.03848543
0.003315526
-0.01996355
0.03214117
0.0108865
-0.01032504
0.0276489
-0.009880244
-0.07158451
-0.04644356
-0.06470592
-0.02614564
0.06767188
0.08650699
0.03718666
0.114893
0.1125315
0.07000455
0.1612744
0.1149904
0.006216703
0.008365772
0.02696954
0.02235638
0.0009294383
0.01249867
0.004640842
-0.01614874
-0.01289145
-0.1284967
0.03573985
0.1505091
-0.1081782
0.02720102
0.1163137
-0.0183239
0.04168704
0.1030215
0.01880769
-0.1405846
-0.1124051
0.03388924
-0.08133653
-0.07942948
0.1026916
-0.0411934
-0.06387009
0.06076371
0.09003091
-0.03691042
0.07247797
0.1028996
-0.03056605
0.08827687
0.05096481
-0.05778887
-0.01313345
0.07321547
-0.02793153
-0.03133561
0.07016633
-0.0008705372
-0.0355159
0.04002366
-0.009256533
0.03298235
0.02167804
0.09511955
0.01805741
0.0002066914
0.0865907
0.03949254
-0.03101255
0.01448966
-0.00547505
-0.004450809
-0.04427041
-0.01030466
-0.04283045
-0.03902994
0.01327809
-0.0758941
-0.04249094
-0.01813113
-0.006795626
0.01986979
-0.0111502
0.01726389
0.06252543
-0.01035148
0.02854733
0.06580504
0.06022318
-0.09698387
-0.1091943
0.05253978
-0.09102794
-0.1854144
-0.03204049
-0.07578991
-0.09790267
0.01769779
0.06307171
0.03314102
0.06295763
0.07092579
0.05825443
0.08576744
0.0343506
0.05833962
-0.09601787
-0.1730467
-0.1234572
0.02364689
-0.1067382
-0.127903
0.09850592
0.01417873
-0.03483571
-0.004158514
0.03517028
0.02574415
-0.033728
0.02553358
-0.0621939
-0.1205233
0.04293253
0.04693015
0.05950619
-0.03568413
0.03287187
0.0155997
-0.06728665
-0.001964347
-0.01829298
-0.06294956
0.04889899
-0.09867813
0.1249894
0.2118186
-0.1486861
-0.1207803
0.05606059
0.04754239
-0.1880034
-0.1074978
-0.07328609
-0.1145381
-0.076014
-0.01845014
-0.1610545
-0.1493267
0.09631843
-0.1066188
-0.1562547
-0.08574076
0.005584857
0.005810924
-0.04778376
-0.07603497
-0.02545328
0.0438979
-0.1058032
-0.00897244
0.08107039
-0.005499559
-0.1692877
0.1412308
0.1483898
-0.05144031
0.1049493
0.1982287
0.0812538
-0.1360969
-0.2386496
0.03109659
0.08736441
-0.2211965
-0.2947204
0.2035822
0.0496204
-0.2178112
0.01558241
-0.009004099
0.08197352
0.009127107
-0.02265305
-0.04603515
0.006906243
0.003416565
-0.008906186
-0.1072014
-0.06329542
0.006314318
-0.1107884
-0.138702
-0.1296604
-0.03258864
-0.1113513
-0.1703748
-0.1110329
-0.1222399
0.005181282
-0.08762578
-0.0983254
-0.08667176
0.05292523
0.03236284
-0.03646763
-0.09890276
0.02088777
-0.04372042
-0.03799126
0.0101633
-0.03593246
0.002474268
0.02370516
0.006442599
-0.01528997
0.0906335
0.1251059
-0.08260465
-0.0202768
-0.03998558
-0.01085244
-0.002812784
-0.1080433
-0.04196338
-0.02587349
-0.1034754
-0.005940112
0.06017428
-0.008772121
-0.03933212
0.05418278
-0.001132453
0.02176658
0.05926709
0.08739163
0.03362808
0.0414561
0.03741468
0.002850353
0.08299579
0.004767687
-0.009199783
0.03658447
0.08863974
0.03445722
0.02678604
-0.01374855
0.07146081
0.009109246
-0.08112577
-0.04305394
-0.02212977
-0.01072465
-0.04009406
-0.09816144
-0.07403255
-0.08578384
-0.05411274
-0.003693046
-0.01669058
-0.003439558
0.003813909
0.02479653
-0.01849611
-0.05320986
0.01183264
-0.07622591
-0.02336407
-0.03830111
-0.1059422
-0.09327985
-0.07744785
-0.1646342
-0.1145052
-0.1372381
-0.09841224
-0.07813009
-0.03590855
-0.02571617
-0.01547934
0.01033978
-0.01876181
-0.05407602
0.04137031
0.02996757
0.005708431
-0.04024948
0.0006429997
-0.04276898
0.01140622
-0.01685824
-0.07498319
-0.006888126
-0.04537743
-0.03703504
-0.02980362
-0.07299889
-0.04145811
-0.06322937
-0.058433
-0.06123655
0.01269876
0.01580481
-0.06884963
0.003220364
-0.01028353
-0.001882722
-0.03816165
-0.02424082
-0.02925809
-0.04151065
-0.06718024
-0.0746809
0.1236608
0.0835673
0.004934844
0.030593
0.101037
0.005066172
-0.003027673
0.06185451
-0.02072152
-0.1281616
-0.04892886
0.0686468
-0.06742307
-0.02149799
-0.002021154
-0.02109383
-0.05787089
-0.1100793
-0.00132751
-0.04460308
0.011481
0.01466175
0.02908558
0.07929917
0.01787117
0.05122642
0.01378322
-0.01685812
0.001920332
0.02831328
0.03673988
0.03504938
0.03352154
0.03910264
0.02316561
0.01351673
0.03799008
0.03359604
0.004291754
0.02936425
0.01185375
-0.03387905
-0.07964435
-0.009587816
-0.08379311
0.05877341
0.02401429
0.007436305
0.03074258
-0.02569124
0.01891429
-0.09027454
-0.03586269
-0.02781515
0.03709829
0.04402948
0.01788064
0.009626166
0.01684866
0.03484482
0.007593737
0.02496906
0.05621595
-0.05431649
-0.04430848
-0.02374104
-0.04166219
0.03018676
-0.03187188
-0.02506092
-0.07382292
-0.07794052
-0.04894826
-0.04958031
0.008973043
-0.03599797
0.02642559
0.110385
0.002575879
0.02797363
0.04081845
-0.03824049
-0.01114955
0.0883429
-0.09550598
-0.0447867
-0.01668044
0.01713103
-0.01651281
-0.04481511
0.01604371
-0.04620366
-0.03314551
0.02524669
0.09641933
-0.0621732
0.009312445
0.08027581
-0.01020079
-0.01423109
-0.003183224
0.06534933
0.04429001
-0.01848176
0.01570399
0.01843041
0.07206592
0.02036333
-0.03914981
0.07041862
0.1017886
-0.08975831
-0.06077941
0.014107
0.0186239
-0.0540722
-0.05639106
0.03025215
0.0007925053
0.00308178
-0.009461443
0.03594777
0.01900133
0.002784679
0.0832501
0.09376809
-0.08530986
0.02674962
0.07805178
-0.03097695
-0.03581335
0.08801836
0.147814
-0.08099345
-0.0322359
0.005819335
0.02223957
-0.06117897
-0.05506726
0.05376116
0.01083333
-0.05551918
0.008610087
0.06248906
-0.0781014
-0.1541446
-0.01965575
0.1586521
-0.1428333
-0.1183788
0.1815195
0.03656657
-0.09392747
0.001226451
0.02772932
0.05626049
-0.02517893
-0.05520836
-0.0657191
0.04505505
0.03050511
-0.03196998
0.002085204
0.07523845
-0.01273905
-0.1160002
-0.04007575
0.04114507
-0.04121963
-0.1475109
-0.01917029
-0.0148865
0.006790992
0.02108626
0.001616845
0.02008081
0.03326015
0.05535469
0.06883588
0.02660767
-0.05837135
0.06728721
-0.0464074
-0.09730145
-0.08263566
0.1397142
0.180224
-0.1196594
0.08017176
-0.08256093
0.1281883
-0.1551832
-0.1534992
0.07912685
-0.04425721
-0.05114205
-0.07412159
-0.02165659
0.07089079
0.08821741
0.08995001
0.004337298
0.01593883
0.01662724
0.04269817
0.006740161
0.002651532
0.01027264
-0.1482513
0.0491299
0.1129092
-0.09662339
-0.1610353
-0.038385
0.1305145
-0.1008427
0.03810199
0.1152161
-0.005052523
-0.03258952
0.01958018
0.0817628
0.02214809
-0.008604965
0.1073831
0.006799689
0.04250741
-0.02157299
0.04745254
0.009455603
-0.02227188
-0.02766695
0.009161
0.0358898
0.05206327
0.07646497
0.09535874
0.02592981
0.006436297
-0.05612385
-0.06563388
-0.04794834
-0.02879602
0.1031635
0.001097745
-0.02552675
0.05599974
0.005549491
0.04696072
0.04835847
0.01444722
0.07544359
0.06056397
-0.06043575
-0.02458627
-0.01276249
-0.1414836
-0.1083043
-0.04108803
-0.09865352
-0.0556107
0.06634632
-0.1870752
-0.1788634
-0.1150175
-0.31568
-0.2211373
-0.158529
-0.2326925
-0.08811876
-0.03812788
-0.04338735
-0.07548727
-0.08408526
-0.06786717
-0.04316652
-0.03936453
-0.06298817
0.04451441
0.05411629
0.08233795
-0.01948801
0.09462559
0.1298676
0.02306278
0.05374508
0.07919756
-0.005954694
0.1617692
0.005665855
-0.1875856
0.02488745
-0.2253713
-0.2294454
-0.06922596
-0.2909712
-0.1277493
-0.008616398
0.08592034
0.0296341
0.05657177
-0.03694866
-0.0309166
-0.03214644
-0.08035053
-0.03828532
-0.04543261
-0.03758457
-0.08367374
-0.08120297
-0.06595756
-0.1337188
-0.02398914
0.0006422338
-0.07742066
-0.03086338
-0.1663587
-0.1640691
-0.1118627
-0.1686119
-0.07627887
-0.07742717
-0.01999372
0.1206873
-0.1095857
-0.02794037
-0.03229701
-0.09771417
-0.06879888
0.03549578
-0.08265955
-0.05472483
-0.05506466
-0.09979299
-0.01766821
0.05827144
-0.09468837
0.01298467
0.05454417
0.06236072
0.09609478
0.05171816
-0.14951
-0.01390145
-0.01646243
-0.05610837
0.08319458
0.004485125
-0.0781483
0.002106412
-0.09653202
-0.02991854
0.007721074
0.08993337
0.02108278
0.0681444
0.07265314
0.07579172
0.1070839
0.1726457
0.06468923
0.1075679
0.01562018
0.07698845
0.01147202
-0.06318063
0.04566922
-0.03626004
-0.04451903
-0.03292623
-0.1162635
-0.1478359
0.0002441608
-0.1381225
-0.13007
-0.0176411
-0.0181016
0.1116432
-0.1296475
-0.03093318
0.1241055
-0.02650886
-0.03568703
-0.007123926
-0.02070775
-0.07255423
0.004457856
0.02028142
-0.02065376
-0.06899701
-0.06600911
-0.06044876
-0.1540904
0.02068893
-0.04908616
-0.04092279
-0.0810837
0.01560444
0.0894509
-0.05891469
0.03685404
0.05074157
-0.01115725
0.0921238
0.03865856
0.06731053
0.02381911
-0.03394265
0.02204249
-0.0206062
-0.08130415
-0.02761777
-0.05775144
-0.1167559
-0.0477266
-0.04807586
-0.02834851
-0.06855931
-0.006710901
-0.007250505
-0.04152292
0.03506441
0.06837436
0.03634712
-0.02487989
0.007520155
0.03661511
-0.03316233
-0.01162387
-0.01185018
-0.05454452
-0.01325483
0.1211405
0.08482757
-0.02414715
0.151383
-0.0009096959
-0.06530516
0.1316908
-0.0493636
-0.1010655
-0.06187939
-0.0174872
-0.04219786
-0.0391418
-0.006018518
0.1068111
-0.05358735
-0.05055435
-0.02497211
-0.06047276
-0.01513479
0.04083963
0.02229332
0.0744893
0.08347137
0.05675597
0.09626026
0.1167191
-0.04747799
-0.05821567
-0.02340296
-0.05476409
-0.03348224
-0.01525889
-0.05955072
-0.04619094
-0.0158256
0.0111327
-0.003473462
0.0168588
-0.0261263
-0.06406077
-0.02265945
-0.05422744
-0.034418
0.04356043
-0.07430016
-0.138363
-0.04470482
-0.1360788
-0.1151954
0.02142433
-0.02621531
-0.01744729
0.0742489
0.002356381
-0.06022256
-0.07178175
-0.01638711
-0.09165075
-0.07231781
-0.05242006
-0.05734805
-0.009487157
0.02813397
-0.007501034
-0.07114935
0.03415703
-0.03300175
0.0267323
-0.006523387
-0.0336022
-0.01160382
-0.04240133
-0.01613705
0.03245475
-0.008042261
0.003467174
0.01754363
-0.02564292
-0.02899745
-0.01816471
-0.09319637
-0.02534964
0.1046572
0.02928432
0.04837914
0.1487501
0.01078613
-0.01038207
-0.04310489
0.06917641
0.01741592
-0.007327314
-0.002192497
0.06098972
0.04603786
0.02864347
0.007614001
-0.005782737
-0.1116166
-0.03788646
-0.08209877
-0.02015052
-0.0426305
-0.04432951
-0.06928698
-0.1053011
0.0105223
-0.04411776
0.00462606
0.04622854
-0.06054442
-0.0103907
0.04018715
-0.02729215
-0.02500697
-0.01940523
-0.06743313
0.01463092
0.05494693
-0.06288818
0.01901731
0.05087531
-0.02285051
-0.01463674
-0.001601765
0.02341471
-0.05212549
-0.05244491
0.05767389
-0.01084632
-0.05509458
-0.06498199
-0.01906916
-0.01695508
-0.03418224
-0.03403691
-0.06663764
-0.01737104
-0.0327649
-0.03540219
-0.04539108
-0.02829216
-0.02609533
-0.0007281659
-0.0513076
-0.05150224
0.05722011
0.03726509
-0.01023771
0.0054565
0.07166804
0.01664258
0.02099188
-0.02425236
-0.01400532
-0.006653441
-0.04044651
-0.08879251
-0.03674861
-0.006812279
0.003717816
0.03039599
-0.01776885
-0.08081654
0.06442471
-0.05670216
-0.126458
0.05751752
0.01631742
-0.0655223
0.02112516
0.007844526
0.001504926
-0.001196395
-0.02839557
-0.04415671
-0.02387996
-0.03552692
-0.0339964
0.006079054
-0.01676054
0.01545586
0.06989196
-0.008893227
-0.02373745
-0.04020193
0.006023166
-0.01518168
-0.06773292
-0.08654355
-0.03516787
-0.02676709
-0.0899523
-0.09397297
-0.02423541
-0.002964115
-0.03664936
0.04829564
0.08386821
0.06108585
0.04200042
0.08594397
0.07499297
0.02748275
0.04993585
0.04305942
-0.01997846
-0.01230041
-0.06313125
-0.09527527
0.03548418
-0.006225268
0.006738995
0.01831296
-0.1078935
0.02831911
-0.1272469
-0.1490197
0.07191513
-0.1064206
-0.1085687
0.06555238
-0.001140239
-0.07272662
-0.003535496
-0.02202204
-0.06086921
-0.02490046
-0.02330102
0.0003701561
0.06850146
0.06062765
0.03052609
-0.006162071
0.04893221
0.1501507
-0.1009162
0.008930764
0.1164285
-0.07814017
-0.04156865
0.06850824
0.05542124
0.01391137
-0.04900432
0.08727942
0.05240005
0.01789057
0.0246358
0.08308408
0.05221727
0.1491912
7.992567e-05
-0.1391974
0.1457785
0.09566521
-0.02343627
0.0867802
0.06046071
-0.03085537
-0.07671735
-0.01354489
0.03589873
-0.06723361
0.003311632
0.1304808
-0.1061229
-0.03247331
0.09382803
-0.01509353
-0.06102905
-0.07263722
0.03529575
-0.005766088
-0.06170049
0.04330369
0.003612089
-0.1047899
0.06534915
0.04133205
0.07567235
0.02119889
0.02172934
0.04304735
0.02384606
0.006629657
0.05257574
0.03496421
0.009508813
-0.06955784
0.04796833
0.06226244
-0.0613052
0.04766682
0.07003929
-0.007432294
0.05505095
0.02480259
0.007034127
-0.0613429
-0.0682046
0.01985647
-0.1666872
-0.1017468
0.05396255
-0.1370609
-0.1161215
-0.04524769
-0.1640636
-0.1875885
-0.1495843
-0.08637223
-0.1708376
-0.1408396
-0.0382283
-0.08022071
-0.05484932
0.02588373
-0.08977535
-0.06987535
0.03900126
-0.07108364
-0.02192004
0.09210339
-0.03189525
-0.02089484
0.09012293
-0.005331487
-0.05516916
0.08808503
0.001012934
0.006328162
-0.04156577
-0.1421374
-0.1284374
-0.04560572
-0.04461727
-0.03529581
-0.03486308
-0.004492674
0.006750739
0.02323408
0.007168923
-0.02913383
0.06380101
0.04323445
0.02985393
0.08889379
0.06155944
0.05237733
-0.03576529
0.09483892
0.07032534
-0.1934962
-0.03907422
0.1746325
-0.1176642
-0.04425474
0.06944373
-0.1282071
-0.01826044
-0.01326481
-0.2562851
-0.04716839
-0.0262771
-0.2627442
-0.05378188
-0.04619326
5.420662e-05
-0.01755602
0.02318465
-0.1248144
-0.0469676
0.07411944
-0.01846676
-0.04190858
-0.02111816
0.007173539
0.08976743
0.04831284
-0.05915236
0.00590939
0.1124585
0.05641564
-0.01155267
0.06738988
0.1048394
0.0369685
-0.02225046
0.002973236
0.05270042
0.105739
-0.08159275
-0.005052672
0.2064509
-0.008410847
-0.0104638
-0.07231537
0.01954783
0.05319435
-0.08078317
0.01757497
0.03798528
-0.06582779
-0.02112159
0.07784045
0.1138972
-0.06291393
-0.01331778
0.1169237
-0.04493459
-0.03682312
0.04985511
0.07238115
-0.0760631
-0.06594383
-0.01549169
0.1225753
-0.1116138
-0.1471591
0.2003575
-0.05163673
-0.03816894
-0.05646378
0.1148338
-0.001881676
-0.06518073
0.04104002
-0.005537861
-0.06151728
-0.01377821
0.03216114
0.1787662
-0.01961138
-0.1398095
0.2585694
0.03986795
-0.2486205
0.131626
0.08792608
0.04197413
0.006599644
0.0259352
0.01672584
0.04991043
-0.05689811
-0.0533041
-0.03590646
0.08871718
0.09268868
-0.09624845
-0.08113292
0.2151882
-0.04781823
-0.2017928
0.1352552
0.002190823
-0.2087627
-0.05642217
-0.06366855
-0.04599899
-0.04624938
-0.009606194
-0.04045571
-0.04548773
0.01782459
-0.006352068
0.09542108
-0.06575224
-0.03624227
0.04992421
0.09350798
-0.2026272
-0.1666611
0.1820992
-0.1003999
-0.04080477
-0.1758476
-0.07889435
0.1430443
-0.1000702
-0.1203956
-0.05014817
-7.818595e-05
-0.2263159
0.06841632
0.1075265
0.08916926
0.07549819
0.07157403
0.05138024
0.06671982
0.06324825
0.02851944
-0.1625115
0.1084423
-0.05979133
-0.2557591
-0.08524685
0.281765
-0.03348655
-0.2061787
0.101905
-0.05395851
-0.09098028
0.03355391
0.102164
0.07813033
-0.02886978
0.1117294
0.1495015
-0.09717102
-0.02253217
-0.02810395
0.02316741
-0.006620805
0.03725885
0.07041006
-0.008856746
-0.003666186
-0.01712394
-0.06113801
0.05176972
0.09114422
-0.03432657
-0.01046945
0.02089601
-0.07495774
-0.03377397
0.01170004
0.01444764
-0.08737561
-0.1426363
0.05399174
-0.05840607
-0.06698108
0.0135676
-0.0524809
-0.06756237
-0.0208334
-0.004683696
0.0224645
-0.04087754
-0.01161369
0.02781778
-0.01843569
-0.04060843
-0.02743297
-0.08690496
0.008321356
0.03225376
-0.05210669
0.03778224
0.06651447
-0.003380513
0.04488857
0.04118793
-0.03469425
-0.09599156
-0.05976116
-0.04546398
-0.07668018
-0.04362913
-0.04178432
-0.04313115
-0.05701158
0.002419828
-0.01388341
-0.02596761
0.009544185
0.009043099
0.005784364
-0.005598313
0.03608503
0.0238606
0.06885795
0.05042087
0.01596362
0.08236005
0.0360492
-0.01592142
0.03669841
0.01309062
-0.0397245
-0.01951499
0.04101912
0.04514329
-0.1238108
-0.07786393
-0.01895832
-0.06195917
-0.1115444
-0.0338279
-0.04629883
-0.09933362
-0.07545663
-0.06502584
-0.09255815
-0.07325249
-0.03834372
-0.04275754
-0.04385744
-0.002078295
-0.003099211
-0.02570421
-0.01595372
-0.002110685
-0.01631967
-0.0002381246
0.01309962
-0.01010403
0.01682441
-0.0146873
0.01678422
-0.04032752
-0.01440301
0.03667352
-0.02614093
-0.02945043
-0.009560927
0.0489924
0.08892305
0.07527306
-0.03077042
0.008648995
0.03933733
0.03313642
-0.0008546207
0.01271302
0.006370409
-0.01059026
-0.06930812
0.03352811
0.05179931
0.00301129
0.0198221
0.02758578
0.005978125
-0.05410488
0.001000874
-0.01747675
0.03707363
0.0216644
-0.03231486
0.05560546
-0.0257729
-0.02220974
-0.03683132
-0.06498877
-0.06128072
-0.07439642
-0.0506444
-0.06199968
-0.06027731
-0.01247035
-0.03513215
-0.06147797
-0.03236192
-0.05264505
-0.03953169
-0.07741898
-0.07035575
-0.0591167
-0.1116036
-0.0404019
-0.03153937
-0.03903888
0.01892471
-0.01088605
-0.04694865
0.02442824
-0.02355441
-0.0181914
0.01180871
0.03772489
0.04166509
0.04959827
-0.01814718
-0.02372527
0.04286408
-0.008238088
-0.01173071
0.05750611
0.1220488
-0.07164246
-0.2094257
0.1588833
0.07513513
-0.1041883
0.02316758
0.136357
0.01201851
-0.03805754
-0.03413631
-0.003503797
-0.01305084
-0.02421502
-0.02189724
-0.008868274
0.0194221
0.01370738
0.01989473
0.02008257
-0.04798022
-0.0829386
-0.01115589
0.02084068
-0.08476651
-0.09147722
0.03544298
-0.06558172
-0.07718641
-0.006738584
-0.03823368
-0.08190975
-0.01011547
-0.0007189438
-0.05660221
-0.0412992
-0.09151626
0.2089493
0.2101656
-0.2453688
-0.007927268
0.2107633
-0.1724619
-0.1812215
0.06499454
-0.001451285
0.04376692
0.0686257
-0.0552212
-0.04434193
0.1138046
-0.0468871
-0.04659484
0.06190491
0.05485031
-0.01366227
-0.07192083
0.05481901
0.05810115
-0.02719592
0.02291448
0.04985786
0.06216867
-0.03901515
-0.0132655
-0.001282637
-0.03104369
-0.01213358
0.02117584
-0.05400297
-0.04404494
0.002169598
-0.03295935
-0.003981242
-0.02627746
0.0003975777
0.03268047
0.02600068
0.01506179
-0.002355205
0.0280063
-0.05714574
-0.05925296
-0.04651366
-0.02276215
0.02806474
-0.06333153
-0.02613143
0.005741695
-0.06774213
-0.01281922
-0.03506605
-0.03697652
0.04227268
0.01267443
-0.01532407
0.07006317
0.03897214
-0.003247611
0.0384712
0.05878714
0.01229332
0.07699888
0.03057965
0.03489896
0.02898111
-0.01801853
0.02276629
0.02479878
-0.05150012
-0.05961691
0.04098317
0.02700898
0.003268589
-0.02510329
0.03780008
0.05956932
-0.04946952
0.02049964
0.01421229
-0.06453907
0.002197554
0.003029017
-0.06663974
-0.01899761
-0.04287369
-0.0531365
-0.04562693
-0.03997852
-0.1072283
-0.002248256
0.06542218
-0.05165297
-0.02814522
-0.01484502
0.08016176
0.02494952
-0.009242182
-0.02689018
-0.02449058
0.03011144
-0.07157669
-0.01521863
0.09358091
-0.1699265
0.2026475
0.2888899
-0.3059492
-0.05061916
0.21452
-0.1463461
-0.2057743
-0.04382506
0.001025907
0.03190946
0.04406836
0.00337661
-0.02249262
0.01525856
0.01952876
-0.04095617
-0.0429961
0.04630312
0.1003298
-0.01615086
0.02976627
0.09672344
0.006191735
-0.0617514
0.04739097
0.1014627
0.02562066
-0.02089293
-0.01037372
0.03218793
0.03865561
0.01215999
0.03039264
0.0406204
0.03455813
-0.05466194
-0.2116658
-0.1059133
0.1606561
-0.01842564
-0.1727993
0.1673322
0.1889765
-0.07534364
0.01023955
0.03550098
0.03846339
-0.02308144
0.03342529
0.04721888
-0.1084449
-0.01627326
0.1057257
-0.02310155
-0.07072936
0.01695432
0.05482422
-0.05931987
-0.06766376
0.1239425
0.006504188
-0.07897819
-0.05334367
-0.0790806
-0.05189295
0.007634454
-0.006298644
-0.04982377
0.03730648
0.07752592
-0.02706987
0.0593741
0.01795371
0.01220956
0.0177229
0.09213311
-0.004451421
-0.04274115
0.01935995
0.04539009
-0.01417293
-0.01153841
-0.06334672
0.06748518
0.04987541
-0.002008006
0.01780259
-0.00263264
-0.09451469
-0.006112971
-0.04803734
-0.04797078
0.01701146
-0.02331897
-0.03832232
0.04313175
0.01649613
-0.01657837
-0.08889069
0.006529741
0.01975363
-0.06014965
-0.1186028
-0.06395315
0.05156951
-0.1032705
-0.1551228
-0.04590798
-0.0852363
-0.02877412
0.06998421
-0.0540949
-0.008796261
0.1678388
0.04496279
-0.03300066
-0.03930914
0.05055957
0.1206061
-0.107178
0.009145236
0.1008664
-0.09081089
-0.06321047
-0.02315833
0.04665859
-0.04735083
-0.0623044
0.0415954
-0.03140153
-0.1028636
0.01169014
-0.03358474
-0.07186511
0.01180132
-0.02945435
-0.005110645
0.005706924
-0.007136947
0.05039479
0.02517832
0.08476456
0.1142065
0.09289847
0.03689998
-0.009044967
0.09295449
0.03306857
-0.01952427
0.001720168
0.0162963
0.003898638
-0.04868348
-0.02370753
0.04008238
-0.07436187
-0.04539555
0.003285558
-0.06733614
-0.05812869
-0.002295393
-0.002188532
-0.02033939
-0.01630114
0.01580853
-0.01793985
-0.02933546
0.03615582
-0.004188251
-0.06476809
0.04183822
0.07440148
0.07903511
0.004015652
0.03666612
0.04086335
-0.01294536
0.0005429043
0.02433975
0.06415461
0.07117058
-0.01610945
0.005454198
0.04104063
0.01724824
-0.04387529
0.01210249
0.03343552
0.03999031
0.0365353
0.02298656
0.1033512
0.03000062
0.01551126
0.07977615
-0.01831172
-0.0716745
-0.07940717
-0.06438623
-0.05068304
-0.06849404
-0.06956701
-0.03985664
-0.01278249
-0.05415884
-0.05529676
-0.06111044
-0.04850194
-0.03954017
-0.01030319
-0.03658701
-0.01264788
0.0149047
-0.02880494
-0.03283256
-0.04246848
0.0425114
0.007641335
-0.007060446
0.01463823
0.04882836
0.04558488
0.04209339
-0.04187418
0.01864691
0.0007735453
-0.1110269
-0.00233499
-0.03767439
-0.09739462
0.03540952
-0.08116748
-0.1036234
0.01316161
0.02713015
-0.006820244
0.003053284
0.03013278
0.01217526
-0.003489579
0.009478966
0.00354742
0.05151772
0.0526464
0.06825361
0.06437502
0.06409995
0.03499008
0.007350856
-0.04527457
-0.03617065
-0.04297724
-0.03166084
-0.0158234
-0.08602567
-0.0311507
0.02719865
-0.01308102
-0.02863667
0.0150636
0.05501999
-0.01156487
0.03364671
0.09231623
0.02966534
0.01828986
0.1007779
0.01215023
-0.06506063
-0.02832888
-0.05455519
-0.04150169
-0.07187511
0.002710608
0.01161711
-0.04731177
-0.05205666
-0.01048859
0.1026302
0.01613179
-0.06100697
0.1493401
0.01270141
-0.07065434
0.1137073
0.0256035
-0.01784274
0.02374256
0.02375145
-0.01930885
0.01713664
0.02511333
-0.03669623
-0.01213323
-0.006113735
-0.07905854
-0.0396232
0.02558618
-0.008348709
-0.04109345
0.07973216
0.04037481
-0.05542545
0.06750292
0.04164466
-0.07661916
-0.07678562
-0.04404791
-0.03679504
-0.1124629
-0.1347446
0.0115823
-0.07872637
-0.08875768
-0.0170089
-0.03636789
-0.04079941
-0.005618371
-0.0088097
-0.007628526
-0.009930712
0.01768782
0.007512502
-0.01812428
0.03451998
0.03273873
0.01062621
-0.03650647
-0.05139096
-0.04106486
-0.08542109
-0.07645898
0.01543759
0.05292918
0.08475432
0.01316695
-0.04932503
-0.03985541
-0.03405843
-0.06184545
-0.01628856
-0.01439824
0.02496851
0.08276403
-0.02453119
-0.005122831
0.1042555
0.011217
0.02116856
0.07773865
-0.05906883
-0.04882893
-0.06712448
-0.04893472
-0.02856389
-0.02816818
-0.009294027
0.04424057
0.0345102
-0.06899492
-0.02218309
-0.03038962
-0.06732325
-0.006605045
-0.0199114
-0.02391259
-0.01819183
-0.002985368
-0.07623322
0.005459866
0.01350622
-0.1261355
-0.1195887
-0.06346624
-0.06782459
-0.1156782
-0.08879566
-0.008819408
-0.004644822
-0.02471297
0.007911441
0.007526522
-0.02421514
-0.01790639
-0.01844849
-0.07560686
0.02479075
-0.02660123
0.01048062
0.05413799
0.03236933
0.05330434
0.05232573
-0.03820692
-0.04085281
-0.07464611
-0.06425674
-0.03560503
-0.09871171
-0.1080365
0.001530869
-0.05626225
-0.07946475
-0.03728114
0.03517235
0.008269365
0.03753892
-0.01201991
-0.006126108
0.016309
-0.05640218
-0.08604962
-0.06583914
0.02374225
-0.022166
-0.07499863
0.02508117
-0.002926178
-0.01569586
0.02104867
-0.03455978
-0.07316361
-0.03456359
-0.007283081
0.01643209
0.05353668
0.07454625
0.1163312
-0.00285228
0.06097686
0.09174366
0.02313851
-0.02216537
-0.1115585
-0.06528876
-0.1062013
-0.1416427
-0.1171201
-0.1285501
-0.1059836
-0.007295529
-0.05554394
-0.08446896
-0.04743715
-0.07656877
-0.08362444
-0.04420234
-0.04326507
-0.03024096
0.01105078
0.00838801
-0.01247382
-0.04945772
-0.04773833
-0.02994659
-0.1178443
-0.06415117
-0.06503619
0.014237
0.01913926
0.03166674
0.04984574
0.04833788
0.02498481
0.05698951
0.02651248
-0.03103488
-0.0658199
-0.02453104
0.00767615
-0.03047045
0.0004504301
0.0391968
-0.06922027
-0.0268832
0.02180871
0.04921355
0.007046958
-0.04816527
0.1020887
-0.02915025
-0.05759242
-0.03559639
-0.04840265
-0.02030917
0.01803495
0.00537266
-0.02474202
0.02383629
-0.01989709
-0.05987375
-0.07619901
-0.03368119
-0.04613861
-0.007920791
0.009917074
0.009594044
-0.03954915
-0.03235308
-0.05349617
-0.03411638
-0.04665195
-0.0458731
-0.05407371
0.009174312
0.02529925
0.07952011
0.004494776
-0.0430191
-0.05965666
-0.008771302
-0.00671725
-0.007307275
0.01629107
0.07075896
0.01494411
-0.02597964
-0.01670632
-0.02469126
-0.07723431
-0.05133697
-0.07652581
-0.03971123
-0.05974746
-0.05120574
-0.01358081
-0.02490796
-0.05638172
-0.02352037
-0.05336545
-0.0009611025
0.002793451
-0.04167937
-0.07612909
0.01899863
-0.02159924
-0.05438049
0.02809098
-0.07498585
0.1014687
0.04850413
0.05182286
0.08462274
0.005479152
-0.01917716
-0.02397332
-0.02499758
-0.05517814
0.04629926
-0.002674652
-0.08094719
-0.01148375
-0.07742818
-0.07412682
-0.08018298
-0.03899682
-0.05606537
0.001843783
0.0004002211
0.0005764884
-0.00190514
-0.0003986412
0.0003625237
-7.540879e-05
-0.004506381
0.0005172139
-0.003700993
-0.002698265
-0.002662335
-0.001550896
-0.000688436
0.0002277879
0.0005289553
-0.0001758404
0.001417125
0.001635846
-0.003570772
0.002181433
-0.003745833
-0.001219392
-0.001767329
0.001832632
0.003009006
-0.001301197
-0.0005710614
-0.001012817
-0.00150578
0.0003362582
0.000956633
-0.0006958342
0.000299711
0.00187004
-0.001813835
0.002398669
0.0002861251
-0.002360458
6.405656e-05
-0.001657102
0.002310809
-0.001400656
-0.001722561
0.0002380094
-0.005020284
-0.003699479
-0.001641182
-0.001201141
0.002092088
0.0008286539
0.0001240113
0.001289757
0.002057972
-0.001084372
0.001411697
-0.001531921
-0.003340697
0.001208458
-0.001506093
-0.0003135623
4.343925e-05
0.002780246
-0.00104964
-0.002067522
0.001538018
-0.0002379501
-0.00172427
-0.0006696825
-0.002912113
-0.0001705927
0.0002738308
0.0003587662
0.0007425193
0.002558666
0.000691389
-0.001268265
0.001945803
0.001965791
-0.00249308
-0.00010317
0.001807833
0.003332609
-0.001035008
0.0001045142
-4.337839e-05
0.0007992094
-0.0006283357
0.0002153286
-0.000423931
-0.003213502
-0.00346628
0.001517752
0.002170554
-0.0004828637
-0.001055683
-0.001513404
-0.0005027387
0.002202139
-0.0007753095
-0.001454344
-3.023152e-05
0.002356416
0.0003668017
0.002813393
-0.001991307
0.0008417625
0.002604117
-9.127123e-05
0.002850732
-0.002122368
-0.00202334
0.002387738
0.004690077
0.0002401451
0.001404087
0.001060519
-0.001542584
0.0003562241
-0.00191972
0.001555898
0.002438035
0.0006102549
0.0002108578
-0.004619471
0.002637757
0.004168217
0.0001294983
8.247995e-05
-0.001763817
-0.0004326824
-0.002261494
-0.001683094
-0.0001644277
-0.001747433
0.0004948961
-0.001310874
0.000407622
7.19642e-05
0.0004455636
0.0004506067
-0.0002181178
0.002997004
3.455213e-05
