4.021416e-01
3.190987e-01
3.896262e-01
3.744791e-01
4.197860e-01
4.290874e-01
2.888250e-01
5.154041e-01
6.074221e-02
1.262223e-01
3.446236e-01
3.929752e-01
4.397573e-01
2.910531e-01
4.457183e-01
5.143600e-01
4.511273e-02
2.976933e-01
3.637074e-01
3.691740e-01
3.577100e-01
1.996817e-05
3.903475e-01
4.141009e-01
4.212403e-01
3.759793e-01
4.605172e-01
3.621830e-01
2.147017e-01
3.014981e-01
3.801649e-01
1.641648e-01
2.682078e-01
3.780059e-01
4.428022e-01
3.396628e-01
4.623989e-01
4.220777e-01
4.420000e-01
2.970179e-01
3.812024e-01
2.229692e-01
3.931867e-01
4.413039e-01
3.480775e-01
4.038260e-01
3.250047e-01
6.247548e-05
3.321792e-01
2.709683e-01
3.970139e-01
3.990798e-01
2.631867e-01
3.555283e-01
2.698390e-01
5.071026e-01
7.558145e-02
3.873780e-01
3.174544e-01
3.494643e-01
2.928691e-01
4.105438e-01
4.104485e-01
3.359173e-01
