6.933046e-04
6.136951e-03
3.627534e-03
1.171390e-02
8.124688e-03
2.802694e-03
6.928912e-03
1.338720e-03
8.351906e-03
2.782578e-03
5.408275e-04
1.151942e-02
1.598862e-03
8.488005e-03
5.739501e-03
5.938296e-03
2.711333e-03
8.550356e-03
7.384450e-03
1.051436e-02
4.112658e-03
4.471025e-03
3.798408e-03
6.827457e-03
6.955949e-03
5.134467e-03
1.260858e-03
2.146961e-03
2.300803e-03
3.901828e-03
1.595406e-03
2.432209e-03
5.820329e-03
3.907538e-03
1.970647e-03
7.554085e-03
3.123317e-03
1.302507e-03
4.603339e-03
7.264312e-03
3.632106e-03
3.649954e-03
6.437117e-03
3.460957e-03
3.020331e-03
1.832046e-03
3.575799e-03
9.591471e-03
1.407888e-02
3.938591e-03
5.863100e-03
3.532249e-03
3.433531e-03
4.065358e-03
9.409566e-03
9.887174e-03
2.167824e-03
6.075185e-03
1.586965e-03
4.122058e-03
1.730427e-03
6.999998e-03
8.663555e-03
6.214144e-03
