9.839376e-03
1.189245e-02
1.178053e-02
1.356704e-02
7.392894e-03
8.628159e-03
1.066707e-02
1.466461e-02
8.397660e-03
1.222478e-02
9.197641e-03
5.260207e-03
8.140576e-03
1.119311e-02
1.060258e-02
6.690645e-03
1.850698e-03
5.562853e-03
4.727095e-03
7.870580e-03
4.053887e-03
1.083928e-02
5.170451e-03
1.048175e-02
1.820034e-03
8.135850e-03
8.468254e-03
6.649895e-03
1.149572e-02
5.033777e-03
4.664548e-03
6.129209e-03
7.105616e-03
6.259212e-03
1.691054e-03
6.630803e-03
6.562229e-03
6.259227e-03
4.761779e-03
8.968174e-03
5.647117e-03
5.675715e-03
3.524406e-03
4.457190e-03
6.621519e-03
5.430218e-03
5.782004e-03
1.226573e-02
1.269679e-02
8.102761e-03
1.353863e-02
3.847735e-03
4.411444e-03
7.430006e-03
9.310192e-03
8.798542e-03
1.029832e-02
4.839236e-03
8.443870e-03
1.355505e-02
1.468033e-02
1.225955e-02
1.121192e-02
1.178690e-02
