16 16 3
-0.020431
0.04839781
0.1200801
-0.01716862
0.07121164
0.1616723
0.04075374
0.07875466
0.1349461
-0.000840716
-0.0007421327
-0.0009533534
-0.0005578122
-4.142354e-07
-0.002790793
0.002241899
-0.00141474
-0.003399471
0.0337715
0.1948243
0.1000126
0.04545252
0.2453501
0.1334967
-0.05951299
0.09130076
0.03209828
-0.1421309
-0.05266196
-0.04956442
-0.1186784
0.1269219
0.09230494
-0.07452786
0.05946041
0.01419306
-0.05221061
0.0761602
0.0631263
0.003558551
0.1096729
0.05354205
-0.05514599
0.04310779
0.001377845
0.0005704635
0.0006670596
0.001700886
0.0008582707
-0.00121511
1.956287e-05
0.00489934
-0.000582511
-0.0002242574
-0.04142525
-0.1356758
-0.1119084
0.01116052
-0.0927933
-0.06996401
0.05316179
-0.01560008
0.0130116
0.03165556
-0.09988262
-0.08120167
0.02366712
-0.1374829
0.004189809
-0.04436364
-0.1191513
0.01730049
0.0124762
-0.08518358
-0.002866899
0.009731368
-0.09192721
0.04112875
-0.006498981
-0.08834559
-0.04259919
-0.01728814
-0.06744136
-0.07659507
-0.02561081
-0.07106958
-0.05455381
-0.0193218
-0.03064609
-0.03165943
-0.02774831
0.02838611
0.05279718
0.01653493
0.09289199
0.1052022
-0.006885268
0.1232227
0.1194635
-0.1512124
0.02368598
-0.002426879
-0.04054769
-0.02502518
-0.04294875
-0.05324735
-0.09900162
-0.1434754
-0.02697681
-0.09646589
-0.0860909
0.01724708
-0.06954409
-0.07302199
0.02564807
-0.08374933
-0.08630534
0.02706556
0.02842831
0.1033728
-0.01070347
0.1318196
0.1464523
-0.05119483
0.04050508
-0.01293153
-0.05492805
-0.006912002
0.02451219
-0.03031923
0.007841486
0.03986145
-0.03009084
0.00195569
0.02998078
-0.04393832
-0.05687319
0.0115604
-0.04856765
0.1049258
0.07041363
-0.04462308
0.03456361
0.03970646
0.07497257
0.1048471
0.1363179
0.1139136
0.1441654
0.1534001
0.1425587
0.1556208
0.1421798
-0.001032642
-0.0008719217
-0.0004109984
0.0007495941
-0.0008752243
-0.000987919
-0.0006902747
-0.003509801
-0.001833104
0.07602963
0.0508528
0.01907991
0.00124228
-0.01392971
-0.01900254
-0.05569932
-0.07095865
-0.04998463
0.01695349
0.0163473
0.003305632
-0.03357329
-0.09110889
-0.1018827
-0.08169747
-0.1891625
-0.1740635
0.02335988
-0.03473134
0.01524264
-0.05487477
-0.04637016
-0.008481652
0.0006399657
0.05066381
0.09080344
0.002908204
-0.0003754298
0.003629634
0.0008381752
0.0003290563
0.001956868
-0.001591285
0.002567067
0.004772256
-0.06500442
-0.09620282
-0.00123509
-0.05124599
-0.11601
-0.0409084
0.03217188
-0.02375596
-0.008676644
-0.1018624
-0.08076278
-0.0395327
-0.05534588
0.01657251
0.02531698
0.03914176
0.07882565
0.1103706
-0.01027196
-0.02493019
0.05027578
0.0006747359
-0.04306823
-0.001282776
0.01343289
0.01996583
0.02419221
-0.09355564
-0.1000153
-0.05672879
-0.1012468
-0.1152297
-0.102216
-0.08641736
-0.1104713
-0.1086628
0.08404491
0.02868943
-0.03504013
0.03431518
-0.003840568
-0.04326073
0.00499828
-0.01517881
-0.03121928
0.06390512
0.02770226
0.0781122
0.01024506
-0.03969794
-0.004279891
-0.03408829
0.01898426
0.04287462
0.01455749
0.004201944
0.01576048
0.006313375
-0.0007659563
0.02491461
0.03701623
0.01330127
0.02306459
-0.02159706
0.009484634
0.03880276
-0.04266828
-0.04278562
0.01261903
0.07090674
0.03656867
0.09705824
0.0170975
0.009795922
0.009305133
0.01050304
0.004414386
0.01611475
0.008650632
0.01554837
0.02904431
-0.04458215
-0.02379577
0.02101994
-0.007552939
-0.02017663
0.02212212
0.02578783
-0.08615929
-0.02442596
0.06927796
0.01434845
-0.09669663
0.03706408
-0.004579871
-0.09079941
0.09752597
-0.03515831
-0.04973011
0.001058308
0.0009772616
-0.0002241313
-0.001847079
0.0004761653
0.0009544723
0.0002975647
-0.003385795
0.0006454703
-0.03095393
-0.009022411
-0.004017254
-0.025269
0.1479233
0.003900335
-0.1018993
0.03998924
-0.02968351
-0.2942586
-0.05645772
0.05256971
-0.5011078
0.2693388
0.1926703
-0.160647
0.09120263
0.07383674
0.08162835
-0.02973013
-0.04427077
0.1795562
-0.3679415
-0.04674486
0.01646417
-0.1563957
0.01762942
0.0009867552
-0.001457968
-0.001994565
0.003348681
-0.0009493122
0.0007255233
0.002189926
0.0007296724
0.001339568
0.002953494
0.08130039
0.2621009
-0.02693314
-0.2630571
0.1350057
-0.2221643
-0.1006924
0.1686077
0.1749359
-0.2317123
-0.06884053
0.03744593
-0.3971883
0.0528134
0.05803205
-0.1161401
0.04077188
-0.005246345
-0.1457236
0.01824597
-0.08664377
-0.2466394
0.1113237
-0.07626796
-0.1183891
-0.002573916
-0.1386884
-0.09348805
0.03415586
-0.1531476
-0.1715255
0.04838451
-0.08825348
-0.02393054
0.07388376
-0.1912055
-0.07884951
0.01396959
-0.04320147
-0.05335704
0.0308923
-0.08882631
0.1260841
0.1659841
-0.1601423
0.1892177
-0.0006241343
0.1139767
-0.01328414
-0.1169295
0.04054471
0.02714399
0.02173467
0.145834
-0.05119086
-0.01291246
0.11097
-0.01995458
-0.03352039
0.1328845
-0.09087028
-0.124447
0.0695585
-0.0315553
-0.1006694
-0.1249575
0.1509137
-0.1441823
0.0927535
0.08979461
-0.1603291
0.06875843
0.05402316
0.01912395
0.0919493
-0.04447104
-0.05971476
0.117177
-0.09106039
-0.1071774
0.002210547
-0.1680925
0.06285293
-0.2717837
0.256468
0.1619577
-0.07792032
-0.07360192
0.02303018
-0.001561898
-0.001594724
-0.001864193
0.0003794341
-0.001429266
-0.00256918
0.001979721
0.0004245163
0.001250813
-0.001545131
0.0004218762
0.0009563924
-0.000108177
0.0005401379
-0.0006892795
-0.0004948392
0.000802321
0.0007867679
0.0006338502
-0.001650385
0.002047831
-0.001267127
-0.001115986
0.003263011
0.001440147
0.0008015694
-0.001497697
-0.002199429
-0.0004622232
0.002106094
-0.0002658372
-0.001227453
0.000602406
3.541218e-05
0.0002632117
0.0001602167
0.002487698
0.002348713
-9.413311e-05
0.0004009053
-0.0001527914
0.00264479
-0.0006718442
0.0001221291
0.0004788006
0.0005361871
-0.002493521
0.003423257
-0.001697175
0.002304087
7.105316e-05
0.001964699
0.0006719597
0.00124909
-0.001907969
-0.001277556
0.0002769041
-0.00287544
0.001591152
-0.0006513696
-1.962844e-05
-0.002831457
-0.0001675508
0.001144462
0.001686958
0.003273665
0.00151924
-0.001745087
0.00256437
-0.002341574
-0.0002151956
-0.002002075
-0.001166141
0.002965507
-0.002068429
0.0002424694
0.000172661
0.003024895
-0.002084
0.003754676
-0.001011801
-0.000912083
-0.0001778457
0.003642719
-0.0006741248
-0.002300033
0.0002379507
0.000666618
0.001268144
0.003081748
0.001955632
-0.001108375
-0.005390342
0.0002845452
0.001550255
-0.00296092
0.001365026
0.0003932902
-0.002320467
0.001605382
-0.0004757764
0.001791778
-0.001102384
0.0007646662
-0.000602667
-0.003111034
0.006653409
-0.001628775
0.001842785
0.0006958765
0.003626244
0.002813563
0.00107146
-0.0001808591
-0.0009807944
0.002342081
0.003737719
-0.0006118531
0.001992894
0.002493455
-0.002055313
-0.0002502323
-0.000417339
-0.0008307766
0.002646553
0.004584427
-0.002807454
-0.000478967
-0.00114759
-0.001478953
0.002934677
-0.000587314
0.0008970935
0.0001086877
0.0004755766
0.003557488
0.001543504
-0.001541936
0.003513023
0.001139716
0.002136156
0.001620016
-0.0004531782
-0.001094504
-0.01748749
0.01901101
0.04177503
-0.07336441
0.01436827
0.02516244
-0.008506387
0.05195625
0.03136281
0.0003199562
0.003800919
0.000874792
0.0006034817
-0.002401285
0.001083941
0.0004428247
0.001506857
-0.002825214
0.08009727
0.02577049
0.02742679
-0.04284838
-0.1000205
-0.07041559
-0.09716514
-0.09074932
-0.05859484
0.08605871
0.06584187
0.03689122
-0.04047149
0.09577678
-0.09253639
-0.02970091
0.01306017
-0.1297531
-0.15735
-0.08837418
-0.0471978
-0.02899506
-0.1085516
0.06662271
0.07700569
0.08670652
0.07774578
0.0008680131
-0.0001968368
0.001522265
0.002040828
-0.001658239
0.001633186
-0.0009040341
0.003028311
0.00239216
-0.2356653
-0.2339215
-0.2224738
0.004719099
-0.1030281
-0.07313624
0.04839931
0.2310405
0.1329143
-0.07804547
-0.08395705
0.04968888
-0.01777617
-0.1159789
0.05247198
-0.02106522
-0.0007362556
0.05668504
-0.06059329
-0.0007552028
0.08967222
-0.04424687
-0.1354812
0.09344073
0.1047289
-0.06583612
0.1078133
-0.04221646
-0.02758059
-0.02401057
0.06018383
0.05262621
0.03385402
0.04207478
0.0600119
-0.0002921083
0.0737567
0.09804111
0.027985
0.03401853
-0.02164203
0.002759603
-0.0764867
-0.1712277
-0.1549617
-0.1324106
-0.1038579
-0.1659342
-0.1332245
-0.1745739
-0.1642443
-0.01245708
-0.04298119
-0.01713255
0.007779669
-0.06062333
-0.01795295
0.001343571
-0.05344662
-0.02224034
0.01594619
-0.004809972
0.03918303
0.160486
0.001442366
0.125519
-0.1226645
-0.04178824
-0.1569279
-0.2090907
0.01238109
-0.0395041
-0.07269415
-0.04304269
-0.03217233
-0.01569444
-0.044336
0.02883558
0.03604608
0.008839901
0.06049372
0.08920642
-0.07027794
0.06705628
-0.07136527
0.02248037
-0.110759
-0.02700124
0.02120605
-0.06373928
-0.1233773
0.02416767
0.1771899
-0.2115817
-0.08782876
0.1028837
-0.2112068
-0.1264626
0.03861661
0.004409563
0.002621795
-0.0007808025
4.004194e-05
0.001013511
-0.0009178843
-0.002788873
0.001887423
-0.004608398
-0.03060562
-0.1179846
-0.2060016
-0.02021471
-0.1222735
-0.2083917
-0.03595164
-0.1208511
-0.202015
0.007086042
-0.04285144
-0.1653242
0.1578483
0.04171748
-0.0399057
0.2173135
0.1006218
0.0277514
-0.0330315
-0.07217373
0.001218203
-0.06218807
-0.1287799
-0.09029138
-0.05527475
-0.1625819
-0.08316874
0.001889953
-0.0005650774
-0.0009831589
-0.00248178
0.002527199
-0.0007473942
0.002445717
0.00084026
0.0008214954
0.1014925
0.03807827
-0.03971488
-0.1534256
-0.06021217
-0.009727325
-0.1417293
-0.1285114
-0.003431027
0.02734745
-0.01247086
-0.0497362
-0.03483006
0.02906869
0.03101822
0.01646401
0.04298274
0.06323346
-0.01361491
-0.03316732
-0.03377115
-0.07769606
-0.01903099
-0.08514591
-0.06023108
-0.01878901
-0.02259958
-0.03960667
-0.05771464
-0.09517384
0.06853879
0.03759693
-0.04258065
0.2045342
0.1285943
0.009432158
-0.07113029
-0.1417928
-0.1934201
0.1554798
-0.01126075
-0.1667597
0.2591048
0.09935103
-0.1199251
0.0007475257
-0.04863581
-0.01597902
0.0039921
-0.03135496
-0.01425648
-0.03093505
-0.02809898
0.05858616
0.006975731
0.06782843
0.0519618
0.003419081
0.05946045
0.06119205
0.003047674
0.06902678
0.05264638
0.1302544
0.2157781
0.1421208
-0.06663926
0.06642281
0.1598624
-0.2128009
-0.05889009
0.2053487
-0.02197548
-0.02014019
-0.02011752
-0.05368488
-0.04288102
-0.04806818
-0.06604955
-0.04793431
-0.05018811
0.07799706
0.09377749
-0.06245814
0.064166
0.03240477
-0.003916924
0.03643
-0.02420577
-0.0416258
-0.1548793
-0.1183897
0.02417771
-0.1567278
-0.1058798
0.0712764
-0.03506728
0.02436463
0.140318
0.00530994
-0.001142504
-0.001292228
-0.001419838
0.001330809
0.000334244
-0.001691249
-0.0004891627
-0.00180821
0.02623388
-0.1581397
-0.2467656
0.05086656
-0.1834992
-0.2187222
-0.09480575
-0.1832549
-0.07016397
-0.1664646
-0.02781137
0.01937565
0.05531142
0.06343101
0.09124106
0.02342751
0.03088912
0.1690498
-0.008788017
-0.07142816
-0.05543396
-0.03213651
-0.02492603
-0.002422288
0.05728101
0.01230042
-0.02047071
6.962939e-05
-0.0004588153
-0.003508847
-0.002247514
-0.0009104296
-0.0002503953
0.0004821748
-0.001452378
-0.003136584
-0.06936013
0.110834
0.2125777
-0.571257
-0.2588165
0.3126982
-0.3212871
-0.09367402
0.230966
0.04744392
0.002610947
-0.03924314
0.002639287
0.03391699
-0.01158263
0.007805108
-0.02000277
-0.02972165
0.06439646
-0.04107476
-0.09532335
-0.05074981
-0.05666974
-0.08705014
-0.002804473
-0.09466636
-0.05195956
-0.1981122
-0.09125055
-0.04403443
-0.0736259
0.03806921
0.02714152
0.07426754
0.06595334
-0.02791237
-0.01073948
-0.06980347
-0.1581459
0.2391101
0.1521847
-0.07460237
0.217661
0.1519318
-0.07713943
0.1223109
-0.04791321
-0.1935696
0.07796896
-0.074287
-0.05876783
0.08009998
-0.0002209199
0.02030222
-0.066874
0.01143564
0.04209608
-0.06191767
0.02709614
0.03364838
-0.05391299
0.03481387
0.04714366
0.2135209
0.1692207
0.004798099
-0.06466422
-0.07560793
0.004203633
-0.2708627
-0.3538343
0.08133198
-0.01790126
-0.04007443
-0.04012738
-0.06992517
-0.05135005
-0.01954022
-0.05367061
-0.02807895
-0.03539889
-0.05667238
0.1427168
0.01884832
-0.05760631
-0.0199145
-0.09384679
-0.05515086
-0.04491835
0.114396
0.01539953
0.08788285
0.05765494
0.1267507
0.2034066
0.1418262
0.1259861
0.1711098
0.09591448
-0.0005759765
0.003572216
0.0009752656
0.003214707
-0.001930965
0.002345218
0.005108333
0.0001336061
-0.003513008
0.0946807
0.04970297
0.04192838
0.09284275
0.05261484
0.03929079
-0.007550362
0.003590547
0.01376067
0.0001966087
0.04575131
-0.001447692
0.08822622
0.09946717
0.0162988
0.01032843
0.01165144
-0.02837546
-0.09316158
-0.1906759
-0.1319591
-0.06526485
-0.1127922
-0.05556288
-0.03676453
-0.09687555
-0.04255551
0.004588933
-0.000442579
-0.0008661587
0.002030295
0.001631878
8.700175e-06
0.0001264411
0.0004547583
-0.003054872
0.07264532
0.001059384
-0.02707315
0.1622382
0.1519037
0.1818589
0.1908093
0.209219
0.1747352
-0.09896605
-0.1705737
-0.08111403
-0.06607191
-0.06621381
0.02177332
0.01794928
-0.02137472
0.1040945
-0.223128
-0.1066284
0.07969008
-0.08165431
-0.01792966
0.1519841
-0.1060305
-0.05083705
0.09878115
-0.113837
-0.05631458
-0.02509877
-0.107985
-0.06494633
-0.02891288
-0.07262807
-0.04921137
-0.03380064
0.03406707
0.005402604
0.01602407
-0.04272016
-0.06358679
-0.03818785
-0.1165097
-0.09782764
-0.08968181
0.02382137
0.0223909
-0.04909927
0.0002070774
0.01448062
-0.0421692
-0.1132808
-0.04528794
-0.07660805
0.01267554
-0.06737319
-0.1013661
0.01881662
-0.06672897
-0.07805094
0.0049866
-0.1080669
-0.08723757
0.01771314
0.03871199
-0.04487658
0.02012805
0.09144557
-0.02194559
0.03187439
0.07833617
-0.04891827
-0.03336884
-0.06847082
-0.06485961
-0.00585517
-0.04109157
-0.0419891
0.007008512
-0.03688931
-0.02839209
-0.1296139
-0.07084942
-0.05051254
0.03991905
0.08951068
0.08799174
-0.009155754
0.01729491
0.04819151
0.174853
0.02782551
-0.05377409
0.1210015
-0.01373753
-0.0868797
0.07071342
-0.0926356
-0.1758169
-0.0009986673
0.0005527003
-7.04609e-06
0.0007170928
0.002056005
-0.002265721
0.002978799
-0.0005948658
0.002103396
0.03607656
-0.08098572
-0.05403595
0.03992027
-0.1135818
-0.05253696
-0.004632543
-0.06081879
0.07996292
-0.175099
-0.1908154
0.05391637
-0.03972808
-0.1702785
0.1396606
-0.0450115
0.05588173
0.1344917
-0.07869077
-0.03814951
-0.01360572
-0.1800511
0.08076028
-0.005005365
-0.099291
-0.0426649
0.0176351
-0.002823123
0.001698529
0.0003607911
-9.693412e-05
0.001364723
-0.001466899
0.001035031
-9.658863e-05
-0.001295094
-0.02599372
-0.1012726
0.3093666
-0.4535315
-0.2038501
0.1818969
-0.008814801
-0.02396713
0.4845039
0.06738868
0.1025255
-0.09978542
-0.08039539
-0.008067742
-0.1788225
0.07051892
0.003870033
-0.02309805
0.1517012
0.03895757
-0.03966456
0.06027164
0.00276192
-0.04308317
0.05667212
-0.1105644
-0.03569796
-0.290554
-0.2188664
-0.005546249
-0.2891103
-0.1360137
0.05969555
-0.07468878
-0.05800506
0.1494973
0.02133831
0.0345134
0.1260389
-0.03030066
0.1289167
0.1054228
0.006540002
0.01553635
0.1020872
0.2482036
0.04584954
-0.01596367
0.08862931
-0.003341302
-0.1376858
0.1182548
-0.02939619
-0.01646169
-0.00799004
0.04123935
-0.04834875
-0.03049847
-0.01108979
-0.04295884
-0.03236097
-0.008199693
-0.07897596
0.231914
0.1127622
-0.1395357
0.2999366
-0.1993885
-0.1164179
0.1660064
-0.0790144
-0.262757
-0.0266832
-0.01075691
-0.05348137
-0.08255515
0.03008066
-0.0107006
-0.08410481
-0.0002565929
-0.000317296
-0.137066
0.08721759
0.02155734
0.1699956
-0.08402184
0.1557195
0.001840005
0.05761961
-0.01833362
0.2468295
0.1666802
0.005556826
0.0988258
-0.0391266
-0.1762336
-0.1319762
-0.2327864
-0.3360851
-0.0006678535
0.002988306
0.001649481
0.00320564
-0.002813135
-0.0007020631
-0.0003206128
-0.002577945
0.001774676
-0.07142693
-0.05149464
0.06695446
-0.07978589
-0.03089017
0.08121996
0.06398791
0.09809296
0.1471521
-0.07949419
-0.08628918
-0.03049423
-0.1215002
-0.1270966
-0.07355328
0.1326683
0.1579095
0.1792348
-0.0490183
-0.149939
-0.1245546
0.05241307
0.00475582
0.03482584
0.1565758
0.1667676
0.1121606
0.0004529098
-0.0006224661
-0.0006951694
-0.00365928
-0.001039276
0.00223932
-0.001246993
-0.001591878
0.003798953
-0.1883916
-0.2101955
-0.03761027
0.0310697
0.01844198
-0.06817289
0.2228839
0.2647518
0.1471773
0.02187212
0.0006939024
-0.0325645
0.02818329
0.02178195
-0.02313885
-0.04638824
-0.09090936
-0.1018275
0.02784454
0.04828442
0.07669661
0.07223494
-0.01379376
-0.08001505
0.06742945
-0.03301402
-0.1112111
-0.100527
-0.1593449
-0.1156882
-0.04046154
-0.07762454
-0.02503755
0.1025974
0.0941584
0.1685707
-0.1867105
-0.2184957
-0.1611349
-0.2697427
-0.2492792
-0.114837
-0.1156085
-0.08407857
0.04508922
0.04631744
0.02845092
0.0276503
-0.03110128
-0.02979101
-0.05810618
-0.06659676
-0.002143551
-0.03501715
0.04542705
0.01002402
-0.02726913
-0.01313886
-0.04208717
-0.05556726
-0.04838929
-0.05280042
-0.04878044
0.07426575
0.1408789
0.06079401
0.13202
0.1225335
-0.05041765
-0.04122647
-0.0003096631
-0.1923411
-0.0093741
-0.02206062
-0.0377726
0.04269372
0.009835886
-0.01435387
0.06136679
0.02785047
0.02219768
-0.07573058
-0.05928189
0.03392048
-0.0665497
-0.06766415
-0.00155214
0.0425294
0.05359671
0.02352484
0.06113608
-0.05783412
-0.0868881
0.02536132
-0.06639662
-0.09482094
-0.01859829
-0.06088666
0.0105539
-2.056929e-05
0.0009497291
-0.001360687
1.487214e-07
-0.001730158
-0.001252867
0.002105402
0.002525906
-0.00383651
-0.2358018
0.1229965
0.2996181
-0.0829863
0.1868706
0.1073627
-0.01718831
0.08866955
0.01545454
-0.07250409
-0.1654021
-0.001967646
-0.1818931
0.157011
0.0241406
-0.1567299
-0.1535409
0.0779466
-0.05742887
0.2243367
-0.06918005
-0.0603936
-0.2034303
0.0008602065
0.03580915
0.06821204
-0.1197444
0.001770414
-0.0001893251
-0.004522308
0.001280525
0.00287162
0.001750068
-0.002248202
-6.049069e-05
-0.002415369
0.1199643
0.2112336
-0.2986513
0.5931534
-0.04912204
-0.4291629
0.1060566
0.2081846
-0.368919
0.07703356
-0.0396437
0.08470954
0.03815069
-0.1970825
-0.0435147
0.08257951
0.06634849
0.04521349
-0.0128958
-0.08238357
-0.005246343
0.03002907
-0.1628931
0.0437559
0.05129679
-0.07830693
-0.06069476
0.1496493
0.05768735
-0.04191402
0.03271415
-0.08859813
-0.008626191
-0.07401572
-0.01085789
-0.0314119
-0.1885397
0.1266695
0.1268184
-0.3562049
-0.1024609
0.2287266
-0.1788766
0.03956402
0.09767267
-0.1940213
0.1371646
0.1564157
-0.07161461
-0.1291761
0.06832732
-0.02829134
0.09633952
0.016698
0.03440817
-0.1491939
-0.03043266
0.03859786
0.009677973
-0.004292463
0.0003218004
-0.1138717
-0.05245272
-0.07550155
-0.1893383
0.06291272
-0.04215181
0.1081081
-0.1207812
0.2650263
0.05943029
0.03304548
-0.02999957
0.05357308
0.02326475
0.01546914
-0.04993511
0.001143738
0.04567206
-0.06022819
-0.05805151
-0.1241075
-0.4021812
0.09831745
0.03318209
0.181122
-0.08613671
-0.1145356
-0.1251879
0.08325471
-0.06408821
-0.122918
-0.01806687
-0.05185209
-0.1537148
-0.06552996
-0.004106245
-0.1167988
-0.06597324
-6.864735e-05
0.001125544
-0.0002831991
0.002075212
0.001811323
-0.001332138
0.001633261
8.078781e-05
0.001832817
-0.09999358
0.1321747
0.1321801
-0.1164748
0.1178928
0.1470283
-0.07238593
0.04611993
0.1049779
-0.03828344
0.04001068
0.1341153
-0.03245152
-0.05342469
0.210424
-0.04140996
-0.1062138
0.1044599
0.1303592
0.08064087
-0.008631909
0.1209729
0.154851
-0.119601
0.05586338
0.1946713
-0.02766501
0.00101985
-0.001736955
-0.0008559101
-0.000145456
-1.981797e-05
0.0002634536
6.362564e-07
0.0001890781
0.004122756
0.02284049
-0.02159262
-0.005611663
0.1228813
-0.02735469
-0.1861481
0.1390191
0.03386629
-0.126297
-0.01894983
-0.02792322
-0.08840656
0.02614514
0.02513477
-0.1036036
0.07439266
0.05805886
-0.04999569
-0.09062583
-0.0848593
-0.07310282
-0.04293931
-0.1452719
-0.2052279
0.09714606
-0.066512
-0.21516
0.08102351
-0.02613168
-0.04830698
0.121366
0.01492019
-0.06565911
0.02166116
-0.01811059
-0.09171097
-0.02854119
0.0562821
0.02308718
-0.02910343
0.1208422
0.1133767
-0.105584
0.02259992
0.02476268
-0.08820277
-0.1283607
0.07628613
-0.02012648
-0.1066869
-0.02532706
0.08192775
-0.004558766
-0.009083366
-0.02369609
0.02736112
0.02755148
-0.05236772
0.03404451
0.05433488
-0.04382852
0.04475098
0.08065769
-0.09524447
-0.1115153
0.05278888
-0.1000063
-0.2666287
0.01571982
0.05840079
-0.1875851
0.03836514
0.04527433
0.04860295
0.03924181
0.03261391
0.08332027
0.006264318
-0.008533613
0.1031449
0.03385645
-0.03647492
0.0683741
0.05773406
-0.07877047
-0.04602217
0.03922833
-0.01202909
-0.06634646
0.0006627094
0.04354444
0.05995968
0.04528602
0.08512862
0.08306535
0.02967302
0.0743753
0.06706315
-0.01103685
0.0008865819
0.002675853
-0.0007227933
-0.0003408014
-0.0001326003
-0.0004066108
0.002733899
-0.001899755
0.001684818
-0.09292988
-0.02471484
-0.01426524
-0.07787961
-0.009580508
0.002777022
-0.04483258
-0.01535946
-0.007457167
-0.1111836
-0.09413064
-0.1534
-0.08127582
-0.2101154
-0.1470276
-0.06450822
-0.1381042
-0.06938185
0.003394359
0.09641127
0.1074443
0.2109936
0.3966391
0.2328857
0.02977876
0.1337784
-0.003476125
4.438686e-06
0.003945341
0.0008473265
0.001722651
0.0001486981
0.000766753
0.003228133
0.0001935226
-0.001156562
-0.01946078
0.01170948
-0.08037364
0.02802026
0.2183427
-0.07740808
0.05441
0.09017927
-0.009663822
-0.0237396
0.02283151
-0.03138238
0.1366606
0.2128078
0.09972078
-0.007979237
-0.01223273
-0.03151787
0.04661907
-0.01740452
0.004641172
0.1365124
0.06597876
-0.03421749
0.1529096
0.129674
0.001876399
-0.0122482
-0.04550328
-0.0845192
0.04047703
0.01899128
-0.03211093
-0.0001919403
-0.03400563
-0.03939312
-0.0948945
-0.1466801
-0.1001671
-0.07512435
-0.0741578
-0.0652876
-0.07384101
-0.08935478
-0.09759516
0.008874399
-0.1206442
-0.01230446
0.09317999
0.09452383
0.1312784
-0.0554098
0.0002173133
-0.006170881
-0.003534392
0.004954482
0.0220664
-0.05681188
-0.01043965
0.02796839
-0.03916728
0.02953357
0.06752538
-0.07691403
0.05223548
-0.06406587
0.05389332
0.01564717
0.108044
0.06864148
0.03232081
0.08594181
0.002146642
0.02547275
0.04966584
0.03187053
0.09708408
0.08612682
0.002050797
0.1105818
0.06438166
0.0435841
0.1501769
0.03941198
-0.001318905
-0.0618503
-0.03580088
0.1012081
0.03178431
0.113542
-0.007520538
-0.03489068
-0.05690656
0.0004105507
-0.01316154
-0.04464108
0.008259866
-0.001282195
-0.03223968
0.00057327
-0.002896281
-0.001360373
-0.001412694
-0.00295751
-0.002025435
0.001820795
0.002018073
6.0858e-05
0.0378555
0.03091611
0.03542265
0.03598096
0.03295009
0.03168472
0.05152864
0.04868306
0.005958708
0.1013925
0.1152087
0.03694521
0.09389643
0.1402689
0.06261982
0.03451847
0.08825427
0.005945406
0.05253735
-0.02980191
-0.001921474
0.1112942
0.03003072
0.07342596
0.1239965
0.03215636
0.08968687
0.0001492784
0.0005914668
0.002491363
0.001514974
0.001349346
0.0001851727
-0.004053096
0.002611684
0.003032546
0.06809518
0.167777
0.04883413
0.1640006
0.2455112
0.1016557
0.0939905
0.1511389
0.02823671
0.05747484
0.01832193
0.05575229
0.0301118
-0.01715037
0.04797924
0.02130629
-0.01937994
0.05950209
-0.006387651
0.05559054
0.05977914
-0.006109192
0.03682485
0.04856424
-0.005379661
0.009935039
0.02701472
0.08313867
0.07467498
0.02067276
0.1161022
0.1012522
0.06892492
0.05770082
0.0667182
0.06698367
0.1165184
0.07930848
0.03231174
0.1365812
0.09639505
0.05604341
0.1067259
0.07976001
0.03095033
-0.08345482
-0.02150767
-0.04239089
-0.009466409
0.0138536
-0.01565507
-0.01050203
-0.02684899
-0.08343828
-5.958097e-05
-0.01518714
-0.04899417
0.01310767
-0.0002366446
-0.04713781
0.007269397
-0.006750255
-0.04733339
-0.06200961
0.03784974
-0.07325301
-0.1377902
-0.02395887
-0.08773399
-0.1699177
-0.07210495
-0.14391
0.06172006
-0.01800026
-0.03987028
0.05958088
-0.01236386
-0.04162683
0.07098678
7.53959e-05
-0.02397833
0.02525052
0.03128231
0.02890906
0.02885874
0.06703491
0.04501065
-0.008744784
0.04876003
0.05007686
-0.05259979
-0.07865211
-0.07809738
-0.007161089
-0.02887221
-0.008343061
0.02819643
0.01971379
0.04031675
-0.0009088799
0.002567648
-0.001637578
0.00359786
0.003746555
-0.003927383
-0.0004158025
0.0001305795
-0.002043312
0.009774983
-0.007632199
-0.01688369
-0.01213167
-0.02154983
-0.0291608
-0.06380601
-0.08117352
-0.05102187
0.04068855
0.08103562
0.07658879
0.000199179
0.04371677
0.02936297
-0.06152251
-0.1418875
-0.05600993
-0.03736222
-0.1273888
-0.09087165
0.005899993
-0.06746977
-0.01294105
0.1149389
0.1730849
0.03504651
0.003673514
0.004135701
-0.001191478
-0.0008631636
-0.0005055889
0.001759828
-9.890758e-05
-0.0009854691
0.001808532
-0.0738918
-0.03276153
-0.007283389
-0.08010894
-0.1605784
-0.1338488
-0.053552
-0.04798939
-0.0626082
0.04079178
-0.03513937
0.01740812
0.06143219
0.04839724
0.01806244
0.06738327
0.05446516
-0.07625911
-0.0486369
-0.06173048
0.04020875
0.01023937
-0.09263746
0.02570613
0.1379032
-0.01172758
-0.05027676
-0.01027021
-0.003308337
0.02565713
0.03306475
0.001936011
0.01981066
0.03367958
0.04213186
0.02202121
-0.03745516
-0.03284883
-0.06576555
0.03755597
0.01498495
0.02613594
0.005904588
0.05441283
-0.0008540434
-0.02981707
-0.00580971
-0.009817754
-0.07884934
-0.1588027
-0.08121645
-0.02955902
-0.04928995
-0.0167563
0.02236518
0.01355371
-0.02939014
0.01276845
0.01403582
-0.01827386
0.02242669
0.01884034
0.01685392
-0.04598029
0.03566867
0.02039369
-0.1591699
-0.006512932
-0.07309941
-0.03863661
-0.09711094
-0.06110056
-0.003605848
-0.02335176
-0.03085782
0.01500549
-0.0395648
-0.03420309
0.02020847
0.0009810576
0.007236598
-0.03023664
-0.06729401
-0.001748707
-0.07129548
0.05167253
-0.05510861
-0.07079881
-0.1459881
-0.0418006
-0.0469215
-0.0132642
0.009387757
-0.1060734
-0.07358395
-0.02491763
-0.08530514
-0.07036943
-0.0125972
0.0002127982
0.000209253
0.0004761417
0.0009919682
-0.0001960532
0.001490343
0.000205098
-0.001895055
0.002211476
0.03207613
0.02719489
-0.1040109
-0.0166354
-0.0238134
-0.139842
-0.1135385
-0.09509882
-0.1464881
0.07859058
0.1552329
0.05859889
0.03680195
0.1703485
0.04396598
-0.04922104
0.02039571
-0.04207436
-0.01233987
-0.06478271
-0.0858346
-0.01747946
-0.09312519
-0.1149181
0.1086915
0.05658605
-0.03681891
-0.0001147898
-0.001345702
-3.41995e-05
0.0004708109
-0.000335278
0.0005093768
0.001523721
-0.002010369
0.003248813
-0.06391402
-0.06445383
-0.03826042
-0.1606945
-0.2207725
-0.1454703
-0.02903686
-0.1170911
-0.09521049
-0.02347837
-0.0477547
0.03608012
0.05083702
-0.02683219
0.05775212
0.1038665
0.03149217
0.07613512
0.01959405
0.009993491
0.05879221
-0.02633013
-0.08960479
-0.003275501
-0.01206545
-0.1171005
-0.03572496
-0.02367081
-0.05027473
-0.03449031
0.02873082
-0.002224362
0.0008006557
0.07594545
0.03793165
0.001323691
-0.004302111
-0.01112918
-0.08240633
0.1536858
0.1074704
-0.006874039
0.1325622
0.1093225
-0.02099107
-0.09432472
-0.03920132
-0.05651024
-0.1495953
-0.118033
-0.05506065
-0.09198648
-0.07054641
-0.06806096
0.06470665
0.04750773
0.02049961
0.03786913
0.02259884
-0.007262773
0.051824
0.03594872
0.01065255
0.02278518
0.1139911
0.110751
-0.1477745
-0.03754718
-0.04572824
-0.1794634
-0.1032413
-0.04229076
-0.00748307
0.00179197
-0.02370712
0.006491955
-0.02761714
-0.03987765
0.03093021
-0.01563462
-0.0237693
0.07167479
0.04835433
0.0135481
-0.03866107
0.04170722
-0.04885774
-0.06649324
-0.01892969
0.01798601
