16 16 3
0.04680447
0.08709333
0.07807188
0.04689416
0.1336505
0.1320443
0.01370366
0.06344201
0.06613621
-0.006319739
-0.01873539
0.04329444
-0.04400681
-0.07281553
0.00795986
-0.0387365
-0.09774863
-0.0218055
0.08777723
0.1088297
0.08404382
0.01382467
0.05218409
0.09432447
0.03112881
0.06786858
0.01483538
-0.06526762
0.02390079
0.06468459
-0.009476454
0.0650164
0.02128466
-0.03940954
0.01306599
-0.005970164
0.00685415
-0.07842701
-0.03794326
-0.07793084
-0.2013005
-0.1724518
-0.04329326
-0.1626067
-0.1323885
-0.1044014
0.08754
-0.04263608
-0.06780326
0.07523072
-0.03641744
-0.0914497
0.1330169
-0.01187626
0.07657946
0.1249846
0.1419787
0.07002036
0.08999513
0.1127073
-0.001066648
0.009902952
0.06783138
0.03575938
0.03186079
0.03763326
-0.006928334
0.00518176
0.0455621
-0.0416771
-0.09120101
-0.03980656
-0.05661656
-0.03958648
0.04098916
-0.01366773
0.08348659
0.07518546
0.007043073
0.06513972
0.0005650816
-0.0001713703
-0.03681695
-0.03499214
0.03964672
0.01729641
0.004983053
0.06689954
0.03109633
0.06055543
-0.02712637
-0.03878819
-0.025742
0.0005344158
-0.003525031
-0.07467187
-0.03686282
-0.007266349
-0.02962031
-0.01752481
-0.03599332
-0.01943889
0.03478107
0.03994062
0.03404402
0.01984087
0.00675148
0.05263128
0.0639824
-0.0001604636
0.0282306
-0.07063994
-0.1064071
-0.09200928
-0.0610106
-0.1283477
-0.1016464
0.03074202
-0.04338761
-0.01323733
-0.01646446
-0.106699
-0.1074789
0.05373346
-0.07055961
-0.06415086
0.03240981
-0.0009139612
0.02222185
-0.03563613
-0.0315834
-0.01575528
0.04747071
-0.0563504
0.04202158
-0.1215955
-0.05030486
-0.3231933
0.283418
0.3214107
0.3758554
-0.2007171
0.0009178012
-0.3114862
-0.001734858
-0.005076655
0.002186093
-0.07601208
-0.07894182
-0.1039755
-0.03836344
-0.06987729
-0.0882457
0.05305707
0.0286416
-0.03232377
0.1658452
-0.03655908
0.1648692
0.09690145
0.1680971
0.193775
-0.04829515
-0.02176793
0.07137223
0.0214388
0.03114419
0.01083217
0.02048224
0.03239735
0.06161095
-0.03448981
0.01901012
0.0724474
0.04343629
0.1558004
0.1956069
0.1056914
0.1627927
0.1620441
0.07739869
0.03421428
-0.06925807
0.09042768
0.0675582
-0.0066422
0.025759
0.02861279
-0.00930143
-0.2223126
0.03350312
-0.1968827
0.208235
0.1090431
0.2734304
-0.1915868
0.04823613
-0.1914663
-0.02767478
-0.1306397
-0.07982414
-0.03477981
-0.1176067
-0.04855936
-0.01261557
-0.06183412
-0.03469805
0.005261264
0.002940852
-0.004703491
-0.003023452
-0.06403746
-0.07323219
-0.003289257
-0.02928122
-0.03987763
0.07339216
0.009229427
0.08778135
0.01950072
0.04944462
0.2914457
0.09790828
0.2244943
0.3354356
-0.00343624
-0.02932907
-0.00378207
-0.07736392
-0.09984316
-0.002568198
-0.009252676
-0.04800222
0.002551318
-0.06726251
0.03089273
-0.01392142
-0.04182502
0.00719717
0.09707989
-0.05062433
0.002991597
-0.01382553
0.0356783
0.04008055
0.0382805
0.005379962
0.03061981
0.09700267
-0.06753679
-0.06002611
-0.02689279
0.04881652
-0.05112433
-0.05478444
0.0168724
-0.1527913
-0.05255701
-0.08465797
-0.1111903
-0.1092977
-0.01197658
-0.09127478
-0.08002494
-0.01621189
-0.07154143
-0.04515549
-0.01808275
-0.04332035
-0.02982543
0.02221953
0.0518895
-0.06259606
0.01541129
-0.04045536
-0.04035486
-0.005947152
-0.02333461
-0.01202696
0.1936022
-0.1330564
0.02097568
0.02372949
-0.1955887
0.08619009
0.09958583
-0.1597434
0.1428623
0.00223453
0.002506679
-0.004026189
0.002337112
-0.007752977
-0.004578218
-0.01632797
-0.03388013
-0.02929798
-0.02902728
0.02152517
0.02600737
-0.01866228
0.03758675
0.02138774
-0.010401
0.02981885
-0.02138198
-0.002261998
-0.005926298
0.002882322
0.01212578
0.011934
0.02220187
-0.01136759
-0.006565126
-0.004878138
0.04978425
0.04053001
-0.02016586
0.08345833
0.02969056
-0.0430938
0.07380027
-0.003667026
-0.06342325
0.007197174
-0.006564168
-0.005148345
-0.0006327645
-0.01037188
-0.01974148
-0.006261849
-0.01684413
-0.02245894
0.009162275
0.005197171
-0.01369586
0.02155498
0.01892066
-0.01371578
0.03423666
0.01651163
-0.02729618
0.02029182
0.02113493
0.007433609
0.02878923
0.02972476
0.01338969
0.02784551
0.02564956
0.02072619
0.0160831
-0.01322221
-0.01385639
0.0135475
-0.01448562
-0.003963289
0.01455091
-0.002193437
0.0006355806
-0.00458183
0.02868426
0.01810564
0.01582287
0.04498954
0.01796305
0.02113008
0.03061461
-0.00300413
-0.0005728863
0.007785684
-0.00179356
-0.003278944
0.003964602
-0.0004891163
-0.006048785
-0.001292259
0.0006219341
-0.009239847
-0.01980661
-0.01544854
-0.002050911
-0.01654353
-0.03008461
-0.0193329
-0.01375794
-0.02426265
-0.008272672
-0.007313793
-0.004088285
-0.01044022
-0.01357282
-0.01398044
-0.003255581
-0.001872823
-0.002692924
-0.01782101
1.693368e-05
0.009118027
-0.01802726
0.0004379261
0.01408901
-0.0155871
-0.005935017
0.0082044
0.004161699
0.01206694
0.003983799
0.001414532
0.005711854
0.004229827
0.0008611438
0.007630364
-0.001290288
0.010781
-0.006989465
0.009394595
0.001894383
-0.008379178
0.01406812
0.002017023
-0.004304165
0.0112346
-0.02966049
0.0157781
0.02600916
-0.01821061
0.02292182
-0.02635238
0.01292087
0.03182319
-0.04298478
-0.0275665
-0.01221221
-0.03471588
-0.117697
-0.08355912
-0.06814048
-0.0824699
-0.05184149
-0.05190041
-0.04017511
0.03323456
-0.001149144
-0.1043139
0.03504999
-0.01064083
-0.05714239
0.03609962
-0.01106681
0.02348193
0.01552881
0.007841267
-0.01520419
-0.06586821
-0.04364043
-0.0434147
-0.04443945
0.003465442
0.03148927
-0.02897773
-0.05960046
0.04330735
-0.05587364
-0.08937357
0.09129051
-0.03204244
-0.03928806
0.05873276
0.1842417
0.1513739
0.1081797
0.2238092
0.2039057
0.05521454
0.1552592
0.1211952
0.01706361
-0.007240291
0.01326288
-0.03981602
0.04147945
-0.05826949
0.01550418
0.001680093
0.01468567
0.005091746
0.0460408
0.01713313
0.0199951
0.05016556
0.002021587
0.003688759
0.0348774
-0.02212795
-0.04484626
-0.03804739
-0.03860854
-0.055633
-0.06389356
-0.05477363
-0.03718434
-0.08028507
-0.07009234
-0.102268
-0.09145094
-0.03114017
-0.1067003
-0.06621505
-0.03709419
0.001853134
-0.01603533
0.01640194
0.0493515
0.02180634
0.07840772
-0.01675127
0.005920479
0.05766751
-0.05022119
-0.04559279
0.04789359
-0.04373271
-0.05220383
-0.1308316
-0.09716755
-0.08939886
-0.1277958
-0.1466019
-0.1255972
-0.1128674
-0.06186634
-0.06673946
-0.01485753
-0.04909625
-0.05491058
-0.02724914
-0.07505786
-0.09473575
-0.06365662
-0.01588948
0.06337948
0.03306765
0.01280264
0.07403636
0.09937602
0.06817582
0.08166391
0.1047313
0.04786086
0.1080185
0.1040356
0.04024905
0.08646584
0.1153265
-0.0194137
0.03354058
0.05805527
-0.05489158
0.01737998
0.02009101
-0.06176551
0.02112222
0.04317248
-0.03195699
0.006842309
0.01661744
-0.04158629
-0.1032398
-0.05242435
-0.08059484
0.06730524
-0.002437644
0.02702017
0.01710271
0.02657619
0.04613327
-0.02797892
-0.02699095
0.01656586
-0.02280433
0.005867367
0.01874302
-0.004617309
0.02116535
0.08575957
-0.04504775
0.03990649
0.1606553
-0.08042125
0.04883342
0.1363497
0.06648532
0.05201305
-0.1076327
-0.1094698
-0.08565404
-0.01759946
0.0234466
0.02390546
0.06963171
0.1346404
0.1541784
0.09041608
0.0467031
0.1249666
0.09200629
0.1049596
0.21463
0.1131139
0.1964392
0.2570639
-0.02994003
0.06109969
0.008754755
0.0370786
0.1048117
0.07931942
0.003689538
0.07450394
0.03334578
-0.08132709
-0.0017652
-0.03036636
0.1478425
-0.06686572
0.09590422
0.01196556
-0.0588986
-0.06893499
-0.07092998
-0.09333605
-0.02958563
0.02374295
-0.02265886
0.04802696
0.03050239
0.0125239
0.1066687
0.002697675
0.05326028
-0.06328746
0.05324886
0.09477901
-0.03253986
0.04973037
0.06755857
-0.06370888
0.1025681
-0.01290525
-0.05361768
0.03757064
-0.03914765
0.05297575
-0.09378503
-0.1192938
0.01428281
-0.001747898
0.03769514
0.08344695
0.04078047
0.0712069
0.1405237
-0.006411996
0.0444789
0.07475863
-0.03109347
-0.0407286
-0.01524608
-0.01827891
-0.1221128
0.04068064
0.1479107
0.004410509
0.01392186
0.02170423
0.02436479
0.01345871
-0.02737313
-0.01847916
-0.003494591
-0.02162013
-0.06102587
-0.03300764
0.03573086
0.008263677
-0.06975669
0.1020676
0.08526998
-0.04052474
0.05938858
0.1125643
-0.0398611
0.008665478
0.07414376
0.03528663
0.06984019
0.09266142
0.04804066
0.0228753
0.07834665
-0.001088077
0.05725276
0.07958198
-0.09877636
0.082372
0.08173975
-0.1246497
0.06153787
0.09486242
-0.1309002
0.1161115
-0.1461267
0.05994814
0.08152554
-0.07199612
0.0571042
0.1376865
-0.3095026
0.2550553
-0.01030047
-0.002165166
0.002403889
0.007244019
0.0008530024
-0.02001484
0.03746236
0.03125229
-0.01005313
-0.07304607
-0.09524568
-0.1043807
-0.09491614
-0.07000563
-0.08464125
-0.06380352
0.01389696
-0.04896919
-0.04088632
-0.03122573
-0.00644099
-0.01775984
0.01234303
0.01285987
0.06672381
0.08458576
0.07866035
-0.09001411
-0.03864501
0.004141265
-0.04684562
0.01305384
-0.006708255
0.04303566
0.0284222
0.0176523
-0.03127678
-0.0190615
-0.01452916
-0.03999292
-0.01520524
0.005641232
-0.04085897
-0.00589226
0.00350277
0.01282549
-0.00846147
-0.01402351
0.032953
-0.01432334
0.01894197
-0.01663605
-0.03495346
-0.04302982
-0.00704463
0.008833295
0.007728881
0.0104543
0.03766945
0.01888176
0.01313687
0.03418526
0.0234041
0.02493777
-0.01118655
-0.03230616
0.03226091
0.0001483239
-0.01456869
0.01806354
-0.01039097
-0.01016827
-0.02857825
-0.0499495
-0.02752342
-0.04465673
-0.04910232
-0.00342041
-0.04037672
0.0202278
0.00787634
-0.04517011
-0.03742205
-0.020278
-0.06033647
-0.04227882
-0.02806851
-0.04756058
-0.0424823
-0.03959938
0.0461893
0.01431717
0.008483279
0.04304767
0.01466807
0.01247522
0.024182
-0.0122339
-0.009281421
-0.01432211
-0.009759258
-0.02725932
0.001764314
0.005570246
0.004618861
-0.01629855
-0.008845929
-0.01220782
0.05226786
0.01623915
0.009543356
0.01076546
0.0198962
0.01016935
-0.01525602
0.01789614
0.02378535
-0.05650609
-0.05066267
-0.01523011
-0.06768273
-0.06448781
-0.01728782
-0.07011382
-0.04604425
-0.008317376
0.007841962
-0.007367847
-0.03092555
-0.01012242
-0.01728647
-0.04967401
-0.01941795
-0.01825362
-0.05603726
-0.03564067
-0.02788642
0.01634279
-0.02509801
0.07711606
0.02095462
-0.07773414
0.02016969
-0.04842891
-0.021873
-0.005531428
-0.0004498584
0.005029476
0.01736728
0.02332535
0.003897417
0.01158531
0.008109284
0.06559929
-0.01399323
0.03365309
0.05273679
-0.0187297
0.03892663
0.01803756
-0.04552832
0.02940681
0.01399412
0.0139057
0.01544926
0.007780506
0.00327378
0.0002146349
0.0005302084
-0.01458726
-0.005114533
-0.04165881
-0.02107357
0.0389022
-0.06266039
-0.0133298
0.04327489
-0.06339377
0.0001184803
0.03506643
0.0155509
0.01143106
0.001428247
0.00859562
0.004975888
-0.007091898
0.006567283
0.003943111
4.759797e-06
-0.01491611
-0.02570971
0.01035426
0.006454993
-0.02477437
0.01467695
-0.006173643
-0.03481345
0.004794478
-0.03432436
-0.01975436
0.0006540123
-0.03880863
-0.02227338
-0.001206363
-0.03409502
-0.02285047
-0.002935076
-0.02001919
0.02819626
0.008341474
-0.02829637
0.01039441
-0.00756546
-0.0192972
0.01131351
-0.00581117
0.01837631
-0.02769744
-0.01829823
0.01457215
-0.03262266
-0.01816451
-0.006115595
-0.02084269
0.002939985
0.003243162
-0.00332101
0.003402261
0.01197003
0.008064255
0.01336185
0.01040122
0.005374804
0.01537336
-0.0274527
0.0008840043
0.002397691
-0.01589823
0.02626559
0.02379662
-0.01782181
0.008956544
0.003731434
-0.007229436
-0.01102344
-0.01442741
-0.004073192
-0.006428547
-0.01512749
-0.008756422
-0.00855137
-0.01374927
0.0001680358
-0.03718556
-0.04247706
0.01037491
-0.009012834
-0.02658977
0.00391352
-0.01763851
-0.0237247
0.003619851
-0.01494655
-0.002063868
0.002762315
-0.006174754
-0.002009486
0.005556229
-0.008184155
-0.002987853
-0.006839275
0.01891127
-0.005264837
0.0008150064
0.01902158
-0.003526407
-0.007042328
0.010101
-0.02062703
0.01774027
-0.001545488
0.03271275
-0.0265553
-0.05218976
0.03693847
-0.02517902
-0.04641324
0.0506533
-0.01666901
-0.03864905
-0.0242487
-0.01948054
-0.02987815
-0.01512347
-0.04244586
-0.02892423
-0.01857878
0.04129817
-0.04584284
0.01522192
0.03581077
-0.02001152
0.02949679
0.03531874
0.01625939
0.06051385
-0.02603424
-0.01221271
-0.02217573
0.03242727
0.01301139
0.01124616
0.00737949
0.004012167
-0.03187606
0.02821671
-0.0225308
0.05801114
0.0111236
0.01169571
0.08518315
0.001266678
0.0512216
0.04412121
0.01425907
0.03132877
0.03181971
0.00188381
0.01329771
0.001381769
-0.04900811
-0.03543125
-0.04146911
0.0533886
-0.069542
0.1083124
-0.03089043
-0.1066941
-0.05928496
0.09553901
-0.04257977
0.1067685
0.02534763
0.03527854
0.05304065
0.04876744
0.06685697
0.05604851
0.03890002
0.03586416
0.02737764
-0.02127952
-0.02101844
-0.02185308
0.003300054
0.02919109
0.02531465
0.01201883
0.02265009
0.01316217
0.047362
0.01903797
-0.02972274
0.01298112
-0.003709539
0.06997803
-0.02393043
0.01294733
0.04449287
-0.01194102
0.01864727
0.02214036
-0.02621297
-0.003139385
-0.002806648
-0.01903638
-0.006840628
0.006876918
-0.05619661
-0.05130853
0.03066363
-0.02068095
-0.05033308
-0.01879795
0.03003947
0.01163509
-0.003628411
0.01389351
0.02610273
0.03185421
-0.01381882
-0.001793994
-0.01898852
0.02421139
0.02766462
0.03405816
0.00292865
-0.01089487
-0.004158533
0.05004578
0.05576648
0.03315519
0.04972757
0.04232244
0.02564679
-0.006415153
0.03572939
0.03416615
-0.0208855
0.01940388
0.02168949
-0.037784
-0.003520032
-0.01478895
0.01438807
-0.0261877
-0.009126307
-0.009415702
-0.04129367
-0.02613643
0.01348691
-0.01010493
0.007087226
0.1044168
-0.03595236
-0.06650159
0.07602823
0.002016682
-0.01196235
0.005697184
0.006645862
0.006628687
-0.002937409
-0.004701217
-0.006085558
-0.002971844
0.003468697
-0.007627768
-0.009907128
-0.01221623
-0.0166223
0.07142497
0.03025784
-0.0240326
0.03975692
0.00228003
-0.07240042
-0.01555207
-0.02629813
-0.08424623
0.008158652
0.02919878
0.02771268
0.04034874
0.06801792
0.04976259
0.01062921
0.01901703
-0.02959704
0.04122689
-0.008571809
-0.03753237
0.03973509
-0.06488667
-0.05554128
-0.01526969
-0.1062338
-0.05755124
0.01327477
0.014198
0.03782848
-0.003120354
0.01241884
0.04200017
0.008508071
0.01429923
0.03769713
0.004633393
-0.01005958
-0.004175516
-0.0008249675
0.0142103
-0.01791721
0.04913204
0.008029312
-0.01972716
-0.004673457
-0.003516252
-0.001102799
0.008952077
0.004323456
0.003462093
0.004428319
0.0168546
0.02376599
-0.004165553
-0.01842773
-0.01408644
-0.0032654
-0.008873704
0.0006162521
-0.04355398
-0.02420131
0.003491094
0.01275181
0.0484137
0.006673741
0.02206071
0.02873088
-0.002166586
0.02261252
0.006337789
0.04735104
0.02412332
0.03306127
0.02945673
0.0173779
0.01995906
0.01792615
0.02317035
0.02661636
0.01844452
0.03851043
-0.03407366
0.01134658
0.05348474
-0.024339
-0.03184908
0.02928243
-0.01302557
-0.04699317
0.007306906
0.01812742
0.01928066
-0.000127478
-0.0003533449
0.006506563
0.03628025
0.03914107
0.04398941
0.01263078
0.02480004
-0.009964279
0.004935788
0.005156715
0.002012187
-0.006344932
0.01201771
0.00678065
0.01975265
0.01828158
0.01728911
0.01534222
0.01613805
0.03337453
0.02068098
0.0235681
0.03039755
0.001467758
-0.01443742
-0.02081364
-0.02178
-0.02692615
-0.01439652
-0.02543349
-0.0274138
0.007567758
0.003459248
0.04691343
0.0452805
0.05467119
-0.07630678
-0.06444626
-0.02159892
-0.04147496
0.04100552
-0.008637521
0.00455233
-0.001441111
0.0024617
0.01306884
0.01514968
-0.003800731
0.00981189
0.008018303
-0.01967907
-0.005849028
0.003696684
-0.005200163
-0.01279769
0.01148781
0.002358053
0.01546849
0.01077217
-0.003726226
-0.01340535
-0.006254461
-0.01251504
-0.01650684
0.007426304
0.006095568
0.0005878779
0.01410354
-0.05831114
-0.001819151
0.02685723
-0.05421553
0.01869559
0.006803385
-0.02473812
0.02100273
-0.004169042
0.007886134
-0.002590224
0.008282067
0.009356157
0.003222309
0.007314071
0.01031382
0.006815526
0.008545091
-0.001243645
-0.02060501
0.0109406
-0.01810023
0.002162223
0.01808048
-0.006718454
-0.01427286
0.02779351
0.000377816
0.002492653
0.01409271
-0.007186323
-0.003876843
0.01410863
-0.01446417
-0.01155664
0.007195996
0.004608387
0.01172707
0.00519461
0.004303511
0.009005425
0.01072185
0.002361019
0.001579993
0.005188634
-0.01074212
-0.01742762
0.003448451
-0.02619421
-0.01714989
0.00458526
-0.01702791
0.005023255
0.01491691
0.0201212
0.008103166
0.005768198
0.009757397
0.005771172
0.007067929
-0.008220864
-0.009134647
0.002005702
0.00126848
0.01181544
0.01490958
-0.001330276
0.007407467
0.009075423
-0.003325616
-0.001675224
0.00441571
0.001754259
-0.000353736
0.0001714316
-0.004748468
-0.00932313
0.001063375
-0.001144625
-0.01031866
0.003214023
0.005033616
-0.004389335
0.007955373
0.001591424
-0.01357713
0.01018151
-0.001311744
-0.009722808
0.01247201
0.01766025
0.009173023
0.02156716
0.01256389
0.003231505
0.02486868
0.006833754
-0.003412754
0.02222681
0.004460191
0.009862559
0.007828642
0.005793379
0.01529122
0.009976006
0.00703039
0.01442079
0.009671325
-0.04315916
0.002918167
0.04571286
-0.03053551
0.04110694
0.07568446
-0.06380359
0.01777814
0.03273447
-0.007363265
-0.005578646
0.007321996
0.001762106
0.008367633
0.01939107
-0.01166801
-0.00479267
0.002996002
-0.02980417
0.03171624
0.01483355
-0.02245285
0.05250089
0.01109828
-0.01582316
0.03315297
0.009088845
0.002901662
0.0126551
0.01607803
0.003836831
0.01764918
0.0189193
0.002435809
0.008080503
0.006525586
0.03721616
0.03820799
-0.03155715
0.04495082
0.02100245
-0.06226553
0.03930918
0.01531893
-0.0463082
0.002799912
0.007625688
0.000579814
-0.0001365908
0.002579696
0.01095999
0.01244659
0.01209231
0.01875097
0.02417883
0.0005943018
-0.03934512
0.005455308
-0.007466062
-0.03622843
0.01251133
0.02035944
-0.02089603
0.02088732
0.01850845
-0.00503353
0.02468246
0.02533741
0.001282209
0.02307602
0.0259717
-0.00433023
-0.002373511
-0.02446136
-0.0106085
0.01522488
-0.02133679
0.003292374
0.007823797
-0.02024999
-0.00533411
-0.0227763
0.009782917
0.03471307
-0.002825277
0.01741391
0.01346908
0.005629489
0.007529212
0.02215207
0.009143158
0.007213282
0.02431337
0.004890411
0.01742479
0.01368576
0.003394447
0.009768213
0.009846848
0.03103066
-0.009327109
-0.04181982
0.01654207
-0.01494003
-0.04648389
0.01854285
0.02682924
-0.007013476
0.01022365
0.001046447
0.01432931
0.001229141
-0.00136055
-0.002574284
0.006582259
0.01042085
0.01933245
-0.01954501
0.01663179
-0.01454174
-0.01416315
0.03039741
0.01083499
0.0001504745
0.02671695
0.03560301
-0.006272917
0.01523106
0.01937108
0.01169014
0.02524891
0.0265635
0.01027501
0.02116104
0.01182634
-0.008755381
0.002732813
0.01626864
-0.005048337
-0.006590157
0.0194858
-0.005510656
-0.007934447
0.01774636
-0.01965794
0.006857078
0.02542192
-0.01474265
0.04240444
-0.03529834
0.02201664
0.01464774
-0.0455176
-0.01602195
-0.03829332
-0.02718769
-0.01546528
-0.05657712
-0.02638391
-0.02724752
-0.08198496
-0.0845938
0.005588866
-0.1017486
0.0328153
0.120415
0.09467422
0.1168839
0.06423166
0.07911344
0.1101721
-0.03363166
-0.09320551
-0.02629064
-0.007198165
-0.004837538
0.1198953
-0.03530569
-0.08472637
0.08129543
-0.03389538
0.003412125
-0.01469471
0.02128928
0.1455838
0.06016843
0.04667863
0.1586803
-0.006883217
-0.03033955
0.009357397
0.08076898
-0.0658768
-0.1221003
-0.04348877
-0.002751761
-0.08885052
-0.08743078
0.1155459
-0.181363
0.1494347
0.05658889
-0.258902
-0.03421931
0.1386746
-0.1153417
0.1551682
-0.03885998
-0.1266338
-0.05782499
-0.0690619
-0.1152062
-0.05404398
-0.04274317
-0.07505139
0.0009331078
0.04386506
-0.04800991
-0.06771006
0.05876476
0.003574588
-0.08323079
0.1021432
0.05577157
-0.02172399
0.05857555
0.01989297
-0.02656178
0.1150624
-0.006524778
-0.01011406
0.06645977
-0.002751913
-0.04117528
-0.008549036
0.08290052
-0.005722911
0.0350316
0.1212571
0.02984905
-0.05167178
0.1086279
0.02768872
0.02021582
-0.02814025
0.09295491
0.1295324
0.05607961
0.08051197
0.1802595
0.1526643
0.1620069
0.0293611
0.07537292
0.0005520429
0.006035532
-0.008299083
-0.1024356
0.05204113
0.08742706
0.005139795
0.02172153
0.07272093
-0.02966571
0.04453119
0.1810005
0.01511939
-0.06268016
0.1029715
0.02133288
0.1254617
0.1400649
0.03702661
0.1327235
0.1366216
-0.01535676
0.08067623
0.07818431
-0.05029012
-0.0008517273
-0.0253038
-0.06047024
0.06100443
0.01124279
-0.04021471
-0.003964189
0.03863688
-0.0644221
-0.07531918
0.09940478
0.003815559
-0.167977
-0.03107218
-0.07743474
-0.01211798
0.2082034
-0.02339156
-0.04473203
-0.0545863
-0.04299586
-0.02967437
-0.05841547
-0.05854904
-0.01859218
-0.03607624
-0.04700265
-0.01053724
0.05870905
0.008272769
0.0322716
0.0674404
0.007224155
0.01663159
0.05351036
0.01021302
-0.09186628
-0.06844908
-0.02898517
-0.0239723
-0.0007621713
0.002731842
-0.003314321
-0.001017491
0.01962216
0.04884975
-0.02413015
-0.03319154
0.05824658
-0.006248259
-0.03361083
0.03269801
-0.02663205
-0.01618525
-0.01790447
-0.002034926
-0.009638971
-0.05602764
-0.04721561
-0.05369084
-0.03299903
-0.04645212
-0.05146374
-0.02085657
0.00142754
0.00869896
0.08107771
-0.01265428
0.05806957
-0.04005719
-0.04983458
-0.01100291
-0.009597146
-0.04945049
-0.07856771
-0.002798176
-0.02989836
-0.06030479
-0.01100518
-0.02323131
-0.060565
-0.02472762
-0.0513953
-0.01922676
-0.01275271
-0.03984332
-0.01477683
-0.01513184
-0.04297349
-0.02582216
0.01861397
-0.02716834
-0.06289915
0.005772361
-0.048499
-0.06792647
-0.03748233
-0.06571383
-0.04982127
-0.0189253
-0.01200511
-0.04701409
-0.02099643
-0.01226541
-0.03843362
-0.008761196
0.00125547
-0.0283046
-0.01873906
0.04184386
-0.004986133
-0.01430749
0.0466641
0.02417608
0.009310191
0.04302483
0.05141238
-0.01076785
0.02094724
0.006989222
-0.01621857
0.0006410504
0.003890347
-0.02893811
-0.01343601
-6.762156e-05
-0.003919015
0.01763376
-0.0001272061
-0.01453514
0.01818132
0.006655166
-0.04106001
-0.013048
-0.009285585
-0.02150718
-0.02822811
-0.03293666
-0.03753743
-0.03757825
-0.05988842
-0.03559516
-0.0456365
-0.06039344
-0.03672339
-0.001159932
-0.01714763
-0.01731456
-0.001901103
-0.04737079
-0.01318752
0.009000124
-0.05279542
-0.09328306
0.01625627
-0.03666911
0.07629167
0.1116406
0.002916529
-0.05230499
-0.01757248
-0.05358226
0.03449941
0.02793242
0.003628155
0.05233632
0.02338251
0.01349643
0.02758006
0.01402794
-0.01328287
-0.1129287
-0.00622882
3.052986e-05
-0.1484135
0.007844531
0.002151219
-0.06628567
0.009537089
0.06766932
0.08130261
0.005947712
-0.00783975
0.03924138
0.0207454
0.04305278
0.02304504
0.03407907
0.04895439
0.02533214
0.02986753
-0.06926271
0.0312275
0.07878715
-0.08376957
0.03101066
0.07792638
0.02372566
0.03439907
-0.006465569
0.007246009
0.04499846
-0.02202603
-0.01688004
0.06245856
0.0001910798
-0.01075111
0.020181
0.02256539
-0.004137797
-0.1026607
0.02957574
-0.07131985
-0.1016685
0.06535304
-0.02140796
-0.01385107
-0.05396232
-0.001854569
-0.03590935
-0.07980625
-0.02087448
-0.03434579
-0.08421953
-0.01984379
0.02577729
-0.003086517
0.04246176
0.06437138
0.05984886
0.06013341
0.02528931
0.01439034
0.01130391
0.1567131
0.1108113
0.06140029
0.09871349
0.05431367
-0.03739034
0.07839429
-0.01143586
-0.08639136
-0.02143584
0.01090389
-0.02137372
-0.02061618
0.02365848
0.001997489
-0.01551417
-0.002093303
0.005351256
-0.08534735
-0.01474558
-0.04906503
-0.1611488
-0.0434688
-0.06039682
-0.1390497
0.01561551
0.008526203
0.05026262
0.04611127
0.03249765
0.06062356
0.0438736
0.01930037
0.06105592
0.04183218
0.03526405
-0.07848171
-0.03843221
0.0203064
-0.09225992
-0.03309493
0.02637446
-0.03819801
-0.06529353
0.05017619
0.00558153
-0.003877722
-0.005032279
0.0007108949
0.01283683
0.01221404
0.01438763
0.01255209
0.01563765
-0.09191957
0.04945779
-0.01328644
-0.009616302
0.07501142
-0.002372071
0.01388129
0.04948521
0.003109049
-0.09429991
-0.00450952
0.1019377
-0.06537651
0.3180031
-0.07781865
-0.0245751
-0.01524983
-0.08472998
-0.07475023
-0.05737496
-0.04736199
-0.07373578
-0.08392877
-0.08541729
-0.0357192
-0.02418785
-0.02259695
0.1574759
0.06288134
-0.09332161
0.1190568
0.04253687
-0.1231872
0.09688942
0.04447378
-0.0559524
-0.0828569
-0.06510588
-0.01258906
-0.1020373
-0.1030123
-0.05568992
-0.04150112
-0.03977553
0.005580269
0.14915
0.03001184
0.04280269
0.1233136
-0.08766901
-0.01056869
0.09380078
-0.044179
0.03627082
-0.07143476
-0.02256586
-0.05995302
-0.05822103
-0.02339744
-0.07008234
-0.0411445
-0.03650048
-0.08461053
-0.04839965
-0.04151626
-0.02075274
0.04102895
0.02831168
0.00398577
-0.001591086
0.005420178
-0.04074746
0.01489157
-0.03138621
-0.02138792
0.01732776
-0.0199059
0.008667552
0.02570775
-0.01373085
0.004869928
-0.0005478101
0.04469151
0.05542494
-0.008209788
0.02152719
0.05859869
-0.03579982
-0.01106119
0.01541159
-0.03031106
-0.005398693
0.03577007
-0.04651237
-0.01110741
0.03056255
-0.0422251
-0.03795428
0.003568943
0.02824819
-0.0002105759
-0.02315379
0.001681147
-0.00283639
-0.03365821
-0.02479462
-0.02216575
-0.06181923
0.0606191
-0.08562358
-0.08025693
0.06914602
-0.04988271
-0.09069275
0.1081113
0.0619149
-0.007140348
-0.06936377
-0.007138775
0.03373633
-0.047489
-0.01841033
0.04537822
-0.03178222
0.0008262221
0.03955754
0.003631735
0.02771853
-0.1016457
0.01115962
0.05893059
-0.07707037
0.003472072
0.05671812
-0.04823094
-0.02791939
-0.02321236
-0.03713837
-0.01866016
-0.02447051
-0.04627562
-0.03900186
-0.03919356
-0.06376414
-0.05203025
0.09573653
0.004885077
-0.04722917
0.1135927
0.01811607
-0.03945289
0.09521155
0.02070199
0.04230031
-0.00136134
-0.03700728
0.08222272
0.002493776
-0.1438048
0.03612963
-0.04685382
-0.0177133
-0.003237974
0.00744569
-0.0002451261
0.03713472
0.04140241
0.006534287
0.03105911
-0.003450927
-0.01209376
-0.001884709
0.01531922
-0.0488672
0.002506266
0.02069057
-0.04497236
-0.01389485
-0.02842437
-0.08483871
-0.009160197
-0.0009741109
-0.0107164
-0.0442861
-0.03553303
-0.03353144
0.02958524
0.02646811
0.01432669
0.01248147
-0.03026191
-0.00852825
-0.01876991
-0.03531848
-0.02870855
-0.03292846
-0.008523769
0.007760695
0.04695893
0.03398154
0.02577489
-0.04745965
-0.07971733
-0.05596434
-0.0800671
-0.1307772
-0.07142753
-0.06984899
-0.001518288
0.007113362
0.04046355
8.782666e-05
0.0340804
-0.03063823
-0.02877549
-0.06725837
-0.007195599
-0.0442884
-0.05822019
-0.02176548
-0.06214011
-0.0635226
-0.04882063
-0.06852196
-0.05800362
-0.006175644
0.009322555
0.03299521
-0.03200954
-0.04543202
-0.007658577
-0.0360338
-0.0594507
-0.008653512
0.04397576
0.05935406
0.03821199
0.06197606
0.04485382
-0.02859015
0.0301048
-0.05711776
-0.0110223
-0.002988549
-0.03164994
-0.05802913
-0.008858967
-0.02665019
-0.063583
0.01760527
0.00163994
-0.04910455
-0.02401666
-0.03929219
-0.001484304
-0.01003827
0.01662489
0.03623731
0.03887013
0.01296788
0.04629821
-0.02228128
0.02303555
-0.006929327
-0.01685074
0.01086461
0.0007999648
-0.06832191
-0.04906463
-0.04145803
0.08099256
0.07066427
0.0689509
0.02440098
0.0123134
0.0189843
-0.03387819
-0.0351043
-0.01482206
-0.007561381
-0.03955732
-0.03214634
-0.04132112
-0.08786333
-0.0844868
-0.04271712
-0.09565485
-0.106506
-0.006466626
0.01798122
0.01563537
0.03282791
0.02849836
0.01026924
-0.0003928257
-0.009165296
-0.01049083
0.01721735
0.04790954
-0.0157783
0.103687
0.1073936
-0.03577317
0.02401487
-0.0941764
-0.06806547
