-1.447478e-01
-1.452729e-01
-1.459632e-01
-8.388392e-03
-6.027023e-02
-5.451197e-03
-1.612763e-01
-3.173750e-02
-2.190055e-02
-3.366256e-03
-1.326424e-03
-6.021918e-02
4.781905e-03
-9.304107e-02
1.406388e-02
-3.431537e-02
1.323816e-01
-2.117578e-02
1.037693e-01
1.000676e-02
1.921365e-02
-1.918879e-02
5.339453e-02
2.331162e-02
-1.059405e-01
-6.105876e-02
3.062247e-02
-2.315426e-02
-1.413593e-01
-1.236830e-01
-1.248489e-01
-6.398769e-02
-1.285926e-01
-3.564368e-02
1.438635e-02
-1.733603e-01
-1.982674e-01
-2.181382e-01
3.756834e-02
-4.912647e-02
-2.017619e-02
7.145859e-02
-1.661595e-02
6.692956e-02
7.716504e-03
5.388832e-02
-1.073090e-02
-1.132133e-01
-5.509074e-02
-2.522514e-04
2.865058e-02
1.572599e-02
2.215576e-02
-1.838054e-01
-2.639803e-03
-1.050776e-01
-5.784897e-04
-9.817226e-02
-1.538559e-01
3.186887e-02
-1.168730e-01
-8.747634e-02
-1.599880e-01
-6.371931e-02
