16 16 3
0.06112668
0.02090454
0.03111245
0.03398028
-0.007909657
0.006220516
0.04167913
-0.0107176
0.04452172
-0.02030305
-0.009408008
-0.0134165
-0.01747149
-0.01888518
-0.01554893
-0.02362081
-0.01891687
-0.0304831
0.03908453
0.02217212
0.008575539
0.02521331
-0.002357319
-0.02998282
0.06195271
-0.03400218
0.05621814
0.02205823
0.04334179
-0.009907921
-0.007787494
0.009249582
-0.028129
-0.002619023
-0.009139819
0.01995774
0.0122708
0.03502987
0.02760115
-0.004675598
0.01326029
-0.01037117
0.004450713
0.004065512
0.001108182
0.01032299
0.01701399
0.009012857
-0.00377047
0.007817741
0.003406312
-0.02459297
-0.01845822
-0.01566299
0.005920959
0.006406061
0.008885074
-0.006862129
-0.01388635
-8.531155e-05
-0.03051159
-0.01582461
-0.004216427
-0.01164334
0.009962483
0.01215895
0.02316661
0.04836581
0.05233048
-0.003875592
0.02206048
0.02652949
-0.001418234
-0.0009523095
-0.02498716
0.003375157
-0.06335746
-0.05448509
0.02652316
-0.02880623
0.006909982
-0.01377925
-0.01830838
0.001411689
-0.01656705
-0.009952318
0.005747902
-0.01416103
-0.01314548
-0.002331243
0.03400777
0.00416173
-0.0005476964
0.01222458
-0.02405459
-0.01743171
0.007047997
-0.04049082
-0.03371181
0.001271477
0.002624884
-7.215152e-05
-0.0006787747
0.0002113119
0.0006495372
0.00177084
-0.001038597
-0.000762733
-0.0113237
0.01428125
0.0130738
-0.03843473
-0.02345214
-0.01146587
-0.04155422
-0.02990305
-0.03743485
-6.212763e-05
0.02838686
0.02305481
-0.009762771
0.01499657
0.01102506
-0.01784877
0.003658241
0.01829474
-0.0308197
0.111502
0.1017427
-0.1361957
0.03709967
-0.03261334
-0.09147403
0.05809719
-0.07798867
-0.0216851
-0.02732376
-0.04424307
0.06586621
0.06661164
0.07105224
0.008841034
0.03729227
0.0285692
-0.05944261
0.04218545
0.03046363
0.04573913
0.148296
0.06543448
0.05950712
0.1187635
0.02163216
0.0173152
-0.01196138
-0.004845341
-0.0193769
-0.03264337
0.01935039
-0.04092922
-0.009114472
-0.01240624
-0.1050753
-0.08706761
-0.07495064
-0.08560726
0.07795186
-0.1606107
-0.06089953
0.03628912
-0.041123
0.09984045
0.1483527
0.1672637
0.07345536
0.2114621
0.2021011
0.09730459
0.1542377
0.1127842
0.04012678
-0.002891138
-0.1086096
-0.001455591
0.03097042
-0.05526886
0.02934378
0.09006774
0.04161084
-0.05712358
-0.02522058
0.04023453
-0.05220699
-0.001559632
0.04004634
-0.0628219
-0.004031464
0.05358113
0.03202264
0.0331433
-0.04916955
0.1038674
0.07813387
0.02163386
0.1203065
0.1233417
-0.01290435
0.008333064
0.006333528
-0.00483588
-0.02508048
-0.0644092
-0.0814252
0.005074752
-0.04837082
-0.04974897
-0.04630336
-0.1481534
-0.09573057
-0.03558758
-0.04443609
-0.104697
-0.03534628
-0.007893256
-0.1078763
0.000436537
0.01374772
-0.003378813
0.0004031198
0.01054412
0.02672897
-0.01065995
0.0153569
-0.004537793
-0.004907254
0.03090445
-0.1258644
0.08190069
0.02827083
-0.07231195
0.05823311
0.02792285
-0.05765373
-0.002046451
0.002014215
0.00169073
-0.004099176
0.0004513662
-0.0005888796
-0.0008596611
0.0007904267
-0.0009103902
-0.06215904
0.01779602
0.06979683
-0.04036027
-0.012791
0.04561923
-0.05766258
-0.04340547
-0.05639253
-0.04359994
-0.0654037
-0.09419616
-0.01986382
-0.02596117
-0.0653782
-0.03417381
-0.0150138
-0.02377333
-0.1825882
-0.2391771
-0.07168452
-0.03873889
-0.1466706
0.06348705
-0.1221014
-0.1595554
-0.042889
0.1068652
0.04164485
0.03981306
-0.02686725
-0.06039664
-0.01993237
-0.008463688
-0.0840501
-0.06478415
0.0190995
-0.005295187
0.009531049
0.02406034
0.003635447
0.01142694
0.03786529
-0.005610201
0.02143481
-0.0008133923
-0.00668681
0.006048015
0.0005025519
-0.01494925
0.002917278
-0.006311157
-0.008503414
0.002324332
-0.02920629
-0.07090969
0.03058434
-0.04860364
-0.05166734
0.03967538
-0.04360097
-0.01493802
0.0102623
0.04181888
0.02635348
-0.01090014
0.04758357
-0.0247472
0.0004221559
0.01606296
-0.04007684
-0.0005267616
-0.04120325
-0.02988707
0.01523796
-0.03658891
-0.01918256
0.0359016
-0.04795367
-0.01635315
0.02406284
-0.0016328
0.0008625729
0.01493619
0.001588091
0.006221936
0.009990957
0.004276551
0.003693365
0.006854022
0.006769316
0.02055904
0.007191286
0.01335406
0.006808431
-0.02123571
0.02291107
0.00251169
-0.01170255
-0.004169501
-0.006296461
-0.004307052
-0.003285201
-0.004398961
-0.002532175
-0.00790109
-0.006416227
-0.005364857
0.04661976
-0.02957215
0.006322021
0.04859507
-0.01822787
-0.007106201
0.03745298
0.006597622
0.003568409
0.0004844839
0.0009035469
0.003311889
-0.003670234
0.004202958
0.01884772
-0.003052152
0.01412191
0.0165576
0.01148445
0.0002873155
0.02058318
0.003372133
-0.0151189
0.006934054
0.02154261
-0.005576629
0.00534436
-0.0006004578
-0.0009671706
0.001409116
0.001565941
-0.0006679381
-0.0007402821
-0.002230602
0.001276305
0.0003427306
0.01460206
0.01503601
0.01521276
-0.0003242912
0.00594543
-0.006780507
-0.001574573
-0.009625643
-0.01357434
-0.01501516
-0.0187289
-0.03514976
0.01563683
0.03432547
0.007705964
0.01581689
0.03255196
0.03057948
0.02360758
0.09066043
-0.04323595
-0.01602398
0.02074634
-0.03872279
0.04439418
0.001414867
0.0298763
-0.01312013
-0.00745969
-0.0007037561
0.0008112835
0.003462497
0.006459232
-0.02386299
-0.02938105
-0.02081077
0.008321162
-0.02843567
-0.03557892
0.004641535
-0.007793594
-0.05343925
0.02104697
-0.007234895
-0.03794108
0.01787622
0.01037084
0.002165817
0.004624257
0.01535046
0.006582992
0.007204743
0.01197271
0.005928224
0.01879649
-0.03647754
0.003910238
0.01785956
-0.07694869
0.03564852
0.002077953
-0.0592391
-0.005508585
0.009574103
0.005245767
-0.02658421
0.03213756
-0.01886416
-0.02980121
0.01257117
-0.02202615
-0.02564096
-0.03363107
-0.06421027
-0.05152076
-0.02066338
-0.02581141
-0.03716834
0.01899497
-0.004236997
0.008501296
0.001200446
-0.002922132
-0.006512027
0.002893338
0.0005409703
-0.01160569
-0.002640568
-0.0004864038
-0.002397554
0.01179198
-0.03594509
0.01975243
0.04002447
-0.02386123
0.02376311
0.04482589
-0.01022711
0.03830429
-0.008131839
-0.01946475
-0.008808001
-0.009324015
-0.01216294
0.0005334928
-0.0003786922
0.00491281
0.01920564
0.05711525
-0.0223346
0.003493782
0.08727419
-0.04160879
0.01855695
0.03968417
-0.006396063
-0.05523621
-0.0004152749
-0.00107897
0.004738757
-0.003070104
0.007281077
0.005567848
0.001510112
0.009069451
0.02052855
-0.01585262
-0.01687362
0.02133939
-0.001943093
0.003590896
0.0288018
0.01039121
0.02682672
0.04135842
-0.002225871
-0.004104018
-0.002436852
-0.0006013197
-0.001925122
-0.0001583451
-0.0004698631
0.00163364
-0.0004988688
-0.006946844
0.00200928
-0.0353982
-0.01148039
-0.03438219
-0.01833906
-0.01321119
-0.02874833
-0.01396303
0.01061316
0.0132199
-6.640701e-05
0.01909908
0.005576919
0.005426539
-3.012841e-05
0.01162728
0.01457844
0.0446878
0.1120583
-0.009709057
-0.008001797
0.1069009
-0.03197749
-0.0467573
0.02755977
-0.0323521
-0.01389373
-0.007572348
-0.01055796
-0.001527271
0.005489826
0.002361981
-0.03377368
-0.0268637
-0.0224526
-0.07669239
0.07887275
-0.01614724
0.03686634
0.1762318
0.1369721
0.04540189
0.2085664
0.09883387
-0.001785695
-0.03498259
0.007395193
0.01103568
0.002353077
0.01768229
-0.01803031
0.02701004
-0.01076738
0.07387744
0.2474535
0.1587218
0.1567127
0.2261498
0.169363
0.03706671
0.2544225
0.1322744
0.0219597
0.01301507
0.01396358
0.01856568
0.1556027
0.09281321
-0.01439427
0.04972841
0.1581508
-0.06079023
0.05432528
-0.01940436
0.110041
0.1474535
-0.003236389
0.09659228
0.20648
0.005870557
0.02712206
0.006845441
0.04835464
-0.03733603
-0.04671831
-0.007821212
-0.01773085
-0.03774016
0.009767145
0.08200794
0.07812953
-0.04548287
0.1106268
0.1172802
0.001517653
0.03911132
0.1107819
-0.04052623
0.02752855
-0.009155137
0.01500457
0.01155409
-0.05285704
-0.0122105
0.02842721
-0.01102065
0.0402801
-0.1190468
0.0185142
-0.05892418
-0.08547428
0.1188569
0.1704641
-0.0426363
0.1546104
0.1521439
-0.01983192
0.008272906
-0.04136403
-0.004236764
-0.001225965
-0.01985512
0.0004080278
0.009801636
-0.03472296
-0.07437503
0.04214056
-0.04717587
0.01471324
0.07185349
-0.02148484
-0.0004127448
0.1268071
0.07569135
0.001535078
-0.0004432858
0.003260368
0.002232777
-0.002829151
0.0005165608
0.001755625
-0.0008721813
-0.0001468325
-0.03503456
0.008295853
-0.0127467
0.02816369
-0.01768258
-0.02176348
0.008461206
0.0134335
-0.1279319
-0.04970779
-0.00867483
-0.0007274658
0.01372201
-0.03212864
-0.02413024
0.01566722
0.05968697
0.0197766
0.1014199
0.06434624
0.2876034
0.4177023
0.08615855
0.496939
0.3492284
0.1288592
0.3716782
0.03677684
-0.02275108
-0.002751711
-0.01564008
-0.05625566
-0.09595679
0.08827978
-0.0008082296
-0.04427068
0.02635899
0.03439722
-0.006965126
0.03786174
0.04291249
0.01216418
0.03754479
0.05803406
0.02112754
0.008791053
0.01180153
0.01763386
-0.01625909
0.01256525
0.008190965
-0.004428064
0.01198714
0.02184329
0.02323573
0.08708359
-0.03729845
0.04703609
0.07617968
0.007594408
0.01909348
0.04979561
-0.04585549
-0.06428564
0.009588989
-0.02560843
-0.05248456
0.01346205
0.01524606
0.001746391
0.06446046
0.04940768
-0.006790645
0.007531542
-0.0428232
-0.0006384415
-0.006652929
-0.05584677
0.02361953
-0.007040627
-0.05923741
0.04973085
0.04120302
0.02523524
0.01960582
0.01813958
-0.0006548694
-0.01147837
0.006290357
0.03634276
-0.03979289
-0.08467828
-0.0131323
-0.05276386
-0.05921993
0.002357277
0.002809394
0.00821951
-0.008711196
-0.01874234
-0.009611801
0.003082438
-0.02843746
-0.03037505
-0.003489343
-0.02546141
-0.01779945
0.00379941
0.02157898
0.04170318
-0.06805097
0.04595316
0.01967348
-0.007771625
0.05970218
0.02479307
-0.06306325
0.002857132
-0.005973092
-0.0001796601
-0.01200262
-0.0007592223
-0.005322716
0.01266611
0.01423801
-0.007303206
-0.01016632
-0.005481553
0.008195344
-0.01805994
-0.004401946
0.01510683
0.02058096
-0.007006846
-0.009000164
0.0003718964
-0.0005846336
-0.0007904893
0.0001303063
0.001645952
-9.012665e-05
0.0003911606
0.0004981156
0.002105086
0.05586286
0.04309925
0.02818471
0.01648706
-0.01463898
-0.009446783
0.0001944164
-0.01224898
0.00824797
-0.01492962
-0.01534195
0.0009419345
-0.03660046
-0.05420943
-0.04890112
-0.01212182
-0.02073914
-0.0181289
0.05169406
-0.01286601
0.1843831
0.1572317
0.1347537
0.1450083
0.03815629
0.06628474
0.0926867
0.0513544
0.02653751
0.009910287
0.03137102
0.02133807
0.007259679
0.0152095
0.0004327531
0.01532462
0.0300816
-0.02936767
0.03392143
0.004106312
-0.01598173
-0.002051122
-0.006261834
-0.006927738
-0.02339511
-0.002705978
-0.0009258775
-0.00935891
-0.01809754
-0.02412593
-0.01846277
-0.02104385
-0.02444183
-0.03507458
0.0710659
-0.02280934
0.111127
0.04303555
-0.03911205
0.09009238
0.0360659
-0.05111239
0.06553089
-0.01700646
0.02211765
0.04414694
0.01307641
0.08095252
0.02861732
0.008303312
0.04588411
0.06130065
-0.02270603
-0.02802906
0.02037731
-0.01618176
-0.04416408
0.02122511
0.0323441
0.005524018
0.01810432
-0.01919437
-0.02140464
0.002996094
-0.01015528
-0.002542518
0.01380285
-0.02774873
-0.01356372
0.005080326
0.01700628
0.03929274
0.02805343
-0.02124047
0.05512308
-0.001339502
-0.0122662
0.04001982
-0.02274917
0.05541469
0.04996441
0.03311338
0.06552596
0.06074969
0.04248309
0.04186783
0.04573693
0.03114415
0.07413489
-0.02632827
0.04694036
0.03421989
-0.07221527
-0.04143856
-0.01559305
-0.07186982
-0.03911484
0.03266032
0.003870345
-0.009176925
0.01878628
0.005550874
-0.008498078
0.01134385
0.004518725
0.003649241
0.002034276
-0.01055103
-0.01121033
-0.01164949
-0.01617957
-0.012115
0.006735272
0.02394408
0.01013747
0.002843798
-0.00131904
0.0004300034
0.002237022
-0.003011462
0.002807987
-0.001494285
-0.0006252395
-0.0006950858
0.04374908
-0.002620197
0.0609631
-0.02803821
-0.0224911
0.0150477
-0.05177246
-0.1144464
-0.0344136
-0.01728956
-0.0432999
-0.02372828
-0.01981894
-0.01589755
-0.03885402
0.01749528
0.01483891
0.02028126
0.1254258
0.09509581
0.0292846
-0.03912462
0.1276934
-0.04496713
-0.09283773
0.002492053
-0.1180827
0.0165108
-0.007480737
-0.02935052
0.01132071
-0.005033303
-0.03461629
0.02764232
0.01571869
0.009703928
0.01101167
-0.002751484
-0.01715139
0.01951036
0.02131679
-0.006376998
0.02743748
0.03525038
-0.001742438
-0.006591639
-0.01582155
-0.001166898
-0.008930357
-0.008571065
-0.007463688
0.00555172
0.004156196
0.002484067
-0.01928511
0.01636622
-0.01195964
-0.02667948
0.0542844
-0.004839954
-0.01933587
0.0547278
-0.01044827
-0.01981723
0.02117763
-0.0006208183
-0.008846505
-0.005243747
0.06335101
-0.0263827
0.01794617
0.03865053
-0.01179401
0.007554815
-0.004570448
-0.009885509
0.03674544
0.01259779
-0.03155734
0.03178669
0.01053261
0.005200689
0.002385041
0.002422841
-0.008400743
-0.004294024
0.002469605
-0.0106963
-0.0111294
-0.002185733
0.0006833223
0.008460099
-0.01331765
0.01435101
0.006943617
-0.02045536
0.01928056
0.01107013
-0.02081482
0.03414704
0.03310732
0.0315076
0.01140433
0.0007763216
0.005552603
-0.003895308
-0.009235773
-0.003015886
-0.002715648
0.00713038
-0.009020472
-0.009408471
0.005411207
0.0265616
-0.02087349
0.04231475
0.02799961
-0.006953711
-0.002774631
-0.0002611125
-0.0001398248
0.001425072
0.003272031
0.004834165
0.0005807655
0.001040733
-0.004324373
-0.01302523
-0.0249796
-0.007082595
-0.001741158
-0.03131765
0.008756205
-0.0065791
-0.02509171
-0.002475222
0.000691929
-0.000213973
0.001062852
-0.0003451152
0.001406773
-0.0001882401
8.298962e-05
-0.003229199
0.02523401
0.01836342
0.002390036
0.007785182
-0.008819322
0.00139823
-0.011343
-0.01243449
-0.008706434
0.003401131
0.002469564
-0.001988094
0.005087914
-0.002529288
-0.005540182
-0.004584713
-0.004455222
-0.01227259
0.06189972
-0.04528679
-0.02616097
0.03762393
-0.08484222
0.004022659
0.007206236
-0.03990133
0.06479508
0.007674828
0.006346883
-0.00388929
2.495276e-05
-0.005387919
-0.002945523
0.005251028
0.004059209
-0.0127733
-0.03109293
-0.01705923
-0.05170121
-0.08268072
-0.1256245
-0.08576679
-0.1159532
-0.1800407
-0.1155206
0.001360344
-0.02544359
0.01453866
0.01486179
-0.005994668
0.003205895
0.03129311
0.03776538
0.0505148
-0.07410628
0.05755913
0.003024241
-0.2392674
-0.08014555
-0.07222667
-0.1536753
-0.09816854
-0.102225
0.06584954
-0.008170459
0.0316365
-0.006620805
-0.0487772
0.01396822
0.01283905
0.007510278
0.02287898
-0.0263159
0.05663123
-0.06394006
-0.03961694
-0.05164066
-0.1127852
-0.06313887
-0.1159681
-0.1141749
-0.001008972
-0.0356057
-0.0597064
0.02374298
-0.0034444
-0.005977631
0.01234665
0.009041131
0.0148745
-0.01092635
-0.03227697
-0.003917969
-0.03247451
-0.05673992
0.008314423
-0.1023745
-0.09494685
-0.003996864
0.0003057237
-0.009004388
-0.01332074
0.01463741
0.02725402
0.01332904
0.03690459
0.05180819
0.05487701
-0.03779919
0.02214555
0.03156438
-0.09046257
-0.0659997
-0.009427347
0.006836019
-0.06727228
-0.02059301
0.04105831
0.06209818
0.01727258
0.01862734
0.01651361
0.01717915
0.01011888
0.008325983
0.001708519
0.03197249
0.01036242
-0.03450599
0.03053694
0.02193663
-0.01954532
0.02703917
-0.02058562
-0.02074625
-0.0009902089
-0.003306835
0.0002521184
-0.0009601918
0.002761012
0.002604309
0.003422591
0.001007884
0.001052717
-0.0292043
-0.1115564
-0.1052405
0.01437767
-0.02773004
-0.06475227
0.01271825
-0.00373736
-0.03735737
-0.01022853
-0.06651063
-0.07901377
-0.005179742
-0.02666239
-0.06419914
-0.03191977
-0.07375346
-0.07166997
0.1216954
0.02918057
0.0752815
0.01744053
-0.1021061
0.003517554
-0.06566866
-0.08910663
-0.07274242
0.01988248
-0.007805063
-0.01019973
0.01328493
0.01110326
-0.02317317
0.06898016
0.06568033
0.06715693
0.03664213
0.07709354
0.07378186
0.003898988
0.07545191
0.1184568
-0.01962249
0.09015554
0.1229008
-0.01732021
-0.0237811
-0.006297634
-0.002446068
-0.007438582
-0.004044051
-0.009513007
-0.000850327
-0.002375359
-0.02158275
-0.04563939
-0.03256257
-0.02091511
-0.0279751
-0.01920927
-0.0402228
-0.009065663
0.002307815
-0.02278147
-0.04667529
-0.02875036
-0.0436087
-0.06693354
0.002558337
-0.08806051
-0.004744422
0.04022055
-0.03669414
-0.03471597
0.01919325
-0.01600205
-0.02164493
0.02602311
-0.03352755
0.0175776
0.02303793
-0.004717947
-0.003484393
-0.01043391
0.0003143814
-0.0006006728
0.001673021
-0.01522829
-0.009618599
-0.001018054
-0.007886778
0.01506582
0.06270352
-0.03067051
0.03655994
0.09513444
-0.02612798
0.0501253
0.09182987
0.01734258
0.03920393
0.03077696
0.03312559
0.05407371
0.04934809
0.03323167
0.05666311
0.03776803
-0.04391295
0.05335162
-0.002080932
-0.08299213
0.01443929
-0.01371772
-0.04740737
-0.04301792
-0.001470898
0.001558579
0.02201125
0.02630205
-0.001295429
0.01982394
0.01026067
-0.00484233
0.01976532
0.01632476
-0.01930424
0.006603721
0.02008343
-0.02671578
0.01355152
0.03736464
-0.02087042
0.03991833
0.03752627
8.353914e-05
0.001252612
0.002653755
0.001913387
0.0006333929
0.002285387
-0.001388883
-0.001067617
-0.001618319
0.03487203
0.007363196
0.01928785
-0.00984225
-0.0248078
-0.005949862
-0.02950893
-0.04673031
-0.01909622
0.03072169
0.03691831
0.01808961
0.008204577
0.03025112
0.0387866
0.001887345
0.02237456
0.0006588785
-0.02576297
-0.1078224
0.0006139995
-0.0400493
-0.08996876
-0.08567952
0.05554914
0.004664291
-0.04751647
-0.01114527
-0.02352245
-0.00717829
0.003523124
-0.006613183
-0.001999605
0.06684052
0.04270675
0.04607373
0.009179356
0.0610891
0.0729625
0.04429993
0.03395185
0.07132993
0.006016805
-0.0372508
-0.02166916
-0.01048687
-0.004698879
0.01597026
0.004227655
0.02382478
-0.0001205458
0.001717846
0.02535902
0.03097381
0.07601367
0.20306
-0.01054023
0.0265962
0.1491115
0.07338893
-0.05036578
0.09340913
-0.02505651
0.01699162
-0.009011451
-0.004865753
-0.03575387
0.1052686
0.02527945
-0.065908
-0.03881416
0.01648074
-0.02619289
-0.0343088
-0.06684404
-0.01279952
-0.02872454
-0.04919468
-0.04662073
-0.05134129
-0.1099956
0.007512662
0.03960074
0.0336813
-0.002743068
0.008274576
0.01603018
-0.0153561
-0.007991794
-0.01883808
0.06301868
-0.002391807
0.0002969254
0.05999013
0.06712671
0.09024121
0.03461619
0.08166035
0.09400563
-0.01296019
-0.02752473
-0.005586329
-0.03470054
-0.05025203
-0.05513684
0.0008609273
-0.01806678
-0.01695688
-0.09948505
0.07379741
0.05041604
-0.04876081
0.1260049
0.1292745
-0.005269758
0.05182444
0.01982596
-0.01316427
-0.02134708
-0.02493739
-0.01963807
-0.04230703
-0.05536342
-0.0142968
-0.0141963
-0.0277743
-0.01020383
0.03062054
0.009714215
0.00234249
0.09158523
0.04697264
-0.01231714
0.02265667
0.009119261
-0.002792388
-0.002070148
0.0006952659
-0.00550259
-0.002438116
0.002196118
-0.0001626381
-0.0008337784
-0.001183447
-0.03198871
0.004816316
0.04131219
-0.01909108
-0.05648936
-0.001700919
0.005941186
-0.07640668
-0.09112538
0.05477194
0.07058103
0.121269
0.06272534
-0.001139585
0.0337177
0.02386691
0.01885041
0.02194353
0.2266502
-0.05746194
0.1760795
0.226621
-0.1586005
0.2596864
0.0665392
-0.07749297
0.127862
-0.008646258
-0.02855697
-0.03066344
-0.02340432
-0.0309831
-0.03128674
-0.008441814
-0.02007714
-0.05599546
-0.134953
-0.04830676
0.03121362
-0.08020088
-0.01834574
0.05940245
-0.05220448
-0.03411257
0.06095245
-0.005037888
0.0224841
0.06471322
0.01527586
0.04499063
0.03025272
-0.0001822955
0.02738705
0.03231687
-0.1086234
-0.08523607
-0.206992
-0.08457821
-0.02753809
-0.04171961
-0.04811573
-0.0994144
-0.01032675
-0.06914254
0.02875751
-0.0069093
-0.01937709
-0.02667626
-0.07418378
-0.02983639
-0.03221121
0.02957609
0.03168138
0.05222288
-0.02177267
0.02971058
0.05688963
0.005502627
-0.04854027
0.005828796
-0.009963581
0.01982731
0.01776711
0.008388802
0.01380383
0.01917372
0.01850201
-0.026364
-0.02720392
-0.005894213
0.02366303
-0.01307586
-0.1027586
0.04451321
-0.02051933
-0.1042196
0.0344226
-0.0386831
-0.08723074
0.005867132
-0.01224886
0.01921993
-0.03547627
-0.06273267
-0.02901215
0.03779483
-0.005600335
0.00585169
-0.03439606
0.1218016
0.1878727
-0.04830347
0.1413362
0.1830835
0.08650717
0.002981544
0.128806
-0.008467591
0.00462214
0.03087871
-0.02873823
-0.02088773
0.006532664
-0.004804916
-0.01056325
0.001265834
0.05364846
0.03199024
-0.03291122
0.01638169
0.02584994
-0.04697585
-0.00145365
0.002634533
-0.04775864
0.004801875
0.001047268
0.001473242
0.0005187779
0.0001749597
0.0005064238
0.000499994
0.002736803
0.002829795
0.03638673
-0.01703773
-0.09350449
0.09287047
0.1086842
-0.06972125
-0.0205914
0.06121423
-0.04888381
0.06489448
0.05431503
0.0530647
0.09826823
0.08567519
0.04960791
0.07582983
0.05693449
0.03204408
-0.03484052
-0.304328
-0.08175012
0.09314472
-0.1363724
0.008736679
-0.1493649
-0.01243991
-0.1236396
-0.02572261
-0.02437058
-0.007888952
-0.05597806
-0.03351383
-0.08132421
0.003863053
0.01513607
-0.0254387
0.02967811
0.02261263
0.03360871
0.0362087
0.07677017
0.003799977
0.07334877
0.1050463
0.06535222
0.01820136
0.005594692
-0.0004897892
0.01342015
0.02131062
-0.01354615
0.02509768
0.01683975
-0.000766968
-0.06220766
0.003398174
-0.02856603
-0.08108562
-0.1136007
-0.08051465
-0.08681884
-0.1317948
-0.090425
-0.00119428
0.01671596
-0.01075621
0.007203337
-0.01188796
-0.04248573
0.07053884
-0.01136916
-0.03300209
0.05455738
0.003553559
-0.03670772
0.03739444
-0.06892653
-0.01857237
0.07525555
-0.05971633
0.02240234
0.00732283
-0.0008659633
-0.03012509
-0.005753547
-0.03513841
-0.06416164
0.03095772
0.01548464
-0.01476265
-0.002663452
0.02231332
0.05687615
-0.02885405
0.04627717
0.05701524
0.02544699
0.03878659
0.1196021
-0.01729865
0.006576086
0.0212825
-0.003612274
0.04633375
0.04184508
0.02122928
0.07901997
0.07661883
-0.02492974
0.001144326
-0.0003194745
-0.04483332
0.01712825
0.0003309149
-0.1445658
-0.05149504
-0.04474683
0.07968068
0.0478126
0.01058439
0.09548111
0.06577028
0.02643756
0.05125564
0.05082764
0.04550909
0.03721181
0.03949763
0.05645427
0.03612342
0.07634189
0.09284353
0.03530262
0.09647357
0.121575
-0.00197218
0.001265467
-0.001470063
-0.004410948
0.0004318659
0.0007201023
-0.0010831
-0.002473091
-0.0002295199
0.0123331
-0.04601134
0.01449084
-0.01563517
-0.06687026
-0.02438288
0.03321043
-0.06234205
-0.007375017
0.00719596
-0.001647296
0.01897939
-0.01551512
-0.008456855
-0.000388858
-0.01050406
0.0003628652
0.04825489
-0.1005613
-0.1031334
-0.04495724
-0.1704559
-0.1935999
-0.1139965
-0.1739291
-0.2446254
-0.1568381
0.03498541
0.04241939
0.04694508
0.02232671
0.04781157
0.02824023
0.01754476
0.01198222
0.004308733
0.04120785
0.0437665
0.04300436
0.03430566
-0.02577701
-0.04975721
0.007174262
-0.08776548
-0.08339698
0.02106364
0.03201416
0.02814368
0.008283286
0.01068104
0.03800396
0.02870333
0.001775168
0.06634214
0.02927106
-0.1576988
0.02083628
0.1065179
-0.07481214
0.1183652
0.02982245
-0.0405536
0.02023644
-0.03354843
-0.03476639
0.02094004
0.02190618
0.007591721
0.004077967
0.01475314
-0.048768
-0.01455149
-0.07201257
-0.04563378
-0.05221866
-0.02875401
-0.02840276
0.002270416
-0.01079609
-0.003699421
0.04453682
-0.01500781
-0.01657834
-0.01767094
-0.01377481
-0.00424026
-0.03094886
-0.02496753
-0.04205091
-0.05075743
0.02001764
0.07588313
0.03393782
0.03640027
0.008043078
-0.09221169
0.008695943
-0.04621942
-0.11982
0.05815818
0.03340147
0.02330101
0.03618973
-0.008673351
-0.01187254
0.02613397
-0.01899462
-0.02798316
-0.04196655
-0.1613408
0.01981672
-0.09986087
-0.08893981
-0.01713946
-0.06714204
-0.0002818518
0.03666532
-0.01478543
-0.009383003
-0.001551166
0.01327139
0.02623634
0.02611804
0.0510425
0.01656033
0.02658304
-0.03381308
0.0176536
0.05100178
-0.04890668
0.002256257
-0.02647684
-0.03272251
-0.02809342
-0.05191632
0.0009910133
0.002979197
0.001310897
-0.001224093
0.001915803
-0.003467931
0.0004988595
0.003143152
0.0002077241
-0.01620703
-0.01027807
-0.03321679
-0.06559582
0.03917042
-0.07307824
-0.09426077
-0.03182684
-0.04233266
-0.06955071
-0.03172069
0.02098621
-0.06464227
-0.05895358
-0.03652963
-0.02735709
0.003983229
-0.02023581
-0.1287071
0.1241552
-0.09647102
-0.1516595
0.2103735
-0.09648211
-0.02859237
0.1343585
0.1421499
-0.02943042
-0.006280202
0.01997559
-0.03425315
-0.02987404
0.005819029
-0.03720224
-0.01306971
-0.009903364
-0.00709737
0.01819483
0.001474773
0.03999133
0.02269646
0.009216741
0.06147806
-0.004567965
-0.01655673
-0.05749773
-0.01421648
-0.03143349
-0.02576493
-0.02603462
-0.01271374
-0.04414655
0.01535933
-0.01295627
-0.07675541
0.1173688
0.1474618
-0.05562
0.1439813
0.2117754
-0.0183365
0.0116142
0.1210566
-0.01893541
0.01025863
-0.00299895
0.02664675
0.03534782
0.1049415
-0.02242357
0.08202706
0.1606208
-0.03043892
0.1788829
0.1864403
0.03618035
0.2504926
0.2550533
0.07586966
0.255843
0.2542499
0.00816717
-0.02139785
-0.003003767
0.03025665
0.0223613
0.004794289
0.01021418
0.01574326
0.03670224
0.009631543
0.03132198
-0.03943872
0.03654173
0.06488132
0.01476979
0.05021327
0.05904267
-0.02774777
-0.01907898
-0.03882343
-0.06128708
-0.03022915
-0.07311491
-0.06821788
0.0181154
-0.003320778
-0.006072998
-0.05483112
0.09648415
0.09570331
0.04519096
0.02358087
0.06119743
0.1483295
-0.03015753
-0.02240002
-0.02335001
-0.0327084
0.01478844
-0.002151119
-0.004334068
0.01294326
0.01518795
0.02398651
0.04780163
-0.09608769
0.002119138
-0.01969635
-0.03635012
0.02741824
0.01954718
-0.01691464
0.08113069
0.01548491
-0.0005480831
-0.001879673
0.001752462
-0.0006327034
-0.001313929
0.003495273
0.002264415
0.00251745
0.002370205
0.03444529
-0.02772364
-0.04875457
0.06878049
-0.02104188
-0.109273
0.0887427
0.01265914
-0.08385118
0.07945615
-0.05997318
-0.04698581
0.02586629
-0.01330346
-0.04216892
0.08293551
0.04349953
0.03985541
-0.0373669
-0.1437223
-0.09195665
0.007728486
-0.1137118
-0.0722683
-0.07969567
-0.1690534
-0.1087242
-0.009415315
-0.01656307
0.008603088
-0.01098452
-0.03200214
-0.02785604
0.02143615
0.01794916
0.0112671
0.06135408
0.03181917
0.01552717
0.003401205
-0.01966366
-0.03083515
-0.004758894
-0.0360943
-0.03098661
0.01782825
0.02991642
0.01129553
0.03413999
0.0350046
0.02180214
0.03539048
0.03198399
0.0253041
-0.05058971
-0.001100989
0.03599678
-0.04999049
-0.05570099
0.04297398
-0.03669039
-0.1182611
-0.01433773
0.03571111
0.03830809
-0.03038726
0.001765491
-0.04138479
-0.1041118
-0.001992518
-0.1034246
-0.1171193
0.01347746
-0.03007108
-0.02113445
-0.01021435
-0.008151827
-0.0140188
0.04214514
0.006750308
-0.01039414
0.00148352
-0.02344894
-0.01149154
-0.008244526
-0.0187989
-0.01559584
-0.01846898
-0.03359438
-0.03664006
-0.003960342
-0.02640153
0.01794664
-0.05835027
-0.008619418
0.07068161
-0.02081246
0.006996972
0.08393934
-0.03265932
-0.04067326
-0.03288233
-0.01933071
-0.03143327
-0.01358642
0.01731158
0.02568959
0.0310439
0.01284955
0.08631109
0.06713638
-0.02328688
0.02375839
0.009494287
-0.1094323
-0.1295861
-0.07588918
0.02528935
0.01064844
0.004772684
0.03414666
0.01631462
-0.0166028
0.02639567
0.01748808
-0.01757893
0.004069786
-0.01884145
0.005052476
-0.006467033
0.005899309
0.0474065
-0.0276811
0.03875231
0.07195161
-0.0007381412
-0.00136867
0.0009054929
0.001666794
0.002038351
-0.0002647376
0.00347965
-0.0001915557
-0.002273184
0.03336211
-0.05594046
-0.02477911
0.05710997
-0.00371078
-0.02228489
0.026547
-0.006185563
-0.03499001
0.0594715
0.02633843
0.01359825
0.03580408
0.01257579
-0.01018363
0.005531159
0.00194575
0.00672854
-0.02050247
0.01666275
0.1294154
-0.03456142
-0.06070085
0.06392805
-0.02120982
-0.08746553
-0.1047554
0.02313493
0.02743095
0.01666208
0.01929423
0.01072166
-0.001723047
0.0456666
0.03954419
0.05408018
