-4.234369e-02
-6.004812e-02
-1.635285e-02
1.731592e-02
-6.665647e-03
-4.394053e-02
5.057587e-04
-2.834058e-02
-3.053150e-02
-2.230206e-02
1.426719e-03
-1.334606e-02
-3.875271e-02
-1.705936e-03
2.359243e-02
-2.814260e-02
-6.788461e-02
-5.000232e-02
-8.759944e-03
2.627894e-02
-1.616099e-02
-1.074452e-02
5.744830e-03
5.018403e-02
-6.365381e-03
-3.290246e-02
1.548014e-02
7.122960e-03
-4.489856e-02
-9.446965e-03
1.527564e-02
-2.427091e-02
-2.346534e-02
5.217567e-03
-6.851214e-02
-8.593266e-02
4.800171e-02
-6.805125e-03
-3.827906e-02
-8.282534e-03
-3.610033e-02
1.290824e-02
-3.216316e-02
-2.544278e-02
4.307742e-02
1.863461e-02
-9.601184e-03
-2.696440e-02
-5.079549e-02
-2.471847e-02
3.337277e-02
4.372509e-02
-6.802918e-03
-5.964407e-02
-9.469624e-03
-4.948140e-03
1.868879e-03
-3.615275e-02
-2.027313e-02
8.015530e-03
-4.918460e-02
-6.685586e-02
-4.476231e-02
-1.415533e-02
