3.751501e-01
3.272630e-01
2.226901e-01
3.422793e-01
3.363267e-01
-3.016410e-05
3.083219e-01
3.310158e-01
3.466592e-01
2.472261e-01
2.693175e-01
3.492281e-01
3.302386e-01
3.015612e-01
2.283562e-01
3.388150e-01
3.112672e-01
1.048419e-04
3.592365e-05
2.459856e-01
3.912639e-01
3.076922e-01
3.261898e-01
3.341611e-01
2.911983e-01
3.045891e-01
3.144253e-01
3.202433e-01
2.998922e-01
2.606875e-01
2.832404e-01
4.025109e-01
2.670138e-04
3.383945e-01
3.323971e-01
3.075874e-01
3.123544e-01
2.465249e-01
2.612212e-01
3.108258e-01
2.915827e-01
2.972549e-01
3.822999e-01
3.086479e-01
3.827405e-01
3.099493e-01
2.823901e-01
3.083115e-01
1.032337e-05
2.642550e-05
3.424325e-01
1.705065e-01
2.686815e-01
2.672590e-01
2.692159e-01
1.911540e-01
2.999436e-01
2.139653e-01
3.471369e-01
3.447486e-01
2.759527e-01
3.738123e-01
3.282774e-01
2.604969e-01
