-4.866525e+00
-5.121481e-01
1.057841e+00
-2.498763e+00
-1.070777e+00
5.246568e-02
-2.100215e+00
-2.528545e+00
-2.364757e+00
-1.103886e+00
3.206169e-01
-1.646916e+00
5.332530e-01
-1.273564e+00
-2.151204e+00
-1.136369e+00
-1.264177e+00
-1.236796e-02
2.672164e-02
-1.368533e+00
-1.052640e+00
-1.679034e+00
-7.210892e-01
-4.576841e-01
-4.001721e-01
-6.818186e-01
-2.855288e+00
-1.886301e+00
-7.979761e-01
4.141657e-02
2.127875e+00
-1.306506e+00
2.063305e-03
-4.139744e-01
-2.149977e+00
7.903493e-02
-3.178021e+00
-3.972515e-01
-9.008550e-01
-1.034271e+00
-1.842568e+00
-8.432136e-01
-1.818538e+00
-2.160077e+00
-2.920722e+00
-7.546394e-01
-1.160132e+00
-2.108087e+00
-8.249939e-03
1.039017e-02
-4.215859e-01
-7.518829e-01
8.302364e-03
-1.821636e+00
-1.671068e+00
-2.991661e-01
-1.223902e+00
1.435313e+00
-4.679749e-01
1.237094e+00
-1.616387e+00
-2.458527e+00
-2.107546e+00
4.180010e-01
