-1.059576e-01
-1.768749e-01
2.064313e-02
3.748440e-02
-4.341323e-03
1.169363e-02
-1.078313e-02
6.351900e-03
-1.928225e-02
-8.751039e-03
-2.878632e-02
-4.849110e-02
-7.509989e-02
-8.387997e-02
-8.775999e-02
-1.287941e-01
-6.984667e-02
6.206978e-03
-4.472616e-02
4.759272e-04
1.487023e-02
5.622144e-03
-2.318846e-02
4.734976e-03
-5.679014e-03
-4.816070e-02
1.697762e-02
-5.489729e-02
-1.595325e-02
-2.707838e-02
4.953287e-02
-3.538203e-02
1.353522e-02
-8.130346e-03
-4.101933e-02
-4.329640e-02
7.379140e-02
5.190423e-03
-5.625481e-02
-4.074321e-02
-1.022839e-01
-1.581416e-02
-4.303590e-02
-1.152221e-01
5.059233e-02
-5.542121e-02
-2.677381e-02
-7.724395e-02
1.657311e-02
-8.488572e-03
2.304972e-03
-3.816848e-02
1.087628e-02
5.547596e-04
1.140679e-01
-2.314747e-02
1.189367e-02
-2.141864e-02
-1.408534e-01
-6.895026e-04
-8.588352e-02
-1.039279e-01
-7.729859e-02
-2.749162e-02
