-1.400016e-01
-1.608160e-01
-1.672765e-01
-1.180808e-01
-1.818605e-01
-1.568480e-01
-2.854255e-01
-2.286200e-01
-1.344206e-01
-1.204004e-01
-2.661401e-01
-1.865517e-01
-1.540460e-01
-3.706537e-01
-2.813668e-01
-2.208572e-01
-2.678480e-01
-2.508099e-01
-2.383639e-01
-2.648118e-01
-2.178063e-01
-2.047554e-01
-2.771934e-01
-1.100223e-01
-2.861689e-01
-1.266607e-01
-1.670800e-01
-2.282702e-01
-2.269106e-01
-1.940901e-01
-2.310475e-01
-1.597142e-01
-2.738657e-01
-2.236575e-01
-1.736867e-01
-2.470424e-01
-2.890510e-01
-3.280932e-01
-2.597588e-01
-2.015380e-01
-1.972407e-01
-2.545798e-01
-1.889464e-01
-1.628866e-01
-1.519749e-01
-1.194995e-01
-1.944868e-01
-2.963778e-01
-2.576518e-01
-2.200868e-01
-1.764493e-01
-1.604066e-01
-1.682733e-01
-2.229223e-01
-1.947985e-01
-2.045097e-01
-1.539438e-01
-3.062009e-01
-2.300744e-01
-2.743405e-01
-2.166708e-01
-2.390241e-01
-9.946611e-02
-1.724190e-01
