7.552930e-03
6.285061e-03
4.604683e-03
4.987636e-03
7.285819e-03
1.323817e-02
1.119825e-02
2.673824e-03
4.531567e-03
4.118506e-03
5.992545e-03
6.373509e-03
3.162888e-03
1.465167e-02
5.014337e-03
9.313264e-03
3.183388e-03
9.213756e-03
3.462500e-03
1.247430e-02
4.231119e-03
1.014519e-02
9.283285e-03
6.583085e-03
3.833769e-03
3.660439e-03
2.744427e-03
3.398854e-03
3.419881e-03
7.375409e-03
2.680537e-03
2.715241e-03
3.940755e-03
7.846615e-03
3.279256e-03
8.712097e-03
4.733604e-03
6.080731e-03
3.603143e-03
9.204359e-03
2.084912e-03
2.907157e-03
5.679439e-03
5.047463e-03
4.970513e-03
4.841966e-03
4.308159e-04
3.871135e-03
8.562112e-03
6.772617e-03
5.748575e-03
3.055776e-03
6.079368e-03
5.453702e-03
3.104907e-03
6.662015e-03
5.184435e-03
8.023870e-03
3.980733e-03
4.860902e-03
7.507172e-03
6.294426e-03
2.166424e-03
7.371588e-03
