2.423830e-01
-9.525274e-01
2.620189e-01
-1.580712e+00
-1.275604e+00
3.238560e-01
-1.843352e-02
-6.657580e-01
-5.987381e-01
-1.320601e+00
-1.480350e+00
7.833247e-03
-2.740204e+00
6.267756e-02
-2.697179e-01
1.678445e+00
-1.025398e+00
5.531296e-01
-9.960654e-01
-8.924965e-01
-1.103238e+00
5.995463e-01
-3.077627e+00
-6.192214e-01
-1.163554e+00
-2.518923e+00
-1.029999e+00
-6.756116e-02
-1.359298e+00
1.355410e+00
-9.462290e-03
-1.747161e+00
3.217576e-01
3.110648e-01
-1.448506e-03
4.099780e-02
-9.890495e-03
-1.047440e+00
-1.628994e+00
1.320441e-02
-4.853371e-01
-1.237480e+00
2.284797e-01
-1.151853e+00
-4.696966e-01
-1.550724e-01
7.145905e-01
4.257415e-01
2.763931e-02
-2.903203e+00
3.900484e-02
-3.712332e-01
-2.233210e+00
1.611310e+00
-4.640494e-01
-4.679444e-01
-1.211434e-02
-1.685293e+00
-9.582153e-01
-6.513081e-01
-1.654946e+00
-2.526099e-01
-1.570787e+00
-1.563469e+00
