1.743931e+00
3.388319e+00
4.026142e+00
3.293327e+00
1.463581e+00
1.075343e+00
2.742819e+00
3.041389e+00
3.016008e+00
2.514030e+00
3.605934e+00
2.819848e+00
1.482320e+00
3.440746e+00
2.334072e+00
1.988955e+00
2.130701e+00
3.955648e+00
3.006026e+00
4.035704e+00
3.798759e+00
7.986463e-01
3.854462e+00
2.981088e+00
2.514255e+00
3.779480e+00
3.273116e+00
1.683792e+00
8.258734e-01
2.680554e+00
3.321763e+00
2.556349e+00
2.173970e+00
2.243937e+00
4.505522e-01
1.504530e+00
2.829766e+00
4.189911e+00
1.593716e+00
2.896084e+00
3.195511e+00
3.681673e+00
2.785479e+00
6.069947e-04
2.594298e+00
2.406478e+00
3.340282e+00
1.387472e+00
3.252255e+00
1.168175e+00
3.002123e+00
2.185869e+00
4.067548e+00
1.840585e+00
2.486997e+00
1.912537e+00
3.703002e+00
2.235518e+00
2.568553e+00
1.623154e+00
3.896158e+00
8.812386e-01
6.220890e-04
1.073848e+00
