7.888496e-02
-1.646473e-01
-1.467404e-01
-6.316799e-02
-1.812585e-01
-6.422006e-02
-2.625356e-01
-9.858585e-02
-2.004630e-01
-1.261971e-01
-1.613679e-01
-1.097790e-01
-1.053497e-01
-1.665170e-01
-6.839169e-02
-1.134470e-01
-1.578960e-02
-1.401732e-01
-1.272260e-01
-5.749686e-02
-6.904275e-02
-1.864158e-01
-1.046141e-01
-6.406422e-02
-1.070578e-01
-1.201824e-01
-1.757081e-01
-1.663310e-01
-1.704542e-01
-2.102014e-01
-1.993937e-01
-1.033462e-01
-2.119883e-01
-1.164446e-01
-4.124090e-02
-1.506782e-01
-1.758793e-01
-2.677295e-01
-6.079908e-02
-1.019640e-01
-7.874123e-02
-1.228004e-01
-1.254126e-01
-1.007614e-01
-1.549788e-01
-3.921492e-02
-2.351925e-02
-2.923456e-01
-2.467157e-01
-6.938331e-02
-1.590538e-01
-1.645922e-01
-1.169061e-01
-1.591156e-01
-1.549764e-01
-9.675556e-02
-2.001744e-01
-2.328217e-01
-2.776537e-01
-1.305848e-01
-3.155542e-01
-1.933487e-01
-1.722822e-01
-1.857813e-01
