3.164018e-01
3.575198e-01
2.842023e-01
2.570401e-01
5.326522e-01
2.418651e-01
3.441629e-01
2.422123e-01
1.338483e-01
1.263641e-01
1.621898e-01
2.813689e-01
3.630429e-01
-2.595523e-01
4.166898e-01
3.999026e-01
1.009869e-01
2.335814e-01
2.723633e-01
2.702262e-01
1.481121e-01
3.630083e-01
1.960294e-01
4.811322e-01
2.857781e-01
1.942645e-01
2.784226e-01
-7.656321e-02
1.692435e-01
9.289613e-02
1.817552e-01
3.556845e-01
3.073647e-01
-6.239476e-02
2.005079e-01
2.657569e-01
2.064138e-01
3.638405e-01
3.192838e-01
2.629918e-01
3.560680e-01
1.996903e-01
2.868144e-01
2.497899e-01
2.325412e-01
3.510843e-01
3.474199e-02
3.312981e-01
3.600523e-01
3.544831e-01
2.915866e-01
4.035802e-01
1.491062e-01
4.106820e-01
3.770328e-01
6.007593e-01
2.797161e-01
3.297839e-01
5.162247e-01
2.927719e-01
4.860900e-01
3.468963e-01
3.238658e-01
3.735985e-01
