-7.322524e-02
-1.334138e-01
-1.381566e-01
-1.330598e-01
-1.990863e-01
-7.917583e-02
-1.288883e-01
-1.986415e-01
-1.647531e-01
-7.480319e-02
-1.346968e-01
-1.867835e-01
-1.591491e-02
-9.994081e-02
-4.331698e-02
-1.880355e-01
9.066158e-02
-4.187256e-02
-7.052016e-03
-8.284071e-02
-3.334252e-03
-9.039953e-02
2.654092e-02
-8.598842e-02
-1.742465e-01
-1.233203e-01
-1.389262e-01
-6.478587e-02
-2.325790e-01
-1.537616e-01
-1.191880e-01
-1.732396e-01
-1.899340e-01
-1.151989e-01
-1.818820e-02
-1.793982e-01
-1.754623e-01
-2.761406e-01
-3.754137e-02
-1.412425e-01
-1.196366e-01
-4.310713e-02
-1.020990e-01
-3.117274e-02
-7.038284e-02
-3.914203e-02
-2.657278e-02
-2.231586e-01
-1.071776e-01
-2.484833e-02
-6.949097e-02
-1.265296e-01
-1.649064e-01
-1.910337e-01
-6.490679e-02
-1.260883e-01
-1.118207e-03
-1.586302e-01
-1.560384e-01
-2.800723e-02
-1.524617e-01
-2.019833e-01
-2.316754e-01
-1.486693e-01
