-1.484559e-01
-1.917921e-01
-2.114590e-01
-1.369428e-01
-1.490700e-01
-1.646491e-01
-3.125952e-01
-1.277985e-01
-2.258034e-01
-1.860432e-01
-1.359264e-01
-2.417254e-01
-1.302615e-01
-3.137864e-01
-1.677098e-01
-1.482856e-01
-3.231501e-01
-2.098961e-01
-2.206751e-01
-2.699266e-01
-2.437811e-01
-2.427817e-01
-2.571962e-01
-1.531271e-01
-3.219103e-01
-1.471455e-01
-1.831558e-01
-2.623007e-01
-2.448803e-01
-2.233327e-01
-2.290888e-01
-1.873830e-01
-2.995274e-01
-2.635024e-01
-1.560671e-01
-1.879809e-01
-3.033479e-01
-3.667597e-01
-2.203221e-01
-2.145070e-01
-1.839590e-01
-3.343490e-01
-1.696723e-01
-1.614375e-01
-1.687557e-01
-1.953690e-01
-2.003910e-01
-2.561371e-01
-2.923654e-01
-2.125757e-01
-1.923239e-01
-1.435722e-01
-1.351437e-01
-2.561823e-01
-2.036153e-01
-1.886272e-01
-1.155804e-01
-2.738704e-01
-2.035128e-01
-2.268650e-01
-1.777301e-01
-1.684947e-01
-1.005720e-01
-2.021589e-01
