2.681419e-01
3.151482e-01
2.964657e-01
5.211767e-01
3.444203e-01
2.888519e-01
2.885643e-01
3.282661e-01
3.109051e-01
3.354397e-01
2.971583e-01
3.651068e-01
3.585195e-01
3.319765e-01
3.355236e-01
3.692660e-04
2.682481e-01
3.449531e-01
3.353508e-01
2.718070e-01
2.944780e-01
3.305381e-01
3.174439e-01
2.277502e-01
2.895887e-01
3.689154e-01
3.384101e-01
3.394797e-01
3.320813e-01
3.418286e-01
3.263639e-01
2.697212e-01
3.930182e-01
2.980239e-01
3.084770e-01
2.005793e-01
2.689449e-01
3.423949e-01
3.875372e-01
2.647921e-01
2.518525e-01
3.209410e-01
3.809699e-01
4.053465e-01
3.151190e-01
3.497593e-01
2.179392e-01
3.153014e-01
4.057525e-01
3.512928e-01
2.888935e-01
2.997787e-01
3.819873e-01
3.709612e-01
2.473103e-01
2.926188e-01
3.240184e-01
3.080885e-01
3.146189e-01
3.483554e-01
2.882177e-01
2.990827e-01
2.721465e-01
3.953115e-01
