2.140411e-01
5.352944e-01
4.206682e-01
3.067358e-01
2.944613e-01
3.417179e-01
3.192601e-03
3.177519e-01
3.846750e-01
3.209782e-01
2.545865e-01
3.150395e-01
2.364904e-01
5.880726e-01
2.417741e-01
2.467168e-01
1.358145e-01
2.676780e-01
3.690862e-01
3.052694e-01
2.569075e-01
2.613088e-01
3.812181e-01
1.490217e-01
1.657078e-01
-1.047167e-01
2.197214e-01
3.096949e-01
2.373405e-01
3.665583e-01
2.097690e-01
2.176864e-01
2.645828e-01
1.642005e-01
3.503752e-02
3.131529e-01
3.538996e-01
5.843831e-01
2.744737e-01
2.997256e-01
2.171458e-01
2.446883e-01
3.521259e-01
1.962994e-01
2.198429e-01
2.712458e-01
2.985471e-01
6.273550e-01
2.612409e-01
3.112966e-01
1.732533e-01
1.647794e-01
2.387124e-01
4.366357e-01
2.310181e-01
2.331578e-01
5.018173e-01
2.407027e-01
2.493106e-01
3.197196e-01
4.615919e-01
1.786324e-01
3.915580e-01
3.128333e-01
