-7.129539e-02
-2.270906e-01
-1.869994e-01
-1.351757e-01
-1.354782e-01
-1.387594e-01
-2.269678e-01
-1.554746e-01
-1.650467e-01
-1.119148e-01
-1.476649e-01
-2.415175e-01
-1.399828e-01
-3.075005e-01
-1.414938e-01
-9.705875e-02
-4.833324e-02
-1.905846e-01
-1.161841e-01
-1.284218e-01
-1.195235e-01
-1.940219e-01
-8.604144e-02
-1.311867e-01
-1.716740e-01
-1.066908e-01
-1.629815e-01
-1.396780e-01
-1.565131e-01
-2.194769e-01
-1.205042e-01
-1.463845e-01
-2.310415e-01
-9.566383e-02
-3.734948e-02
-1.685737e-01
-1.986590e-01
-2.193248e-01
-1.213275e-01
-5.853242e-02
-1.162583e-01
-1.168859e-01
-1.653414e-01
-1.570879e-01
-1.639565e-01
-1.089003e-01
-6.922299e-02
-3.214194e-01
-2.050230e-01
-1.724788e-01
-1.579769e-01
-1.552494e-01
-1.164260e-01
-2.468077e-01
-1.707351e-01
-1.428268e-01
-1.843085e-01
-2.310115e-01
-3.042869e-01
-1.974860e-01
-2.927566e-01
-2.101765e-01
-1.949262e-01
-2.097602e-01
