-2.156948e-01
-1.037921e-01
-2.053943e-01
-2.351649e-01
-2.302701e-01
-2.041212e-01
-2.148134e-01
-2.176350e-01
-1.947586e-01
-1.705773e-01
-1.531853e-01
-2.370224e-01
-1.155330e-01
-1.834989e-01
-1.432557e-01
-1.075281e-01
-2.964363e-01
-1.317156e-01
-2.383890e-01
-2.878670e-01
-2.665691e-01
-1.906174e-01
-2.607359e-01
-2.518896e-01
-3.382268e-01
-1.471997e-01
-2.362266e-01
-3.296611e-01
-2.826353e-01
-1.799823e-01
-2.119360e-01
-2.182535e-01
-2.277045e-01
-2.266436e-01
-3.765918e-01
-1.970997e-01
-3.389662e-01
-3.489251e-01
-2.751400e-01
-1.752932e-01
-2.554994e-01
-4.042861e-01
-2.162903e-01
-1.710358e-01
-2.162116e-01
-2.799815e-01
-2.215554e-01
-1.894607e-01
-1.943047e-01
-2.191371e-01
-8.499160e-02
-1.395402e-01
-1.595528e-01
-2.877432e-01
-1.563043e-01
-1.490114e-01
-2.028452e-01
-3.142961e-01
-1.447791e-01
-2.306212e-01
-2.308338e-01
-1.831246e-01
-1.688527e-01
-2.580287e-01
