16 16 3
-0.01887564
-0.06782328
-0.06588688
-0.03950056
-0.005531691
0.02714002
-0.02058107
0.01047248
0.05963436
0.01398177
-0.06063604
-0.03085652
-0.0518137
-0.04125921
-0.02111552
-0.02843066
0.02263746
-0.03499303
-0.09870163
0.02576243
0.1041048
-0.1142227
-0.06331645
0.0220038
-0.08168348
-0.1075849
-0.06107356
0.02647882
0.05736945
-0.02870691
0.04015178
0.04738916
-0.01658102
-0.02845359
-0.001109124
-0.0132761
-0.01328054
0.02420633
0.03233999
-0.02067477
-0.04259652
-0.03497957
0.07964671
-0.04427884
-0.02423008
0.004994339
-0.04254967
-0.08847881
0.02285162
-0.01985575
-0.03798847
0.04796194
0.05959872
0.0264292
-0.1061034
-0.166174
-0.130459
0.04655815
-0.09200794
-0.2624381
0.1227755
0.06499413
-0.142498
-0.0164731
-0.05937628
0.02608753
0.02681805
-0.03981028
-0.0224903
0.02897796
-0.05088907
-0.04783659
0.02336154
0.0232495
0.1191652
-0.014943
-0.04419656
0.03837411
-0.016925
-0.06739775
-0.06239754
-0.0349976
-0.05626751
-0.05432197
0.01053593
0.002348166
-0.02851953
-0.02238092
-0.01965428
-0.05777482
0.06363951
-0.0369259
0.02340937
0.0546096
0.03995773
0.02999031
0.03444914
0.04107539
0.02504295
-0.0001753991
-0.002266817
0.03182862
-0.08279239
-0.03395692
0.0648273
-0.1737251
-0.04753328
-0.008491183
0.004047496
-0.04318367
-0.05503853
7.989067e-05
-0.04133145
-0.06920399
0.03212632
-0.007809094
-0.04452164
-0.06524391
0.06430411
0.03321368
-0.07099053
-0.05684492
-0.05274792
-0.006721642
-0.140584
-0.07992504
-0.02054564
-0.053644
0.03643873
-0.006543219
-0.06722911
0.01377779
0.00844833
-0.05715113
-0.03949063
-0.06152353
-0.01456262
0.07183703
-0.03938344
-0.04178635
0.009544224
0.012778
-0.0469504
-0.01684136
-0.08489206
0.008388749
0.1894407
0.1288398
0.2036594
-0.1884192
-0.004012279
-0.09373683
-0.1528472
0.03486172
0.1055524
-0.1175066
0.100276
-0.1749468
-0.2343877
-0.09747814
-0.1535004
0.1131953
0.02607756
0.04287402
0.07663737
0.0154575
0.02454128
0.003573552
-0.01884558
-0.02130111
0.01011757
-0.01218104
0.01960851
0.1459495
0.07426538
0.09778586
0.0498181
0.04851842
-0.0509575
-0.06718264
0.09458842
-0.07848242
-0.08162975
0.06605016
-0.1425411
0.007195613
-0.1495181
-0.1706663
0.114803
-0.08650736
-0.08086888
0.02887635
0.05197981
0.04673872
0.02551351
0.1166945
0.02617329
0.04048428
0.05513838
-0.02110219
0.02266999
-0.07656734
-0.1586753
0.07820228
-0.03271846
0.04465293
0.1137146
-0.04630961
-0.1774882
-0.2185533
-0.2680556
-0.09139596
0.1320454
-0.01886742
0.1978385
-0.03245899
0.05333256
-0.03689578
-0.1160089
-0.05821204
-0.08972553
0.07935407
-0.09197434
0.01317612
0.1674906
-0.004555851
0.05388688
0.04337444
0.08474027
0.05259996
-0.01848918
0.03304714
-0.04775283
-0.09046864
0.2234775
0.05224407
-0.1819715
0.08953996
-0.2651445
0.0106843
-0.04596723
-0.04144285
0.1247167
0.1674443
0.1485938
0.03346143
0.1050072
0.04718453
-0.07341286
0.009082201
0.05617111
-0.006519755
0.02772065
0.04144773
0.09959801
0.04755052
0.06068322
0.1132904
0.08242528
0.07840174
0.0664814
-0.1446698
-0.2588776
0.1731006
-0.3006214
0.2721823
0.1294425
0.1449566
0.1737266
-0.24711
-0.06176055
-0.1316797
-0.09348718
-0.1219818
-0.07007296
0.02327463
-0.09380402
0.05600674
0.086642
-0.08407872
-0.1484676
-0.05316955
-0.1334895
0.1133648
0.142049
0.01443296
-0.006391892
-0.1082084
-0.09191995
-0.09053719
0.004001762
-0.01644013
-0.008265339
-0.07354624
0.08696366
0.06587956
0.04197879
0.03987585
0.09412137
0.1177903
0.05643469
0.01019694
-0.01246654
-0.0572564
-0.05807394
0.0005156477
-0.01458141
-0.07083097
-0.07807181
0.09103842
0.1007844
0.05747086
0.01317617
0.06092313
0.08120189
0.09783998
0.06202805
0.02437916
0.07135574
0.04966702
0.007705775
-0.01561834
-0.04020387
-0.05405908
-0.004659077
0.001638543
0.008154928
-0.02313193
-0.05504311
-0.07124326
0.01399719
-0.008784757
-0.05452676
-0.001674297
0.008493675
0.04116295
0.003432151
0.0240962
0.05608788
0.03526055
0.03403611
0.0338215
0.02409846
0.06408931
0.03163347
-0.05976319
-0.05957443
-0.03494594
-0.08366007
-0.06006813
-0.03632994
-0.07538006
-0.09324383
-0.1022495
-0.004667577
-0.0428635
-0.01235131
0.03766229
0.07619285
0.0619684
0.01567406
0.07438424
0.08663683
0.009418765
0.05426168
0.09283789
-0.009805419
-0.01010931
-0.009231698
-0.02979296
-0.03812058
-0.04961576
-0.01626421
-0.02772238
-0.03251712
0.05357099
0.02770805
-0.008193797
0.05568302
0.03765918
-0.001129852
0.03376522
-0.01551709
0.01611747
0.009022685
0.04589079
0.01083215
0.03110953
0.06586087
-0.026649
-0.003508336
0.00613885
0.02212621
-0.03488496
-0.08386508
-0.1083468
0.01180264
0.004861025
0.01312262
-0.01878327
-0.0223105
-0.006193778
-0.01244374
-0.01189622
-0.02635333
0.09285759
-0.006633325
-0.04657112
-0.04299874
0.08201004
0.07312476
-6.085615e-05
-0.00935735
0.02754933
0.03222726
0.02320789
0.009845292
-0.01636621
-0.01795339
0.004953103
-0.01930975
-0.06564428
-0.04291005
0.01916935
-0.02558793
-0.04277778
0.03578276
0.0103836
0.01023537
-0.01916393
0.002897814
-0.03004135
-0.03081586
-0.02817039
-0.04613336
-0.03511337
0.005190895
-0.02994293
0.07529256
0.06289456
0.02208343
0.001441179
0.01270415
0.04926091
0.04881638
0.05662728
0.04545981
-0.04716844
-0.01287592
0.0229178
-0.01341676
-0.02546198
-0.05090484
-0.02836635
-0.05143154
-0.0584014
0.08215047
0.06001535
0.06368691
-0.0008768277
-0.009968715
-0.01870123
-0.04171612
-0.02650674
-0.0140038
0.009711058
0.01535002
0.00823795
0.1062938
0.09122523
0.07969375
0.06169058
0.06149955
0.00468451
-0.09603061
-0.06216291
-0.107821
-0.03803843
-0.01028091
0.01935554
-0.03627797
-0.0151252
-0.0008668728
-0.04486713
-0.02001397
-0.02407194
0.05924429
0.04024963
-0.04928762
0.0425671
0.02808094
-0.0419914
-0.06180296
-0.02677118
-0.04082948
-0.07873642
-0.07325793
-0.08772592
0.03232116
0.06449974
0.01528763
-0.02776321
-0.003995424
-0.01838295
0.03773849
0.02898144
0.04342107
0.06513218
0.04349661
0.04559399
0.02441013
0.0123991
0.01207228
-0.03544378
-0.009484638
-0.02076206
-0.007826189
0.01339652
-0.0009003878
-0.01043999
-0.01038656
-0.01640877
0.007981133
0.02117282
0.0188219
0.01555823
0.009963979
-0.02629032
-0.06266864
0.01163124
0.01028633
0.0202162
-0.01160971
-0.02052786
0.125362
0.06468579
0.03009561
0.01339157
-0.006650311
-0.008999659
-0.004397075
0.003664066
0.009674394
-0.01265064
-0.003215685
0.004927497
0.004759069
0.02225947
0.0384804
0.01807539
0.08223373
0.008441926
-0.03047038
-0.03789297
0.005919319
-0.04578434
-0.07446352
-0.04825314
-0.003393389
-0.008205583
0.04892402
-0.03577644
-0.04315756
-0.0199877
-0.06804168
-0.1053304
-0.101302
0.03443934
0.04446166
-0.02590984
-0.01017345
0.02228611
-0.04485706
-0.02371521
-0.05647511
-0.08396381
-0.01159336
0.01627017
0.02233718
0.02522906
-0.02328592
-0.03120546
-0.03494377
-0.0320234
-0.02607126
-0.01476945
-0.03897664
-0.0295677
-0.06223387
-0.0403136
-0.02962461
-0.03540246
-0.04171668
-0.02071558
0.02640283
0.05106406
0.05205632
0.0506701
0.03449464
0.03893423
-0.02071472
-0.02590905
0.003213036
0.01919116
0.04953264
0.03733444
0.01469982
0.01882558
-0.00178731
-0.007383443
-0.007508722
-0.02807334
0.004645072
-0.00336116
0.00167721
-0.008519013
-0.03080686
-0.0260397
-0.02150996
-0.01320372
0.01085876
-0.00225674
0.02245557
0.05233246
0.03461382
0.0409085
0.0375327
0.02780838
0.03291712
0.02639736
-0.0341933
-0.05783192
-0.07033745
-0.0700215
-0.006874719
0.007553407
-0.04471086
0.05031547
0.06264403
-0.03398339
-0.02396178
-0.01144814
0.003140638
0.07511716
0.06083523
0.01104742
-0.002179815
-0.01456717
-0.04188002
-0.03545959
-0.01223797
-0.01528221
-0.01342268
-0.01058433
0.0005454525
0.02560622
0.002946255
-0.04372925
-0.001253436
0.002376
0.02803765
0.03753753
0.006885351
0.03722037
0.01633008
-0.009920756
-0.009082659
0.005174457
0.004521761
-0.02089913
-0.009058297
0.005577946
-0.009093604
0.01554927
-0.001406663
0.006810524
-0.04198333
-0.0234344
-0.03783078
-0.07962822
-0.07579347
-0.01578391
-0.02204368
-0.02956602
0.01024543
0.01140688
0.00492413
0.01927904
0.02403884
0.01681559
0.02337399
0.02215654
0.01954663
0.05053495
0.0845339
0.03522687
0.02961532
0.05415108
-0.02784941
-0.008933458
-0.01787924
-0.04522115
-0.008878562
-0.01734259
-0.004143997
0.01749135
-0.01652419
-0.02760932
0.01100281
-0.02267886
-0.0286218
-0.01386048
-0.02099098
-0.01408278
0.005614295
0.01771805
0.006201142
-6.792527e-05
0.01430249
0.0389449
-0.07682474
-0.09281348
-0.01770389
-0.04494642
0.02301217
0.1067736
0.04583913
0.07773134
0.05268874
-0.02844822
0.0340524
0.1073297
0.06331758
0.1057574
0.02605342
-0.06556648
-0.02203014
-0.09879487
-0.06276143
-0.09468671
-0.06392606
-0.08333859
-0.03012194
-0.002379208
-0.02253989
0.02079813
-0.003350549
0.02417491
-0.04309941
-0.08599387
0.003828051
-0.003731976
0.0006463664
0.01371185
0.006297177
0.03783876
-0.05348675
-0.03803974
-0.05289768
-0.02213377
0.01699664
0.03980282
-0.03828829
-0.01934054
-0.008287308
0.01100856
-0.001051746
-0.03772173
-0.01690028
-0.005481631
0.0006599316
-0.008530854
0.02290709
0.03642868
0.09177241
0.02013203
-0.03466329
0.09179938
-0.05046336
-0.1014367
-0.00403685
-0.07476481
-0.1042854
0.003177613
0.01618534
0.007321157
-0.07209876
-0.05742308
-0.003338578
-0.04645674
-0.07038198
0.003794256
-0.07275575
-0.0356337
-0.001009481
-0.05024381
-0.06660444
-0.03985052
-0.02902542
-0.07427758
-0.07141729
0.01824827
-0.04945476
-0.06177125
-0.03690607
-0.04711464
-0.01758943
-0.07716543
-0.02657914
-0.008906886
-0.03501827
0.02407319
0.03391991
-0.007563593
-0.0397357
-0.02657025
-0.0009128081
-0.01192233
-0.03510059
-0.1228646
-0.02939278
0.0941655
0.0008396044
0.002444011
0.06806617
0.02925517
-0.007647899
-0.00554622
-0.0101623
-0.02964341
-0.006405659
-0.009549551
-0.0208184
-0.008467893
-0.02581949
-0.0154989
-0.01470899
0.1026274
-0.02537807
-0.09719267
-0.003564672
0.009845213
0.07778403
-0.02921165
0.06051225
0.03226988
0.02828478
0.03290888
-0.02734719
-0.0382576
-0.07829041
-0.06170033
0.00561018
-0.0740281
-0.05785536
-0.05498544
-0.02206517
0.02760986
-0.02481434
0.01151429
-0.009689334
0.05966365
0.02679454
-0.006084622
-0.1135611
-0.1120771
-0.03931285
0.003690679
0.05661707
0.01799151
-0.004190553
0.05294381
0.02563131
0.06661277
0.09495419
0.06768397
0.06529097
0.03736581
0.01683259
0.03522104
0.001378189
0.02720134
-0.06276093
-0.0984512
-0.1033184
0.03493389
0.0001881251
-0.03034397
0.08937208
0.1078132
0.09884144
-0.01684453
-0.03308687
-0.03843676
0.0321966
0.02423885
-0.01060781
0.0269468
0.03736499
-0.01035906
0.0655166
0.06466919
0.07390615
-0.02064918
0.01698874
0.04553623
-0.06176459
-0.03112807
0.03460447
-0.02819414
-0.04666284
-0.01538027
-0.03566416
-0.01391361
-0.001864346
-0.04181182
-0.02787787
-0.01229751
-0.02023708
0.0700992
0.01924132
-0.07251963
-0.03651072
-0.03125026
-0.07981134
-0.082403
-0.07608367
-0.09299567
-0.005878157
-0.02766207
-0.05863032
-0.021853
0.02252084
-0.01982046
0.02946303
0.05449918
-0.01379352
0.01582488
-0.009573919
-0.00140732
0.06321945
0.06900798
-0.0122899
0.02701153
0.06826728
0.001732711
0.001407651
-0.0492673
0.01023889
-0.007123483
-0.01774182
0.01265457
-0.004626801
-0.01212904
0.004454579
0.02952631
-0.04294797
0.006047376
0.007350563
-0.002158971
0.001127054
-0.003657281
0.04280468
0.05267266
-0.0004302517
-0.05688522
0.02202717
0.07178976
0.02517332
-0.05746402
-0.01777484
-0.01516056
-0.02257774
-0.02917536
-0.01510817
-0.03705572
-0.04385581
-0.04427476
-0.01593656
-0.03582128
-0.04203666
0.01286382
-0.007930199
-0.01095052
-0.001204364
0.001319841
0.007315994
-0.04733365
-0.00163965
-0.01051823
0.004083826
0.003046949
-0.03071885
-0.003799762
0.04627032
0.02894426
-0.02883009
-0.02999743
-0.0002254502
0.00952279
0.0656692
0.05658823
-0.02274393
0.004073299
0.004957445
-0.06944625
-0.03638796
-0.04836015
-0.002430693
-0.0001781012
-0.001248781
-0.0007973239
0.0009741247
-0.0005594177
-0.001973346
0.002157559
-0.001975471
0.00237823
-0.003666695
-0.003170564
0.002873964
-0.001080251
0.002992003
0.001412009
-0.001243397
0.002462156
-0.001665589
-0.002220789
0.003087482
0.002640911
0.001890787
-0.003608587
0.005188
0.002181988
-0.0003658838
0.001963503
0.0004449173
-0.001280125
0.001241655
0.0002668229
0.001017358
-0.0004469884
-0.0005666916
-0.001121078
0.0009727086
-0.0001442915
0.000231308
0.0004128126
0.001222482
-0.001352545
0.0009807919
-0.001899688
0.0009426356
0.001330495
-0.002031598
0.002841138
-0.002333911
-0.002142129
0.001612492
0.001170491
-0.0001563717
0.00157205
-0.001958769
0.002325866
0.00190145
0.001031647
0.003906286
0.0023856
-0.0005999841
-0.0004283953
0.000288466
0.0005560072
-0.003587344
-0.002322911
-0.0007268613
-0.001514218
-2.289483e-05
-0.00145058
-0.002731722
0.00354786
-0.0002643166
0.001805925
0.001624681
0.0002648676
0.001976255
-0.001056591
-0.0009497179
0.00286248
0.0007110543
-0.0002790404
-0.0002071388
0.002780295
0.0009404449
-0.0006340307
-0.001007011
0.0003865008
0.0009205224
-0.0003147908
0.001849519
-0.002026962
-0.001309131
0.002130925
-0.001176761
-1.524478e-05
8.311564e-05
-0.002403667
0.0001231233
0.001356544
-0.001591471
-0.0002296861
0.004101677
0.0001851447
0.0003948841
8.908875e-05
0.0005515855
-0.001525741
0.0008304802
0.0004987989
0.00206396
0.0006622513
-0.0005840066
0.001766031
0.003540797
-0.001340015
0.001495672
0.002055661
0.001907117
-0.0007251722
-0.0001949927
-0.0002709328
0.001282824
0.004359124
0.001547319
-0.0005921139
0.002821677
-0.002121466
-0.0008561307
0.001367381
0.001124452
0.001873299
-0.00114925
-0.001817024
0.0002214658
0.001468712
-0.001009683
0.001774459
-0.002583939
-0.002332541
0.001793701
0.001368352
3.124416e-06
-0.000502602
-0.001069181
0.001891177
0.001961238
0.0006860073
0.0002732666
0.005187481
-0.0001957901
0.002849056
0.001398782
-0.002465626
-0.003242524
-3.272149e-06
-0.00115555
-0.0002227095
-0.0006803819
0.001812335
0.001777616
-0.000798357
-0.002107467
-0.001215885
0.003033794
-0.002774771
0.001953151
0.001549947
0.0007595728
0.0008327815
0.001451393
-0.004883376
-0.004065808
-0.001393764
-5.24846e-05
3.574689e-05
0.001500464
0.0001939259
0.002128751
-0.003075804
-0.001252591
-0.003416921
0.001541896
0.0001950285
-0.0003114931
0.0009695029
-0.002796693
0.001142031
0.001473878
0.000343261
-0.002698112
0.002744371
-5.706806e-05
0.001259457
-0.002310079
0.0006126188
-0.0006222003
0.0007900572
0.0001427654
0.001687624
0.001848888
0.0003694322
-0.001712626
-0.001925038
-0.002080531
0.0004266177
7.099364e-05
0.001706964
0.000128384
-0.0004174732
0.001828805
-0.0002665579
0.002585115
0.0005830126
-2.063719e-07
2.647442e-05
0.0008139251
-0.002569499
0.002480424
-0.001492832
-0.0003744218
0.0001532619
-0.001094187
-0.0004486665
0.001446112
0.00455596
-0.0007541461
0.001139908
-0.00125359
0.0005069533
-0.001559363
-0.003686773
-0.001518727
-0.003780436
0.001596768
0.002860409
0.0003132857
0.002724587
-0.0005211245
0.004072383
-0.0005715176
0.001621055
-0.001679782
0.0005451147
-0.0001152144
0.001563317
0.0006086827
0.00236357
-0.002589582
0.0001082956
0.0003622129
-0.003886768
0.0009321929
-0.0005334486
0.0008182923
-1.810567e-05
-0.0005534146
-0.001278728
0.001220571
-0.00146049
-0.001391024
-0.0009712096
0.003685434
-0.003348533
0.0009708689
-0.001045902
0.0007545497
0.0008634601
0.00196377
0.00106233
-0.0005560523
0.00194256
0.0002519826
4.841388e-05
-0.001394688
-0.004163187
-0.000597348
9.666381e-05
0.003647524
0.001107828
0.0003291049
-0.0009457868
0.002294756
-0.001979866
7.494233e-05
0.002223657
0.004369159
0.001533477
-0.02543321
0.03106578
0.08556092
-0.06085401
-0.1133758
-0.1126833
0.0693025
0.01762102
-0.1005308
-0.04060505
-0.02737585
0.01328486
-0.006528719
-0.04019377
-0.003694698
0.01953104
-0.03920496
0.02375768
0.1642332
0.04552129
-0.1035272
0.08472753
0.1312523
-0.009455325
-0.1470997
0.02808202
0.01437824
-0.0208178
-0.03045574
-0.03128953
-0.05225056
-0.05650847
-0.04662841
-0.001147836
0.003740299
-0.02393557
-0.007267585
-0.02528122
-0.02277805
0.06605023
0.06992795
-0.002042389
0.009738642
0.04410968
0.02161919
-0.04088956
-0.01722079
0.05923863
-0.03400674
-0.05643734
-0.03060002
0.04465972
-0.01486355
-0.03317787
0.05048963
0.248801
0.2436549
-0.2425296
-0.02543801
0.1472696
-0.2238909
-0.2312512
-0.03141858
0.04298429
-0.08145828
-0.06099332
-0.007667268
0.05440413
0.02587376
-0.08296625
-0.05142517
-0.04940829
0.02923423
-0.01697953
-0.1016635
0.05220412
0.02794518
-0.06650852
0.06214095
0.09067684
0.03906077
-0.08764745
-0.08795121
-0.12199
0.01817098
0.002228232
-0.0251547
0.03447153
0.001069582
-0.03125248
-0.01517333
-0.004230968
0.0002022186
0.04154138
0.07056019
0.02730131
-0.01335203
0.03630715
-0.03650076
-0.08718535
-0.05093704
-0.08023863
0.08005485
0.02656606
-0.09727168
0.0730738
0.06376756
-0.04947989
-0.01791737
0.03770089
0.01549653
-0.0200021
0.01416127
0.01758405
-0.02653895
-0.01977288
-0.01453412
0.02118311
0.0899013
0.01248696
-0.03309529
0.09627526
0.05578336
-0.05533208
-0.04302511
0.02322631
-0.0108519
-0.07095355
-0.08875217
-0.02139513
-0.04256511
-0.0471296
-0.00157763
0.005332103
0.006355832
0.01213735
-0.04383422
-0.09649461
-0.04110316
-0.0204329
-0.04662527
-0.05367698
0.01009663
-0.06026928
0.09267019
0.08150381
-0.08202691
0.05517917
-0.02962485
-0.03472947
0.02660102
-0.08275071
-0.06263573
-0.04356107
-0.02617713
0.03998237
-0.04729429
0.003453309
0.05684181
0.00412754
0.03185038
0.01551229
-0.07884564
-0.03563134
0.01913225
-0.08294325
0.01153163
0.07505452
-0.02295007
0.04404902
0.07513556
-0.02156765
-0.01569176
-6.647184e-05
-0.03872644
-0.02812617
0.02558667
-0.005113539
-0.001337247
0.06605922
0.01741499
-0.04873895
0.0001064384
-0.05434828
-0.01050726
-0.02803757
-0.07388888
0.1045644
-0.09486783
-0.04313601
-0.009749019
-0.06105903
-0.01173198
-0.04910259
-0.05722006
-0.02319663
-0.07232396
-0.05543016
0.02903852
-0.05048536
-0.03028712
0.02802996
-0.01926964
-0.07870558
0.02552238
0.005509458
-0.06092405
-0.01054741
-0.0005308615
-0.07730418
0.03627327
0.1071514
-0.1080022
0.06204885
-0.007410943
-0.07618253
-0.01374304
0.02917
0.1011846
0.03066337
0.04159919
0.01148386
0.005441777
0.03348566
-0.07067809
0.01070612
-0.05230893
-0.07011008
0.01054965
-0.0351015
-0.03077518
-0.03906482
-0.06276216
-0.02310099
-0.01415435
-0.0772796
0.03286328
-0.02646209
-0.04430411
-0.01506096
-0.09660092
0.02455407
-0.02668344
-0.0261161
-0.1100943
-0.09665598
0.0894586
-0.07860783
-0.007039627
-0.03008378
-0.08637799
0.06094641
0.07499056
0.05214986
0.0008826167
0.0627829
0.04407664
-0.002160582
0.03821188
0.02649015
0.005675321
-0.07027131
0.2023945
-0.02535033
-0.05768984
0.04962036
-0.1507618
0.02947255
-0.1032894
0.001682381
-0.005126467
0.01208547
0.09585883
-0.003419508
0.002610383
0.01156222
-0.001269317
0.03425498
-0.05808311
-0.01820088
0.05355112
0.0005027396
0.03243019
0.06132004
-0.02437111
0.07202648
0.006162481
-0.001367065
-0.02926998
0.06610069
0.1094628
0.00149686
0.03394739
0.07715539
-0.07003888
-0.05636125
-0.04609065
0.0121375
-0.009943455
-0.08267056
-0.03720097
-0.01006881
-0.02362745
-0.02905054
-0.01764304
-0.0344356
0.007304484
0.03622984
-0.02595773
0.03166709
0.0847559
0.03847523
-0.001188598
0.009462691
-0.01716361
-0.0171425
0.0364476
0.01686473
0.02565178
0.05321593
0.04423745
-0.01994622
-0.01951425
-0.0382105
-0.03048564
-0.03317188
-0.06709894
-0.05236201
-0.06592472
-0.05976375
-0.01298855
-0.09409408
-0.06203852
-0.004812899
-0.02120286
0.03095276
0.01350105
0.01223289
0.01787968
-0.006618236
0.01892809
0.02717626
-0.02313465
-0.03801239
-0.05474791
-0.02318008
-0.04402141
-0.0227384
0.04820957
0.001866016
0.02676047
-0.04787574
-0.08457992
-0.09397544
-0.07088934
-0.05094316
0.02944302
0.004844672
-0.02376632
0.03324552
-0.01395652
-0.06874525
-0.05776862
0.02063085
-0.05900022
-0.04060729
0.01877515
-0.02103529
-0.003994597
-0.01803492
-0.007803284
-0.02999791
0.01679993
0.02139532
6.644461e-05
0.02969825
0.03389872
0.00323283
-0.006978426
-0.02023993
-0.08735324
0.01356498
-0.008928266
-0.02031724
-0.03966986
-0.03286788
-0.05913502
0.05490108
-0.03556416
0.01739193
0.01984464
-0.03675731
-0.07914751
-0.1052604
-0.03487039
-0.01603779
-0.01909513
-0.00884657
-0.0265069
-0.005421172
0.03121242
-0.002152862
0.003421153
0.02672281
0.007939919
-0.06509671
0.0163668
0.02390303
-0.06802755
0.01384373
0.05782125
-0.01057715
-0.06603963
-0.02250124
-0.007729186
-0.06942783
-0.05557134
0.02662746
-0.06833331
-0.05592919
-0.009618116
-0.03776034
-0.03913941
-0.02294656
-0.025194
-0.01452665
-0.04387493
-0.03836355
0.01062754
0.02388633
-0.01399165
0.05410223
-0.06156508
-0.02704976
-0.02425196
-0.06583165
0.01123133
0.03672712
-0.00720333
0.00760496
0.07296634
-0.003228938
0.01978272
-0.06184151
0.004007434
0.06955784
-0.01344268
-0.0318831
0.07069899
0.02515922
0.03694257
0.03378792
0.01264636
0.03214201
0.03058438
-0.01067685
-0.004260601
-0.004359648
-0.07332056
-0.05405934
-0.01339652
0.01228083
-0.06047706
0.006679467
0.03112892
-0.1015228
-0.03666811
0.03623943
0.00934499
-0.03475787
-0.05779479
0.07132702
-0.04273185
-0.07191616
0.05117331
-0.002065097
-0.1012818
-0.01460654
0.00660091
7.653067e-05
-0.008402097
-0.01190885
0.01980963
-0.02690848
-0.03515824
-0.03124908
-0.02448994
-0.03878549
-0.03283785
-0.002676464
0.01061361
-0.01475711
-0.03352169
0.0409822
-0.003214652
0.05037592
0.03065829
0.06873147
-0.08761907
-0.08859292
-0.08223712
-0.09428291
-0.08114864
-0.1079407
0.02544308
0.01261201
-0.01835788
0.085329
-0.01125772
-0.00823687
0.04090163
-0.03954933
-0.08453068
-0.006546591
0.00523666
0.00282197
0.01552708
0.005429481
-0.000552549
-0.01444401
-0.01543202
0.003872698
0.02416024
-0.02774192
-1.031688e-05
0.05815854
-0.06500023
-0.04243723
-0.001422312
-0.01503515
-0.04981845
-0.05696206
-0.03387474
-0.04114928
-0.01137761
-0.08528915
-0.03434557
-0.02016014
-0.1034988
-0.03597491
-0.01556909
0.04407465
0.04786427
-0.02025594
0.04841678
0.0349124
-0.03016765
0.03241111
0.01055546
-0.06735412
0.00783095
0.064312
-0.1384792
-0.006462123
-0.01884551
-0.03391908
-0.02189823
-0.04272336
-0.0928131
-0.06665518
-0.04157957
0.002083249
-0.02743946
-0.01724677
0.05963651
0.003387714
-0.06210029
-0.02509452
-0.05973379
-0.03559797
-0.06095136
-0.07329199
-0.05071095
0.05974827
0.01050374
0.009589866
0.135422
0.08557086
-0.2871793
-0.1038676
-0.1321476
-0.01919692
-0.1242128
0.1517708
0.153819
-0.2019697
-0.2929294
-0.1857297
-0.1791153
0.1217985
0.3334091
0.1657356
0.1328532
-0.03792927
0.0008761874
0.05241561
-0.002698596
-0.08270498
-0.03430712
-0.02376602
-0.07768048
-0.001990275
0.07540543
0.05267698
0.06256668
-0.02227345
-0.02547424
-0.02943849
0.00727693
-0.006126615
0.07662063
0.09195761
-0.004714663
-0.04990025
0.07121213
-0.08406307
0.1154457
0.09851546
0.1173028
0.1445472
0.1032616
-0.01104447
0.04462309
-0.05004473
-0.08396121
-0.1058676
-0.0602113
-0.103467
-0.008031931
-0.001581413
-0.0602638
-0.09993906
0.002707597
-0.01670406
0.140226
0.07771469
0.04231936
-0.02493605
-0.06499019
-0.1700685
-0.08160357
0.2150175
0.01371566
0.1004791
-0.2472478
-0.1596211
-0.1734155
-0.09521378
-0.0575357
-0.0398237
0.1016043
0.03306899
0.07717191
0.02524411
-0.01577341
-0.009325169
-0.1131991
-0.0517894
-0.0158047
0.01498684
-0.06086568
-0.005292664
0.02487597
-0.02229606
0.03841388
0.01976901
-0.1652359
-0.2375425
0.08355407
-0.02854453
0.2894372
0.06685325
0.120295
0.04033921
-0.0799406
-0.03557289
-0.0854929
-0.06540288
-0.118286
-0.001180614
0.02136649
0.0009295777
0.04776924
-0.03975408
0.08718931
0.01731557
-0.0131245
0.04192395
-0.007447224
-0.03679106
0.07135915
0.04441833
0.06116424
0.01068073
0.3553635
0.03166446
0.3108848
-0.08442314
-0.2675884
-0.1798946
-0.1558957
0.2449942
0.06336071
0.05362434
0.12341
0.09745472
0.010254
0.01719928
-0.1689078
-0.06384489
-0.1421158
-0.187391
0.2034675
0.06261919
0.03868747
-0.05404457
-0.2077074
-0.1430216
-0.04831281
0.05011427
0.07528473
0.09842603
0.05897958
-0.007755905
0.004975067
0.03228467
-0.006138251
-0.1008312
-0.1207555
0.07761507
-0.07158977
-0.09256984
-0.06538851
-0.06979017
-0.01576067
-0.07115267
-0.08244835
-0.02031459
-0.06058776
0.06380203
-0.02725078
-0.01936317
0.09686852
0.0524621
-0.06304895
0.04407975
0.0539308
0.06890177
0.1936173
0.1217157
-0.03598965
0.03069137
-0.02139865
-0.1067871
-0.1012473
-0.1432674
0.07250902
0.05587193
-0.01159006
0.02803407
0.03576232
0.02795821
0.01200262
0.06824826
0.04773089
0.01828304
0.04914999
0.08316799
0.03631884
0.04812109
0.07951067
0.08121932
0.06333409
0.05897966
-0.1002667
-0.1038023
-0.1084201
-0.03905714
-0.002575038
-0.03987933
-0.01736565
0.04175951
0.03291509
-0.005576322
0.03040178
-9.284433e-06
0.08191306
0.1088244
0.06297544
-0.01768955
0.03380834
0.1065853
-0.1222378
-0.07483538
-0.03359322
-0.01995383
-0.02645585
-0.06659385
0.05247123
0.04477653
-0.003785405
-0.003129169
-0.008429253
0.02013749
0.07028714
0.03742302
0.01866883
0.01336025
-0.02120771
-0.03076173
-0.08712216
0.06523978
0.01432141
-0.06235126
-0.0027514
-0.05177178
-0.1060257
-0.04002242
-0.04570674
-0.02145393
-0.02274757
-0.02175564
-0.06957512
-0.1609623
-0.1856685
-0.1355539
-0.1882789
-0.1946959
-0.05746924
-0.00633555
-0.004363137
0.002355834
0.04095739
0.01491226
0.04563231
0.06769887
0.0616178
0.07818808
0.1256961
0.01608177
0.04614843
0.04985135
-0.02626706
0.01486784
0.09528254
-0.03301713
0.04941269
0.04059198
0.01081372
0.06089153
0.009853598
-0.05256896
0.04837329
-0.01083384
-0.05853726
-0.03898431
-0.04730991
-0.07704461
-0.1199903
-0.1324927
-0.0905906
-0.007596946
0.1132005
0.1136146
0.03640047
0.03566504
0.01312124
-0.02644029
0.06259628
0.1320455
0.1061299
0.03681966
-0.03642689
0.09955407
0.01656984
-0.04059443
0.1116306
-0.03386959
-0.1391133
-0.1602818
-0.160199
-0.2428754
-0.03234054
-0.02739076
0.05478363
0.01343154
0.06525775
0.110523
0.0358955
-0.005667727
-0.02992826
-0.05769978
-0.03685191
-0.00649025
0.005298527
0.05356433
0.06719084
0.04524317
0.006136661
-0.02117847
0.022348
-0.0142935
-0.04713871
-0.01438994
-0.0427678
-0.03599726
-0.08722505
-0.06224094
-0.08670588
-0.03102297
-0.05569076
-0.0505073
-0.07713398
-0.05668143
0.0125637
-0.04546786
0.004823234
0.07243086
0.1347215
0.06047162
-0.05540564
0.127648
0.0579908
-0.02772775
0.002293681
-0.02239535
-0.09188186
0.01186741
0.006149355
-0.001356482
-0.07657936
-0.01509527
-0.05750327
-0.08115803
-0.05776618
0.03252932
0.0009825367
-0.06202285
-0.03218512
-0.02635449
-0.1175854
-0.06706516
-0.05071871
-0.09399318
-0.06593826
0.0875688
-0.01131597
-0.05163255
0.04223393
-0.04344546
-0.03696997
-0.0105329
-0.05546552
-0.06748414
0.07409237
-0.009124322
-0.01444289
0.07123321
0.01790374
-0.002205241
-0.02135657
0.009749931
0.01696035
0.03554671
0.03089429
0.004849339
0.1534736
0.1469569
0.09216452
0.04105241
0.07202855
0.1148395
-0.03160205
-0.002288502
0.04842333
0.01592899
0.04290132
0.09352885
0.02123733
0.04351753
0.07647053
-0.0185268
-0.03006018
-0.03231332
-0.1422807
-0.1060527
-0.07889415
0.0197958
-0.06745654
-0.05936972
-0.0691939
-0.1052918
-0.1016785
-0.1553462
-0.139663
-0.1145366
-0.05300727
-0.008566512
-0.0706159
-0.02096545
-0.04430703
-0.08620539
-0.05136246
-0.01355672
-0.0860508
0.05426935
-0.05716471
-0.0451325
