-2.648830e-01
-3.094405e-01
-2.913463e-01
-1.883468e-01
-2.616289e-01
-2.586612e-01
-1.347742e-01
-3.196196e-01
-2.524745e-01
-3.144357e-01
-2.194411e-01
-3.000897e-01
-4.088115e-01
-3.064056e-01
-1.789630e-01
-2.087974e-03
-1.833520e-01
-1.232395e-01
-4.390143e-01
-3.599725e-01
-1.686420e-01
-2.540185e-01
-2.035240e-01
-2.260963e-01
-2.695401e-01
-2.770288e-01
-4.214461e-01
-3.550567e-01
-1.686190e-01
-2.278031e-01
-2.275405e-01
-2.956184e-01
-3.487859e-01
-3.064616e-01
-3.962911e-01
-1.716362e-01
-2.074155e-01
-3.312355e-01
-4.761293e-01
-2.547585e-01
-2.412201e-01
-3.988646e-01
-3.789642e-01
-4.130481e-01
-2.292704e-01
-3.204278e-01
-1.382509e-01
-3.476457e-01
-4.757029e-01
-3.351250e-01
-3.451525e-01
-1.781380e-01
-2.908859e-01
-5.048903e-01
-1.447174e-01
-3.387982e-01
-3.102491e-01
-3.456174e-01
-3.672765e-01
-2.226481e-01
-3.954493e-01
-2.431497e-01
-2.193245e-01
-3.726411e-01
