-2.704620e-01
-2.449403e-04
-4.862871e-02
-3.049755e-01
-2.438292e-01
-1.929250e-01
-2.924130e-01
-2.600161e-01
-1.830670e-01
-2.286220e-01
-2.943054e-01
-2.544003e-01
-2.918881e-01
-2.361757e-01
-1.672319e-01
-3.467274e-01
-1.806213e-01
-2.753938e-01
-2.801279e-01
-2.491772e-01
-2.761844e-01
-3.082934e-01
-2.550281e-01
-2.137148e-01
-3.523348e-01
-3.960941e-01
-3.314583e-01
-3.271033e-01
-4.012527e-01
-2.984891e-01
-3.190604e-01
-4.606043e-04
-5.818754e-04
-2.850233e-01
-1.782331e-01
-1.675539e-01
-3.028013e-01
-2.647126e-01
-2.925890e-01
-2.941263e-01
-3.110822e-01
-2.722655e-01
-3.893362e-01
-4.044619e-01
-2.144388e-01
-2.238688e-01
-1.646303e-01
-9.018064e-02
-2.869748e-01
-2.184868e-01
-3.082737e-01
-2.338872e-01
-3.865871e-01
-3.578409e-01
-2.449388e-01
-1.718214e-01
-2.901499e-01
-1.985964e-01
-1.998450e-04
-3.523182e-01
-1.850833e-01
-2.785740e-01
-1.736904e-01
-3.864617e-01
