16 16 3
-0.06754288
0.2037053
0.1740782
-0.1049841
-0.2655828
-0.2481051
0.1423172
0.1387881
0.09843526
0.09123793
0.07412239
0.02434085
-0.02216213
-0.05429132
-0.07107529
0.09369867
0.06585537
0.1074393
-0.1278465
-0.1447015
-0.1117143
-0.02518268
0.09562176
0.1864658
-0.104971
-0.1153848
-0.04232984
0.01478026
0.1097031
0.01520216
-0.02405384
-0.1509413
0.07636169
0.08698055
-0.03530614
-0.1732811
0.003015051
-0.003241757
0.0001521771
0.001149197
0.001537538
-0.001138361
0.0003807003
-0.002645667
0.0005919348
-0.01594635
-0.0366791
0.06327304
0.04219872
0.02724114
0.0784643
-0.1553907
-0.07428107
-0.06518182
-0.008746034
-0.02552501
0.08887952
0.1293544
0.1516021
-0.02489692
0.005683199
-0.08364937
-0.0657201
0.1756881
0.03699312
-0.07780624
0.1417345
0.01791877
0.1104466
0.02157568
0.09738965
0.2547349
-0.132421
-0.03986728
0.08586048
-0.001910032
0.0193812
-0.1163965
-0.08138628
0.0342563
-0.05556298
-0.002671773
-0.001536621
-4.884425e-05
0.0008982754
0.000939851
0.001107053
0.003982378
0.001128792
0.0003722623
0.06443314
0.1085339
0.05825476
-0.003507963
0.0191268
-0.03186882
0.02142696
0.1019301
-0.001024371
0.1225097
0.149257
0.1422978
-0.02805524
0.1236793
0.09764399
0.02370304
0.01294908
0.01937475
0.09111393
0.03490138
-0.02800642
-0.08890071
-0.00838077
-0.0226689
-0.09897371
-0.1236762
-0.09637596
0.03074507
0.09831958
0.07685219
-0.03651117
-0.1002765
-0.01255348
0.08107659
0.0885486
0.1310217
0.09724268
0.02423942
0.08767369
0.1492836
0.2116401
0.1748763
0.04732232
0.03707909
0.119837
0.004013306
0.05781837
0.0506429
0.06320303
0.1552433
0.1291898
-0.09944302
0.03124273
0.0275165
-0.0970085
-0.05690189
0.1976139
0.1063944
0.07454615
0.03672528
0.08589804
0.01517428
-0.03632748
-0.00136837
-0.01433171
-0.04299554
-0.02923653
-0.04257612
-0.04408408
-0.03619497
-0.02485608
0.01556116
0.0461003
-0.02101478
0.0117242
-0.0514323
-0.08892459
-0.1763833
-0.03756589
-0.08372807
-0.05283258
0.1010442
0.1791589
0.1175045
0.1388163
0.06902209
-0.1575616
0.0465374
-0.1389552
0.01452288
-0.001215697
-0.0006625133
0.0008481262
0.003371729
0.001023597
-0.0004566733
-0.001704986
0.001754712
-0.00101113
0.05097084
0.04945456
-0.03988082
0.07889399
-0.05108296
-0.0287318
-0.03141491
-0.06464983
0.005739524
0.06490687
-0.0242858
-0.02153691
-0.129292
0.06132368
0.1833704
-0.005607678
0.07293951
0.01631181
0.006634122
0.05131491
-0.02453812
-0.0306088
-0.1154152
-0.002336996
-0.1095531
-0.05303445
0.09288336
-0.03014385
0.01292086
0.04878793
0.09414797
0.05229564
0.001832483
0.01314279
-0.1268399
-0.07906044
0.0001167884
-0.001326332
0.001170434
0.001739008
0.002106084
0.001071266
-6.490894e-05
-0.001314665
0.0008353936
0.008469899
-0.03650145
0.03870074
0.01649202
-0.09552619
-0.01709566
-0.05061278
-0.112634
-0.01953439
-0.04892344
-0.09481163
-0.09296989
-0.05698815
-0.1294809
-0.05752641
-0.05518835
-0.04057056
-0.01472893
0.05202047
-0.07253844
-0.03481144
-0.01835567
-0.09227332
0.03362434
0.008724893
0.03931933
0.03234917
0.0784433
0.08256144
0.06908336
0.1209193
-0.004664167
-0.01359464
0.01972361
-0.1333759
-0.08750922
0.06119639
0.01375545
-0.03431273
-0.04517405
0.009523432
0.029969
-0.005711807
0.001411817
-0.01199961
0.01125688
0.0002167088
0.03132254
0.01876085
0.01660016
-0.05285695
0.1154679
0.05231429
-0.02687223
0.0538688
0.08907759
0.09303058
-0.04424369
-0.0794676
-0.07417489
-0.111334
-0.1340531
-0.06048269
0.03000977
0.01167258
-0.02051351
0.04699892
0.0750498
0.04575438
0.03561058
0.03542655
0.04900157
-0.02347353
0.00351923
-0.00509861
-0.003648099
0.006592928
0.02587867
0.04852756
0.1151127
0.07470388
0.01544374
0.008364241
-0.03679034
-0.04307051
-0.0174529
0.02397429
0.02031392
0.005047176
-0.02586707
-0.002979491
0.001163144
0.001957419
-0.002461944
-0.002760051
0.001771693
-9.282434e-06
-0.0004206807
-0.003166686
0.04696037
0.01584214
0.01648214
0.008044023
0.04721779
0.02717858
-0.02390759
0.04680316
0.05031016
-0.01666021
-0.02011421
-0.01324647
0.03591474
0.04925008
0.07003052
0.001607732
0.0338199
0.04069344
-0.07923929
-0.02295228
-0.007708816
-0.04984943
-0.02337564
0.01008881
0.03415342
-0.007592892
-0.03336141
0.05695496
-0.01708192
-0.02617483
0.1005899
0.02254388
-0.01249149
-0.01759628
-0.04789789
0.001781382
-0.001200498
0.000912987
-0.00206061
0.001450863
-0.0005131328
-0.001040286
-0.002368266
-0.0002161454
0.003141413
-0.02816572
0.008329735
0.02254606
0.005042971
0.02058049
0.05924072
0.05625741
0.03255796
0.04428911
-0.02816914
-0.07188626
-0.1326859
-0.06208513
-0.05549787
-0.08970879
0.01197886
0.06375086
0.07085954
-0.007967385
0.01509855
0.02741101
-0.01631341
-0.0121672
0.02177098
-0.004785516
-0.04168418
-0.03253081
-0.06053735
-0.04261582
-0.03028107
0.001571485
-0.0005207348
-0.0102801
0.007861241
0.02023064
0.00161657
0.007586108
0.01223394
0.00399266
0.009717222
-0.01502243
-0.009794644
0.01253383
-0.007652452
0.008337575
0.07988123
0.09776713
0.0495317
0.03067791
0.02037084
0.01231837
-0.07863377
-0.1037778
-0.110325
-0.07429118
-0.03721225
-0.02877252
0.06127729
0.07015142
0.03500659
-0.02942684
-0.05407569
-0.01375298
-0.02451546
-0.006932001
-0.005609944
0.01988476
-0.001810286
0.02213749
0.03580979
0.05644315
0.03939752
0.0381281
-0.00120458
-0.05691123
0.01369547
0.005149241
0.01941876
-0.04793948
-0.1250046
-0.1015029
-0.05564528
-0.02905747
-0.01551834
-0.006536979
0.01239324
0.0620221
0.001580568
0.02793564
-0.008211716
0.002012569
0.00437846
0.0004403096
-0.00149086
-0.0001326419
-0.0006516983
0.0005735748
-0.005000571
0.0001414309
0.01682044
0.04197646
0.001410588
0.001880812
0.01852237
-0.0007025964
-0.02976394
-0.03590032
0.01828528
-0.01701458
-0.04807466
-0.03494459
0.04072953
0.0201031
0.003300392
-0.01870941
0.02203707
-0.01577024
-0.06344096
-0.09678143
-0.0102942
0.02245518
0.009086025
-0.07022953
0.0588735
-0.003793184
0.05727204
-0.01844571
-0.01370407
0.003224511
0.01746962
-0.01627598
-0.007281311
-0.01246505
-0.06851287
0.02526919
5.93205e-05
0.001762325
0.0002460028
-0.001071214
-0.001052478
-0.000698036
-0.001274201
0.0001052727
-0.002530792
-0.02070074
0.003940007
0.003087129
-0.02139529
-0.005305645
-0.01541935
-0.02613465
-0.006272163
-0.006960627
0.004740901
-0.05928426
-0.05483776
-0.1427937
-0.1708291
-0.09291995
-0.0004682215
-0.09734728
-0.08004137
-0.04716019
-0.03302103
-0.02737362
-0.008632419
-0.02100548
0.002311351
-0.0006506335
0.02458293
0.003994312
-0.01515263
-0.05112266
-0.04792241
0.04541363
0.03376202
0.008017384
-0.0157939
0.01897557
0.02000154
0.05170638
0.004660421
0.0131958
-0.01400849
-0.01959804
0.02542063
-0.0296064
-0.05153231
-0.03372363
-0.02793354
-0.02126553
-0.005062281
-0.001327354
-0.03080522
-0.01698423
-0.07079424
-0.0783753
-0.08272431
0.05944245
0.01171598
0.0482727
-0.006549951
0.008833178
-0.0393635
0.04926254
0.02370738
-0.03897961
0.005215824
0.0175241
0.02404319
0.04185853
0.01745566
0.05095619
-0.02597084
-0.002042086
0.03140104
-0.09207411
-0.02479782
-0.0373669
-0.09377114
-0.02520763
-0.03222023
-0.02271825
-0.008052369
0.002561011
-0.04848354
0.001215187
-0.04108369
-0.04635772
0.09648596
-0.1758341
-0.02718395
0.007265886
-0.08451229
-0.0005448305
0.0001241386
0.00172484
-0.003140258
0.0006480693
-0.003715501
-0.001352381
-0.002233959
-0.002580104
0.04915972
-0.009953299
-0.01608267
0.1516013
-0.07105649
0.05098972
0.1163978
-0.1164985
0.05408317
-0.04870246
-0.00193121
-0.02243876
-0.1406239
0.02089055
0.09308946
-0.07283132
0.004505229
0.02056717
0.03177398
0.002877541
-0.06332301
-0.03590138
-0.002920949
-0.03086578
-0.07308422
0.007881242
0.0687506
0.06174132
0.001399881
0.04303008
0.07587084
-0.1056158
0.04212484
0.0731666
-0.2003485
0.01668849
1.061838e-05
0.0007494657
-0.0009573434
0.0002109304
0.000794444
0.0006225282
-0.001700905
-0.002598982
-0.0007791449
0.03350188
-0.02409054
0.03866573
0.005859554
-0.03828777
0.004543358
0.03393031
-0.008747021
0.07504692
-0.005650624
-0.03435213
-0.1006701
-0.01381133
-0.1111579
-0.0615078
-0.01768889
-0.08235062
-0.08321843
0.03648482
-0.03767891
-0.02484271
0.04215293
-0.02428741
-0.04104273
-0.02280944
0.07082316
-0.02865598
-0.04902107
-0.004529758
-0.03035403
-0.04934481
0.006828376
-0.0929637
0.003629626
-0.03996086
-0.07856361
0.02211959
0.0252591
0.01747924
-0.02347686
0.009771825
-0.003979659
-0.02981018
0.01597637
-0.006404781
-0.02239381
-0.07256903
-0.04279715
-0.006966462
0.01374242
-0.03344319
-0.08873901
-0.08994489
-0.1126178
-0.02697873
0.03488488
-0.06317076
-0.0207337
0.0402323
0.01086899
0.001667617
0.09057917
0.07130811
0.02581092
0.05122554
0.05441409
-0.01457422
0.01528162
0.04040245
-0.0207416
-0.03312022
0.01068796
-0.006134528
-0.02345471
-0.0657132
-0.043724
-0.02422366
-0.1051008
0.02722596
0.02936643
0.003981357
-0.08085829
0.03384789
-0.006045602
-0.07772304
0.02731964
0.08114339
0.06733412
0.02887502
0.05381105
-0.002415854
-0.001798135
-1.894083e-05
0.002270251
-6.704807e-05
0.001204574
0.0002662874
-0.0001423694
0.002156858
0.01925036
0.01676333
0.08588213
0.03970275
-0.00813018
0.06912695
0.06463329
0.01608761
0.08323203
-0.01256686
0.00259039
-0.01421921
-0.007387944
0.05692782
-0.03264032
-0.009346139
0.008034316
0.002844974
0.02834457
-0.01964656
0.002674594
0.07469473
0.08055858
-0.0213416
0.0979373
0.09911846
0.01634873
-0.0508995
-0.05869649
-0.02005181
-0.01925265
-0.07674979
-0.03239221
-0.05477529
0.02671182
0.08058982
0.0001772946
0.0009506947
0.003884274
0.001651632
0.001917528
0.001183503
0.0007649334
-0.001198328
0.004837169
0.02035248
0.008855901
-0.04355176
0.001669305
-0.01939757
-0.04170264
-0.02914085
-0.06354241
-0.08966548
-0.1095737
-0.05181851
-0.02144322
-0.09099147
-0.04642139
-0.0199951
-0.06965666
-0.06683335
-0.04956064
0.03906007
0.02156894
0.0399975
0.05572454
0.07570302
0.03237484
0.01673699
0.06951257
0.003921222
-0.004532886
0.03090635
0.01220287
-0.0009592164
-0.01822028
0.01677018
-0.01033952
0.02520235
-0.01191986
0.07371981
0.07430588
0.04666891
0.03699351
0.1037479
0.02999203
0.08003037
0.1274112
0.05177087
-0.06147133
-0.09787199
-0.04085943
-0.01904818
0.01156595
0.008919399
-0.01847278
0.008569466
0.01608302
-0.02622783
-0.1590457
-0.1102519
0.06231888
0.006180477
-0.08560023
0.06705735
0.09142522
0.06883668
-0.06135199
-0.08736061
-0.06589796
0.09625318
-0.01236034
-0.004981204
0.08063362
-0.001278247
-0.03947364
0.07980912
0.2274861
0.2431343
0.1419894
0.1883149
0.2453636
0.05394938
0.1564548
0.1110227
-0.05086678
-0.01097746
0.05849202
0.0431656
0.05799253
-0.03819158
0.02746198
0.0213028
-0.01652329
-0.0009257802
-0.0004992217
0.0005500652
0.0009864806
0.001322872
0.001056871
-0.003377937
-0.001304069
-0.001203432
-0.01739691
0.008179203
0.02343437
-0.008236412
0.005432653
-0.03016955
0.0565667
0.00704711
-0.02657413
0.1018918
0.1744259
0.09081807
-0.07777698
0.04099992
0.09686759
-0.06760112
-0.08203638
-0.01508947
0.08624604
0.1249062
0.1191627
0.01354385
0.04354805
0.2030044
-0.01688476
0.04347204
0.03517694
-0.06147096
0.03634058
0.06159185
-0.1342809
-0.03346047
0.1316029
-0.115791
-0.1233166
-0.03659523
-0.001872625
0.001045205
-0.001077659
0.001243223
-0.001255081
-0.001251364
-0.0003370531
0.001272496
2.37833e-05
-0.1123036
-0.1719106
-0.1103201
-0.1481065
-0.1509718
-0.09816653
-0.1357902
-0.08332973
0.05220243
-0.02994925
-0.01822786
0.09988969
0.01553492
-0.01858672
0.007258557
0.00547014
-0.02287941
-0.07855882
0.001205091
0.01792318
0.01809055
-0.04168059
-0.1007696
-0.112432
-0.07740784
-0.0635201
-0.08694641
0.01847034
0.0381269
0.05357777
0.07554226
0.09470036
0.03669521
0.1228467
0.1680059
0.1294492
0.01844545
-0.00538179
-0.05805443
-0.02457663
-0.03141759
-0.08276632
0.02523083
0.009690163
-0.09449801
0.0802828
0.022123
-0.0168303
-0.02622062
-0.01809667
-0.04005751
-0.06036627
-0.01030725
0.01475491
0.0316536
-0.1649396
-0.02351055
-0.1507441
-0.02317598
-0.000588071
0.0255047
0.07551643
0.06467794
-0.03408161
-0.03295809
-0.0009581793
-0.02905819
-0.02969504
-0.1059496
0.02916814
-0.01800444
-0.08004638
0.009314156
-0.03860518
0.01974511
0.04049591
0.2052754
0.04402329
-0.06722507
-0.07402185
-0.09320074
-0.1337498
-0.1055505
-0.005596675
0.1823299
0.1422386
0.05810834
-0.05388995
-0.005700544
-0.08709137
-0.001104242
0.0009764859
0.001771833
0.0007732097
0.00125568
-0.004401198
0.0009201013
0.0004052638
-0.000852936
-0.04416638
-0.02714629
0.004557601
0.01208695
0.06145637
-0.05632128
-0.02834759
-0.008241896
0.02137001
0.02493245
0.09626637
-0.01896639
0.01959684
-0.03568862
0.04461492
-0.1162056
-0.05396588
0.0527562
-0.0844676
-0.07184633
0.04069382
-0.02034128
-0.08690777
0.0216453
0.008406415
0.08307082
-0.137865
-0.02089859
-0.1024087
-0.1463252
-0.062389
0.05737473
0.04435617
0.1328968
0.05008502
-0.02322016
0.002006574
0.0006201521
0.000697091
-0.002050638
-0.00303364
-0.001391529
-0.00061291
0.0007878332
0.001656655
0.02207195
0.07006865
-0.003588771
0.1065697
0.1409232
0.05734099
0.06329001
0.06248299
-0.02274949
0.002030345
0.0480359
0.007124838
0.04155369
-0.0416748
0.03818938
-0.06454761
-0.07473977
-0.1053016
0.03556512
0.1153976
0.07646041
0.04013148
0.003215557
-0.06871381
-0.004218146
-0.02304075
-0.0356951
-0.1029902
-0.126679
-0.02150747
-0.01978896
0.05267814
0.08068515
0.06085443
0.1883778
0.1233916
-0.04147865
0.05086659
-0.06286222
0.1456591
0.01834419
-0.01035519
-0.06583345
-0.05589098
-0.06597214
0.1009822
0.1741307
0.03736426
0.035992
0.01195378
0.01828975
0.03644826
0.09735816
0.07925329
0.04294861
-0.03973986
-0.001816788
-0.005602289
0.0674892
0.0516699
-0.004106259
-0.01617816
-0.03391995
-0.01397479
-0.03749257
-0.0308193
-0.004734735
-0.02216535
-0.01968835
-0.01408798
-0.0161963
-0.03100529
-0.02740604
0.02577095
0.005834408
-0.02189928
-0.04543475
-0.0741678
-0.05709406
-0.01718002
-0.02581768
0.02499324
-0.005642117
-0.04986464
0.08006404
0.1099549
-0.01227486
0.02348345
0.01006195
0.03952148
-0.002458031
0.0006135017
-0.0004497367
-0.001030208
0.001962168
-0.003367628
-0.002126679
0.0001896748
0.0004914756
-0.002200707
-0.06085861
-0.04423232
0.003205201
-0.07052248
-0.05714783
-0.00434945
-0.02118339
-0.05656414
-0.009133911
-0.0183575
0.003183503
-0.02002768
-0.1603724
-0.05886615
0.05130869
0.006873047
-0.03057494
0.039641
0.04236703
0.007778679
-0.009328919
0.04995585
0.02750267
-0.1009663
-0.07973902
-0.03804149
-0.01493881
-0.05473034
-0.02964074
0.06564055
-0.008772329
-0.06709314
0.03575091
-0.0147737
-0.0321241
0.002239545
-0.006059591
-0.0003867698
-0.0005939256
0.0007317225
-0.0003531157
-0.001287304
-0.001961816
0.001012625
0.01881632
-0.02257603
-0.02423964
-0.03068003
-0.06125603
-0.06138948
-0.03573169
-0.01794138
-0.01176296
-0.01906225
0.01700974
0.05535085
-0.01173646
-0.06351789
-0.01884093
-0.09963742
-0.06691954
-0.04805263
0.000623077
-0.003192458
-0.06729944
0.009360559
0.01374794
-0.02000211
-0.03259169
-0.004106754
-0.01251393
-0.02634494
-0.03293391
-0.01275002
-0.007614783
0.02494052
0.06304354
0.004953312
-0.05754025
-0.03072469
-0.02795508
-0.002882586
0.02717736
-0.01951466
-0.03357853
-0.03647131
0.006786137
0.02550356
-0.007849642
-0.007189589
0.01898394
0.02302865
0.01168348
0.009413729
0.03331344
0.004341787
-0.02742824
-0.02838764
0.08006307
0.005965475
-0.009011371
0.02124218
0.01372114
0.01548735
0.01897956
0.0332809
0.01697807
0.04168545
-0.002366588
-0.008054296
0.04552284
0.003987526
-0.01149826
0.02571205
0.0009665813
-0.01298871
-0.02018916
-0.01409363
-0.04277218
-0.05223826
-0.06757061
-0.09312207
-0.002820264
-0.08265141
-0.1214638
-0.06968202
-0.05034387
-0.04974378
-0.00635436
-0.01110603
-0.04852365
0.03139304
0.06974636
0.071827
-0.0006032405
0.005574431
-0.001612779
0.001356309
-0.003656286
0.0007033602
-0.001063695
0.001689598
-0.0007548982
-0.01213316
-0.04698531
0.02243968
-0.03733841
-0.05298634
0.006037539
-0.03468658
-0.00244786
0.0009370191
0.006724009
0.04600745
0.02280812
-0.0140116
-0.02519975
-0.02876264
0.01484829
0.02510009
-0.04991623
0.09681204
0.0703007
0.06449826
0.1063356
0.02673505
0.01241017
0.02265843
-0.07726833
-0.04059529
-0.0003869443
-0.008720507
0.0223032
-0.02395634
-0.01366071
0.02982359
-0.02236589
-0.008800213
0.007991043
0.0004424634
-0.0008272731
-0.00426891
0.001109273
0.0002953751
0.001486373
0.0009788226
0.005014902
-0.002087632
0.05031379
0.05740674
0.01376999
0.05856095
0.1085726
0.07110243
0.08823083
0.1171101
0.04260378
-0.01558551
-0.0181038
0.02789056
0.07645104
0.06102012
0.1092909
0.1232679
0.1155124
0.06446996
-0.0633935
-0.03529217
-0.008236988
-0.05034165
0.007057628
0.03363427
-0.004855183
0.04390491
0.06718291
0.0255906
-0.0240978
-0.02548633
0.01049378
-0.01936874
-0.05149387
-0.049544
-0.0878038
-0.06856161
0.002857892
0.0163088
0.004130053
-0.02665816
-0.04734254
-0.02475096
0.01436543
-0.03781623
-0.07621453
0.05086563
0.03614999
0.002313886
-0.01057254
-0.02551859
-0.02163305
-0.02612147
0.005299123
0.06905331
0.02775199
-0.04481182
0.02335717
0.01116406
0.1196294
0.01876891
0.03203672
0.04363752
0.04838746
-0.0148087
0.001613999
0.01107062
-0.03597444
-0.05840981
-0.07761029
-0.02813373
-0.02365108
-0.05804618
-0.09638467
-0.009027455
-0.02884463
-0.1125606
0.01715588
0.006068663
-0.02809354
0.06361557
0.06916334
0.08839906
-0.006497808
0.1232837
-0.0007105199
0.09799463
-0.1483875
0.09611102
0.07181452
-0.01826381
0.001355145
0.004481975
-0.002050515
-0.0005152272
-0.001960909
0.0002150512
-0.003097509
-0.00346746
-0.0006052037
0.0243453
-0.01779965
0.003192028
0.05877773
-0.06636465
0.08299872
0.1357487
-0.07766343
0.04194312
0.003719293
0.08172872
-0.07644119
-0.08828057
-0.04751153
0.1077278
-0.001006343
0.01649198
-0.09327025
0.009085528
0.08494344
0.1119312
0.06776182
0.06153452
0.06838794
0.08531493
0.2160123
0.04136457
0.09894935
-0.08866691
0.07558143
0.08356036
-0.03421373
0.1087701
0.1710672
0.00395588
0.02294787
0.004673644
-0.003080106
0.0005812402
-0.004039456
0.002656159
-0.0001743998
-0.00231807
-0.001366916
-0.002720173
-0.03220759
-0.02655351
-0.03052318
-0.04185437
-0.05836313
-0.0674223
-0.07473008
-0.09080794
-0.07933671
-0.004072056
0.06267024
0.07215209
-0.008765125
-0.05472058
0.07003631
-0.08058885
-0.04996788
-0.06424662
0.02703006
0.03468766
0.04405026
0.04005667
0.02678721
-0.07499546
0.01941803
0.1004224
0.09987132
-0.03701904
-0.04109925
0.02699479
0.01638351
0.04587431
-0.06011363
-0.03594687
-0.09035582
-0.02889735
0.09517001
0.1346448
-0.05303578
0.05849988
0.08549654
0.1022124
0.05755319
0.1836567
-0.05970453
-0.01355932
-0.02246634
-0.04342267
-0.006484636
-0.001782098
0.001017356
0.009522466
-0.002039144
0.0230407
0.08705328
0.03425169
-0.01912963
-0.01549734
-9.941538e-05
-0.1153484
0.001457707
-0.0739589
-0.02373593
0.02293046
0.09537944
0.01876772
-0.0318947
0.0181096
-0.01818489
-0.01830253
0.04907538
0.01374035
-0.03856109
0.2432338
0.1317873
-0.02901037
0.2147665
0.374197
0.01855265
0.331282
0.3063471
0.05945446
-0.01889612
-0.05653721
-0.00590042
0.1411202
0.06574208
-0.1297425
0.001297803
0.1365003
0.003192402
-0.0001186275
0.0008145574
0.0003235766
-0.0006035761
-0.002071455
-0.002975913
-0.003103383
-0.001559007
-0.04728226
-0.05474739
-0.08797103
0.07588638
-0.007180966
0.08442958
0.1547395
0.03910103
0.100488
-0.06861378
-0.01660489
0.09587456
-0.05541386
-0.08785586
0.06839853
0.1322774
0.1041492
-0.1207334
0.04344416
0.08538811
0.08859789
0.08194882
0.2496149
0.154323
0.1249487
0.3927128
0.2003748
0.02844945
-0.08669423
0.05870473
0.09020083
0.03644998
-0.08157878
0.0375347
0.03956564
-0.05364832
0.0001748438
0.0003775287
0.0003053929
-0.0005254356
-0.002989067
-0.002402029
-0.00044681
-0.0001479132
0.00262882
-0.1140459
-0.07334954
-0.0247903
-0.02916937
-0.03086786
0.01017593
0.02194982
0.02826821
0.01133067
0.1230849
0.1655214
0.1387249
0.131047
0.1564145
0.08529904
-0.1556017
-0.0563414
-0.0881158
-0.007360214
-0.01918826
-0.05555048
0.03909348
-0.004725741
-0.08235691
-0.01829422
0.06388162
0.07718736
0.03814466
0.01210866
-0.01816436
-0.00216108
0.1179931
0.1014505
0.02458905
-0.09297901
0.05313269
0.01501518
-0.07478866
-0.09440355
-0.04425139
-0.03150616
-0.1622056
-0.04251948
0.04764875
-0.1328686
-0.02315854
-0.01648201
-0.1227994
-0.04813172
-0.006197934
0.01296857
0.009165455
-0.0197604
-0.06328844
-0.01467833
-0.01554601
-0.03268213
0.01321327
0.003630783
-0.02276262
-0.00080551
0.03441552
-0.01472595
-0.003634322
-0.0007691925
-0.03081697
0.001293558
0.01014017
0.004920545
0.02165172
0.04114377
0.03270225
-0.02114811
0.005165455
0.001285372
-0.02222824
-0.00920464
0.01634397
-0.0125806
-0.006615567
-0.02215094
0.0435343
0.02717482
-0.02027429
-0.02116988
0.01195783
-0.06224008
0.01448115
0.02619928
-0.02227856
0.002268175
-0.003038122
-0.0001102078
0.001680434
0.001732491
0.0003286054
0.001663626
0.001484152
-0.001996248
-0.02937004
0.01594234
0.02579468
-0.01763489
-0.05093583
-0.03139822
-0.0230681
-0.0410989
-0.01543218
-0.01242743
0.01929435
0.06019169
-0.03167842
-0.02665745
0.04258222
-0.01440181
0.011724
0.02245786
-0.0946703
-0.007550772
-0.02981861
-0.06799234
-0.03673602
-0.03255314
-0.0764875
-0.01871956
-0.06697163
-0.04510842
-0.04310225
0.02135212
-0.03040948
-0.05732336
-0.0198794
-0.02139603
-0.01498488
-0.02507606
-0.0009470357
0.002787483
-0.002900768
-0.001460109
-0.0001064629
-0.003927885
0.001508904
-0.002844647
0.001579365
0.04591508
0.06591456
0.04989379
0.01553023
0.05437361
0.01670866
0.00543385
0.02681977
-0.002481725
-0.05064579
-0.05400715
-0.06823698
-0.03604031
-0.05387821
0.0003091581
0.03901406
0.04161564
0.05113727
0.001101565
-0.04566273
0.006031707
-0.03243469
-0.05562388
-0.004732176
-0.02871369
-0.02372102
0.02770516
0.007785516
0.04596211
0.03797096
-0.01902008
0.02212467
0.009127359
-0.036129
-0.01230057
-0.01752256
0.005195913
0.001658945
0.01296268
-0.04158073
-0.05591615
-0.03370396
-0.02791693
0.01462085
0.01374128
0.03168654
0.05511576
0.01266211
0.02692153
0.01176792
0.002432876
0.01171119
-0.004784798
0.005611681
0.03967268
-0.08308493
0.1587203
-0.03376027
0.247066
0.01091847
0.01444815
-0.1269688
-0.1482972
-0.01836719
0.02544674
0.02761566
-0.03338343
-0.03061743
0.05635691
0.03313419
0.02694097
0.0264792
-0.004696745
0.0720657
0.002402552
0.03351252
-0.001834161
-0.1211318
-0.09447774
-0.008041678
-0.001220021
-0.1461467
-0.01651511
-0.07400431
-0.008760408
0.0862122
-0.3645282
-0.01270547
-0.1671771
0.05193903
0.001933904
0.004098302
0.001245429
0.001997194
0.000271383
0.002813481
-0.0001133535
-0.003297993
0.002032102
0.04232706
0.007725508
-0.08464158
0.07986985
-0.1980348
-0.0355505
0.04905124
-0.07656585
-0.05498558
0.01898577
0.02874425
-0.001626518
-0.119846
-0.1349089
0.161306
-0.02099872
0.03997917
-0.1099651
-0.07682629
-0.05939538
0.10417
-0.1167931
0.005540378
-0.1253616
-0.08606591
-0.2035362
-0.116025
-0.0257798
-0.01690227
0.08029409
0.1226778
-0.03234161
-0.03254932
0.01242267
-0.02765308
-0.0394725
0.0009343603
-0.0003320155
-0.00314604
0.002450824
0.0004572698
0.0006866069
-0.001961985
6.200044e-05
-0.001452131
0.0230686
0.03240205
0.0539187
0.09233756
0.08109672
0.04306115
0.009899481
0.01220904
-0.02373357
0.02875833
-0.04281237
-0.04841111
0.0396428
0.01719373
-0.003149902
-0.108057
0.02559602
0.01414781
0.03716299
-0.1147288
-0.0428361
-0.001275881
-0.01129088
-0.08061635
-0.1118308
0.05963209
-0.05356941
-0.003595758
-0.06310093
0.03976686
0.00212531
0.03350471
-0.01829638
-0.01985249
-0.1881543
-0.01196411
0.1279833
0.1570814
0.07393569
-0.05506847
0.09120153
0.1863483
0.0230715
0.0685574
-0.01893553
0.01526824
0.002760508
0.06654424
-0.02007603
0.09116575
0.1135064
0.03920039
-0.02572681
0.04762118
0.03240616
-0.03858046
-0.002364898
-0.04660592
-0.03428635
0.05572841
0.0578382
0.05930535
0.0655998
0.009599661
0.01239072
-0.01711817
0.02703638
-0.004985558
-0.02306462
0.01436646
0.02343863
-0.001016777
-0.01442161
0.003531169
-0.03887028
-0.02893714
-0.02895249
0.02792906
-0.0008185067
-0.02925425
-0.00347037
0.006459802
0.003956899
0.003114291
0.05433562
0.09551685
0.04506359
0.05570898
0.03689367
0.02208113
-0.001843541
0.0008524634
0.003915812
-0.0006113158
-0.001451488
7.505567e-05
-0.003520705
0.0003546673
-0.001983836
0.05088897
0.0235364
-0.05767235
0.08971379
-0.009852617
-0.04096053
0.06842721
-0.02126369
-0.05926079
0.004642974
-0.0008004733
0.01465073
0.02770363
-0.09182784
-0.01674819
0.04922951
-0.02399904
0.01397043
0.02289287
-0.01768134
0.01661344
-0.03129489
0.0851631
0.05640535
-0.04144915
-0.005410279
0.06331169
0.009660229
-0.002259876
-0.05235824
0.08277154
0.005856595
-0.09525766
0.05527949
0.03935293
-0.0535722
-0.001305343
-0.002886045
-0.001013291
-0.002085461
0.002005431
-0.0005869344
-0.001103991
0.001295361
0.002500127
-0.02726616
-0.01457208
-0.0009866391
-0.04264915
-0.01737496
-0.009574981
-0.04317326
0.007341378
0.01023236
-0.07332876
-0.009858786
0.02411258
-0.0002555935
-0.007185571
0.0287608
0.02957419
-0.01600646
0.03459449
0.01966442
-0.02593364
-0.09602254
0.02181644
0.0491868
-0.04841544
-0.006857767
0.009626971
-0.01362103
-0.0224952
-0.03073711
-0.03527121
-0.05235753
-0.02767077
-0.01652151
-0.02485681
-0.04472815
-0.009989427
-0.009615717
0.01757225
0.04175967
0.01623705
0.0069302
-0.007790043
-0.02142665
0.02051145
0.02329131
-0.0105509
0.02165976
0.02208251
-0.03185458
-0.01837433
0.02516816
-0.01008505
-0.01080321
0.02906755
0.05208885
-0.02393574
-0.003741409
-0.01702856
-0.06037239
-0.1534714
0.04711708
-0.04317556
-0.06719885
0.05700386
0.03826588
0.0194575
-0.03065434
-0.03934409
0.006961924
-0.02011076
0.00230991
0.01862491
0.02246738
0.07354634
-0.05340625
-0.05208018
0.02416176
-0.06280784
0.03884228
0.04477109
0.02815943
-0.04801362
0.01570378
0.03354881
-0.05060535
-0.02524038
-0.02998136
-0.02571039
-0.02273676
0.1011016
0.002839389
7.236275e-05
-0.002365103
-0.000205623
-0.0002850462
-8.084567e-06
-0.0002093283
0.0003083973
0.002251161
0.01571551
-0.01266464
-0.02763903
-0.01025563
-0.04140448
-0.01180444
0.01269684
0.04467777
0.009811143
-0.003130934
-0.05161053
-0.03461015
-0.01236078
-0.05029878
0.01999982
0.105616
0.1145201
-0.003031204
0.04114225
0.0889683
-0.02852426
0.04388339
-0.03769522
0.006713356
0.02671493
-0.008379456
-0.02682992
0.00765403
0.09187161
0.07657256
0.05225986
0.1010425
0.05457601
-0.09228072
-0.03917473
0.01089833
1.096436e-05
0.001273919
-0.0004311326
-0.0007663582
-0.00136481
-0.001236115
-0.002020477
0.0006416668
-0.001844015
-0.001273614
-0.0459841
-0.04990032
-0.02978789
-0.05273069
-0.03317133
-0.01193187
-0.02786951
0.007316846
0.003802049
-0.003154647
-0.04088362
0.05609919
-0.007402808
-0.02342059
0.005662189
0.009838925
0.01308953
0.0510294
0.02795249
0.005418947
0.0123432
0.01039673
0.03209196
0.0106253
0.05873632
0.07034405
0.02599927
0.03894823
0.03671787
-0.02092758
-0.02393915
-0.07370515
-0.04865592
-0.09155876
-0.07376817
0.07228067
-0.008137716
0.005782306
-0.04855775
-0.05592028
0.03097723
-0.01055288
-0.0004670444
0.01351578
-0.02582864
-0.04912446
0.002508072
-0.05319245
-0.08112805
-0.0165237
-0.111703
-0.1189379
-0.08217999
