3.376050e-01
2.087031e-01
2.209268e-01
1.259020e-01
2.595571e-01
2.942410e-01
1.690551e-04
2.779036e-01
1.742995e-01
2.813547e-01
2.686939e-01
2.721840e-01
2.688486e-01
2.717512e-01
2.350728e-01
2.978017e-01
2.145547e-01
1.805409e-04
1.905947e-01
2.646225e-01
2.829966e-01
2.690381e-01
2.969069e-01
1.881417e-01
3.298019e-01
3.150558e-01
2.747985e-01
2.542954e-01
2.525350e-01
1.341588e-04
2.804897e-01
2.714745e-01
1.788388e-01
2.406204e-01
2.756515e-01
2.635507e-01
3.127805e-01
2.792379e-01
1.199739e-04
3.004611e-01
1.997694e-01
2.711409e-01
2.328831e-01
2.312011e-01
1.409081e-01
2.147799e-01
2.414456e-01
2.205957e-01
2.538908e-01
2.201574e-01
2.545872e-01
2.401783e-01
2.072950e-01
2.666581e-01
2.601718e-01
2.165507e-01
1.952015e-01
2.482325e-01
3.010657e-01
2.253546e-01
1.874592e-01
2.575654e-01
1.134916e-01
2.826990e-01
