1.786070e-01
-1.480297e-02
-1.054871e-01
8.174723e-02
3.245170e-01
6.930078e-02
-2.689207e-02
3.922167e-02
-1.001195e-01
-7.699743e-02
3.323142e-02
2.439012e-01
2.435461e-01
-1.569687e-02
1.980902e-01
8.021661e-02
2.999765e-02
1.626265e-01
1.596263e-01
-3.244248e-02
6.403343e-02
7.933804e-02
4.204243e-02
-7.020408e-02
3.319578e-02
-4.427807e-03
3.128805e-02
2.736355e-02
5.826516e-02
1.959674e-01
1.728605e-02
6.698515e-02
1.240535e-01
5.993571e-02
3.786605e-02
3.636663e-02
1.672102e-02
-2.888646e-02
2.912487e-02
-2.214077e-02
2.419413e-01
1.411926e-01
-8.049978e-02
5.258753e-02
1.898119e-02
8.893800e-02
5.342846e-02
-7.933561e-02
1.529453e-01
1.478659e-02
-1.508244e-02
-1.255250e-01
6.988432e-02
3.580480e-02
-1.253999e-01
9.750896e-02
4.248671e-02
-1.226185e-02
-3.512281e-02
1.396098e-02
7.606833e-02
1.476798e-01
-5.788779e-02
1.003510e-01
