-5.454667e-02
-1.792957e-01
1.791329e-01
-8.307901e+00
-2.724560e+00
-8.979777e-01
-8.813499e-01
1.612481e+00
-9.207501e-01
-7.539445e-02
-3.639950e+00
-1.465459e+00
-2.615823e+00
-6.374308e-03
-4.366217e-01
-5.569155e-03
-6.802394e-01
-2.114812e+00
1.358959e+00
3.711340e+00
-1.930752e+00
9.131928e-01
-3.975295e+00
-4.002929e-02
5.101110e-01
-6.909672e-01
7.630475e-01
4.006685e+00
-1.700940e+00
1.136457e+00
-7.260864e-01
4.274630e+00
-2.104756e+00
3.868347e+00
1.074506e+00
-2.374710e-01
-2.194571e+00
1.515708e-02
5.080649e-01
3.435861e-02
2.124610e+00
9.101812e-01
7.467494e-01
-1.302562e+00
2.010532e+00
2.016999e+00
-6.155957e-01
1.693134e+00
-1.330903e-01
-9.536954e-01
1.410401e+00
1.212930e+00
-1.840890e+00
-7.700670e-01
-3.924690e-01
1.880011e+00
1.029491e+00
8.874297e-01
2.159944e+00
-2.855196e+00
3.325317e+00
1.065007e+00
5.227550e-01
-4.825936e-01
