16 16 3
8.411605e-05
0.001027509
0.00113045
0.001042874
-0.001260291
0.001966097
0.0004262321
0.003238175
-0.003676482
-0.0001038114
-0.0001856297
0.001051974
0.0005708263
-0.001101804
0.001568008
0.000519493
0.002610409
-0.0004220818
-0.00173221
0.00110083
-0.0001232768
0.0007938314
-0.0007610596
0.0001597936
-0.001149827
0.001914624
-0.0004044064
0.001974474
-0.001222613
-0.00168841
0.001201544
-0.002712886
0.0004181538
0.0001352859
-0.0004013284
-0.001641963
-0.0003800001
-0.0001180487
0.0006990389
-0.002894997
-0.0002571076
0.001540528
0.002363889
-0.0004355808
0.000511975
0.001223533
-0.0022833
-3.551237e-05
-0.000739926
-0.002621694
-0.001664055
0.001567793
-4.829364e-05
-0.002253791
0.002574891
-0.001042075
0.0003433945
-0.004361559
-0.0009433784
-0.0005727307
0.0003469744
-0.0008698997
0.001505821
-0.002733829
-0.003153599
0.0001531279
-0.001784482
0.002942296
-0.0004344107
-0.002228425
0.001629116
0.0003771983
0.0006646276
-0.001193044
0.0003672613
-0.0007938517
-0.002037101
-0.002715341
-0.001465945
0.001143775
0.001731885
0.0004633542
0.003191093
-0.001624409
-0.001254212
-7.703313e-05
0.002690088
-0.000893752
0.002580133
-0.0004753785
-0.001293158
-0.0009317896
0.0007095417
0.0005804106
0.001357875
-0.001641535
-0.001253577
-0.002596257
0.0002140064
0.00284121
-0.003585462
-0.0002004963
-0.0008315872
0.001584754
-0.0003963073
0.0009698755
0.0008386005
0.003336399
-0.001464575
-0.0002616672
-0.0003647698
0.0002560514
0.001511221
0.001427367
0.002332732
-0.001831087
-5.085312e-05
-0.0009807617
-1.472934e-05
-0.000721022
0.00158006
-0.001623208
-0.0003510056
-0.001897566
-0.001275701
-0.001221035
0.001011789
0.0004278886
0.004369407
-6.356083e-05
0.0006619975
-0.000299175
-0.002087999
0.001319939
0.002037571
0.0006414295
0.0002087872
0.001799511
-0.0002411186
-0.0004191386
0.001461504
-0.001445349
0.002287555
0.0004069658
0.005066351
0.01845129
-0.0005500754
-0.03170007
0.0006222508
-0.005609126
-0.0377492
0.003895184
-0.01376744
0.02525021
-0.02313064
0.01060426
0.06641717
0.01720794
-0.01724538
0.1514235
0.07838331
-0.009700193
-0.005597524
-0.01532961
0.009529651
0.01887048
-0.0895221
-0.1060504
0.04151998
-0.04220048
-0.079063
0.02833283
0.01090468
-0.08029284
0.0672156
0.06054338
-0.08030125
-0.02100753
-0.003027693
-0.06382193
-0.02772847
0.01297203
-0.007667037
-0.006203643
-0.02538504
-0.04187896
-0.01429133
-0.07322443
-0.1044529
-0.0006178575
0.0009400852
-0.001851313
0.0003427334
0.002639016
0.0003994541
0.005040369
0.001412677
0.0003520811
0.06388179
-0.1217129
-0.1567518
0.01823002
-0.03261497
-0.06421595
0.02077984
0.07440393
0.05955248
0.0328675
-0.06980862
-0.05220781
-0.04182483
-0.114677
-0.09992728
0.06001682
-0.07963858
-0.07654727
0.0800283
0.04818005
0.1486171
-0.003230421
0.06727997
0.1619993
-0.07727116
-0.0282184
0.0917391
0.03383542
0.03319232
0.08382729
-0.01960483
0.03536453
0.05325975
-0.04555002
0.01717793
0.03285393
0.006579723
-0.02155253
0.04536913
-0.05032899
-0.07102596
-0.001840208
0.01184387
-0.06937923
-0.05082641
0.02959233
0.1011245
0.0210302
-0.09202851
-0.07806633
-0.04744213
-0.1408939
-0.02743441
0.04652192
-0.02271598
-0.0768424
-0.07649601
0.02955431
-0.04098469
-0.07086811
0.03212883
-0.03825762
-0.08675984
0.008267876
-0.03432094
-0.1879878
0.007656139
-0.01964544
-0.1431391
0.1909421
0.1560695
-0.04496221
-0.09017131
-0.06385156
-0.02738382
-0.0144044
-0.03095481
-0.02017164
-0.01803295
-0.04601812
-0.05232104
-0.1113486
-0.1356986
-0.1193724
0.2151501
0.05539797
-0.07358422
0.1086773
0.04299423
0.01603144
0.1088431
0.1157663
0.05533688
0.08207165
0.07825574
-0.03249329
0.06160211
-0.0001101948
-0.1356694
0.01325069
0.004582893
0.04954362
-0.0345781
0.04045575
0.06498218
-0.05215194
0.02780902
0.06637663
-0.07559523
-0.04291115
0.04368454
-0.1940202
-0.1496541
0.09534395
-0.185901
-0.1657711
0.008005761
-0.03863695
-0.1165318
-0.04510581
0.004466231
-0.07150093
-0.07848185
0.09083679
0.01098502
-0.07433437
-0.01249184
-0.01417762
-0.1609184
-0.1175769
-0.1134663
-0.1915223
-0.01683597
0.03392884
-0.0903303
-0.002880583
-0.0007773719
-0.001339586
-0.003476523
0.0003245235
0.0003749368
-0.0006319911
-0.001774275
-0.0007965497
-0.224454
-0.2183564
-0.00586584
0.1052974
0.03133452
-0.1298636
0.4347586
0.3721646
0.01835342
-0.05849886
0.001141094
-0.01971372
-0.1166327
-0.1014908
0.01877524
-0.07374571
-0.1093041
0.05805941
-0.05860325
-0.0252239
0.1117502
-0.03433255
-0.02588192
0.1233284
0.07951164
0.02262088
0.09820146
-0.02372126
-0.0568814
-0.1016224
0.003409296
-0.05352701
-0.1352071
-0.002279681
-0.03840691
-0.06895123
0.1154907
0.04895102
-0.006805755
-0.07529288
-0.08610698
0.001097525
-0.1341664
-0.1738513
-0.005481577
0.01368682
0.1340422
0.1040955
-0.158547
-0.120508
-0.1552303
-0.1690299
-0.1045148
-0.102535
-0.01800926
-0.08323906
-0.09200557
0.01268309
-0.05561096
-0.0565054
-0.0186406
-0.0770148
-0.05816909
-0.03283071
-0.09071056
0.1086108
-0.1135921
-0.1150402
-0.01263617
0.03421865
0.2136537
-0.1321709
-0.03985498
0.04201075
-0.002988904
-0.01522515
-0.001864846
-0.03199857
0.004041634
-0.01462524
-0.004079994
-0.1510357
-0.1615442
0.06886578
0.01428713
-0.02739831
0.1353957
0.007432164
-0.009138725
0.005180688
-0.008543784
0.03741732
0.09494291
0.01947957
0.0918646
0.1186987
0.03973853
0.07992505
0.04115222
-0.02668126
-0.06460078
0.02534908
-0.05057084
-0.0600368
-0.01880323
-0.04730577
-0.05414098
-0.01142781
0.04112359
0.004158409
-0.01036624
0.001842164
-0.02717739
-0.009257931
-0.04457746
-0.04899334
-0.0510882
0.1046863
0.007844852
-0.04545081
0.1239191
0.01227526
-0.00118275
0.1364256
0.0185998
-0.07796758
0.003296843
0.03194699
-0.0229504
0.05302972
0.0771181
0.006146363
-0.01157177
0.006500801
-0.02668205
0.0007177343
0.003130426
0.001710201
0.0008629799
-0.000460102
0.00159075
-0.0003158513
-0.0006011433
0.002307419
0.1090013
0.02307547
0.08882756
0.1088724
0.0700116
-0.03497406
0.137522
0.06658287
0.0167684
-0.0770401
-0.001200064
-0.03896069
-0.09578893
-0.04800608
-0.05267467
-0.03144711
0.07115625
0.0675991
0.04694441
0.08429857
-0.001613497
-0.003338279
0.0278234
-0.01009982
-0.07146578
0.02954991
0.09272712
0.002617736
0.0280453
0.0276447
0.1107244
0.10499
0.0745209
0.09591487
0.07797697
0.08396716
0.04108217
0.06627028
0.01210984
0.03498392
0.06132999
0.006476653
-0.02617895
-0.03109079
0.02472861
0.02404261
0.004628001
0.08261775
0.04363225
0.04603776
0.0003768919
-0.04242003
0.006328087
-0.004409937
-0.00477918
0.01877145
0.06816816
-0.01684586
0.01123057
0.06467816
0.02230128
0.01646285
0.02189135
-0.01609473
0.02279525
0.03600838
-0.1706336
-0.1718193
0.04688299
-0.1085776
-0.01688089
0.1294116
-0.02624407
0.006053163
0.004985502
-0.02238003
0.03932833
0.01572796
-0.007715961
0.02075332
-0.008339649
-0.08383646
-0.07091498
-0.09626987
-0.0913939
-0.08593111
-0.001523265
0.004529992
-0.03995666
-0.0540737
0.0173506
-0.002593915
-0.02825019
-0.1059297
-0.08583928
0.04146683
0.02354565
-0.05860036
0.09345382
-0.01276526
-0.05653015
-0.02175689
-0.1143233
0.09877603
0.1994851
0.004022049
0.1435838
0.02101726
0.02688308
0.09709617
0.03480741
0.004323536
-0.03564777
-0.0932766
-0.07001177
-0.06794728
-0.01818393
-0.09807904
-0.1306828
0.03661477
-0.007025278
0.4579468
-0.05985153
-0.004261696
-0.1546782
0.004554197
-0.01411598
0.1896395
-0.1023703
-0.1252886
-0.2297563
0.05713385
-0.05451349
-0.06011887
-0.07306878
-0.00183124
0.002204421
-0.0006509933
-0.001890453
-6.620249e-06
0.002547934
-0.003874692
-0.001101845
0.001920736
-0.04851327
0.3546907
0.05266553
0.03162311
-0.3880012
0.2418447
-0.2116451
0.2334754
-0.1290253
0.1420352
0.002538642
0.07962069
-0.1392605
-0.4899904
0.03636328
0.1168455
0.171332
0.01043565
-0.01796905
-0.004772857
-0.1413855
-0.02999548
-0.03208266
0.3087131
-0.01641169
0.01802846
-0.03456896
-0.1182129
0.07763328
0.05339894
0.0324082
-0.03975992
0.04173379
0.03238078
0.1053858
-0.09999528
-0.01328692
0.1643216
-0.1915701
0.154766
-0.1749592
0.05028332
0.0190745
0.1590735
-0.1035597
-0.05515014
0.4763648
-0.1365001
-0.04612543
-0.3049178
-0.2046756
0.0486852
0.06482736
-0.009572723
0.03657478
-0.1419047
-0.02722987
-0.002965907
0.09211426
-0.0570796
-0.07000717
-0.1766311
-0.07858286
0.3693145
-0.2866663
-0.02001737
-0.2818739
0.2727396
-0.09148727
0.2106284
0.2468376
0.01248081
-0.08270818
-0.01247562
0.05637532
0.08656087
-0.001251551
-0.03167183
0.1139078
-0.08797948
0.07626671
-0.2616432
-0.6820752
0.1175708
0.1899663
0.6173162
-0.2575987
-0.2564197
-0.1844408
-0.002618267
-0.03523082
-0.03559534
-0.04096559
-0.01263414
-0.006376144
-0.02219763
-0.008309348
-0.01256669
-0.02905622
0.005624603
0.03362715
0.04317858
0.002192733
0.02441785
0.05051033
-0.01377891
0.01783403
0.05766523
-0.0156185
0.006120348
0.03614606
-0.04917094
-0.01924177
-0.0001534815
-0.03427679
-0.009261671
-0.021075
-0.03474971
-0.05618424
-0.05069452
-0.08145656
-0.07163703
-0.06242795
-0.05014572
-0.06840339
-0.06475709
0.0218432
0.0007259803
0.02734438
0.02107254
0.02466724
0.05856945
-0.001198808
0.03413986
0.03818666
0.001784226
0.0003482963
0.001499494
-7.491244e-05
0.001853953
-0.0002068166
-0.001037206
-0.002204273
-0.002444889
0.04290579
0.1118309
0.06024825
0.06312864
0.100623
0.08349271
0.007641966
0.04076675
0.02390317
-0.09857474
-0.07663146
-0.07582206
-0.06497455
-0.0400991
-0.04233851
-0.08178488
-0.0448443
-0.0579858
-0.009277033
0.0144408
0.00482063
-0.006784807
0.04966485
0.04706224
0.02544141
0.09467041
0.04939599
0.007083144
0.04189884
0.01455588
-0.0403519
-0.03357107
-0.01163014
-0.09235845
-0.0741763
-0.06681084
-0.0502824
-0.03413497
-0.04259146
-0.04476934
-0.04984589
-0.04018964
-0.02088936
0.01668846
-0.01012096
0.0304992
0.01953552
-0.006704303
0.02997642
0.006401331
-0.005461661
0.05809375
0.01554055
0.03008213
0.01220437
0.03194127
0.0358967
0.0206139
0.04250136
0.03983428
0.02479636
0.03185532
0.0510175
-0.09916104
-0.143837
-0.1077015
-0.0732829
-0.02257299
-0.01764818
0.03216556
0.03198606
0.04209835
0.1030399
0.08598243
0.01228099
0.08440328
0.07607023
0.0244695
0.05157507
0.05430009
0.05120891
-0.04664184
-0.06208143
-0.0265585
-0.01511361
0.02123949
-0.004321091
0.003369437
0.02575728
0.02654084
-0.1308746
-0.03318397
0.06752266
-0.1250414
0.004281643
0.06169646
-0.02096093
0.03809348
0.01238914
0.004068318
-0.05534271
-0.04992949
0.02944481
-0.04019903
0.02800078
0.008955072
-0.008738727
-0.0113402
0.1203955
0.008178801
-0.05824817
0.0718505
0.03354028
-0.0495109
-0.05330288
0.01009309
-0.03938019
0.07512439
0.1364346
0.0007657775
0.002584417
0.2308926
0.08612713
0.1060995
0.07038372
-0.05448527
-0.01309119
0.0321699
0.06853097
0.05605486
0.01520869
-0.01372458
-0.02558777
0.005428119
-0.02487403
-0.002979565
0.001248125
-0.00219668
-0.002988077
-0.0001990338
-0.001586587
-0.0003933006
0.0001628437
-0.001559177
0.008001635
-0.04051314
0.0263163
0.1734997
0.134303
0.002837846
0.008631622
0.1838349
0.06723851
0.04408642
-0.1217319
-0.01677938
-0.01602342
-0.2449705
-0.04331691
-0.03863509
-0.07625177
0.03473539
-0.1051703
-0.1612358
-0.07314358
-0.1205522
-0.2695401
-0.03844232
-0.09598784
-0.1232031
-0.009897239
-0.03125559
-0.006362818
-0.02861269
0.07983802
0.04611123
-0.02076086
0.01301994
0.01063378
-0.01303383
0.1517797
0.1401555
0.1271114
0.1525066
-0.002927126
0.006636567
0.01097564
-0.06276076
-0.06273486
-0.1095115
0.0125564
0.1526615
0.05471926
-0.1348117
-0.03430543
0.09182189
-0.02691099
-0.02381293
0.07051132
0.03063613
0.006269374
0.04247021
0.1048207
0.07354832
0.08205042
0.06821688
0.02759853
0.01717691
0.02710096
-0.0598192
-0.3022209
-0.06425618
-0.04019334
-0.2450909
0.08316053
0.172085
-0.02185989
-0.01868642
0.03526586
0.08671466
0.05889301
0.006375452
0.07546628
0.04546914
-0.04640085
0.0352203
-0.1745404
-0.1240707
-0.06104034
0.1344611
0.08922078
-0.02719471
-0.06328479
0.02593614
-0.03618158
-0.03837368
0.01942255
-0.04346139
-0.01386164
0.02792875
-0.05354073
-0.01423726
-0.02357187
-0.00549767
-0.0314847
0.02383226
-0.004009998
-0.008698105
0.03362954
0.001185151
-0.02464118
0.02925872
-0.01443388
-0.0181573
0.01409785
-0.1513825
-0.233259
-0.06836781
-0.1411774
-0.1570933
-0.05881539
-0.05549534
-0.09554692
0.03058289
0.0358766
-0.06709714
0.03583199
0.2059071
0.1526336
0.1841396
0.09326282
0.03618231
0.0399832
-0.008662582
-0.05223166
-0.07636857
-0.08650865
-0.1109976
-0.06359468
-0.003276814
0.003566552
-0.002668894
-0.003013115
0.0007305851
-0.002695356
0.0005068425
9.461536e-05
-0.002422403
-0.3401266
-0.3654262
-0.208583
-0.06575961
0.04183322
0.03401747
0.2547511
0.4282944
0.3269081
0.04912474
0.09004289
-0.06404298
-0.1941055
-0.06861859
-0.1359743
-0.1652024
-0.134292
-0.1494967
0.05050907
-0.003953272
-0.0728844
0.08914001
-0.03393396
-0.1390602
0.09032819
0.008144556
0.02901187
-0.1811168
-0.1248352
-0.0755228
-0.03793071
-0.02269207
-0.07639153
-0.06021433
-0.0773294
-0.07228196
0.1484255
0.1728938
0.05580821
-0.04869798
-0.05266562
-0.1054602
-0.1651508
-0.265656
-0.1813948
0.06103823
-0.05742467
0.01323175
-0.05393771
-0.04605245
-0.04826797
-0.03066345
0.1179699
0.07500856
-0.08132907
-0.09060492
-0.08045959
-0.04126863
-0.01673541
0.02011611
0.007092965
0.04742489
0.02478007
0.03798116
0.009906383
0.06484837
-0.09637121
-0.2930503
-0.1127575
-0.001472585
0.03725477
0.1737781
-0.01460794
-0.04264912
0.01577921
0.0179211
0.03645065
0.04286468
0.03264108
0.0574583
0.01569834
-0.1007984
-0.05791734
-0.0005271994
-0.03409678
-0.1359613
-0.01725605
0.01026178
-0.08198734
-0.05412783
-0.04454041
-0.001411218
0.007081212
-0.007474188
0.05761816
0.06791206
0.01811907
0.08386404
0.06924812
0.02902963
0.007959928
-0.020062
0.02326513
-0.005398848
-0.004114186
-0.0193625
0.03499469
-0.0224962
-0.01438579
-0.02356809
0.0183061
0.06018493
0.02856328
0.00142048
0.0466989
0.003460204
-0.04357205
-0.04036378
0.01625925
0.09682576
0.04021818
0.09114071
0.07077561
0.04076684
0.03891917
-0.008581642
0.1277361
0.1253177
0.005435039
0.1377399
0.1538562
0.0572625
0.09284789
0.0645725
-0.04021358
-0.001661501
0.0008808617
0.0008398722
0.000214331
-0.0004274665
0.000391623
0.003417577
0.00243363
-0.0003216348
0.01718467
-0.01092339
0.0744831
-0.004190048
-0.08597952
0.05215992
-0.142491
-0.1133983
-0.01667423
-0.02640385
0.07423255
0.04701648
-0.04328558
0.04675027
0.05302939
-0.04052977
0.03545402
0.06686104
-0.05397756
-0.06903184
-0.09103077
-0.04649975
-0.0121326
-0.04020919
-0.03976825
-0.004155454
0.01218466
-0.02241666
-0.0375522
0.0113563
-0.03697851
-0.06042404
-0.01022535
-0.03472911
-0.0740995
-0.05730536
0.006401135
0.04829651
-0.0629621
0.02893454
0.02375469
-0.04748946
0.04020933
0.06523491
-0.05479633
-0.01040892
-0.01240658
-0.07401255
0.02789197
0.0103178
-0.005125531
-0.05893885
-0.03231349
-0.01654018
-0.07090853
0.04861618
0.04974285
-0.05430539
0.06417502
0.05070471
-0.03465087
0.06466067
0.04598344
-0.01009918
-0.1133823
0.1467782
0.02860552
0.00423399
0.1790699
0.0180137
0.0235022
0.1546605
-0.006405052
0.1894444
-0.03651829
-0.01875407
0.1427475
-0.0366693
0.0007822853
0.1257629
-0.04704378
0.01093064
-0.08206522
0.01023019
-0.01048896
-0.03361763
-0.007212714
0.02774077
-0.06557504
-0.03070444
-0.01677635
-0.06169751
-0.07248408
0.01424971
-0.004327181
0.009157763
-0.0005569789
-0.03326282
0.005017695
-0.06335655
-0.03963126
-0.07666853
0.001933379
-0.04111477
-0.06696129
0.02960966
-0.02427211
-0.007721687
-0.01319441
0.0563415
0.02035762
0.03085112
0.03800143
0.09263476
-0.01488511
-0.03372463
0.03650382
0.05615905
0.08509186
0.0273829
0.1154932
0.0990705
-0.01901325
-0.01652293
0.03622984
0.076966
0.004527175
0.01371745
0.0822366
-0.03305699
0.128974
0.2373681
0.01522636
-0.07461287
-0.01590796
0.002419423
-0.00102512
-0.002276536
0.001865743
-0.0005213798
-0.001381991
0.0001213139
-0.001147667
-0.001752082
-0.01603792
-0.01237313
0.0175533
0.1471107
0.01992828
0.0321595
0.22637
0.2268784
-0.02506053
-0.117228
-0.1122615
0.03430982
-0.01028114
-0.02218631
0.08757774
0.01473973
-0.06961217
-0.1512264
0.008868318
0.09559172
0.1326754
0.01895044
0.1061754
0.1539269
-0.006624248
-0.07334994
-0.006910511
-0.07769499
-0.0520604
-0.0423045
0.01953636
0.03295477
0.02248799
-0.02681641
0.01606692
-0.003658254
0.07812974
0.04854524
0.03256646
0.02446889
0.02318576
0.1325815
-0.02595245
-0.0558095
-0.006801912
0.01012285
-0.06593761
-0.1138131
-0.1464727
-0.114907
0.09042598
-0.1298376
-0.09844479
-0.008784113
-0.04138496
-0.06255639
-0.0443507
0.01552045
-0.03452374
-0.04164213
0.0003294071
-0.003969701
0.02644633
-0.03367617
0.05166911
0.01128037
0.05884342
0.07604279
-0.12781
-0.001828604
-0.1811544
-0.2731915
-0.01692045
-0.06156559
-0.01428108
-0.01310618
-0.04558114
0.06595714
-0.001120897
-0.01489554
0.03984559
-0.03532788
0.006307033
0.1256368
0.1332331
-0.002990065
-0.1297311
0.0976098
0.038293
-0.003750169
0.02837407
0.04689279
-0.001335915
0.06039022
0.05721032
0.008393463
0.06212661
0.03090518
-0.02879284
-0.0861624
-0.1018613
-0.08273306
-0.06309
-0.07721884
-0.07589994
-0.07034689
-0.08443031
-0.06263795
0.04561098
0.08974314
0.1596887
-0.04832248
0.005183643
0.03943825
-0.03976388
0.03128354
0.03319939
0.09218989
0.09814713
0.01382431
0.06417838
0.1021122
0.05087949
0.0398412
0.06968051
0.03124906
0.0157694
0.03779446
0.009911952
0.3415734
0.3181934
0.3462189
-0.009190148
-0.005368356
0.04389714
0.002239282
-0.001801294
0.0008566065
0.001284497
0.0004058034
-0.003494604
0.000239018
-0.0008565079
0.002443503
0.007983892
0.06601267
-0.004604586
0.3161477
0.3359884
0.1407567
0.2934298
0.2538977
0.003983128
0.0481487
-0.02227886
-0.06917644
0.2355728
0.1922616
0.1701734
0.03380457
0.03880154
-0.01119554
-0.04710227
-0.07628147
-0.01713373
-0.09144471
-0.06419653
0.006245833
-0.07842652
-0.02165647
0.01090527
0.08337376
0.09462404
0.04659347
0.1154176
0.09689646
0.001991738
-0.03063612
-0.0414659
-0.1202941
0.03124744
0.02738944
-0.03629557
0.02586468
0.03616101
0.01583623
-0.1127653
-0.07517923
-0.08240557
-0.0512476
0.01165009
0.008147725
0.1504705
0.2025991
0.1769376
0.02772475
0.01746187
0.005797634
0.002099162
-0.02881849
-0.06774739
-0.006473805
-0.03713499
-0.07419224
0.0502697
0.007125685
-0.02622488
-0.0530212
0.001006777
-0.08781293
0.01293829
0.1073249
0.08693931
-0.04302007
-0.01711698
-0.06748443
-0.02949179
-0.0274075
-0.07340077
-0.04912426
-0.03967891
-0.06259234
0.01801228
-0.006622467
-0.001742925
0.02407375
0.005856646
0.007376382
-0.07847194
-0.02652495
-0.04151834
0.0001887801
0.04684683
0.05995989
-0.02689211
-0.02334504
-0.02362235
-0.0293133
-0.05696103
-0.0503943
-0.06619582
-0.06987504
-0.06418201
0.02929617
0.03678254
-0.0007726536
0.01167971
0.01518026
0.0004129476
-0.0020043
-0.002935475
-0.01440151
-0.002781716
0.01609505
0.04389567
0.05997332
0.06397191
0.06735896
0.1027884
0.0953125
0.09645216
-0.08673525
-0.08046124
0.01864599
0.0004445103
-0.05596317
0.00520841
0.04026621
-0.01844373
0.04652213
0.03801437
0.04126936
0.01295246
0.002269025
0.0212233
0.008287285
-0.01347037
0.01408033
0.0167281
0.0002884124
-0.0006222178
-0.002071297
0.001740611
0.0002917295
0.0002131668
0.001513726
-0.001888916
-0.0005709679
0.05755754
0.1169719
0.09635207
0.01939521
0.05909576
0.1308544
0.02107563
0.01003925
0.05628466
0.03548594
0.03518202
0.01310659
-0.0125664
0.03450598
0.03346525
-0.03055377
0.008679151
0.00300879
0.002434897
-0.04273022
-0.03889316
0.01340037
0.009944843
-0.007265237
-0.001597216
0.009971629
0.00250377
0.006616404
-0.02811053
-0.03464787
-0.0005551198
-0.03727727
-0.02338297
0.03935239
-0.002252359
-0.01151986
-0.003255964
-0.01621652
-0.06457394
0.02593962
0.02654744
-0.009780791
0.0358619
0.04951475
-0.007231258
0.02546547
-0.01423686
-0.04646003
0.03679749
0.02026797
0.009784302
0.00379767
-0.02755651
-0.07670822
-0.001394039
0.0179188
0.01502039
3.746187e-05
0.005403971
-0.003822111
-0.03043336
-0.02915745
-0.01912846
-0.00927755
0.02012635
0.07699697
0.0338244
0.06662146
0.1214309
-0.05769802
-0.08761043
0.02851513
0.02208465
0.01858286
0.003508422
0.004462732
0.009421997
0.001478145
0.007977506
0.009146066
0.01112439
0.0259712
0.06281918
0.06746133
0.02428683
0.0254743
0.04480746
0.01306096
0.0423003
0.0974288
-0.0009726641
-0.00174378
-0.0001494722
0.004381991
0.002089983
9.773058e-05
-0.002584368
-0.0007361504
-0.002420087
-0.0012247
-0.002359579
-0.001447062
-0.001549427
-0.0004268552
-0.0006238604
-0.0003757245
0.0008279758
-0.001252632
-0.0003636751
-0.000905661
-0.0005757373
0.000790481
0.00127374
0.001683823
-0.00237224
-0.0002414648
0.003221604
-0.001707545
-0.000724286
0.002108641
0.002204319
0.0005264719
-0.0002431758
-0.001870985
-0.0006632455
0.002376578
0.003197295
-0.001308383
0.00092693
0.0006316971
0.001059978
-0.003908309
0.0003199319
0.0008502949
0.001248296
-0.001621908
-0.002733367
0.002276135
-0.004160438
0.0003160698
-0.00116916
0.004552197
0.001661764
0.0006127071
0.001437493
0.0004525902
0.001581382
-0.000902408
-0.0007529021
0.002144284
-0.0005143433
-0.003531144
8.148189e-05
-0.0009999317
-0.002818333
-0.0009694977
0.00240491
-9.348361e-05
-0.0009727227
0.0005655326
0.0006524677
-0.003916817
0.00024768
-0.0007774561
0.00045092
0.0007028829
0.001407933
-0.001083924
0.002336375
-0.001084923
-0.0007716181
0.0003969603
0.003527957
0.0004173028
0.001586491
-0.001215268
-0.001598827
-0.002949794
-2.521098e-05
-5.052897e-05
0.003673126
0.0005026346
0.0001328414
0.0005159837
-0.002247945
0.0003888656
0.0002840947
0.0008044907
-0.0002686451
-0.001147435
-0.001017605
-0.002867225
-0.001593258
-0.00119345
0.001060714
0.001513302
-0.0008890807
-0.0001968441
0.002337893
-0.0007245102
-0.001440179
0.0008538105
-0.003310015
0.002109312
0.003002892
-0.0007716183
0.0002931067
0.003291778
-4.724456e-05
2.294934e-05
-0.0003295598
0.002210755
0.0006016221
-0.004616602
2.304984e-05
-0.002219372
0.00150187
0.003846323
-0.001272481
-0.001661437
0.001332209
-0.003706768
0.0004306545
-0.0005580136
-0.001943513
-0.0007335083
-0.003405433
0.0004689021
-0.001266252
-0.002764451
0.0005858789
-0.001235745
-9.129944e-05
0.0003356632
-0.00744694
0.01258667
0.03608292
0.0463596
0.06388027
0.01975578
0.06562954
0.08496125
0.04381634
-0.07706267
0.01095898
-0.02693022
-0.02646606
-0.02704152
0.04118557
-0.004486147
0.01587705
0.07081845
0.014216
-0.05138122
-0.07300306
-0.00813531
-0.04380979
-0.05351926
-0.01228572
-0.0154647
-0.05513756
0.09184294
-0.009800058
-0.0004914011
-0.04256315
-0.01747436
-0.04314198
-0.02407283
-0.03776948
0.008091643
0.05255122
-0.02597868
-0.1009415
0.165468
-0.02254752
-0.1097896
-0.02232075
-0.03473332
-0.07593619
8.003099e-05
0.006124802
-0.0005818814
0.0002394278
0.0002036017
0.001659979
-0.002437596
-0.001394374
0.000576298
0.06548502
0.002597198
-0.003573025
0.170477
-0.03427456
0.02833904
0.02265478
0.07362351
0.003725948
0.05251397
-0.0244418
-0.000793825
0.05574549
-0.06237254
-0.02307893
-0.08842515
-0.09569243
-0.1464316
-0.03697165
-0.04837368
0.005155236
-0.03207107
-0.1269036
-0.01921425
-0.04608381
-0.06240362
-0.04287053
0.03657718
-0.0252274
-0.04745744
0.03557796
-0.0734148
-0.052001
-0.003253327
-0.01814754
-0.03888249
0.07203513
0.07025316
0.03223124
0.05863539
-0.05867753
0.0289201
-0.03982762
-0.01537506
-0.01771112
-0.1486681
-0.04144635
0.01122105
-0.055212
-0.03236851
0.01789347
-0.06612768
0.008413985
0.03438213
-0.01577814
0.01335322
0.02266214
0.002212146
0.05039293
0.02232515
0.08930908
0.0555075
0.0485508
-0.02744853
-0.07796173
0.09305554
-0.1957348
0.0149233
0.08199986
-0.07144139
-0.05536258
-0.01693153
-0.006551855
0.05833083
0.01191171
0.09073874
0.0942868
-0.03077917
0.07313272
0.01818661
-0.03835315
0.06635941
-0.0787333
0.07029172
-0.2059219
-0.07786168
-0.05476474
-0.01357687
-0.08389164
0.02611026
0.06721465
0.09181882
0.09476785
0.07324762
0.1019773
0.0759463
0.03729782
0.04746644
0.02783463
0.002052537
-0.03479126
-0.03322291
0.006000436
-0.01463994
-0.02971201
0.007658608
-0.01385408
-0.02991123
0.07501823
0.1525546
0.07171855
0.09616524
0.1902809
0.148426
0.05048868
0.1142551
0.1203626
-0.03792958
-0.06841914
-0.09683773
-0.0322208
-0.1065342
-0.1173399
-0.0758858
-0.1365686
-0.1449366
0.1076269
0.0399581
0.05977695
0.1123009
0.03216633
0.05540184
0.07271587
0.001944521
0.02998681
-0.000133871
0.0009083743
0.002011656
-0.002354054
-0.001374321
-0.003269097
0.002129406
0.0003702783
0.00164362
-0.02170407
-0.06867281
-0.08428806
0.0003406428
-0.08410516
-0.07144158
0.0237716
-0.09493097
-0.06575011
-0.01934415
-0.03375391
-0.0659778
0.009052447
0.02899914
0.01944915
0.07018618
0.07034041
0.06042514
-0.01461401
0.04484839
0.007194129
-0.02658709
0.05808461
0.005998858
-0.01535952
0.05594051
-0.03327014
-0.02752112
-0.03548265
0.009182204
-0.03388576
-0.04093189
0.009241655
-0.04401007
-0.05629953
-0.01724401
0.0653685
0.08226239
0.05093715
0.06182642
0.08916089
0.04465063
0.06567497
0.05502222
0.05538595
0.05778688
0.05745589
0.05166854
-0.02613357
-0.01088529
-0.01784824
-0.03745835
-0.01908954
0.0123963
0.01226536
0.03174497
-0.002476799
0.03956375
0.05495055
0.006415863
0.02872122
0.04881838
0.006072164
-0.08548519
0.01041672
-0.02527589
-0.01044764
0.06607913
0.1021509
0.003122328
0.09951881
0.04823747
0.08023515
-0.04263568
-0.04264208
0.06688496
-0.03268331
-0.02400759
0.05659914
-0.04183494
-0.02727709
-0.1505582
-0.098101
-0.08879811
-0.04468074
-0.03647075
-0.02094741
-0.02325663
-0.05432225
-0.09446324
-0.04339088
-0.1279483
-0.0728097
-0.04259698
-0.04285315
-0.03234031
0.01262651
0.03910664
0.01468827
0.06751249
-0.06394128
-0.04298354
0.006768208
-0.08195814
-0.1153299
-0.09575924
-0.09736577
-0.0932022
0.09637837
-0.01841937
-0.05792606
0.07743823
-0.07228617
0.08839612
-0.003422555
-0.1203332
0.04954275
0.02340611
-0.1072292
0.08003977
0.1417903
-0.2470919
0.09891316
0.1294512
-0.09228302
0.07258431
0.1049629
-0.1414246
0.08116099
-0.05559894
-0.02941788
-0.1212607
0.01875937
-0.0445038
-0.07091171
0.002088398
0.001332982
-0.0005441431
-0.0008901134
0.00245001
0.001824905
-0.001750136
-0.0003975701
2.592326e-05
-0.01270521
0.004981427
0.01451231
-0.1239189
0.03003919
0.1071865
0.0785661
0.0971406
0.1406623
-0.1517255
0.1703674
-0.2129646
-0.1492357
0.2644649
-0.1978549
0.02011711
0.1300136
-0.05400416
0.03834591
0.1458252
-0.2276606
-0.001604155
0.1928334
-0.3193462
-0.02244863
0.009173519
-0.09478165
-0.1222505
-0.08783036
-0.1098357
0.02497429
0.0001509667
-0.06966896
0.1110133
-0.0008225227
-0.01417582
0.06141082
0.05952459
-0.07900729
0.05943349
0.1528836
-0.0346417
0.05223232
-0.03817217
0.00250743
0.1856881
-0.2111577
0.0223879
0.006287953
-0.02426867
-0.02893209
-0.02304988
0.002412752
0.003337284
-0.1477563
0.001827304
0.001662791
-0.1357008
-0.0284615
0.003876525
-0.1241743
-0.0289265
-0.03616849
0.1170886
-0.06797478
0.1198517
0.2528543
-0.5796695
0.1758921
0.03504537
-0.5024183
0.1175356
-0.08903961
-0.1226492
-0.05836054
-0.194961
-0.02922181
0.06672385
-0.1615678
0.01490255
0.05275789
-0.03462379
0.07314519
-0.02797666
0.1108159
-0.2585372
0.04266988
0.166508
-0.1255535
-0.006554593
