7.417564e-03
2.054060e-02
1.195485e-02
8.425621e-03
6.462495e-03
1.057314e-02
1.013107e-03
7.762579e-03
9.789216e-03
1.040896e-02
5.861192e-03
7.885450e-03
5.719451e-03
2.444223e-02
5.795700e-03
7.407649e-03
3.435912e-03
1.070028e-02
7.667802e-03
8.288244e-03
5.650922e-03
6.324619e-03
1.019826e-02
3.305746e-03
3.875262e-03
2.661098e-03
6.606949e-03
8.469151e-03
4.923434e-03
1.046350e-02
4.639616e-03
3.297188e-03
6.204267e-03
5.058510e-03
1.043841e-03
8.416786e-03
9.455184e-03
1.669132e-02
7.189966e-03
8.712442e-03
5.895657e-03
5.827925e-03
6.825417e-03
4.552000e-03
5.147934e-03
1.073467e-02
6.251760e-03
2.776226e-02
6.832486e-03
7.583461e-03
3.995229e-03
3.610415e-03
6.309797e-03
1.689567e-02
6.126903e-03
5.796900e-03
1.339091e-02
7.505100e-03
8.242047e-03
6.247170e-03
1.828833e-02
5.737811e-03
1.029356e-02
9.987601e-03
