-6.869828e-02
-2.213558e-02
-5.764058e-02
-8.102767e-03
6.982122e-03
-5.115821e-02
3.601194e-03
-1.851945e-02
-5.619679e-02
-7.170244e-02
5.256237e-03
1.154883e-02
-2.270064e-02
-3.551582e-02
-1.365950e-02
-5.615322e-02
-2.362824e-02
-6.586684e-02
-3.249187e-02
-1.921794e-02
-3.952124e-02
-3.683118e-02
-4.782847e-02
-7.421498e-02
-9.699145e-02
-3.510351e-02
-2.332327e-02
-2.836130e-02
-3.621363e-02
-3.987288e-02
2.578175e-02
-5.653983e-02
-8.948239e-02
1.877344e-02
-7.257415e-02
-6.253088e-02
5.229947e-03
-3.616983e-02
5.477059e-03
-5.621517e-02
-4.281381e-02
-3.180371e-02
-6.145741e-02
1.902153e-02
-5.200587e-02
-2.395879e-02
-1.055618e-02
-1.228003e-02
-4.269059e-02
2.040008e-02
-2.756698e-02
-2.925784e-02
-8.069821e-02
-2.625871e-02
-4.505299e-02
-9.000102e-02
4.397723e-02
1.366227e-02
9.897080e-03
-2.124490e-02
5.323724e-02
-2.382611e-02
1.548318e-02
-5.153308e-02
