-1.247244e+00
-1.529601e+00
-1.417790e+00
-1.322262e+00
-7.553588e-02
1.383285e-01
-5.386563e-01
-7.676325e-01
-9.844506e-04
8.420725e-01
-1.886405e+00
5.570005e-01
7.279264e-01
-1.614448e+00
-1.344599e+00
1.054163e-01
-5.255336e-01
-4.605738e-02
-1.406815e-01
-1.854831e+00
1.969573e-01
-1.012731e+00
-2.077624e+00
1.038786e+00
-4.622164e-01
-1.660010e+00
-1.851401e+00
-1.141641e+00
-6.247599e-01
-1.646218e-02
-1.009659e+00
5.388348e-02
-1.556191e-02
1.158138e-01
-1.510033e+00
-2.745277e-01
-6.176139e-02
-1.561117e+00
-3.787544e+00
-6.543275e-01
-9.250466e-03
-5.574339e-01
-2.254786e+00
2.954837e-02
-1.102407e+00
-2.150312e+00
-1.052627e+00
-9.079331e-01
7.989596e-02
-1.318110e-02
-6.652001e-01
-5.133324e-01
-5.210627e-01
-2.464067e+00
-2.619432e-01
4.481556e-01
1.430041e-01
-6.805355e-01
7.294841e-01
-1.176682e+00
-2.042411e+00
-1.750241e+00
-2.437434e-01
8.281485e-03
