-2.996780e-01
-1.139640e-01
-2.110287e-01
-1.593280e-01
-2.180723e-01
-2.190070e-01
-1.878355e-01
-2.760939e-01
-2.491903e-01
-2.183778e-01
-1.875588e-01
-2.792560e-01
-1.487374e-01
-1.465236e-01
-2.490057e-01
-1.023173e-01
-2.255988e-01
-1.139412e-01
-2.475567e-01
-2.407584e-01
-2.681432e-01
-1.822775e-01
-2.472370e-01
-2.737018e-01
-3.757765e-01
-1.665497e-01
-3.318151e-01
-3.564634e-01
-3.064047e-01
-2.551408e-01
-2.009619e-01
-2.490145e-01
-2.016989e-01
-2.418468e-01
-3.965654e-01
-1.514682e-01
-3.477785e-01
-3.548567e-01
-2.587354e-01
-1.628668e-01
-1.833023e-01
-3.375519e-01
-1.874449e-01
-1.329923e-01
-1.579635e-01
-3.247265e-01
-2.146904e-01
-2.453470e-01
-1.904864e-01
-1.981949e-01
-2.561205e-02
-8.579347e-02
-1.607378e-01
-3.440817e-01
-1.484375e-01
-1.155159e-01
-1.433179e-01
-2.488875e-01
-1.841232e-01
-2.486438e-01
-2.275673e-01
-1.858849e-01
-2.089557e-01
-2.397643e-01
