-1.801292e+00
-1.815223e+00
5.483515e-01
-5.697842e-01
-1.683676e+00
-8.824381e-01
-2.296156e+00
-1.715879e+00
-1.172137e-02
4.308059e-01
-1.200935e-02
-1.330424e+00
-1.563841e+00
-2.208114e-01
-8.879753e-01
-1.685091e+00
-3.233732e-03
-8.990383e-01
-5.636845e-01
1.703435e-01
-1.518930e-01
-5.139599e-01
-9.004403e-01
-2.138730e+00
-7.948094e-01
-8.266003e-01
9.572580e-02
-1.083385e-01
-1.011813e-02
-1.649680e+00
-2.114785e+00
-9.748859e-02
-3.344963e-01
-1.400759e+00
-1.697372e-03
-7.641363e-01
-6.902555e-01
-1.363294e+00
-1.014387e+00
-7.151713e-01
-1.722688e+00
-1.807017e+00
-4.139299e-02
1.009848e+00
-1.199980e+00
-1.137672e+00
-1.953295e+00
5.293121e-03
-1.381089e+00
-1.096313e-01
-1.165816e+00
-6.955833e-01
-5.868539e-01
-1.781957e+00
-9.575014e-01
-7.168657e-01
-2.342704e+00
1.477252e-01
-8.613414e-01
-7.212867e-01
-1.157165e+00
-1.145707e+00
-1.538776e+00
-1.382419e+00
