7.089431e-01
4.767430e-01
3.662038e-01
4.256428e-01
4.899205e-01
3.981015e-01
4.345336e-01
5.549892e-01
4.079449e-01
3.635442e-01
6.980745e-01
5.532818e-01
6.649615e-01
6.268396e-01
3.865700e-01
3.826214e-01
2.186210e-01
1.159043e-01
2.149877e-01
1.969422e-01
2.962874e-01
1.416367e-01
2.039319e-01
2.048158e-01
2.517677e-01
4.219213e-01
3.699066e-01
2.196448e-01
2.614612e-01
2.759858e-01
4.161175e-01
3.369431e-01
2.170996e-01
2.591281e-01
4.496519e-01
2.959900e-01
1.148820e-01
4.893295e-01
-1.841422e-01
4.395685e-01
2.233671e-01
2.397180e-01
1.771890e-01
-7.155624e-02
2.593129e-01
1.388434e-01
-3.223574e-02
2.870137e-01
4.153152e-01
2.708966e-01
5.990229e-01
5.432265e-01
4.520405e-01
-1.090145e-01
4.962434e-01
2.746838e-01
1.140653e-04
1.770496e-01
1.220026e-01
3.402040e-01
4.373908e-01
3.562843e-01
5.932135e-01
5.413585e-01
