1.867430e-01
-1.651130e-01
-1.227967e-01
-1.227743e-01
-1.696056e-01
-1.040222e-01
-1.747012e-01
-2.590094e-02
-1.723776e-01
-1.204052e-01
-1.499421e-01
-1.398588e-01
-1.272607e-01
-1.929066e-01
-1.126190e-01
-8.133411e-02
-2.158990e-02
-6.512249e-02
-1.073077e-01
-1.948982e-02
-1.000176e-01
-1.274147e-01
-8.653945e-02
6.362544e-03
-1.732246e-01
-1.138703e-01
-1.558022e-01
-1.491264e-01
-1.827430e-01
-1.953705e-01
-1.452598e-01
-1.330905e-01
-1.584600e-01
-1.448340e-01
-7.320155e-02
-1.523310e-01
-1.827795e-01
-2.474943e-01
-9.710695e-02
-1.375096e-01
-1.145878e-01
-6.037513e-02
-1.216243e-01
-1.337862e-01
-1.141052e-01
-4.234146e-02
-1.203239e-02
-2.239265e-01
-1.381051e-01
-2.154658e-02
-1.346399e-01
-1.450779e-01
-1.455236e-01
-1.344767e-01
-1.640476e-01
-1.376713e-01
-1.262301e-01
-2.272099e-01
-2.355412e-01
-6.839498e-02
-2.175114e-01
-1.481297e-01
-1.114025e-01
-1.630883e-01
