-9.708788e-01
-1.879455e+00
-4.711789e-01
-4.939082e+00
-2.189012e+00
-9.523624e-01
-5.226372e-01
-2.007983e+00
-5.250484e+00
-3.845786e-02
-3.499029e+00
-1.280027e+00
-1.073587e+00
-1.885155e+00
-2.151825e+00
1.638684e-01
-9.053075e-01
-1.670174e+00
-1.740705e-02
-4.706074e+00
-6.085592e-01
-4.746552e-02
4.327463e-03
-2.780526e+00
-1.749645e+00
-7.217953e-01
1.789393e-02
-5.232000e+00
-1.752900e+00
-6.321899e-01
3.319716e-02
1.296738e-02
-3.926545e-01
-2.369829e+00
-7.100643e-01
-4.324850e-03
-1.038225e+00
-1.111903e+00
-1.113198e+00
-1.442493e+00
-2.260857e+00
-1.673209e+00
-8.276648e-03
2.202128e-01
4.129089e+00
4.592003e-02
5.919058e-01
-4.769441e-01
2.872284e-03
-9.549607e-02
-1.536321e+00
-1.857112e+00
-2.436958e-01
-1.417784e+00
-9.777279e-01
-7.589246e-02
1.308282e-02
-2.499671e-02
-2.322199e+00
-3.109950e+00
-2.919775e+00
-3.334863e+00
8.443613e-01
-2.655515e+00
