7.161125e-03
8.533957e-03
4.869237e-03
2.459061e-03
9.231196e-03
4.886022e-03
1.413994e-02
3.094617e-03
3.875289e-03
5.182463e-03
5.114609e-03
4.342443e-03
4.602415e-03
1.149691e-02
6.034859e-03
6.208366e-03
7.613852e-03
6.941779e-03
8.137305e-03
4.848012e-03
3.717844e-03
5.655781e-03
3.050489e-03
4.432301e-03
9.267990e-03
6.121425e-03
6.619963e-03
1.133189e-02
5.347418e-03
5.161936e-03
3.267975e-03
5.638120e-03
5.312372e-03
4.347455e-03
6.237092e-03
4.433557e-03
3.407234e-03
8.011813e-03
8.077179e-03
4.320635e-03
7.287961e-03
3.718322e-03
6.840384e-03
6.332673e-03
6.768120e-03
1.317043e-03
2.794956e-03
6.227451e-03
5.506790e-03
9.480287e-03
5.549723e-03
7.338071e-03
8.277460e-03
1.580588e-02
7.653440e-03
9.324288e-03
3.976103e-03
1.535476e-02
1.088312e-02
1.135937e-02
1.762556e-02
1.206854e-02
2.873548e-03
5.009951e-03
