-1.577385e-01
-1.240824e-01
-1.030101e-03
1.443855e-02
-5.303229e-02
-1.423288e-01
-2.167420e-01
-2.324483e-02
-1.570868e-01
-8.361457e-02
-2.353610e-01
-1.453584e-01
-3.419255e-01
-1.135298e-01
-9.437151e-02
-1.221594e-01
-9.246644e-02
-1.687502e-01
-1.648770e-01
-6.975649e-02
-5.050426e-02
-1.778855e-01
-2.610163e-01
-1.590766e-01
-1.601819e-01
-2.076369e-01
2.139811e-02
-7.326008e-02
-9.362027e-02
-2.177900e-01
-9.131741e-02
-1.324874e-01
-1.962375e-01
-2.103602e-01
-2.469521e-01
1.080785e-02
-1.917822e-01
-2.645693e-02
-1.697489e-01
-1.085433e-01
-4.080903e-01
-3.057272e-01
-1.321174e-01
-6.248413e-02
-5.650517e-02
-2.319504e-01
-1.264703e-01
-1.119682e-01
-1.646399e-01
-1.051655e-01
-1.906892e-01
-2.239453e-01
-2.041470e-01
-1.196915e-01
-1.964210e-01
-6.294438e-02
-8.474077e-02
-2.203215e-01
-2.348643e-01
-1.676754e-01
-1.880177e-01
-1.531014e-01
-1.152112e-01
-1.013719e-01
