1.989680e+00
1.397707e+00
3.389804e+00
3.902634e-01
1.770469e+00
2.104860e+00
1.221058e+00
2.554260e+00
5.774980e-01
2.795891e+00
8.460769e-01
5.251032e-04
1.061096e+00
2.951017e+00
1.503677e+00
6.249623e-01
1.658255e+00
1.094787e+00
1.166789e+00
3.790480e-01
2.784787e+00
8.109738e-04
1.258565e+00
7.025902e-01
3.845986e+00
4.755303e+00
3.763432e-01
1.785182e-01
1.508730e+00
2.843932e+00
5.720983e-01
4.199723e-01
1.525512e+00
2.000922e+00
1.349908e+00
1.096411e+00
1.954048e+00
2.083154e+00
1.121050e+00
2.010108e+00
2.843631e+00
2.243311e+00
1.476910e+00
2.103581e+00
1.672444e+00
1.971953e+00
1.353763e+00
1.271869e+00
4.605132e+00
2.416869e+00
2.942562e+00
4.094250e-01
5.316738e-04
1.879009e+00
1.489775e+00
7.138988e+00
5.705305e-01
1.710505e+00
1.702213e+00
3.089590e+00
1.915443e+00
1.808793e+00
1.748455e+00
1.521119e+00
