16 16 3
-0.012971
-0.03816785
-0.07542478
-0.002599125
-0.0232841
-0.04839966
-0.002088971
0.04177398
0.01228781
0.01270979
-0.03827822
-0.05862354
-0.04802187
-0.06306142
-0.0663145
-0.05482682
-0.07871237
-0.08459256
0.06225201
0.07402054
0.0233267
0.03196249
0.03697272
0.0028544
-0.07253265
-0.03947136
-0.04949074
0.02306237
0.01504537
0.04186209
-0.02809985
-0.04157593
-0.01385814
-0.03683963
-0.06192797
-0.0325884
0.09865207
0.1419308
0.2030877
-0.09913041
-0.0605869
0.03538994
-0.1257597
-0.1399861
-0.05829993
0.01840705
-0.02900585
0.02049009
-0.02000998
-0.04625003
-0.01146947
-0.04850284
-0.06886983
-0.02071914
-0.1176069
-0.1324396
-0.1045592
-0.02994691
-0.09848885
-0.03527483
0.2248219
0.1391008
0.1669127
0.06432889
0.0314713
-0.01376226
0.02069778
0.005169617
-0.006076108
0.002966925
-0.009061563
-0.0001264898
-0.05409236
-0.06478081
-0.08124147
0.06382377
0.05961304
0.009350156
0.05358351
0.006126424
-0.04666388
-0.03549754
-0.01893817
0.03856175
0.02253379
0.0462041
0.1041572
-0.02765751
-0.03419099
-0.01003492
0.09279504
0.08390618
0.06692881
0.05995879
0.0374862
0.04091194
-0.07128648
-0.08949987
-0.07436133
-0.00489264
0.02172855
-0.02360955
-0.07726875
-0.07603201
-0.1349424
-0.006477092
-0.03128916
-0.05831485
-0.05008021
-0.08555414
-0.07855935
0.07749943
0.05430007
0.02728665
0.01418681
-0.005013299
-0.03622755
0.05430613
0.03830695
0.02848678
-0.006980157
-0.02446217
-0.0317251
-0.01949345
-0.004387238
0.02823533
0.01073397
0.02046399
0.04243589
-0.08191106
-0.07383023
-0.04893605
-0.1258945
-0.1314808
-0.08465464
-0.01703641
-0.05119019
-0.09469044
0.02762655
0.0007920244
-0.01408856
0.08271094
0.08093083
0.08948252
0.06978452
-0.01499397
0.04034795
0.1122896
-0.04355322
0.03889761
0.1115031
-0.02477858
0.004981469
-0.07589653
0.1523957
0.07793868
-0.03799187
0.3556998
0.03568801
-0.02180891
0.1074556
-0.06528555
-0.06768054
0.02754696
0.1004334
-0.1345903
0.03211216
0.2058025
-0.1490043
-0.01102997
0.1484381
-0.1052597
-0.06571545
0.05864044
-0.1014238
-0.04840643
0.1600769
-0.09287203
-0.03733685
0.08742048
-0.02040863
0.08606251
-0.1398686
-0.007804006
0.2608763
-0.09529491
-0.1301017
0.02411377
-0.1453002
-0.007411423
-0.0501528
0.01853917
-0.005067077
-0.005475997
0.03261723
-0.001741869
0.01617711
-0.01518074
0.02663999
0.06918484
-0.1002776
0.06339282
0.1115737
-0.04911276
0.0721224
0.07490309
-0.01657055
0.006368849
-0.0005534953
0.01665143
-0.07692829
-0.09255037
0.02909529
-0.1453034
-0.1410838
0.03270804
0.05258607
-0.08052919
-0.1185216
0.0948398
-0.07699398
-0.1885184
0.03723171
-0.1114787
-0.1646197
0.03287654
0.01289757
0.002206556
0.03402396
0.008764998
0.004888186
-0.05559609
-0.05321244
-0.02473605
0.004018554
0.02164797
-0.04263782
0.04848159
0.09255855
-0.04483392
-0.01169548
0.0220637
-0.03292493
-0.003581846
-0.005327804
-0.01326047
0.0158964
0.0950352
-0.06081968
0.005081373
0.2016257
-0.02464532
0.00624368
-0.04382906
0.03132341
0.02028966
-0.0487706
0.02263138
0.03738233
-0.01627567
0.04711599
-0.0205201
-0.04563299
-0.0004815642
-0.02219074
-0.174054
0.0973929
-0.1024986
-0.196418
0.02483688
0.04713722
0.007654336
0.0003213959
0.09889254
0.03907369
0.004216604
0.02991683
0.02532135
0.01010054
-0.002810779
-0.04807442
-0.06195238
-0.02013204
-0.07639382
0.03266966
-0.01245108
-0.02961542
0.12576
-0.05250549
-0.03877058
-0.02533732
-0.02654483
0.04824518
0.03688355
0.00653718
0.05079341
0.03963361
0.03348433
0.1017179
0.01933027
0.002746647
0.0002323769
-0.04662013
-0.109764
-0.08255801
-0.06064325
0.001693939
0.05073299
0.05660091
0.01475548
0.05847044
0.06099708
-0.06377114
-0.009998691
-0.02101665
0.004784518
0.03851391
0.06062701
-0.0538372
-0.0244686
-0.01802322
-0.04530293
-0.03246806
-0.040541
0.1592518
0.1994027
0.1089055
0.01846031
-0.02702909
-0.08531079
-0.1260724
-0.1784805
-0.1754266
0.0368297
0.06880157
0.02276052
0.006775761
0.03274839
-0.01739875
-0.07972192
-0.07519495
-0.09003845
-0.06521537
-0.01251887
-0.03711383
0.01055674
0.001848164
-0.02705752
0.04470789
0.01357682
-0.02365102
-0.1011929
-0.02503458
-0.01847132
0.01309393
0.1107751
0.09079952
0.009622877
0.06442282
-0.007058943
-0.07433933
-0.04760795
-0.03754509
0.01133822
0.03301222
0.03561809
0.06897455
0.08173739
0.05124621
0.02557064
0.02366337
0.00234097
-0.01475635
-0.0216482
-0.02042094
-0.01821363
-0.02466983
-0.02685188
-0.003789611
0.02375372
0.01407827
0.03537486
0.0009398889
-0.03058603
-0.05832405
-0.075546
-0.0860961
-0.03912637
0.03687472
-0.03705892
-0.03909307
-0.02685894
-0.1142693
0.02569528
0.01689171
-0.04831927
-0.1502814
-0.1112801
-0.01407162
-0.0953313
-0.02108299
0.07023901
0.01802602
0.09897959
0.139506
0.07867577
0.01906899
-0.03379378
0.07092121
0.05741383
-0.02313755
-0.08020736
-0.03930544
-0.09587823
-0.02995923
0.01532196
-0.05338012
-0.04343076
-0.03336829
-0.07617032
-0.1002704
-0.08235066
-0.09601516
-0.05748363
-0.04360826
-0.06807633
0.06664877
0.1165342
0.09119758
-0.006781153
0.002553371
-0.007277676
-0.01249022
-0.07443143
0.1073817
-0.004334009
-0.1295436
0.04700589
0.03306746
-0.04025429
0.06723633
-0.2114003
-0.03231298
0.0741462
-0.2079168
0.1331557
0.208887
-0.2125099
0.1032446
0.03828871
0.02812936
-0.07103667
0.03425759
-0.001617973
-0.08863306
0.07815152
-0.03229682
-0.07868831
0.0882562
0.0731429
0.002951217
-0.08809109
0.107084
-0.01273339
-0.06127786
0.05381719
-0.04478722
-0.06117386
-0.287029
0.08513485
0.08685081
-0.1841232
0.255018
0.1139062
-0.1907895
0.1348991
-0.1024846
-0.008449961
0.0287893
-0.03133136
-0.00784925
0.0390388
-0.002704543
-0.06337713
0.003207908
-0.01590936
-0.1762786
0.1254609
0.01068818
-0.102718
0.1661384
0.002801321
-0.004688756
0.1244555
-0.01962021
0.04569277
-0.09769783
-0.08794881
0.1724431
-0.07018888
-0.005087071
0.1442196
-0.1135799
0.00717089
0.04537372
0.08633293
-0.06022009
0.03756163
0.08128414
-0.1254582
0.03163974
0.05239386
-0.1094359
0.04910799
0.05390679
-0.06996966
0.05000039
0.02164296
-0.0560983
-0.01114054
-0.07868353
-0.1172648
-0.1303137
0.004635482
0.04166956
-0.1156903
0.06276394
0.08670025
-0.1617867
0.01165612
0.0413837
-0.01859841
0.0293076
0.07878189
-0.06877208
-0.0203476
0.07332893
-0.06762917
0.01530477
0.07736759
-0.008004777
-0.07699735
0.06956176
-0.08342265
-0.09812392
0.07203333
-0.02919911
-0.02083361
0.1142348
0.1354556
-0.007416319
-0.1483846
0.2658769
-0.07625623
-0.1502345
0.09436351
-0.1153162
-0.1239597
0.03039676
0.09338451
-0.1144595
0.1092759
0.1661905
-0.1274773
0.04839202
0.0259595
-0.2277913
-0.02043811
-0.1023848
-0.101982
0.05315307
-0.02201791
-0.03833102
0.01754241
-0.03169487
0.0002469316
-0.2072595
-0.2732466
-0.249073
-0.2134328
-0.2822393
-0.2357896
-0.2820505
-0.2822761
-0.2207435
0.0320028
0.02786517
-0.0099813
0.004131163
0.02709436
0.01716181
0.07552544
0.06340931
0.04966826
0.04318598
0.07363888
0.05259342
0.002633712
0.009813242
0.002130621
-0.03039697
-0.04004293
-0.05284117
-0.007684607
0.08100114
0.08663857
0.02457463
0.1156293
0.1126986
-0.02123924
0.07414585
0.04996717
-0.03704739
-0.06520174
-0.04849125
-0.03985562
-0.05622184
-0.01394209
0.08635268
0.05605744
0.08605768
0.02624674
-0.02415348
-0.03300223
0.02646457
-0.001609947
-0.002612624
0.03711412
0.05358188
0.03911952
-0.08583332
-0.04394366
0.03299734
0.008780289
-0.03006271
-0.001095638
0.06816618
-0.0004158734
-0.03062728
0.09696374
-0.04426543
-0.07365312
-0.01429307
-0.1101354
-0.04868391
-0.1203685
-0.1480624
-0.03563192
0.07164155
0.05841302
-0.01337272
0.0295533
0.03037853
-0.007470034
-0.05602569
-0.06789737
-0.08128487
0.05203424
0.05909421
0.03386438
0.009513034
0.02161753
0.005741381
-0.01589651
0.004376127
-0.008603272
-0.0219933
-0.05103359
0.005905112
-0.05101998
-0.06552947
-0.01288983
-0.0123599
-0.01745288
0.03314232
-0.09877854
-0.1995188
-0.08851981
-0.07597549
-0.2008032
-0.1182152
-0.002810068
-0.1670827
-0.08411617
-0.01366538
0.05826512
-0.01717685
-0.02244091
0.05641327
-0.04767383
-0.09789171
-0.05134517
-0.139768
-0.02533182
0.003616464
0.07049578
-0.02054124
-0.03397993
0.01874895
-0.02069182
-0.02580648
-0.01599792
-0.01613984
-0.05030565
-0.02214134
-0.001900691
-0.04847335
-0.01771515
0.02155815
-0.01588459
0.04721396
-0.1405193
-0.2243255
-0.1553507
-0.1221122
-0.1618778
-0.02368795
-0.08525892
-0.1138036
-0.0005241953
0.0976883
-0.148457
0.09926852
0.08283022
-0.1378035
0.1032252
0.06990439
-0.1528133
0.09364898
0.2206627
-0.04642287
0.2103055
-0.3011551
-0.1528538
-0.2923034
0.2401351
-0.04768472
0.2058505
-0.009900621
0.02780451
0.006137463
0.07492266
0.001138282
0.008652475
-0.01307338
-0.06680655
-0.07671268
-0.009019248
0.01444463
0.01490059
0.03351338
-0.007964387
0.05481673
0.002199175
0.02283053
0.006973224
0.02867489
0.08899488
0.1264769
-0.1933671
0.02980769
-0.07750779
0.01970864
-0.002877914
0.03137036
0.03822698
0.007889715
-0.04687639
0.0349344
-0.02897242
-0.07133707
0.09767115
0.02018294
-0.09090375
-0.00102077
0.02360728
-0.08215196
0.01340985
0.01536161
-0.0414814
-0.06809249
0.05995589
0.04492284
0.1664903
-0.06237715
0.08154374
-0.1008233
-0.1231163
-0.02114689
0.07488381
-0.06716903
0.1519988
0.06221526
0.01068089
-0.00461681
-0.03423178
0.003721576
-0.04834103
0.01906298
0.01538051
-0.009611901
-0.004243568
0.004564555
-0.008932142
0.03707002
0.009674818
-0.02003008
-0.02586783
-1.841605e-05
-0.06570937
0.06161245
0.01699048
0.05105746
-0.05066665
-0.03299785
0.004566025
0.052177
-0.0141251
0.01019637
-0.196231
0.1698166
-0.2068115
-0.01100273
0.2977366
-0.05117726
-0.1847782
0.145666
-0.1492142
-0.000943777
-0.1003899
-0.006290627
0.05102403
-0.03939795
0.03335604
-0.05019094
-0.02687546
0.02558498
0.003889265
-0.04272459
0.04144724
-0.003803614
0.01324041
0.08119033
-0.02825395
-0.02858315
-0.07355428
-0.04404315
0.007208352
0.05131301
0.01177995
-0.01672522
-0.00212016
0.01000076
0.04592637
0.02065181
0.04322639
-0.04832595
0.07270627
-0.01522832
-0.01595167
-0.04538485
0.05817637
-0.005208161
0.03808026
0.1425973
0.1718313
0.1454085
0.03825428
0.05124191
0.03587323
0.01584555
0.05332391
0.0297208
-0.05694184
-0.07551198
-0.1335423
-0.03499613
-0.02518438
-0.1014043
-0.05152702
-0.04545733
-0.1110242
-0.04075047
-0.0388617
-0.04921724
-0.03328354
-0.02117892
-0.01989071
-0.07708165
-0.06589759
-0.06027902
-0.02582496
0.005701116
0.01131674
0.005338369
0.03754482
0.03825606
0.02724366
0.05214301
0.03539165
0.08852986
0.1731286
0.008021678
0.139676
0.2258202
0.07591867
0.05799593
0.1626345
0.03407031
-0.1012167
-0.08836966
-0.0563569
-0.0747301
-0.05963567
-0.02654
-0.06979465
-0.04222757
-0.02014237
0.03406278
0.04914101
0.02675953
-0.02398404
0.005880707
0.01098311
-0.09078154
-0.05737473
-0.04562003
0.01133136
0.02258404
0.0003832554
-0.09339711
-0.04023036
-0.06163697
-0.1249912
-0.05702846
-0.08048867
-0.1404257
-0.0556987
-0.07287215
-0.09779014
-0.01747819
-0.027502
-0.06870054
0.02343176
0.031308
-0.006877233
0.001897601
0.001498493
-0.001661732
0.01471121
0.006396209
0.01090418
0.02344058
0.01002161
-0.01055218
-0.03497885
-0.03034807
0.02010912
-0.02149404
-0.03174402
0.01568018
0.000860516
-0.01140669
-0.08520047
-0.0607181
-0.1168881
-0.06353153
-0.02276042
-0.07584798
-0.07238827
-0.03998616
-0.08895026
-0.03734271
0.01788241
-0.01802761
-0.02263938
0.02271298
0.0009621415
-0.02604177
0.02917792
0.006684461
-0.04750396
-0.006203218
-0.06483939
-0.05936525
-0.01134485
-0.06489072
-0.08501426
-0.08645155
-0.1237957
-0.03543031
0.08896017
0.0323398
-0.007320967
0.1159554
0.063967
-0.008967066
0.1238
0.06307817
0.01364202
-0.01512236
-0.04812071
0.004649313
-0.002745719
-0.03850178
-0.01506152
0.014034
-0.009638205
0.0638473
0.07317115
-0.05167751
0.02522379
0.02581316
-0.05455732
0.03579354
0.05640608
-0.04307275
0.007481374
-0.04151694
-0.01823721
0.02413341
-0.03126349
-0.0302139
-0.03203309
-0.06966591
-0.04747706
0.02257078
0.002848555
-0.05756805
-0.01644324
-0.01725691
-0.03652894
-0.02287662
-0.02324893
-0.03967724
0.008063054
-0.005486213
0.01396091
-0.04584486
-0.04640787
-0.01527333
-0.03540145
-0.04579487
-0.02543155
0.01094257
-0.03860592
0.07834502
-0.07270303
-0.1036088
0.06216455
-0.03543341
-0.07749115
0.10758
0.00133806
-0.02946278
0.006380828
-0.002058029
-0.06843251
-0.05030077
0.03384795
-0.02572541
-0.04911788
-0.01274832
-0.02018403
0.01768848
-0.01140978
-0.04389958
0.01706652
-0.03625276
-0.0571971
-0.02718937
0.02311818
-0.03413325
-0.08758049
0.02787379
0.01007401
-0.07546545
0.01414742
0.03148522
-0.04647245
-0.04377815
-0.02520948
0.01055706
0.017338
0.01119368
0.01844071
0.06096517
0.04469587
0.05514459
0.02390795
0.01542499
0.0002205055
0.04679529
0.04631268
0.02903343
0.03491974
0.03371412
0.01973321
0.03794735
-0.002601856
-0.004871494
0.04417748
0.003754736
-0.02490544
0.0121515
-0.02954088
-0.06608884
-0.07975923
0.03416271
0.00893644
-0.03906253
0.03021653
0.03456034
0.0115072
0.004517313
0.01161634
0.02972899
-0.0498754
-0.1038032
0.02883061
-0.03106429
-0.09496319
0.01509026
-0.01999179
-0.07995707
0.008396895
0.06828406
-0.002099242
0.008757195
0.02651747
-0.002649387
-0.02331734
0.01800759
-0.01062775
0.00207813
0.06089966
0.102857
-0.05049676
0.005318207
0.1012709
-0.04815353
-0.02348062
0.1033032
-0.01232134
-0.02456771
-0.1148923
0.02577716
0.009466091
-0.04216044
-0.01974023
0.004763922
-0.01033549
-0.07424849
0.05371042
0.1266076
-0.1048375
0.005892482
0.1010031
-0.01553964
0.0321675
0.04903428
-0.3429334
-0.07339267
-0.04847072
0.05689762
0.4194271
0.1447721
0.1212853
0.1738206
-0.1656717
0.02284142
-0.05606294
-0.09052833
-0.03665441
-0.02098332
-0.02279481
0.03827381
0.06034639
-0.01969565
0.06900123
-0.01248699
-0.1106379
-0.04596048
-0.09125652
-0.1145392
-0.1363363
-0.114089
-0.1194373
-0.1155362
-0.03429489
-0.07836793
-0.005562617
0.03770316
-0.09146801
0.1978967
0.06925677
-0.07982728
0.03611911
0.04173011
-0.04607322
-0.006807824
0.00217898
-0.06075747
-0.03596201
-0.001800048
-0.07453587
0.02472928
0.06736901
0.02312389
0.03562982
0.01768961
-0.05257346
0.02514416
-0.02118905
-0.01927815
-0.02112506
-0.0251393
-0.07192538
-0.04156922
-0.04068566
-0.07329557
-0.09779634
-0.07095855
-0.1010014
0.03485895
0.06810968
-0.05064188
0.1196144
0.06834
-0.1241193
0.05811744
-0.05674114
-0.206374
-0.02203004
0.01556852
-0.03030982
0.007443473
0.02455338
0.01607465
0.03076364
0.04496534
0.05447594
-0.1075514
-0.09958243
-0.09527349
-0.04945028
0.006110171
-0.03207054
-0.05978725
-0.0004665113
-0.01443626
-0.1036843
-0.1575834
0.0406999
-0.1804534
-0.1023309
0.124789
-0.008623537
0.04413047
0.1068861
0.0122554
-0.08623865
-0.04513286
-0.07240251
-0.09337097
-0.01899046
-0.04256052
0.004185312
0.05899406
0.04875056
0.05310578
-0.1084698
0.0732835
-0.01454201
-0.05544086
0.009466323
0.06214312
0.03333566
0.1195542
0.05922276
-0.05422661
0.05086799
-0.02143714
-0.03299915
-0.04641044
-0.09862216
-0.03709574
-0.03926394
0.1409987
0.05530266
0.03127716
0.004795738
-0.1065305
0.01515086
-0.03558988
-0.097025
-0.04190606
0.021808
0.03801235
-0.06176541
-0.0003774228
0.05505279
-0.09992059
-0.0765771
-0.02421232
0.01445588
-0.05186912
-0.0379861
-0.01818773
-0.03811588
-0.0294778
-0.04981951
-0.06727073
-0.02541365
0.002410971
0.02385736
-0.01390326
0.008595104
0.06799696
0.07448733
-0.0451306
0.0178166
0.04610103
-0.03968322
-0.0274242
-0.06153314
0.0248408
0.03260403
-0.001172945
0.01804096
0.03687811
-0.004017292
-0.00131443
-0.02378127
-0.1168163
0.04419491
0.07698563
0.005396418
0.05091623
0.1171987
0.07385318
-0.05409672
-0.02851033
0.02878023
-0.01371896
-0.01799718
0.03543246
0.0006505015
-0.02309652
-0.007111285
0.008811827
-0.004761803
-0.02092818
0.02435446
0.03195512
0.02544682
0.03088007
0.03309985
0.0351763
-0.0479315
0.02579171
0.06488451
-0.1183404
-0.003653113
0.06108412
-0.1345751
-0.08758703
-0.02189579
-0.03281428
-0.04460402
0.004985145
0.01628242
-0.0095271
0.000134911
0.04953754
0.03392643
0.05476439
-0.007548636
-0.04030095
-0.06951863
0.04441546
0.02115159
-0.02604607
0.02392679
0.02550094
0.007671816
0.02452533
0.01244027
0.02633772
0.007369436
0.0189952
0.02695627
-0.01096926
-0.02356699
0.03716611
-0.02877123
-0.01900816
0.08524156
-0.03148859
-0.04044688
0.02767651
-0.01492295
-0.04102873
0.06304859
-0.06051293
-0.0885089
-0.1163346
0.02655266
0.008923279
-0.05520001
0.04600425
0.0684698
-0.008226566
-0.002185852
0.02556125
0.007252018
-0.03190941
-0.002606176
0.02119114
-0.05971483
-0.06338878
-0.04617377
0.02263723
0.01417461
-0.0636721
0.0436527
0.04898595
-0.03964904
0.07959919
0.08195832
-0.02143639
-0.08287075
-0.05045174
0.02711141
-0.1097997
-0.08086941
-0.01711947
-0.05815639
-0.0598525
-0.02845374
-0.01787806
-0.06106142
-0.04311788
0.0432681
-0.02155799
-0.04874708
0.04202639
0.02459031
-0.009239824
0.08977097
-0.02943467
-0.06970577
0.01679302
-0.03092241
-0.04152132
0.02421802
0.02551456
0.05153198
-0.02791939
0.08236833
0.02037105
-0.1089741
0.03480048
0.08329304
-0.1426504
-0.07749868
0.03882815
-0.1096663
-0.09914409
-0.02350308
-0.07154991
-0.1140436
-0.05852234
-0.05871405
-0.09791289
-0.07677453
0.02082792
0.007398599
-0.1252437
-0.01218141
0.1384891
0.05059053
-0.131372
-0.03919327
0.02263008
-0.0158628
-0.04504519
-0.03019678
0.02482892
-0.01074614
0.006001721
-0.01369317
-0.008995106
-0.05874751
-0.03848835
0.1579736
0.1481661
-0.1604279
-0.01059911
0.1197244
-0.1319924
-0.1731357
-0.07354284
0.02082364
-0.005718791
-0.02919894
-0.07084092
-0.03007305
-0.007461311
-0.0317222
-0.02313359
0.05266218
0.004469516
-0.0420882
-0.09411553
0.005237407
0.02286599
-0.07683866
0.01355119
0.08846359
-0.0154555
0.002861216
-0.01755842
-0.006821281
-0.01141664
-0.005694501
0.01398053
0.0022874
-0.001555444
-0.001501764
-0.04764587
-0.06920405
-0.06576962
0.04446333
0.02192565
-0.0563431
0.05478031
0.05378731
-0.04795823
0.03035195
0.1003699
-0.1754665
0.1159003
0.2902876
0.0004094714
-0.1998301
0.123499
-0.04252495
-0.001437857
-0.06332049
0.01076309
-3.695859e-05
-0.08621325
-0.07440982
0.06070114
-0.04925662
-0.07525301
-0.07485406
0.09602417
0.1242845
0.001059011
-0.01626865
0.08551024
-0.05295452
-0.1781566
-0.06947292
0.001293741
-0.09577564
-0.1295161
0.1482336
0.06248385
-0.04251149
0.1031073
0.075877
-0.03258983
-0.02108474
0.03729109
-0.05566315
-0.04521449
0.0346551
0.02123483
-0.02866348
0.0143545
0.03031608
0.0334411
0.06252079
0.03616357
0.02021596
0.04498875
0.007779549
-0.01426619
0.02263371
-0.008201351
0.03071924
-0.03259084
-0.05938127
0.01337079
-0.03946683
-0.1007974
0.08865864
0.007655751
-0.05227675
-0.002094847
-0.005594176
-0.002120751
0.03263852
0.01341136
0.01220048
0.04615616
0.01961169
0.006181073
-0.05501165
-0.05803645
-0.05851119
-0.06909434
-0.08950996
-0.09143866
-0.0486816
-0.05107401
-0.06786182
-0.04320858
-0.09097963
-0.1148884
0.01804413
-0.02472338
-0.03142922
0.06754006
0.04877098
0.06335184
-0.01794278
-0.02152137
-0.01623128
-0.00656574
-0.003980549
-0.0210486
0.03785737
0.01831522
0.004916516
0.0908958
0.09585012
0.06792658
0.004935502
0.03516724
0.04883777
-0.07015947
-0.06332789
-0.02988839
-0.007260523
0.00458394
-0.02059749
-0.05462199
-0.01459089
-0.05167753
-0.01340333
-0.01117633
-0.04926637
0.03887565
0.01295988
-0.00893391
0.0265577
0.02426764
-0.001331051
0.01061662
0.008434984
-0.01241136
0.03905267
0.03442965
0.01954254
0.03921595
0.02264261
0.01056923
0.04860151
0.03294128
0.02005994
-0.01359872
-0.00279905
0.01320042
-0.03167106
-0.03162821
-0.02477655
0.02419511
0.006047024
0.01276094
-0.05026623
-0.05422122
-0.02699093
0.02643721
0.0598085
0.1112227
-0.08397803
-0.06978452
0.04899282
-0.03738352
-0.0008252696
0.006937898
-0.07313014
-0.05059252
-0.04434916
-0.0739103
-0.04309562
-0.06128156
-0.004893973
0.02018318
0.02524542
0.0002644326
0.04228261
0.04460315
-0.04895585
-0.008103951
0.003135531
-0.02220336
-0.03109642
-0.008864478
-0.005861995
-0.01199794
-0.002478282
0.0168123
0.0314201
0.05843772
0.03945633
0.06163512
0.02822138
-0.03062552
-0.04064123
-0.06408393
-0.002565651
-0.01492079
-0.02534165
-0.07682703
-0.1190193
-0.1198624
-0.03811164
-0.07640006
-0.08306475
-0.08481409
-0.1073955
-0.1469956
-0.1424234
-0.2081166
-0.1048939
-0.09703168
-0.07700767
-0.08115461
0.05345389
0.001724462
0.01753485
0.05253656
0.1178828
0.05105931
0.004664039
0.096373
0.06433889
-0.111274
-0.02639292
0.001240905
-0.01011206
0.1012306
0.06963766
-0.02757344
0.07972874
0.1032023
-0.06737957
0.02235738
0.07027358
0.06862794
-0.04368325
-0.08374795
0.08321911
-0.006415794
-0.08438637
0.07096506
0.05288831
0.01603763
-0.03593558
-0.03602661
-0.01608409
0.007972777
-0.005152856
-0.01487698
0.02826214
0.01834203
-0.03468463
0.01700325
-0.01668518
-0.009664348
0.05735768
0.03269554
-0.01610518
0.0170985
0.0211491
-0.06234006
-0.05163294
-0.1222819
-0.02427457
-0.07425992
-0.1286475
-0.05479432
-0.07878472
-0.1153175
-0.0749848
0.001940095
0.02842494
0.0725263
-0.0004966944
0.01112363
0.03753779
-0.01027387
-0.06394888
-0.03687095
-0.06323534
-0.04070625
-0.005305771
-0.02408789
-0.008772626
0.002489054
0.02708463
0.02767057
0.005377528
0.01294449
-0.006576267
-0.01666533
0.02249484
0.02683384
-0.02424458
0.06416823
0.06914882
0.05152213
0.03023376
-0.08977282
-0.01610034
0.08217585
-0.08131028
-0.05905006
0.03748577
-0.037371
-0.05110303
0.01049703
0.08974506
0.01837472
-0.03008493
0.02979608
-0.02620297
-0.07855351
-0.03936467
-0.09984934
-0.06316873
0.06309106
0.002842541
-0.06200607
0.02257804
0.08433408
-0.1017197
-0.01233356
0.05218315
-0.05549631
-0.05396485
0.05506749
-0.01066385
-0.04883643
0.05888138
0.0179898
-0.06245017
0.06856328
-0.005545335
-0.1026845
-0.04443193
0.05692273
-0.05304126
0.03864494
0.009665227
-0.02920565
0.02777984
-0.178809
-0.1393623
-0.07416152
-0.1710611
-0.1556485
-0.08690365
-0.1440847
-0.1673745
-0.1514385
-0.03961365
-0.1287756
-0.06675091
-0.06146794
-0.1227785
-0.07688502
0.0135842
-0.06686482
-0.04350336
0.02581241
0.05661047
0.009521556
0.007384633
0.05295566
0.0154968
0.01104267
0.04172772
-0.01176442
-0.02424773
0.03076894
-0.0227809
-0.01873083
0.04277338
0.008012428
-0.0351794
0.03500649
0.00663489
0.08906375
0.02138771
-0.03201006
0.05595794
0.02160292
-0.0377634
0.06745107
0.0456017
0.02973874
-0.06794716
-0.04300684
0.05091159
-0.04565037
-0.04363498
0.006339735
-0.02655601
-0.03746798
-0.03147299
0.03572008
0.0513105
-0.01233624
0.03370556
0.07428963
0.02725057
-0.008521884
0.05923126
0.03939137
-0.08958711
-0.1061038
-0.01125358
-0.1178659
-0.1332573
-0.009298744
-0.08776361
-0.1428321
-0.05821823
0.003828146
-0.02196765
-0.04252804
0.07132478
0.02078855
-0.01936564
0.08494464
0.03200654
-0.009836135
0.03064233
0.01223293
-0.0195113
0.0163862
0.02588552
0.008951631
0.03402049
0.06777765
0.04531188
0.03044928
0.1018728
0.128967
-0.03920074
0.01506666
0.0662123
-0.0640572
-0.03948492
-0.006414774
-0.0279658
-0.009606099
0.07557687
0.01066391
-0.02489301
0.04033789
-0.02372694
-0.03831605
0.005768001
0.002986436
0.02792131
-0.08830335
0.01916625
0.07250266
-0.02779595
-0.001119948
0.07107715
-0.002289537
-0.005490037
0.0883288
0.05040523
-0.0329195
0.02157613
0.02058388
-0.05740932
-0.01125435
-0.01895875
-0.03760988
-0.02729406
-0.001453558
-0.005273746
-0.0185143
-0.005391299
0.009600636
-0.01627453
0.02128136
-0.1219622
-0.1501628
-0.0441384
-0.08513736
-0.1251423
-0.06529552
-0.03491903
-0.08666243
-0.07282838
-0.02935915
0.02866834
-0.0943374
0.02120187
0.01952723
-0.01086436
-0.04659152
0.01752323
-0.04187065
-0.07402197
-0.07120881
-0.01048704
-0.05413619
-0.01637533
-0.02955074
-0.02975417
-0.07444634
-0.01277731
0.000990234
0.01562656
-0.00666247
-0.005646781
0.01265683
-0.007477273
-0.02049565
0.0009294854
-0.0115026
-0.01008223
-0.01099204
0.007899496
-0.01734558
-0.01639937
0.01061412
-0.009015027
-0.00582462
-0.0006555307
0.006172877
-0.06041634
0.04067305
0.01063302
-0.04305849
0.02722298
-0.02479804
-0.05659392
0.02961129
-0.00842009
-0.0167325
0.03202527
0.01162536
-0.01305437
0.004911123
0.01902718
-0.01567337
-0.01991903
0.03919357
-0.001180153
-0.02820362
-0.0116551
-0.02837583
-0.06652278
-0.03745195
-0.03167106
-0.04508211
0.01810226
0.01585404
0.02914904
-0.03666177
0.01750386
0.01707153
-0.03293505
0.02755834
0.02899452
0.01514162
0.007891417
-0.03812384
0.05027802
0.0131423
-0.0334796
0.04985176
-0.001851899
-0.01057618
-0.02450589
-0.01110526
0.001184711
0.008825031
0.02005606
0.03064086
0.02056486
0.009889536
0.03312574
-0.001850319
0.01275716
0.01211276
0.01552116
0.02369619
0.01512656
0.009455609
0.01507862
0.02796488
0.03922424
-0.0295261
0.05571502
-0.006252715
-0.05757545
-0.01682058
0.008286654
-0.061797
-0.03330781
0.006483166
-0.001676075
-0.09524842
0.01953635
-0.003315894
-0.0890652
0.02067557
-0.001904486
-0.09729633
-0.02678422
-0.007313747
0.0487067
-0.08486494
-0.06630877
0.05848186
-0.05621925
-0.03366978
0.1090936
-0.05160803
-0.09361625
0.09632046
-0.0608087
-0.078048
0.1397421
-0.04468757
-0.06326241
0.1706731
0.07100672
0.01605964
0.0009614587
0.01577822
-0.04836264
0.004482072
0.0004081451
-0.02649937
0.03729096
0.3385941
-0.02673539
0.2706417
-0.3740951
-0.3611644
-0.338875
0.3403581
0.03229288
0.1928854
-0.2035086
0.1783151
-0.1672325
-0.09319005
0.2786299
-0.01940576
-0.1048966
0.1538925
-0.1879278
-0.06054126
-0.06896653
-0.03007293
-0.056708
-0.05220262
0.0569159
0.08786278
-0.03654865
0.03373237
-0.0007452164
0.04125613
0.07568769
-0.002812331
-0.02176305
0.02050448
-0.0162102
-0.02030878
0.005104919
-0.2573855
0.3090379
-0.1527274
0.0520126
0.1021166
-0.03826788
-0.07008362
0.1599058
-0.07125035
0.04338999
0.0009369588
-0.003888611
0.006301007
-0.06997556
0.01558306
0.02833557
0.07320085
0.008515222
-0.008313658
-0.03370899
0.08838178
-0.03640022
-0.03483481
-0.00960005
0.08817375
-0.02644478
0.007679137
-0.0171693
0.1168372
-0.03256381
-0.08844905
0.06845628
0.03867916
0.07652292
0.01803019
0.07330941
-0.05002724
-0.07603562
0.08342994
-0.02655312
-0.03247405
-0.005871825
0.0005116354
-0.0501931
0.03838469
-0.01517381
0.03651591
-0.03497007
-0.04968121
0.01440906
-0.0127953
0.01815133
-0.006235723
-0.02863926
0.03067907
-0.03439827
0.03029447
-0.02664378
-0.005644332
-0.08291515
0.01430027
-0.02217377
0.01838932
0.0831316
-0.2638958
0.04310877
0.09806836
-0.01234674
0.1539277
0.05063646
-0.09527691
0.1568209
-0.0944915
-0.0447755
0.01104428
-0.004746957
0.03457815
0.03084002
0.04950198
-0.02476603
-0.006811127
0.03062166
0.01674211
0.05081774
0.05399032
-0.1605564
0.05286488
-0.09116833
-0.01447555
0.08885467
-0.02069294
0.018043
0.01221735
0.06264789
-0.04508042
-0.04372996
-0.0808999
-0.01066879
-0.07094368
0.07584802
0.04502619
-0.034316
-0.01653792
-0.05190421
-0.07372914
-0.03005854
0.04105058
0.0613608
