3.469375e-01
7.175699e-01
4.093389e-01
2.424452e-01
3.590557e-01
3.900500e-01
1.417466e-01
5.347036e-01
1.554796e-01
5.273742e-01
5.395038e-01
1.709455e-01
3.254445e-01
3.203447e-01
4.141347e-01
2.959330e-01
2.149037e-01
3.347017e-01
2.389399e-01
1.996254e-02
2.615087e-01
2.297922e-01
7.086128e-02
3.229708e-01
2.535329e-01
1.473691e-01
2.282150e-01
1.774976e-01
2.395075e-01
3.006685e-01
1.760263e-01
1.758328e-01
2.841146e-01
2.645360e-01
4.335065e-01
6.335946e-02
3.186405e-01
2.970554e-01
1.875871e-01
1.824424e-01
3.395991e-01
2.612051e-01
2.376590e-01
3.271789e-01
2.701170e-01
2.598040e-01
2.634490e-01
1.381691e-01
2.990478e-01
1.734807e-01
-4.864291e-02
1.970248e-01
1.372620e-01
2.246202e-01
4.387933e-01
2.508244e-01
-8.233692e-02
5.095443e-01
5.440435e-01
2.274684e-01
4.772367e-01
2.372454e-01
1.519678e-01
1.057275e-01
