3.711726e-01
4.572421e-01
2.616363e-01
4.568011e-01
6.351441e-02
2.559105e-01
2.110067e-01
3.667433e-01
4.054922e-01
5.047297e-01
2.422465e-01
4.882241e-01
3.825797e-01
1.265737e-01
4.417441e-01
2.459122e-01
1.970412e-01
6.955282e-02
2.056625e-01
6.635295e-01
2.139624e-01
3.671562e-02
1.037979e-01
2.232604e-01
1.884875e-01
5.831741e-01
3.415823e-01
2.049053e-01
2.227032e-01
3.204714e-01
8.645229e-02
1.379439e-01
2.919941e-01
5.118688e-01
1.893928e-01
3.018385e-01
2.155136e-01
5.644901e-01
3.133151e-01
2.411394e-01
4.203729e-01
4.299366e-01
3.696686e-01
1.047712e-01
2.919560e-01
3.508528e-01
7.472717e-02
3.506511e-01
-5.462661e-02
1.587786e-01
8.920610e-02
-7.438885e-02
1.238177e-01
5.201116e-01
2.296997e-01
8.072650e-02
2.894052e-01
1.636613e-01
5.059516e-01
5.604721e-01
1.060493e-02
1.893039e-01
2.852433e-01
3.289505e-01
