-4.195738e-01
-1.577883e-01
-3.681276e-04
-2.087863e-01
-1.696527e-01
-2.831594e-01
-3.754387e-01
-4.780640e-01
-3.799680e-01
-2.969342e-01
-2.709321e-01
-2.688559e-01
-2.697568e-01
-2.708874e-01
-2.931177e-04
-2.084430e-01
-3.160565e-01
-3.212760e-01
-2.742744e-01
-3.007168e-01
-3.272855e-01
-3.873787e-04
-2.409555e-01
-3.826533e-01
-3.061808e-01
-5.170122e-01
-2.422062e-01
-3.212184e-01
-2.403753e-01
-4.661202e-01
-2.114503e-01
-2.538350e-01
-4.079796e-01
-2.752728e-01
-2.652202e-01
-3.293126e-01
-2.350581e-01
-2.463723e-01
-3.349339e-01
-3.497799e-01
-2.520944e-01
-3.440784e-01
-3.747648e-01
-2.957041e-01
-3.275982e-01
-2.612520e-01
-4.423112e-01
-2.640665e-01
-2.763261e-01
-2.448968e-01
-3.215827e-01
-3.202536e-01
-2.613153e-01
-3.148775e-01
-3.810246e-01
-3.225244e-01
-4.182577e-01
-3.103688e-01
-2.220778e-01
-3.466428e-01
-2.864790e-04
-2.841631e-01
-2.194832e-01
-3.341493e-01
