16 16 3
0.08056834
-0.07666239
-0.1106554
-0.0287296
0.04083773
0.02959751
0.02469103
0.01179287
0.04648956
0.07570234
0.04750443
0.009575615
0.03284266
0.02921299
-0.01809433
-0.02023751
-0.04900664
-0.05528084
-0.04890941
-0.04117387
-0.054375
-0.001891948
-0.1066527
-0.007423948
-0.05190285
-0.0004555647
-0.1807913
0.0190024
-0.02579299
-0.007680954
-0.008014787
-0.006570741
-0.0074603
0.0004387602
0.02614106
0.004103925
-0.1125794
0.01092691
0.1376775
0.0745364
0.118498
0.1247204
-0.05566337
-0.2239176
0.0592631
0.01571144
0.1940167
0.1055706
-0.0243084
-0.07696243
0.1286162
0.08319843
0.2075764
0.2419425
0.03663866
-0.2336686
0.02664188
0.2186135
0.2815795
0.3566677
0.1265248
0.3022116
0.3204223
0.01517226
-0.002679549
-0.01321165
0.003760285
-0.01464421
-0.02984059
0.0115946
-0.02312711
-0.02073662
-0.03365712
0.01888796
-0.01313565
-0.08862785
-0.004720053
0.005466801
-0.03471105
0.01137849
-0.04049263
0.2960899
0.2301833
0.3951674
0.05638349
-0.2908214
0.1196781
0.1180345
0.2518688
0.2443703
0.1434769
-0.009458608
-0.06921753
-0.1174392
0.01422587
0.02305688
-0.02883505
-0.1282717
-0.08460537
-0.08548599
-0.07086199
-0.00955641
0.07915404
0.09852093
0.03057437
0.03965031
0.1008951
0.05188903
-0.01934477
-0.05900718
-0.05572068
-0.02015209
-0.03831906
-0.181444
-0.106009
-0.04664475
-0.08754231
0.079437
-0.1486681
-0.01156355
-0.01233363
-0.08494604
-0.06342731
-0.1031057
-0.1080679
-0.142513
-0.0747216
0.02179603
0.02528711
-0.006995474
0.1390339
0.1496854
-0.01472772
0.07581918
0.1489157
-0.02745881
0.04182866
0.09099264
-0.006123608
0.0625873
0.02911599
-0.05875595
0.008673525
0.1094406
0.0314507
0.08933046
-0.03290147
0.01077477
-0.08060881
0.04046052
-0.09791423
-0.01542168
0.07684426
0.004955651
-0.001015372
-0.009918595
-0.02101545
-0.01610086
-0.007894549
-0.01085368
-0.007565485
-0.004934368
-0.02856022
-0.08536599
-0.009926864
-0.06615584
0.04982305
0.02078549
0.03534153
0.06491219
0.04244785
-0.02523654
0.01825562
0.03016789
-0.003997797
0.02827783
0.02174186
-0.0297841
-0.01015003
0.0254216
-0.04005298
-0.07803119
0.04229416
-0.06243101
0.07998724
0.1050418
0.1127351
0.09582589
-0.0001071504
-0.1113477
-0.05719193
0.02003509
-0.06847985
-0.07362538
-0.1249239
-0.09759457
-0.09453662
-0.05303568
0.06193507
0.07243183
0.03993108
-0.05984858
-0.04148006
0.004966083
0.006113627
0.02686816
0.035016
0.008550989
0.02545819
-0.03329121
0.03203713
0.03153291
-0.03015604
0.02560697
0.01056649
-0.0250068
-0.06780197
0.01102157
0.06006929
-0.007222774
0.02601819
0.06368724
-0.00380378
0.05178318
0.109546
-0.04289069
-0.006552755
0.04989397
0.1380064
0.09739243
0.06723313
-0.03490521
-0.03523187
0.04412334
0.04839282
-0.0116729
0.07182415
0.009364219
-0.02319409
0.05192411
-0.006551938
0.09145104
-0.04681995
0.01738747
0.004805192
0.06191418
-0.03331647
0.008160024
0.05753387
-0.03820948
0.003293672
0.04043325
-0.03671368
0.06407036
0.02624701
0.0892449
0.07151669
0.05898413
0.06443762
0.03944734
-0.03214147
-0.05961934
-0.05532299
-0.05282234
-0.1327457
-0.1100346
-0.02247294
-0.1103382
0.04669077
0.04335169
0.003721367
0.02058259
0.08481781
-0.007977406
0.04947885
0.09223091
0.02477716
0.04041606
0.07697342
-0.02201469
-0.01649326
-0.01128495
-0.02111635
-0.0004953519
-0.002628155
0.02531225
0.007226999
0.002069776
0.01074458
-0.006339242
-0.008529815
-0.0150738
-0.02901618
-0.0163884
-0.0006050692
0.01018641
0.05671819
-0.003212514
0.0002336021
-0.009788838
0.0007351029
0.009747326
0.01319568
0.002665605
0.002421468
0.01625533
-0.006725375
-0.04098466
-0.03444331
-0.03612512
-0.02734346
0.01168551
0.03901267
0.03835984
0.02628869
0.004296995
-0.003016602
9.733144e-05
0.01576361
0.02762851
0.0134552
-0.00482221
-0.01606488
-0.01802038
-0.0156315
-0.0387026
-0.03223517
0.0005737711
-0.00680373
0.0462199
0.06124106
0.05755371
0.06241466
0.01229666
-0.00462757
-0.009602975
0.006192582
-0.02185329
-0.03272538
-0.06614479
-0.07869177
-0.07475664
0.08225533
0.07151789
0.04595002
-0.03533326
-0.08410013
-0.07732441
0.08468134
0.09274458
0.08214524
-0.008153535
-0.002161841
-0.004044963
0.0001621961
0.003686515
0.002611366
0.003777045
0.01074482
0.01264769
0.006373593
0.004681199
-0.01808727
0.01535889
-0.005622493
-0.009714715
-0.006149449
0.002953552
-0.00888284
-0.07212317
-0.1213466
-0.08168947
0.04020033
0.06156614
0.06385438
-0.03225099
-0.02301858
-0.05044648
-0.08142465
0.02088036
-0.02348618
0.003475455
-0.02923108
-0.01830562
-0.04155368
-0.03222839
-0.01132112
0.04146292
0.07308248
0.06073182
0.03948784
0.07214929
0.07668769
0.02293268
0.02424932
0.0302955
-0.01141516
-0.008540067
0.005653033
0.03040146
0.01124423
0.03623541
-0.001027938
0.02081149
-0.01649792
0.0001120549
-0.008846184
0.002038141
0.03573734
-0.03403411
0.006799486
0.0048285
0.0117264
0.01864341
-0.00434077
-0.009662936
0.008978458
0.007600765
0.03338015
0.04563363
0.04439706
0.05480257
0.05475736
0.007567919
-0.005482365
-0.005200347
0.03620573
0.03056004
0.04405832
0.0143937
0.01545801
0.00480582
-0.01910205
-0.02948192
0.02144326
-0.03138334
0.07293893
0.02991224
0.04688285
0.02093058
-0.021324
-0.01416126
-0.0164076
-0.01827465
-0.01246073
-0.01291835
-0.01992349
-0.01691642
-0.01619873
-0.02133811
0.02500581
0.01612401
-0.02709855
-0.004954297
-0.03374277
-0.04081983
-0.05634779
-0.08869746
-0.02401676
-0.01051169
-0.002768374
-0.02685026
-0.003627669
0.009457062
-0.01695661
0.006835696
-0.006054226
-0.008738063
-0.04951973
-0.01724252
-0.01965691
-0.01462217
-0.04990986
-0.06013511
-0.145804
-0.1918866
-0.1344309
0.04682053
0.001506008
0.01303086
-0.04024461
-0.08380461
-0.05808199
0.0201428
0.02162335
-0.03361594
-0.05393886
-0.1033679
-0.06825424
0.004913945
0.02014297
-0.02726362
0.0204925
-0.01707366
0.00732818
0.0002504935
0.008223598
0.0126024
-0.01139727
0.003699002
0.0254773
-0.01951945
0.008958314
0.0219928
0.0353789
0.006866496
-0.0009396742
0.06248966
0.08159705
0.06280501
0.06989849
0.07457255
0.04916461
-0.1189477
-0.08615792
-0.01200051
-0.1148666
-0.1684958
-0.1057003
-0.000204873
0.02682775
0.03326932
0.03978643
0.05283481
-0.01607705
-0.01921105
0.1351317
-0.003823581
0.0415481
-0.04145099
0.04838128
-0.03934073
-0.02563519
-0.01776074
-0.04059459
-0.06931145
-0.03639545
-0.02310844
-0.0281441
0.003455874
0.02409764
0.03050562
-0.00291958
0.04390271
-0.04155733
-0.03295917
-0.07122402
-0.144724
-0.01574543
0.04805076
0.06365894
-0.03446946
0.04200049
0.06130305
-0.02065497
-0.03104544
-0.00873602
-0.04378637
-0.06161987
-0.07519664
-0.03970039
-0.03471975
-0.06072276
-0.04394287
-0.05775478
-0.05389109
-0.03415069
-0.05309607
-0.05040642
-0.05197497
-0.0400641
-0.05481386
-0.04683156
-0.04929122
-0.04884081
-0.02826492
0.05929456
0.03902834
0.008576551
-0.005839658
-0.02382256
-0.0130335
-0.02570165
-0.0002308203
0.01464907
0.001881134
-0.003842493
-0.002710821
0.002370269
0.001574086
-0.001674882
0.01046482
0.01113788
0.007661914
-0.002283263
-0.01503226
0.005352283
4.152618e-05
0.02128656
0.02107375
0.009618076
0.01419744
-0.009894498
0.001318625
0.004391895
0.004261382
0.002324226
0.005454969
0.002852667
-0.008118465
-0.005845523
-0.004860587
-0.0006570131
-0.06551562
-0.04467364
-0.01042974
0.06360248
0.07503361
0.01233992
0.01057292
-0.04368296
-0.0009839949
0.02471174
0.02402689
0.04413658
0.03098027
0.001566406
-0.02397457
-0.0321499
-0.01494156
0.05308622
0.0390245
0.03168593
-0.05386032
-0.0548299
-0.02029293
0.02754995
0.0286579
0.01325399
0.0003311122
6.109755e-05
0.00194197
0.00137661
0.001305048
-0.001340494
-0.003019155
-0.005038902
-0.0006126832
0.01603114
0.0119563
-0.0006061505
0.007515837
-0.007513344
-0.01899513
-0.03105767
-0.03251443
-0.02124941
-0.05386159
-0.00771353
0.02673117
0.02319132
0.0173692
-0.005284882
-0.02583666
-0.01425708
0.02436863
0.01932422
-0.01420366
-0.006709522
-0.0138073
-0.02977125
0.01886437
0.003499619
0.03104313
-0.007849229
0.009384606
-0.002515391
-0.004030941
-0.001813715
-0.0007567128
0.003761736
0.008568604
-0.002407899
-0.0109078
0.0102402
0.0175542
0.02436211
0.008230305
0.02066981
0.008088119
0.01431264
-0.01308954
-0.03640622
-0.005195866
-0.01090602
-0.003800874
0.005715527
-0.003141341
0.01652062
0.00370219
0.0177979
-0.01202833
-0.02591438
-0.03141194
-0.02391979
-0.002999656
0.002835261
0.0004292141
-0.005167188
-0.005247348
-0.005620206
-0.008835176
-0.02074082
-0.0119288
0.01026501
0.01791762
0.01430922
0.005576431
-0.01135072
-0.01387913
-0.01413215
0.04025978
0.01813168
-0.02015126
-0.01811329
-0.02230975
-0.02124189
-0.02382361
-0.02952396
0.005580138
0.00158335
-0.002722737
0.0008618046
0.003800458
-6.380873e-05
0.003334704
-0.001790264
-0.001449787
0.01329611
-0.007754405
0.01827149
-0.008561092
0.003202103
-0.02263917
-0.01166219
-0.02550798
0.009230508
-0.0122296
-0.01263856
-0.02068058
0.008444269
0.003192253
0.0135367
0.01343133
0.005954472
0.0141185
0.0272251
0.002359812
-0.003605543
-0.01817547
0.005978113
0.04335669
0.03359633
0.01832149
0.01973081
-0.03367425
-0.008434677
0.02253132
-0.007306227
0.003174799
0.006023518
-0.01850983
-0.0106084
-0.002750444
0.0004847299
-0.003005434
-0.03058073
-0.03853164
-0.05138093
-0.02005612
-0.01185512
0.01394889
0.02633824
-0.009685247
-0.005831695
0.002447451
6.439318e-05
0.008707436
-0.0006124097
0.005281272
-0.0005680796
-0.005111278
-0.003673738
-0.0002192746
-0.007069638
-0.001784479
0.005983309
-0.01399281
-0.0002711351
-0.01062985
-0.01114634
-0.06581719
-0.05824631
-0.02117793
0.02406077
0.02972265
-0.001182351
-0.06300629
-0.06540091
-0.03231746
-0.07606405
0.02883313
-0.03616383
-0.02931775
-0.0812528
-0.008245306
-0.05461158
-0.07115798
-0.02248321
0.009558534
-0.00465062
-0.006925395
0.01268818
0.002427377
0.003361695
-0.005762784
-0.006364172
-0.007472929
-0.03389151
-0.03173952
-0.009977118
-0.03954975
0.01069684
0.05627491
-0.02217005
0.0344611
0.02000691
-0.0188839
0.02079351
0.001127447
-0.03108529
0.003475794
-0.02310205
0.00220918
-0.01667816
-0.006949957
-0.03941917
-0.03204959
-0.03442296
0.001904705
-0.004801228
-0.01238313
0.0322057
0.01682835
0.00921821
0.008713211
0.008543844
0.004390977
0.01687575
0.0189663
0.04007687
0.006819629
0.003709444
-0.0004587412
-0.08119601
-0.01563009
-0.03174923
0.003009896
0.0134163
-0.002489826
-0.001120976
-0.04295989
-0.06841029
-0.01050598
0.008267928
0.008806244
-0.005961275
-0.003333655
0.0004193828
0.006183929
0.01125383
0.004176727
0.01731124
0.00712483
0.004692839
0.03878009
0.02211202
0.03150892
0.02494539
0.02171893
0.01620581
0.03598734
0.0153934
0.01216992
-0.0008292762
0.02023703
0.02845315
0.04312989
0.05095137
0.0344658
0.07733374
0.004613809
-0.1006447
-0.05449424
-0.06397311
-0.06283227
-0.0153295
0.05100699
-0.06531047
-0.08478175
-0.06591848
-0.06134888
0.03811582
0.04633114
0.004298246
0.04231593
0.06916046
0.06749839
-0.01351185
0.00540625
-0.05617997
0.03535192
0.03349626
0.04569501
-0.0226542
-0.001857586
-0.01256384
-0.024985
-0.02121742
-0.01620348
-0.03498521
-0.03256636
-0.02817366
-0.01999283
-0.03125528
-0.03135885
-0.03160373
-0.05974501
-0.04779506
-0.08891273
-0.09671301
-0.09166118
-0.09198713
-0.1119177
-0.1083744
0.02084303
0.01818869
0.02768412
0.03618824
0.03279423
-0.08219043
-0.01593959
-0.03891404
-0.09400889
-0.123335
0.0007577643
-0.01726666
0.02479836
-0.1113625
0.04205407
-0.0154877
0.07123083
0.02329753
0.0228834
0.04561998
0.002191729
0.06235669
0.08792015
0.07621685
-0.007015169
0.003339122
0.003638596
0.032132
-0.05550288
-0.07126488
-0.06479596
-0.01989722
-0.03249392
0.0315972
0.01359221
-0.007468347
-0.04672264
0.04129318
0.02024375
0.06221629
0.04734255
0.03784465
0.07934908
0.07491069
0.05083319
-0.003500159
0.01384261
0.01365552
-0.0003162169
0.02090753
0.03068854
-0.006500825
0.002391554
0.003132229
-0.006103997
0.01836765
-0.004291165
-0.01409695
0.02595793
0.0291771
-0.02696559
0.001002441
-0.03268863
-0.0227549
0.1159175
0.1060861
0.1538716
0.2207696
0.2095205
0.02546815
-0.1088245
-0.05438621
0.04395758
0.005481629
0.007132098
0.003666517
-0.02702869
-0.02148715
0.0168395
-0.01820603
-0.01378674
0.1024411
0.1849748
0.01401087
0.06916824
-0.0215774
-0.02836191
-0.02517354
0.06524554
0.03332561
0.07124707
0.03459137
0.04568677
-0.009553865
-0.004484653
0.05378544
-0.0479327
-0.03203214
0.04307842
0.1282407
0.3026069
0.1398723
-0.08155772
-0.3466389
0.1393144
0.2054523
0.2365909
0.2566716
-0.001787255
-0.05866639
0.001169705
0.2113187
0.22989
0.1467342
-0.0225951
-0.002166468
-0.02299284
-0.07340255
-0.03291272
-0.0442544
0.07269683
0.1469046
0.1041372
-0.03197483
0.03875553
-0.05808787
-0.002366735
0.01611171
-0.02438099
-0.008656021
0.02668989
0.01186888
0.01663507
0.0261825
0.01740147
0.03086025
0.07353639
0.1089726
0.0008022242
0.03869984
0.09213974
0.009704672
0.04440047
0.01277086
-0.09148072
-0.2282785
-0.01588174
0.07623091
0.1166275
0.003797542
-0.01982944
-0.06197317
-0.02356449
-0.09679136
0.1238323
0.03226901
0.08693513
-0.08772831
0.04439059
0.04967171
0.0899058
0.01397839
-0.03180801
-0.05602857
-0.02975697
-0.06722647
-0.005443419
0.01008832
-0.0289304
-0.0896043
-0.08151287
0.2286622
0.09060453
0.02068036
-0.03757942
0.1563239
0.1700896
0.05883638
0.1867514
0.1943252
0.1462346
0.1555317
0.02943165
0.07974982
0.002669689
0.01890154
0.008103732
-0.05875293
0.07031041
0.01229969
0.05554222
-0.003733268
-0.02030479
-0.0229853
0.0143221
-0.1206067
-0.0925189
-0.09505015
0.02838825
0.04362364
0.06802863
-0.116444
-0.03131201
-0.01913736
0.07096131
0.05762553
0.04799915
0.00676978
0.003011571
0.01686969
0.006161499
-0.0162346
0.009157112
-0.007866179
0.01182577
0.02452406
0.0133057
0.01210585
0.006146426
0.00125941
0.00337623
0.004478178
0.001547016
0.009847294
0.004383145
0.01783985
0.008486601
-0.005893646
0.006417725
-0.001821661
0.009756377
0.03071566
0.02269252
0.002174333
-0.003683204
-0.0192166
-0.006231661
0.01135202
0.01269308
0.0308711
0.002184799
0.01171709
0.01158713
0.05253503
-0.04787437
-0.01924077
0.02113915
0.005686709
0.05579879
0.04921554
0.08261298
0.06001256
-0.02098164
-0.04478782
-0.08930782
0.007263998
-0.01005869
-0.03282579
0.02790588
-0.01291512
-0.02731359
0.006297695
0.004039831
0.001237308
-0.01150845
-0.06155815
-0.06643866
0.0231797
0.03051748
0.01277945
-0.005867718
-0.005133155
-0.00640414
-0.005246098
-2.028204e-05
0.0007943269
-0.005391468
-0.003207387
0.003268787
0.001000228
0.02656168
0.02133645
0.04498672
0.04913622
0.06121738
0.01070202
0.04008735
0.05023645
0.03788254
-0.001483287
-0.02726759
0.06928781
0.1174509
0.07776601
-0.02387964
-0.07751469
-0.08566822
0.009056863
-0.007625741
0.03917413
0.0321766
-0.05276954
0.008300347
-0.05562332
0.010322
-0.03905449
-0.01818307
-0.01688319
-0.0102107
0.003539287
-0.004894217
0.02116817
-0.002639467
0.005013169
0.009180659
-0.00522265
-0.03570678
0.002018498
0.01897039
0.001883441
0.03930264
0.03493637
0.04489749
-0.02158274
0.01264034
0.0008429355
0.02112855
0.03385531
-0.003790047
-0.01317474
0.0180482
0.01665574
-0.0142175
-0.05234481
-0.05659078
-0.04218173
-0.01217458
0.001767477
0.03173504
-0.01055873
0.008023574
0.02477379
-0.007509547
-0.01608089
-0.01065115
0.01382281
0.01689716
0.0141632
0.01188139
0.01626712
0.02254667
0.03496116
0.05447922
0.000692649
0.00128755
0.008142965
0.01908292
-0.0001172115
0.0372312
0.005009985
0.02856536
0.0420544
0.03190033
0.0183033
0.02163821
0.02688803
0.02072771
0.02831756
0.01991283
-0.01121478
-0.01246487
-0.02628328
-0.01567862
-0.01006059
-0.04771962
-0.00594832
-0.03381905
-0.03297869
-0.007627032
-0.01706126
-0.02228105
0.004099784
-0.01304542
-0.01410415
0.008872342
0.003550201
0.004355002
0.01063332
0.003408617
-0.03445606
0.008091626
-0.01231434
0.03228706
0.06849322
0.03041241
0.05518121
0.001777308
-0.005961912
-0.01271057
-0.01366881
-0.04134393
-0.05226118
-0.02024648
-0.03477375
-0.03164108
0.02608481
-0.008977186
-0.03452045
-0.06055465
-0.05932447
-0.05642123
-0.04370952
-0.07133637
-0.07717973
-0.001981149
0.003332156
-0.01360524
0.008205357
0.0009764651
-0.01317932
-0.007460377
-0.01329214
-0.02228808
-0.02384705
-0.002444279
-0.002764115
-0.002766581
0.002420075
-0.003630836
0.002719891
0.003702877
-0.01310303
-0.006440654
-0.03162299
-0.03952244
0.09783875
0.08788534
0.06054478
0.01695451
0.005002318
-0.009241742
-0.03763555
0.03687473
0.01048773
0.03116782
-0.001760947
0.02791115
-0.01766945
0.04686732
-0.02499009
-0.01322008
-0.03314225
-0.02940586
-0.01382098
-0.02379364
0.00283969
-0.01703301
-0.01414607
-0.008206607
-0.01257901
-0.03949938
-0.04880036
0.003245661
-0.01037907
-0.004843884
-0.03249837
-0.02016976
-0.00364465
0.01821484
0.02346659
-0.01842123
0.006341426
-0.002352051
-0.002505146
0.03127269
0.0230027
-0.002242728
-0.01687468
-0.03034385
-0.0396322
0.03087851
0.009078274
0.001996806
0.04791009
0.02464506
0.01997309
-0.01678722
-0.02233703
-0.02101913
-0.00264199
0.003206662
0.005741006
0.02038641
0.02237335
0.02732808
0.03064282
0.1129206
0.05041884
0.08618177
-0.06678341
0.120864
-0.005590114
0.1112646
0.150772
-0.02004671
-0.01113809
-0.02991374
-0.03002691
-0.05582777
-0.05333605
-0.03720699
-0.01999861
-0.05165884
0.0353471
-0.007350104
0.06511053
-0.01172881
0.04239398
0.08491344
0.09045549
0.1340351
0.1298116
0.01035809
0.01964873
0.03597051
-0.01546341
-0.01957553
-0.02378659
-0.01138798
-0.03460703
-0.03516033
0.02379916
-0.002969566
-0.06304706
-0.1034881
-0.05016668
0.07978408
0.0284774
0.1794937
-0.04447239
-0.08288811
-0.0158211
0.04188373
-0.02286229
0.009779464
0.009534169
-0.0006477789
-0.0200783
-0.009471252
0.0413253
-0.01206498
-0.01713313
-0.03482837
-0.02363133
0.04318071
0.0751582
0.06458421
-0.02784366
-0.01804906
-0.0008424189
0.006820834
-0.02602624
-0.009490901
0.001418863
-0.0229161
0.009574819
-0.005456575
-0.009191618
-0.06595899
-0.06931006
-0.0492928
-0.1086534
-0.151306
-0.04265207
-0.08744445
-0.06820269
-0.01445421
-0.1336326
-0.0726965
0.09670259
0.1525633
-0.03125857
0.02369194
-0.004088187
0.08571374
-0.05083236
0.05534961
0.04975097
0.2680873
-0.233634
0.1778251
-0.007878534
0.276087
-0.06874575
0.04091343
0.09770117
0.09184445
0.0558514
0.06461561
0.1142412
0.06415891
0.09931724
0.08008333
-0.07451671
0.00721171
-0.006593484
-0.04699934
0.06944747
-0.0436736
0.01002309
0.01787192
-0.05873372
0.01816969
-0.04250613
0.09555332
0.0367048
-0.05208831
0.08732013
0.04882143
0.008008337
0.05732576
0.01443296
0.01346417
-0.0003520576
-0.01587374
-0.0146005
-0.066689
0.005274722
-0.05738901
-0.1067926
0.02819755
-0.03509007
-0.007932139
-0.09278046
-0.02767194
-0.02314682
0.03175294
-0.02058012
-0.03257978
0.01448337
0.03782309
0.0651978
-0.04850041
-0.0753969
0.0211122
-0.08812848
-0.08174713
-0.005742325
-0.007206255
0.004845744
0.02437228
-0.003872587
-0.003523424
0.01554316
-0.004664842
0.01107539
-0.004264247
-0.02466696
-0.04960484
0.02938524
-0.04488443
-0.03326826
0.01789835
-0.001036927
0.00525922
-0.001712092
-0.0007785154
-0.04079258
-0.01914214
0.01176224
-0.03047473
-0.02666866
0.01749611
0.009291911
0.004581964
0.03534262
-0.06171551
-0.02631909
-0.03898654
-0.06247796
-0.08562591
-0.02011066
0.001653602
0.004833797
-0.001517247
0.02340387
0.05717054
-0.009004075
0.06905938
0.1325429
-0.1028309
-0.1610561
-0.09229848
-0.003897286
-0.003351992
0.02313134
-0.1158137
-0.1298201
-0.07519666
0.06084451
0.07481394
0.02617121
-0.005605232
0.01287741
0.01787092
-0.005491356
-0.0225629
-0.008624066
-0.01354273
-0.02164152
-0.03522636
0.02188704
0.001022114
0.1112176
-0.03279994
-0.05499986
0.05518388
-0.04026939
-0.04337873
0.03763914
-0.03238488
-0.06881573
-0.04906702
0.1040887
0.1845437
0.109739
-0.1859968
-0.1824863
-0.04314585
0.02456499
-0.04091763
0.06545541
0.1581914
0.101899
-0.01113863
-0.07889599
0.2146247
0.04307184
0.00112947
0.0001777912
-0.03197779
0.005507417
-0.02370623
-0.04117033
0.07209535
0.02195656
-0.04058167
-0.06368268
-0.04582588
-0.04878127
-0.02356828
-0.01818589
-0.03769973
-0.005338516
-0.007045527
-0.07526297
-0.01258822
0.001944205
0.06527751
0.0724639
-0.06319603
0.05454854
0.1227857
0.06980983
0.05617411
-0.01359101
-0.02957937
-0.05806069
-0.04625472
-0.0575734
-0.09704055
0.03706701
0.005279652
-0.03366079
-0.01785715
-0.02462558
-0.05708483
0.01070333
0.006933019
-0.004437875
-0.04773173
0.002943753
-0.02448891
0.01530517
0.02122
-0.01596229
-0.01295056
-0.02931366
-0.01673428
-0.01547891
0.01413023
0.01516138
-0.01214519
-0.01173597
-0.009721913
0.0006980926
0.001691412
-0.0009056584
0.001488552
0.0006478867
0.002747328
0.001986112
-0.006719166
-0.01350194
0.01381842
-0.003630235
0.003489831
0.02137836
0.02841906
-0.00319191
0.006527327
0.002129733
-0.0002875592
0.01539993
0.01048873
0.002289904
-0.002699251
-0.005014924
0.002744811
-0.02001644
-0.02146678
-0.04597163
0.02896309
0.01611522
0.04311462
0.02711917
0.02322612
-0.03338282
0.02061296
0.0278192
0.009482638
0.01374425
0.02401125
-0.005971421
-0.01300767
-0.006542945
-0.005807448
0.0015888
-0.0004935203
-0.007428131
-0.03763686
-0.0515795
-0.05160534
0.04598935
0.05734293
0.04938097
0.000840853
-0.002166381
-0.0006445919
0.00234421
-0.006254981
0.0007787583
-0.001255798
-0.006793929
-0.01059549
0.005406021
-0.00911528
-0.0001694919
-0.005426557
0.003947157
-0.005309904
0.01041348
0.009952642
0.01607779
0.01125482
0.01230451
0.009930934
0.05365414
0.06294907
0.006426075
-0.03520259
-0.05215117
-0.0359074
0.01850278
-0.03402185
0.0215882
0.01857839
0.008650572
-0.01535671
-0.00610428
0.01644251
0.02570066
-0.01400242
-0.01757042
-0.02018957
-0.01194694
-0.02076628
-0.02739321
-0.01272246
-0.0175368
-0.02458459
0.01436455
-0.008470721
0.008250536
0.02598441
0.01369456
-0.0001786336
0.01544793
-0.01936394
-0.009850274
0.02289388
0.006587206
-0.01780909
0.02781259
0.007412923
-0.01142666
0.01927985
0.04404793
0.01123705
-0.03381866
-0.02227571
-0.01557062
-0.01143838
0.002510526
-0.002383459
-0.03688152
-0.03567852
-0.03797927
-0.01817752
-0.01846808
-0.0179721
0.01876171
0.009838969
0.01299441
-0.01189472
-0.008802674
-0.02527092
-0.06320483
-0.05272461
-0.1221723
0.03540476
-0.01456229
-0.05022787
-0.04620827
-0.08565608
-0.1804279
0.02733345
0.01289657
0.02595287
0.05447649
0.05889814
0.05353841
0.06323884
0.0461441
0.050352
0.01149637
-0.01808408
-0.06121463
-0.03610753
-0.08466529
-0.1202803
-0.02262353
-0.07986945
-0.08072353
-0.04730891
0.009346584
-0.0748419
-0.03920225
-0.0457621
-0.0744972
-0.06414249
-0.01125851
-0.07701106
-0.1650194
0.01063092
-0.07927177
0.08255998
0.01683768
-0.06800157
0.0009218929
-0.003740074
0.04385021
-0.0003667707
-0.009089375
-0.04915257
-0.07778396
-0.09437207
-0.08296605
-0.06063274
-0.06501888
-0.1128934
0.00583349
-0.01025575
-0.03047
0.07154289
0.0430095
-0.02153078
-0.1172145
-0.09935167
-0.0541933
0.01485903
0.02970873
0.01012336
0.007224892
0.01251795
-0.01753032
0.02460246
0.01322523
-0.01329993
0.05386455
-0.006558294
-0.01360738
0.02319529
-0.07688329
-0.06694197
0.073269
-0.04272562
-0.02650014
0.06951405
0.07680775
0.0198566
-0.08613626
-0.04444898
-0.01841292
0.01818497
0.05484856
-0.09222174
-0.02785406
0.04345763
-0.0916424
-0.07469042
0.2598513
0.04044685
0.3165017
-0.2508547
0.3291169
-0.05268295
-0.08888196
-0.00198702
-0.009365832
-0.03618422
0.004562865
0.04337697
-0.04686723
0.004081002
0.07099156
-0.07565561
-0.124625
0.06033009
-0.1307876
-0.06575102
-0.05935008
-0.07175732
-0.0737166
-0.04939745
0.0217762
-0.08864068
-0.1584822
-0.03713186
-0.1590139
-0.1026582
-0.07297219
-0.0819062
0.06991876
0.04632523
0.09465985
0.03116734
0.02106726
0.005968579
-0.08496539
-0.09076094
-0.1218596
-0.008161447
0.01162683
-0.0005599788
-0.005786882
0.00566694
-0.00582876
-0.02446537
0.03355898
-0.05089075
0.004293522
-0.04334416
-0.03848312
0.02488535
-0.002555223
-0.03701824
0.05008138
-0.07190883
-0.05218662
-0.00892192
-0.009030486
0.01269234
-0.01753673
-0.02207174
-0.01412906
-0.01978832
-0.01526925
-0.01516373
0.03971153
0.01939928
0.007745579
0.04137527
0.009636557
0.02911585
0.03836112
0.08358362
0.07501861
0.001415593
-0.02585569
-0.01844348
-0.01898963
-0.01156034
-0.02176761
-0.008277581
-0.003790603
-0.007902508
0.01222383
-0.04867923
0.01578465
-0.03232036
-0.05245613
0.01028639
-0.0851648
-0.03521622
0.05922679
0.0117395
-0.04835279
-0.09988029
0.007736496
0.01414928
-0.02489493
0.05106422
-0.006054138
-0.01977281
-0.0404211
-0.02502061
0.03122221
0.02559603
-0.03058662
-0.04168926
0.0003533384
-0.04907026
-0.04682111
0.005861122
0.01284241
0.003131183
0.01095079
0.0170382
0.0002277545
0.008144923
0.008123681
-0.01556761
-3.81622e-05
-0.0009950676
-0.01680167
0.05591681
0.009873647
-0.004824514
0.0079387
-0.02095958
-0.01939033
0.06510533
-0.01908576
-0.01683949
-0.01674737
0.005202628
0.01908198
0.1143456
0.06786606
0.09755002
-0.07743104
-0.1185454
-0.07570767
-0.006633129
-0.02129187
-0.04966516
-0.0619711
-0.01694556
0.004835726
-0.01159433
0.0003240332
0.02538443
-0.006141296
-0.01611676
0.0437796
0.01911333
-0.01099651
0.02253422
-0.02780072
-0.04159172
0.04566475
0.01268029
0.04555955
0.05531746
0.03757809
0.06590539
0.01317325
0.04727333
0.01117502
0.04322962
0.07992974
-0.01163038
0.03731035
0.04557202
0.05290478
0.06221518
-0.01902313
-0.03124324
-0.001030353
-0.03392595
-0.03667947
-0.0007067407
0.005281749
0.01620785
0.03363803
-0.02245757
-0.03011128
-0.01901063
-0.0327666
-0.04720529
-0.03951741
-0.01755591
-0.0141164
-0.01828733
-0.07643934
0.01657765
-0.02985102
0.06007369
0.06095862
0.0800473
0.08615146
0.05187099
0.0223412
0.02214218
-0.01705464
-0.01927088
-0.0102376
-0.0184461
-0.03013157
-0.02554437
-0.04571915
-0.05391814
0.01345848
0.04988154
0.07143249
0.214338
0.1885474
0.05158659
0.08691322
0.08431182
0.1345914
0.06325801
0.07011279
0.0310262
0.03790009
-0.0030618
0.08435526
0.03588115
0.09628344
0.09953116
-0.02297211
0.02969711
-0.00928445
0.009808783
-0.09166538
-0.08297838
-0.1006819
0.08009016
0.2621264
-0.06339487
-0.06100026
-0.04104147
0.1165643
0.1901354
0.07039362
0.1613113
0.2104455
0.177254
-0.05438201
-0.03312165
-0.03062955
0.01945383
0.1246397
0.1159589
-0.01340112
-0.01333162
0.06653361
-0.02086311
-0.01593383
0.001923941
-0.01567362
0.002926538
-0.009649794
0.01245169
-0.01086015
-0.02846204
0.01666667
0.1096532
0.1419072
0.01712706
0.0695543
0.1423268
0.003992706
0.06022257
0.07542169
0.04602605
0.1218043
0.05841359
-0.1622206
-0.162587
-0.04793133
0.03457633
0.1791477
0.04869308
-0.07548933
0.01023919
0.02018225
-0.1112358
-0.04505431
-0.09196807
0.06019767
-0.04108025
-0.03383535
-0.00352946
-0.05887927
-0.03307923
-0.0310727
0.01709611
-0.02495516
-0.04271352
0.009532969
-0.003029333
0.05075314
0.05372021
-0.03999285
-0.06104124
0.02839283
0.1196077
0.1590183
0.4410421
0.0867966
-0.001747934
-0.01996183
0.07473042
0.1072675
0.223836
0.1930754
0.1744542
0.05260538
0.236116
-0.01769938
0.05872696
-0.06941368
-0.004933916
0.003043432
-0.04585936
-0.05541095
0.02158986
0.0323128
-0.03918569
0.001927985
-0.00479365
-0.07927265
-0.07034829
-0.03432385
-0.02999851
0.007364739
0.02423576
