4.103260e-01
5.887464e-01
8.430537e-01
6.792942e-01
5.556040e-01
7.211861e-01
4.988635e-01
6.636703e-01
8.754324e-01
7.931085e-01
1.962068e-04
7.510136e-01
6.927520e-01
5.503674e-01
5.917972e-01
8.325320e-01
3.005856e-01
3.458532e-01
3.452710e-01
4.237139e-01
3.253265e-01
4.408330e-01
3.396636e-01
3.543054e-01
5.231054e-01
4.722655e-01
4.262499e-01
4.431844e-01
4.763898e-01
6.374685e-01
-4.130397e-01
6.479347e-01
5.510784e-01
4.755974e-01
3.755301e-01
4.457545e-01
3.385284e-01
5.717999e-01
4.469807e-01
4.457748e-01
3.703712e-01
3.025516e-01
2.621983e-01
3.767816e-01
2.793353e-01
-3.064451e-01
2.580710e-01
4.840426e-01
5.625163e-01
-1.592958e-05
7.859674e-01
9.258159e-01
7.974597e-01
9.049934e-01
4.371198e-04
5.729881e-01
9.424289e-05
8.815064e-01
8.455771e-01
6.621990e-01
8.475128e-01
8.551198e-01
4.583818e-01
8.151954e-01
