7.230417e-02
-1.504920e-01
-6.923841e-02
-1.236034e-01
-1.687149e-01
-7.737048e-02
-7.125916e-02
-2.202849e-01
-5.407569e-03
3.509495e-02
-2.679327e-01
-6.567299e-02
-2.538855e-01
-1.093682e-01
-1.364302e-01
-4.331822e-02
4.606908e-02
-2.898480e-02
-1.188861e-02
-1.658241e-01
-4.706827e-02
-1.809542e-04
-1.875563e-01
-5.272139e-02
-4.317428e-01
-1.620106e-01
-5.129376e-02
-1.657524e-01
-2.684811e-02
-4.705614e-02
-2.103406e-02
-5.866274e-02
-5.109042e-02
-1.888645e-01
-1.807252e-01
-1.091908e-01
-1.919145e-01
-1.647391e-01
-2.007943e-01
-1.394665e-01
-1.356423e-02
-1.069531e-01
-6.109727e-02
-1.940206e-01
2.436197e-02
-4.134972e-02
-4.655422e-02
-4.981651e-04
-1.171737e-01
-9.084789e-02
-9.752692e-02
-8.994035e-02
-8.459488e-02
-2.468393e-01
-1.254655e-01
-4.781457e-02
-2.642490e-02
-7.753213e-02
-1.354413e-01
-1.490261e-01
-1.063900e-01
8.367754e-02
-2.772222e-01
-1.016267e-01
