-3.595923e-01
-4.259082e-01
-2.824875e-01
-2.350467e-01
-2.145377e-01
-3.329643e-01
-3.679789e-01
-3.315778e-01
-2.734277e-01
-4.083040e-01
-2.436720e-01
-2.219307e-01
-2.576234e-01
-3.505205e-01
-2.880513e-01
-2.273230e-01
-1.476065e-01
-2.785698e-01
-2.764049e-01
-2.248714e-01
-2.210701e-01
-3.334184e-01
-3.325801e-01
-2.794608e-01
-2.396667e-01
-2.786015e-01
-4.707317e-01
-2.365576e-01
-2.253302e-01
-2.905486e-01
-2.444556e-01
-2.428337e-01
-1.999890e-01
-3.423975e-01
-3.223536e-01
-2.399790e-01
-2.453009e-01
-2.894607e-01
-3.461384e-01
-2.764032e-01
-3.260345e-01
-3.166237e-01
-3.199745e-01
-2.915183e-01
-3.418764e-01
-1.641246e-01
-2.997310e-01
-2.974580e-01
-3.735861e-01
-3.238487e-01
-4.673379e-01
-2.385034e-01
-4.029222e-01
-3.406332e-01
-3.614942e-01
-2.767739e-01
-3.099955e-01
-1.880074e-01
-2.992322e-01
-2.813909e-01
-3.775274e-01
-3.931173e-01
-3.802824e-01
-2.134341e-01
