-3.445226e-01
-1.576542e+00
-1.110711e+00
-1.639959e+00
1.872388e-01
-4.546159e-01
-4.188144e-01
-1.408383e+00
-6.076213e-01
-1.242456e+00
-1.284282e+00
-4.364359e-02
-6.130949e-02
-1.872804e+00
-4.881579e-01
-1.404647e+00
-1.986144e-01
3.227009e-01
-1.202881e+00
-7.188252e-01
4.386542e-01
-3.596590e-01
-7.778226e-01
-7.212937e-01
-1.131882e+00
-3.626424e-01
-3.688994e-01
7.473293e-02
-5.242507e-01
-5.264052e-01
-2.672288e-01
-3.388166e-01
-9.538764e-01
-1.012060e+00
-2.874075e-01
-8.046740e-01
-7.330124e-01
-5.023712e-01
-1.672158e-01
-6.895112e-01
-1.063646e+00
-1.315205e+00
-5.272578e-01
8.803929e-03
-4.283599e-01
-1.222725e+00
-1.244279e+00
-8.417349e-01
-1.242073e+00
-7.968204e-01
-1.123767e+00
-7.430093e-01
-7.606120e-01
-3.737924e-01
-1.937124e+00
-1.556112e-01
-2.270030e+00
-4.718847e-01
-1.254925e+00
-7.714304e-01
-1.715371e+00
-7.130671e-02
-1.702693e-03
-8.555722e-02
