16 16 3
-0.004531953
0.05972265
-0.05798103
0.002762477
-0.06966911
-0.05855292
0.06506813
0.06444025
-0.03330748
0.05555634
0.0351675
0.009623465
0.01640097
0.02840566
0.01998831
0.06842418
0.007963778
0.06890856
-0.01248377
0.04219129
-0.004745457
-0.05015422
-0.01809479
-0.02544392
0.03056119
0.0246596
0.1246281
0.04855914
0.1996888
0.02742996
0.0173684
-0.03685529
-0.07847997
0.02922603
-0.02431163
0.002156077
-0.0287441
-0.1667283
0.03720133
-0.03128358
-0.01533212
0.03735363
0.0256674
0.06610145
0.01305959
-0.01648049
-0.004217822
-0.007450366
0.007985759
-0.0290118
-0.01203368
-0.01150779
0.005934702
-0.03826847
-0.03574359
-0.1216658
0.01514909
-0.01338057
0.07152764
-0.036665
0.09011047
0.01998985
-0.06255316
-0.02481849
-0.1697935
0.03448766
0.01968524
0.1436725
-0.05053449
-0.0526763
-0.124262
-0.1503786
-0.1199721
-0.1159483
0.1921603
0.04779659
-0.0134854
0.04761201
0.1019575
0.1387315
0.01742141
-0.005489216
-0.03647912
-0.01747432
0.01228482
0.01378823
-0.04088262
-0.003556689
-0.06352058
-0.05335065
0.004661545
-0.01639574
0.1571795
-0.03380093
0.0578874
-0.01443774
-0.05222618
-0.004950796
0.08673485
-0.1275737
-0.2774471
-0.2523917
0.02092311
-0.1260383
0.02771676
-0.06111662
0.01949763
0.01018696
0.01341375
0.07426455
-0.03487411
0.01751225
0.004100887
-0.005285779
0.001480463
0.02888916
0.03828948
-0.1787493
0.2143541
-0.03785602
-0.02471988
0.1841963
-0.05478817
0.06458467
-0.09070028
-0.01475914
0.06017012
-0.1088554
-0.05032358
0.06471492
-0.06934748
-0.03796554
0.0302097
0.07753948
0.01268707
-0.0659011
0.1410509
-0.0801173
-0.1298479
-0.05511422
-0.1183713
0.02775979
-0.0707662
0.01844397
-0.005576603
0.0298748
0.004106536
-0.00320262
0.02205627
-0.008727336
-0.05280054
-0.03602217
-0.03743351
-0.03694904
-0.04320788
-0.02738259
-0.04222314
-0.01743516
-0.0255745
-0.04585868
-0.01960811
-0.03653301
-0.01818775
-0.02852648
-0.04887787
0.02377741
0.001140706
-0.0457184
0.05248999
0.008743024
-0.03981374
0.0687805
0.1131397
0.0412315
0.08264113
0.1414501
0.05155646
-0.02258986
-0.01815874
-0.01078554
0.032993
-0.01766767
-0.04751524
0.06617422
0.01746995
-0.01625019
-0.02644094
-0.008254399
-0.05917136
-0.04293654
0.003361997
9.874046e-05
-0.03341188
-0.007827675
0.01477249
-0.0294998
-0.0001364788
0.008504365
0.05448048
0.04343174
-0.02128623
0.003336213
0.02628399
0.00121754
-0.0940741
-0.02310349
-0.0798187
-0.008643208
-0.01974968
-0.04956313
-0.04573287
-0.01856256
-0.03874432
-0.02610925
-0.01827967
-0.03754945
-0.03644244
-0.004918619
0.02066796
-0.04719105
-0.004546926
0.1094408
-0.08103959
-0.04642742
-0.002163319
0.04700093
-0.001468807
-0.04763053
0.01496943
-0.01771595
-0.0582076
-0.005257105
-0.01344619
-0.05732989
-0.05254563
-0.08899824
-0.02376232
-0.07564689
-0.08496743
-0.03968031
-0.06074951
-0.04349522
-0.04225607
-0.0307139
0.08166379
-0.01313281
-0.02987049
-0.02616277
-0.03227266
-0.08786456
-0.08488009
-0.1130653
-0.0239561
-0.009449079
-0.02720586
0.008065619
0.00249604
-0.002706309
-0.002818853
-0.01231008
-0.01272969
-0.006939687
-0.03077314
-0.01385064
0.02043684
0.1346697
-0.01797586
0.02013098
0.06282234
-0.01798906
-0.06443065
-0.02665413
-0.03438823
-0.05501563
-0.009545621
0.004231204
-0.06572867
-0.01213433
-0.02598019
-0.06945498
-0.06993846
-0.06243001
0.01469837
0.05019125
-0.02729369
-0.009253914
0.04947716
0.06418764
0.0002234334
-0.02855915
-0.07216877
-0.05193924
-0.05863753
-0.0658359
0.02295319
0.1789106
-0.1037741
-0.002679341
-0.1316203
-0.04753692
-0.0416882
-0.02685064
-0.02101769
-0.1030938
-0.1557643
-0.006989444
0.08978083
0.04968546
0.1231757
-0.00477447
-0.04866427
0.07145602
0.1938335
0.09992777
0.07339016
0.04956705
0.01438811
0.03402917
-0.05075266
-0.2873061
0.03338953
0.110102
0.1581379
0.04146134
-0.1250085
-0.06381625
-0.1338141
0.05866008
0.2729235
-0.2133339
-0.04939188
-0.07929412
-0.01798998
-0.04033261
0.001868851
-0.005122233
0.003082416
0.03259939
-0.03873809
0.01005107
0.08825241
-0.03624921
0.02608743
-0.05815485
-0.135058
0.02969089
0.2703737
-0.04962621
0.07298324
-0.08834484
0.1779247
-0.08607499
-0.1531411
-0.06043883
0.111199
0.3736502
-0.1790523
-0.2936452
-0.4208333
-0.1521876
0.02761759
-0.04209729
-0.179968
0.1485036
0.04415185
-0.3807936
-0.07473212
0.03918792
0.03252675
0.08171315
-0.0247308
-0.06111314
-0.006815699
0.03201306
-0.08269814
0.001390636
-0.13597
-0.06135465
0.05760015
-0.1211564
0.09983689
-0.06064447
0.1900652
-0.1521611
-0.08808205
-0.2343227
0.03352465
-0.2890816
-0.5042132
-0.1680539
0.07007722
0.2324222
-0.03158444
0.0006322439
0.1588898
0.0003651597
-0.03275834
0.09698611
0.04253712
-0.02396764
0.04347298
0.1060608
0.02105334
0.108183
0.05688514
0.07242283
0.06136054
0.01534762
0.2482809
-0.3825119
0.1892485
-0.1503862
-0.1462865
0.09364102
-0.002925596
-0.003295777
-0.0985501
0.02129176
0.1457143
0.02182651
-0.1238458
0.02617067
0.08379907
-0.01065843
0.2635794
-0.1168857
-0.2736297
-0.3794985
0.08683394
-0.08962648
-0.1738611
-0.05160326
-0.01290654
-0.0387498
-0.03356281
0.070434
0.0411956
0.03282105
-0.01373534
0.00482654
0.00741694
-0.04810538
-0.01586153
0.009202548
-0.09086046
-0.04542713
-0.00672502
-0.06290304
-0.083232
-0.09157623
0.020838
0.02462566
-0.00698929
0.05715076
0.038349
-0.01261024
0.02801316
0.0002587065
-0.03963076
0.007657067
0.00198703
0.01415816
0.01858971
-0.004632406
0.007178284
-0.03347081
-0.01319153
0.003039346
0.1016481
0.07441879
0.1061202
-0.05230446
-0.0244506
-0.02940204
0.1209675
0.1241283
0.1342975
0.0006559445
-0.005340147
-0.004948229
-0.01117915
0.003942476
-0.01140608
-0.005384034
0.02992197
0.02812057
0.003137056
-0.04750344
-0.02239374
-0.03883583
-0.03648257
-0.02154418
-0.08019778
-0.06444582
-0.04296818
0.03989095
0.0218903
0.0308219
0.02470606
0.05560438
0.001157623
0.1803955
0.1114969
0.08836225
0.01407115
0.003148813
0.006162012
0.01881343
-0.002312352
-0.01905645
-0.1086165
-0.1042525
-0.103623
-0.02166037
-0.03260138
-0.01172904
-0.03023342
0.004348993
0.0267071
-0.05023794
-0.01222434
-0.01329045
-0.0256993
-0.007759531
0.0111378
0.02644132
0.03252223
0.005376248
-0.09848472
-0.06483656
-0.08653053
0.1040281
0.05945249
0.05086529
-0.025844
0.003821655
0.02811054
-0.06747921
-0.04797446
-0.06422284
-0.03430102
-0.01365042
-0.01716632
-0.01441075
-0.01672838
-0.0162704
-0.01433207
-0.002591465
-0.001511242
-0.04077901
-0.002813176
0.02083414
-0.04065652
-0.08874315
-0.08342117
0.01428475
0.003461316
0.01807761
-0.03377638
-0.02855256
-0.02528739
0.003506133
-0.02036994
-0.03166873
-0.1044019
-0.1071521
-0.1268805
-0.02099801
0.01281011
0.02919353
0.1458961
0.09850451
0.09271887
0.06559771
-0.003087528
-0.02141042
-0.08969737
-0.07587364
-0.1050489
-0.1067913
-0.1125309
-0.06807703
-0.02273163
-0.005613702
-0.02792769
-0.05182612
-0.03089405
-0.08148111
-0.0151688
-0.007785309
-0.02627997
0.05662547
0.03300577
0.02320826
0.03183148
0.06342469
0.03059492
-0.04760101
-0.03224634
-0.04015965
-0.03098208
-0.04116743
-0.0004792733
0.0939494
0.1635052
0.07643551
-0.02942626
-0.01701334
-0.09115736
-0.04363341
0.006242876
-0.02795394
-0.02320545
-0.05202083
0.02298583
-0.0797096
-0.01498505
0.02739522
-0.05693112
-0.06614263
-0.04361705
0.009804011
0.001608623
-0.03237902
-0.01081726
-0.003028539
-0.04035017
0.01388675
0.01261732
-0.00986125
0.04483892
0.06429627
0.05262085
0.008735957
0.01580248
-0.07285893
0.1273175
0.1009484
-0.01982054
0.06576423
-0.007488796
0.08532544
0.03749513
0.08268894
0.07682302
-0.1090885
-0.1452779
-0.05192651
0.03036333
0.003813403
0.1763656
0.02487044
0.0141427
0.1212179
-0.02900666
-0.0006970064
0.07265211
0.03002365
0.008885585
-0.03709694
0.006545181
-0.001724661
-0.0346152
-0.001823541
-0.03189489
-0.06390412
0.08086559
0.09461761
0.07118445
0.05998456
0.07029817
0.07733998
-0.0786109
-0.03265847
0.001181307
-0.1352018
-0.181278
-0.1810289
0.005500158
0.03604851
0.07699869
-0.1522742
-0.08176828
0.009351631
0.0159133
-0.002423723
-0.03224733
0.03762285
-0.002892906
-0.03663334
0.02958323
0.03910087
0.02506887
0.01941617
0.2003452
0.1229454
-0.02056979
0.03513245
-0.1937843
0.03590441
0.01306598
-0.07036602
-0.003288487
-0.07786946
0.01750296
0.006525727
-0.06932381
0.05640093
-0.02863591
-0.007649582
0.0558643
-0.0155425
0.03931106
-0.006891977
-0.1275591
-0.1716567
-0.1775185
0.07708084
-0.02175101
-0.1501412
0.0381325
-0.03241111
-0.1122414
-0.04924393
-0.07138562
-0.06282786
-0.1171243
-0.1178741
-0.05440302
-0.04762805
-0.04579594
-0.036842
-0.05156564
-0.01753679
0.009344877
0.003630882
-0.02903159
0.01039076
-0.1815154
-0.09389266
0.0540765
-0.078371
0.09893579
0.182694
0.03349324
0.1511931
0.1213234
-0.01973258
0.01364642
0.03831065
-0.05712055
-0.01106338
0.01608485
-0.01933587
0.01219215
0.01334256
-0.0308293
0.01140545
-0.01472512
-0.006529423
0.06108805
0.04079698
-0.01154885
0.04353146
-0.009975346
0.06301907
0.02397682
-0.009647677
0.007142198
-0.03504258
-0.03162236
-0.03083272
-0.04472678
0.0003173311
0.1772464
0.1172403
0.1004172
0.2609019
0.1062533
-0.05536633
0.07110881
-0.02048661
-0.05319327
-0.09293603
-0.07266863
-0.00367149
-0.01879682
-0.03351795
-0.05577905
-0.1168678
-0.0559234
-0.03759117
0.01544772
0.0943092
0.08899307
0.04783948
0.08564266
0.05962152
0.01851206
0.05245132
-0.02229237
-0.01620087
-0.1172471
-0.1265689
-0.1331894
-0.1227308
-0.06180928
-0.1684297
-0.04776327
0.01667402
-0.08994285
-0.07441363
0.1000074
-0.04372199
-0.01818167
0.07872979
0.04094394
0.06452309
0.09773821
0.06054019
0.09529252
0.0765311
0.04053537
0.02459377
0.05946335
0.07164026
0.0002845202
-0.03935548
0.0519561
0.01064515
-0.01512639
0.0149124
-0.03779524
-0.04141389
-0.04575785
-0.0789825
-0.05113142
-0.008187716
0.04263559
0.07342787
0.06874768
0.07926787
-0.04754773
0.003790738
-0.09042849
-0.1217235
-0.02663392
0.025949
-0.01020928
-0.02312972
-0.01448658
0.002724807
-0.0567464
-0.02951779
-0.01664007
0.04081824
0.04502397
0.06797668
0.07528465
0.07984225
0.06742351
0.0138349
0.06237619
0.05929957
-0.01012663
-0.01296445
-0.007648424
0.0003542309
-0.01632708
0.0048233
0.0271622
-0.002912377
-0.03448811
0.0510609
0.08623069
0.01681792
0.04655863
0.02101873
-0.004896439
0.02455838
0.04378437
0.01896941
-0.03639635
0.05156158
0.05034642
-0.08261318
0.01245776
0.05183781
-0.1080598
-0.08225545
-0.01143009
0.002060789
0.02808465
0.03474075
-0.002615063
0.02908795
0.0167413
-0.02222109
-0.01963123
-0.03008513
0.06059725
-0.007846533
-0.02146103
0.07862618
0.09555572
0.05469692
-0.03923975
0.07597903
-0.03297413
0.01675917
-0.01802715
0.007582129
0.02118632
-0.01289551
-0.003437827
0.04518906
0.002848084
0.005276911
-0.06942093
-0.04061124
0.008161354
-0.08163107
-0.1111893
-0.1061842
0.09560694
-0.04651834
-0.1239451
0.1291332
0.1321948
0.1091755
0.0372338
0.1178754
0.08678365
-0.004982512
0.0993901
0.1287303
-0.04379877
-0.06976084
-0.02382229
-0.0357414
-0.04469553
-0.0268554
-0.03062891
-0.01281408
-0.01433235
-0.04878725
-0.03597134
0.002340703
0.006684088
-0.02970506
-0.03878267
0.04476748
-0.02288444
-0.03333624
0.008051672
-0.01863906
-0.03789525
-0.03273105
0.05436944
-0.005456931
-0.02454408
0.02695981
0.07339731
-0.005195044
-0.02511956
-0.02234254
0.0821837
0.02562811
-0.02594823
0.02270829
0.003255459
-0.0183209
-0.01262803
0.01953858
0.0209059
-0.01162201
0.02310924
0.02713672
-0.0007728467
0.01864558
0.03967066
-0.06391635
0.001382107
0.09211569
-0.07531808
-0.08288523
0.05591181
-0.09923488
-0.1406411
-0.03045795
-0.06240731
-0.06008118
-0.1057529
-0.05179173
0.007672829
-0.07276832
-0.02972787
0.091543
-0.003725945
-0.02342426
0.0465983
0.06654955
-0.02470026
0.04205971
0.1115216
-0.06501918
-0.0290947
-0.009912839
-0.0461859
-0.02253472
-0.04486592
-0.07458258
-0.03203462
-0.02072413
-0.187834
-0.1505347
-0.108836
0.0001913248
-0.03215743
-0.004830305
-0.01205466
-0.06004048
-0.01083189
-0.04920886
-0.02951057
0.01035816
-0.1192342
-0.06503338
0.04516922
0.05772267
0.1126897
0.1557207
0.0717907
0.1343034
0.07948965
-0.1677772
-0.122246
0.02579616
-0.06558547
0.06155916
0.1667799
0.0474102
0.1613139
0.1590499
0.0418135
0.1586726
0.01526436
0.02031263
0.1174322
-0.007912448
-0.03148542
0.02441309
-0.06839869
0.06193789
0.03147068
0.03561966
0.01846713
0.003633726
0.003975256
-0.01660248
-0.0003210415
0.04083708
0.1054078
0.1646479
0.09332182
0.1379257
0.08807188
0.02510743
0.0705444
-0.03526432
0.01562863
-0.08445659
-0.1469695
-0.2097587
-0.2652822
-0.2454659
-0.2842901
-0.149764
-0.08249594
-0.1284076
0.01663188
0.003532087
-0.1151572
-0.01244645
-0.02136497
-0.08083788
0.002304621
-0.02377095
0.02329459
0.03923307
0.007661507
-0.003452964
-0.01815435
-0.04630649
0.003956415
-0.06036593
-0.03193329
0.0244626
-0.07491384
-0.01933636
-0.07025157
-0.05842651
-0.002235489
-0.002150378
0.0958276
0.1514863
0.1147815
0.06584764
0.1057632
0.1357106
0.1241344
0.1391538
0.03793618
0.07430061
0.08196764
-0.02454594
0.1189412
0.1172959
0.07570952
0.1066751
0.1013671
0.05143759
0.04729743
0.01076469
-0.02941104
0.09547388
-0.01046059
0.03313663
0.07851549
-0.009290484
0.08713621
0.1212812
0.05825625
0.0951205
-0.008495595
0.1013993
0.05857771
-0.02548065
0.05461035
0.01736069
0.01669975
-0.01275373
0.01935101
-0.1627408
-0.1233212
-0.1080777
0.003080812
0.05655561
0.09360146
0.02359929
0.001720375
0.03146087
-0.007285942
-0.01354564
-0.0317826
-0.002909518
-0.04958022
-0.004614617
-0.04213399
-0.05381811
-0.09046224
0.01069933
-0.07282752
-0.03256163
0.02687886
-0.002288962
-0.03279949
0.03979952
-0.02392497
-0.007421686
-0.03900264
-0.05795679
-0.2052265
0.07536265
0.02729934
-0.08642818
0.03018527
0.01161749
-0.009625509
0.05743773
-0.03648162
-0.1914953
0.1500516
-0.0306645
-0.04469699
0.08108959
0.01260007
-0.004742978
0.009815487
-0.03428796
0.04401617
-0.02031974
-0.07108881
-0.128975
0.007808785
-0.0949949
-0.07724998
0.01032054
0.01085288
0.02526537
0.02748429
0.001673291
0.0213299
0.054694
0.03837789
-7.044228e-05
0.162679
0.02726762
0.05717264
-0.0857956
-0.001469469
0.05660332
-0.04901273
-0.1141477
0.1459452
-0.09458836
-0.1877487
-0.1385744
-0.0310077
-0.009675895
-0.1382888
-0.0430976
-0.07423586
-0.01410803
0.06201319
0.1584228
0.1642834
0.1593639
0.2066535
0.07105625
0.06888031
0.06050851
-0.02178976
-0.1172505
-0.1256332
-0.02572659
-0.09872594
-0.02189112
0.01023841
0.01121956
-0.01521417
-0.009509651
-0.01873084
-0.1370429
-0.04466904
0.08133934
0.09400661
-0.02023446
0.06530581
0.03483994
0.104257
0.06603016
-0.04946857
0.01107244
0.05251607
0.03329134
0.08222665
-0.1060196
-0.03887511
-0.01571632
0.007141619
0.06896012
0.02130001
0.008468273
0.02068067
0.01608308
0.01764905
0.01817269
-0.02276886
0.01509557
0.1595531
-0.06315815
0.0655385
-0.0838341
-0.01473443
-0.1177131
-0.1982497
-0.05773024
-0.03885204
-0.01957019
-0.04917535
0.009265878
-0.07499737
-0.05889411
0.02324664
-0.04916822
-0.1111568
0.03528032
0.1217368
-0.06624722
0.07948367
0.03793416
0.09627721
0.08148485
-0.03474971
-0.03939775
0.02548619
0.02127244
0.04188204
0.0003933812
0.02021758
0.02158892
0.01799285
0.03399403
0.036418
0.02439361
0.02697713
0.02640154
0.02436867
0.003971625
0.02128617
0.01226965
0.03063804
0.01952828
0.02659415
0.001289403
-0.01674554
0.02711601
-0.007183599
-0.02580668
-0.004386211
-0.01658105
-0.03524978
0.04926031
0.0644005
0.0384267
0.03032555
0.03354155
0.01278832
0.009116989
-0.01508197
0.002309312
0.02386862
0.02443893
0.002587531
-0.009800178
0.01835337
-0.02070041
0.02741521
0.03467188
-0.03680768
-0.01325428
-0.004019436
0.01141675
-0.02127297
-0.01391832
-0.003374856
-0.01517012
-0.02011302
-0.02107381
-0.001573617
-0.008237632
0.02110951
-0.03636894
-0.00765159
0.02372202
-0.03343251
-0.01226498
-0.02105421
-0.05131835
-0.002365583
0.01312627
-0.04072212
0.008992376
0.006839933
0.01507631
0.05516435
-0.01960053
0.004603582
0.02663113
-0.0003349429
-0.02440821
0.01615963
0.005826403
-0.02423193
0.02050027
-0.003509236
-0.05148306
-0.003263294
0.001934751
0.006964791
0.01320426
-0.003819203
0.02277105
0.01467508
0.001963485
0.02431661
0.08653122
0.01025099
0.07852618
0.06712488
0.04234373
0.07063638
0.08623996
0.005927288
-0.01137692
-0.03109294
-0.04217391
-0.02484742
-0.06486972
-0.02185736
-0.0221767
-0.01047746
0.003411228
-0.02408309
0.003199958
0.005846475
-0.02662683
-0.01037788
0.0112725
-0.01886634
-0.004699997
0.01965838
0.02854935
0.001539364
0.01813862
-0.0003861737
-0.008164641
0.0341002
0.0291103
-0.03205196
0.07812697
0.01413212
0.0427818
-0.01546687
0.004771155
0.04719575
-0.00920701
-0.01907285
0.04707617
-0.01847937
-0.003707049
-0.002390388
-0.008999998
0.005634033
0.02371307
-0.02485729
0.005163728
-0.02001007
0.009308569
-0.0005488062
0.001198299
-0.001027903
0.004490662
-0.0004429409
-3.670905e-05
0.001945178
-0.001821265
0.0008600875
0.001308694
-0.0009867715
-0.00185781
-0.0007328146
-0.001529815
0.002880499
-0.001364705
0.001450635
-0.001238946
0.002144019
0.002746095
-0.001701206
-0.001180597
-1.682689e-05
-0.0003341668
0.0006471485
-1.98211e-05
0.003493002
-0.003381981
0.001614198
0.001293315
0.001176267
0.001970721
0.000121167
0.001583503
-0.0008399245
0.003260605
-0.001113989
-0.002426721
0.001202453
0.002208837
0.0003545666
0.004083128
0.0007691242
-0.004041265
-0.0009085486
-0.002510944
0.001629077
0.002649445
-0.003227365
-0.00485857
-0.001846476
0.001052206
-0.002701798
-0.001839832
-0.001288417
0.0007949315
0.0002337695
-0.002676968
-0.003307008
0.0007229464
-0.0002851667
0.001895471
-0.001693696
0.001648918
0.001380403
-0.00230341
-0.002461707
0.003760522
0.001944368
-0.0008441771
-3.808378e-05
0.001811554
0.001361929
0.001623464
-0.0009643899
-0.0009717835
-0.0007774311
-0.0005525823
-0.0009479649
-0.00126548
0.002705109
0.0004590173
0.0004732278
-0.001150114
0.0004649236
-0.0002028134
0.003544905
-0.003233395
-0.003425717
0.001126909
0.0004191082
0.001213459
0.0006231443
0.001380354
0.0001649648
-5.325184e-05
-0.002689661
0.002613566
-0.001294842
-0.003273256
-0.002619076
-0.001327435
-0.00100016
0.001040867
-0.002065418
-0.001487498
-0.003712113
-0.001359715
-0.001694615
0.002086739
0.00186492
-0.003789683
0.004531433
0.0006285019
0.001959094
-0.002095164
0.0003874726
0.0003797938
-0.002698344
-0.0008853221
-0.00234267
-0.001597827
-9.433216e-05
0.002587944
-0.001565843
0.003049139
-0.002414325
-0.002331354
-0.001523001
-0.001060775
0.0001097377
0.001380012
0.00170261
0.001680384
-0.005228274
-0.000761179
-4.980705e-05
-0.001820338
-0.0009823383
0.002459223
-0.003788697
0.0001111855
-0.002380683
-0.0007839354
-0.09901671
0.01474024
0.06688333
-0.08470726
0.1465803
-0.001333714
-0.08298867
-0.1072746
0.001537358
-0.05814029
-0.1059462
-0.1305949
0.005490832
-0.08483674
-0.1035042
-0.06068319
0.07408177
-0.03935584
-0.03584124
-0.05822932
0.009230469
0.0240182
0.050848
-0.07455315
0.01390927
0.07346712
-0.06880707
-0.02556321
-0.03135429
-0.08065689
-0.0333554
0.2207379
-0.02397879
-0.07158735
-0.06051289
-0.1221566
-0.1147335
-0.07835943
-0.1156914
0.08573544
-0.01096618
0.07458707
2.18734e-05
0.1053712
0.04385632
-0.04185157
-0.03586074
-0.04669767
-0.04433345
-0.02871949
0.02020784
-0.0115242
-0.05165783
0.01771371
0.08367617
0.1714298
0.006196252
0.2042054
-0.04392521
0.04647012
-0.07070773
0.06646374
-0.08206537
0.007104065
-0.007592479
-0.03833835
-0.1401353
-0.3484672
-0.07429381
-0.1213563
0.04437226
-0.07202929
-0.06959394
-0.04679745
0.01034929
-0.1854567
-0.07462884
0.297577
-0.1562673
-0.04788934
0.1325613
-0.01797948
0.02723567
-0.01754574
0.02349206
-0.04804656
0.002089774
0.01108415
0.04804698
0.02237447
-0.004343693
0.09415833
-0.1263319
0.06931858
-0.1905999
0.08980437
-0.0296611
0.2188554
-0.06129315
-0.0149863
0.3757395
0.0437608
-0.1032685
-0.09637349
-0.151138
-0.2592142
-0.3137959
-0.3148581
0.004694419
-0.0543796
-0.01595515
-0.01968937
0.02023727
-0.01808217
0.005852955
-0.04000682
-0.01255458
0.03891759
-0.1873333
0.04233509
-0.2543546
0.2395342
-0.02399149
-0.03040294
0.255382
-0.01847124
-0.08141848
-0.0645787
0.0126711
-0.07513806
-0.06099657
0.1108838
0.03675168
-0.0103355
0.04552373
-0.06097114
-0.2748991
-0.04908466
0.009910846
0.2733924
-0.09000783
0.02213641
0.06113424
0.0463999
0.08275797
0.07138131
0.100673
0.07099287
0.1008471
0.1135711
0.03814299
0.006383394
0.02052559
0.00926563
-0.01503322
-0.01695159
0.01955345
-0.01172369
-0.007065012
-0.02071939
-0.02827317
-0.05380364
-0.01154744
0.01736788
0.01254216
-0.04420492
-0.01801378
-0.009792405
-0.03435141
0.003845853
0.01208557
0.08403489
0.1359758
0.1201518
0.005701619
0.06573546
0.06707323
-0.09070673
-0.05006618
-0.03213487
0.0004940015
0.06808071
-0.002661569
0.02818098
0.09205306
0.006421143
-0.01118504
0.09181529
-0.04008727
-0.02473685
-0.03567411
-0.02360926
-0.01534657
-0.004504198
0.00124719
-3.582899e-05
0.001736181
0.005316112
-0.1672099
-0.1350407
-0.07665811
-0.02160414
-0.02758956
0.01724282
0.1288333
0.1183245
0.09420668
-0.02465681
0.05254198
0.03461661
-0.04316971
0.004332105
-0.0297623
-0.02265776
0.03687335
-0.002545883
-0.09193503
0.02329569
-0.04756756
-0.0933547
0.002106112
-0.0251955
-0.06518704
0.0483489
0.0008365002
0.01621614
0.0525452
0.07128029
0.04734178
0.05511979
0.05460357
-0.03885662
-0.01646482
-0.01284153
0.03155441
0.0902053
0.01772914
0.06633604
0.0390872
-0.02220181
0.02656692
0.01729075
-0.08227628
-0.06797796
-0.04128606
-0.05807999
-0.08366968
-0.09211545
-0.08488918
-0.08269335
-0.09279428
-0.1343666
-0.00309709
-0.02346959
-0.02257769
0.04397283
0.02012421
0.006765191
0.07468333
0.03362285
0.01378302
-0.06227489
-0.03094102
-0.01911846
-0.009808425
-0.01916205
-0.008721135
0.1451169
0.1416466
0.141385
-0.018328
-0.02303695
-0.001861338
0.0226807
0.03440495
0.03105859
-0.0007569843
0.01988029
0.02081848
0.006372483
0.02285445
-0.01060419
-0.08566763
-0.08417033
-0.1055286
-0.05118389
-0.04680055
0.008362273
-0.07627655
0.01733782
0.09680806
-0.04876989
-0.0003561812
0.1025919
-0.04662848
-0.02169435
0.05236509
0.03346149
-0.002203675
-0.07696457
0.1113468
-0.003987156
-0.02353136
0.07821427
0.02190353
0.02748986
0.1892222
-0.03656556
-0.1753477
0.1913796
0.03224885
-0.1469819
0.1003463
0.06581044
-0.08909628
-0.04984054
0.004684327
0.008452954
-0.02383507
0.04400609
0.02805839
-0.01877923
0.01796345
-0.0532977
-0.06067452
-0.06584065
-0.01779403
0.01136467
-0.01230471
0.01266621
-0.05522793
-0.1509948
-0.06689483
-0.06357326
-0.004824254
0.01349312
-0.0289265
0.01092686
0.04455759
-0.01837897
0.008349926
0.02340317
0.07070543
0.1262332
-0.01502907
-0.1330344
0.0902726
0.2097162
-0.1933549
-0.03439547
0.2357771
0.05589024
-0.03173767
-0.03384909
0.08537821
0.0769518
0.07741242
-0.03284395
0.02739158
0.1125514
0.09986772
0.004005334
0.01565842
-0.04615938
-0.04498577
-0.06455673
-0.09937028
-0.07315513
-0.05486922
-0.0749862
0.03433326
-0.008128797
-0.07487715
0.04783962
-0.006860807
-0.01251724
0.02410238
-0.06383668
0.03798189
-0.1232234
-0.1651143
0.08521345
-0.08615652
-0.1709352
0.08324202
-0.01286258
-0.1102178
0.03336731
0.008490414
0.02715723
0.007644996
-0.03397534
-0.04073357
-0.008694941
-0.01271377
0.01959284
-0.117756
-0.03325245
-0.007473642
-0.0946701
-0.03547035
0.0020996
-0.03420298
0.0002041013
0.04624359
-0.009322507
0.02298448
0.005605906
-0.0360384
0.03246215
0.07436969
-0.05528134
0.03659879
0.1048411
0.01406444
-0.01179819
0.02869009
-0.08628196
-0.01662818
-0.03928839
-0.07000808
-0.00823405
-0.06619781
0.1411048
0.09585694
-0.03393649
0.02264103
0.06649264
0.027317
0.1105671
0.02611007
0.002817862
-0.09734717
-0.005988406
0.05032524
-0.08865023
-0.05265224
0.03556536
-0.005406755
0.08779321
0.09527895
0.05536285
-0.01615481
0.01561533
-0.01291686
0.04481459
0.04732511
0.006419455
0.05749565
-0.01198177
0.1072522
0.1102612
0.06086037
0.02525635
-0.08503307
-0.06948274
-0.02258363
-0.1679739
-0.1511446
-0.03802304
0.05297512
0.03944423
-0.01427731
-0.05863141
0.02946954
-0.03936368
0.03872278
0.07441105
-0.05553394
0.00819119
0.0361305
-0.0186992
0.1898649
0.06711283
-0.01801001
0.01463385
-0.1400224
-0.04371367
-0.0425325
0.03541032
-0.03107886
0.004233553
0.0146762
0.00684544
0.08391368
0.05927151
0.01781849
-0.02191692
-0.04083775
-0.1238493
-0.03615207
-0.07749348
-0.04272108
-0.1480228
-0.06987046
0.03140666
-0.006873974
0.02840181
-0.01954419
0.04683181
-0.01978381
-0.01946915
-0.1101061
-0.1283893
-0.01469008
-0.02887999
0.0115009
5.525345e-05
-0.00808633
-0.02437784
-0.1087225
-0.1468019
-0.03305095
0.02190713
-0.033606
-0.01270332
0.06905846
0.09105396
0.02337193
0.07509457
0.02422155
0.0141852
-0.02362949
-0.09868352
-0.005458236
-0.02146873
0.2034411
0.02302232
0.0427469
-0.05100855
-0.04132264
-0.01004055
-0.1419839
-0.04141551
0.1537338
0.1596778
0.1557494
0.0319606
0.1295498
0.1815576
-0.02211999
-0.008132947
-0.005851741
0.004312348
-0.0152566
0.009002539
0.05567876
0.07577545
0.04074577
-0.06919999
0.07083657
-0.003762169
0.00373595
-0.1947148
-0.05557096
-0.1550435
-0.2152814
-0.09931842
-0.02887072
-0.06195621
0.02890991
-0.01356802
0.03282336
0.06756859
-0.06353166
0.00491722
-0.01737429
-0.04883045
0.06212365
-0.0722841
-0.07975938
-0.1882299
-0.1832754
-0.02380109
-0.1706092
-0.253184
-0.0007097982
0.0002861144
0.001478832
-0.0001725409
0.000208254
0.001423817
-0.0006067172
0.00239815
-0.0007278016
-0.00278331
0.0006657593
0.001446926
0.0008902686
-0.002088368
-0.0004188375
-0.0004465799
0.0005024549
-0.001447422
-0.0002365951
0.001372954
0.001709746
-0.0005377757
-0.002664215
-0.0002830181
-7.716197e-06
-0.001393024
-0.0005988837
0.005059893
3.652999e-05
-0.001869758
-0.002489173
0.002922447
-0.001325455
-0.00344104
-0.0001075498
3.957986e-05
-8.065764e-05
0.002626589
-0.002891856
0.001979589
0.001891044
0.0005086469
-0.002377712
-0.0007499861
-0.003034003
-0.001183421
0.0001437773
-0.001251348
0.00396623
0.002071352
-0.001317759
-0.00311263
0.0005387909
0.0002790306
-0.001605331
0.0002477994
-0.00109503
-0.0009988346
-0.0003814977
0.004279031
-0.0008647622
0.003899578
0.002295472
0.001915741
-4.272271e-06
-0.001654334
0.001178122
0.0006236374
0.0003607803
-0.001304975
-0.001011083
0.0001675874
-0.002778471
0.003317544
-0.0005873234
-8.812223e-05
0.001292886
0.003005777
0.0006333329
0.000592651
0.003407389
-0.002784471
-0.002641579
-0.0009823258
-0.0007760543
-0.003035487
-0.002238176
-0.002009726
-0.001050445
0.001803509
0.002847268
-0.0006418827
-0.001245303
0.003015242
0.001417825
0.0006995108
0.0001246616
-0.0006914936
0.0004766845
-5.258529e-05
-0.00211709
0.001234789
0.002129103
-0.001249818
0.0008302535
0.002433385
0.003430049
-0.001049108
0.0008267871
0.004066933
0.002626435
0.0001008159
-0.0008224986
-0.0001749873
-0.00232805
0.001538362
-0.003004335
5.838996e-05
0.003508863
-0.002706288
-0.0003078797
-0.002451554
-0.001153161
-0.00196983
0.002162491
0.002581138
0.001425034
0.004225362
0.004024346
0.0005730058
0.00150237
-0.0002575605
0.002096799
-0.004672786
0.0008329
0.003220999
0.002082048
0.002755059
-0.003849983
0.002982955
0.001694746
-0.000440813
-0.0005906301
-0.002260131
