-7.858096e-02
6.697341e-04
-5.577000e-02
7.693528e-02
-1.577259e-02
-2.660402e-02
-1.531123e-02
-1.491070e-02
-4.002833e-02
-5.067293e-02
-1.785993e-01
-2.099909e-02
-1.165054e-01
8.714611e-03
-1.254358e-01
-4.719390e-02
-3.911776e-02
8.148282e-02
2.007667e-02
-1.509688e-01
9.509704e-03
-5.292775e-03
-7.440435e-02
7.078362e-02
1.979020e-02
-1.704001e-01
-3.794197e-02
-1.164195e-02
-3.332593e-02
-1.690274e-02
6.991865e-02
-3.717931e-02
-8.584785e-02
-1.348197e-01
-1.034778e-02
-1.356708e-01
1.415080e-02
-1.274933e-02
-6.625808e-02
-9.064745e-02
-2.892713e-01
-5.001762e-02
-1.613858e-01
-9.365445e-02
7.557114e-02
-5.084774e-02
-4.526090e-02
1.873071e-02
5.751633e-03
-5.817555e-02
1.116167e-01
-7.432524e-02
6.487624e-02
-2.055302e-02
1.726018e-01
-7.133537e-02
-1.466293e-02
6.350977e-02
-9.551101e-02
5.894525e-02
-6.817754e-02
-7.289823e-02
-4.916666e-02
3.517736e-02
