-7.441887e-02
-5.394529e-02
-4.314148e-02
4.180368e-02
-3.548349e-02
-7.706763e-02
-3.226932e-02
-2.884193e-02
-3.202960e-02
-8.626942e-02
-9.100059e-02
-5.404785e-02
3.164788e-03
-8.124790e-03
-4.652520e-02
-3.667355e-02
3.879578e-02
-5.759756e-02
4.212143e-04
-8.225240e-02
-5.205273e-02
-7.264827e-02
-5.084510e-02
-4.360744e-02
-3.011819e-03
-9.248600e-02
-3.606155e-02
-3.204987e-02
-5.741622e-02
-4.553089e-02
2.531658e-02
8.702693e-03
-9.820423e-03
-4.004470e-02
-6.390789e-03
-8.023287e-02
4.334424e-02
-5.945353e-02
-1.972928e-02
-6.644849e-02
-4.586854e-02
-1.425372e-02
-3.842198e-03
-2.256266e-02
-2.059698e-02
-4.316099e-02
-1.723353e-02
-2.255211e-03
2.349577e-02
-1.097337e-01
-6.616166e-03
-2.740520e-02
-3.968067e-02
-7.112555e-02
-3.158335e-02
-5.635146e-02
-2.143065e-02
-6.456273e-02
-5.782646e-02
2.477598e-02
-4.289655e-02
4.128826e-03
-2.340106e-02
-4.399076e-02
