-7.383141e-02
-3.762900e-02
-5.377031e-02
5.071551e-02
-5.455953e-02
1.679998e-02
-6.767732e-02
-5.593072e-02
-3.419210e-02
-6.432880e-02
5.015830e-02
-1.540753e-02
-3.931543e-02
-5.453960e-02
-5.832373e-02
-1.882458e-03
-5.513605e-02
-3.751764e-02
-2.322167e-02
-9.301243e-02
-2.414343e-03
3.479117e-02
-1.026028e-01
8.765987e-02
-4.866309e-02
-8.835654e-02
5.254042e-02
-4.445894e-02
-3.135578e-02
-2.751550e-02
-2.433273e-02
-3.655169e-02
-3.417261e-02
-8.323557e-02
-4.576635e-02
-1.188119e-01
2.940817e-02
1.684483e-02
1.636057e-02
-9.988912e-02
-3.325781e-02
1.011083e-02
-1.159277e-01
-3.032706e-02
6.789637e-02
-4.290466e-02
7.129436e-03
-3.496392e-02
-3.545450e-02
-5.714791e-02
1.812429e-02
-3.705247e-02
-7.057435e-02
-7.784083e-02
-5.640116e-03
-9.105776e-02
-3.093040e-02
-7.786341e-02
-2.254047e-02
-2.617251e-02
-1.123985e-01
-1.692466e-02
-4.684298e-02
-3.916674e-02
