2.409745e-01
-1.471603e-02
3.965805e-01
3.030090e-01
1.925697e-02
8.487519e-02
2.640626e-01
2.775227e-01
3.263243e-01
4.267623e-01
8.781106e-01
3.086058e-01
4.288199e-01
3.355081e-01
4.891886e-01
1.057881e-01
1.039074e-01
-2.133078e-01
2.567172e-01
6.418675e-01
9.311125e-02
1.485146e-01
1.180883e-01
3.334172e-01
-2.002747e-01
2.830535e-01
-1.184180e-01
1.172688e-01
1.950227e-01
3.426048e-01
2.249037e-01
3.111763e-01
3.452014e-01
4.088161e-01
4.057801e-01
3.846059e-01
3.591063e-01
4.647780e-01
1.630693e-01
2.627901e-01
6.792013e-01
2.161920e-01
3.865680e-01
3.527090e-01
2.609994e-01
2.387508e-01
1.857425e-01
1.628923e-01
3.486143e-01
7.433376e-01
5.508471e-01
1.763945e-01
2.277535e-01
7.494256e-01
6.307510e-01
1.763361e-01
-1.197737e-01
4.239920e-01
4.469370e-01
5.197265e-01
7.460331e-02
6.547638e-01
2.408430e-01
-1.609630e-01
