-1.851458e+00
-1.654284e-02
9.092537e-01
1.894721e-01
-1.098424e+00
-1.076301e+00
-1.755323e+00
-1.177172e+00
-1.366379e+00
-1.307529e-01
-7.136900e-01
-1.352729e+00
-1.965523e+00
-1.401841e+00
-2.958364e-01
-1.675431e+00
-1.887935e+00
-1.093670e+00
-1.548575e+00
-2.962983e-02
-1.056943e+00
-1.088382e+00
-1.425110e+00
-8.873690e-01
-2.337510e+00
3.961991e-01
-6.191405e-02
-6.883639e-01
1.208726e-02
-3.490438e-01
1.121226e-01
-1.111068e-02
1.539063e-02
-2.744046e+00
-1.831716e+00
-8.455946e-02
-1.811583e+00
-3.151201e-01
-3.334287e-01
-7.526259e-01
-1.009408e+00
-3.568736e+00
2.375755e-01
-7.670902e-01
-1.750711e+00
-1.192498e+00
-1.843037e+00
-6.463862e-01
-1.768586e+00
-7.200581e-01
-3.782908e-01
-1.084731e+00
3.046338e-01
1.471051e-01
-1.355289e+00
-5.389664e-01
-9.464896e-01
-6.063249e-01
5.216493e-03
-1.451498e+00
-1.424307e+00
-1.989500e+00
7.841364e-02
-5.567300e-01
