-1.059535e-01
-2.866093e-02
-6.236934e-02
4.630710e-02
-9.979798e-03
-5.116674e-02
-5.943031e-02
-3.908856e-02
-6.104276e-02
-4.028842e-03
1.456865e-02
-3.170278e-02
-1.083054e-02
7.973851e-04
4.902137e-03
-3.376319e-02
1.332052e-02
-9.836992e-02
1.356163e-02
-2.158679e-02
-4.951292e-02
-4.054661e-02
-8.070919e-02
-2.299791e-02
-6.351979e-03
-9.167380e-02
-3.421859e-02
-3.464637e-02
-6.427566e-02
-3.693909e-02
-4.584341e-02
-3.951595e-02
-3.007917e-02
-6.513418e-02
6.540885e-02
-3.147488e-02
6.544105e-02
-3.432890e-02
-2.014305e-02
-7.147537e-02
-8.756234e-03
-2.104469e-02
2.096912e-02
2.360360e-02
-1.244059e-02
-9.200238e-02
-2.169324e-02
-3.859228e-02
-2.257586e-02
-1.637902e-02
-5.600703e-02
-4.576842e-02
-3.704782e-02
-1.780045e-02
-4.123688e-02
-4.077259e-02
1.183732e-02
-4.019035e-02
6.005415e-03
-1.949891e-02
-3.308590e-02
-2.784685e-02
-4.278723e-03
-7.165128e-02
