3.785719e-02
-1.983685e-01
-1.601649e-01
-9.773465e-02
-1.870151e-01
-1.133463e-01
-2.669718e-01
-1.145731e-01
-1.668379e-01
-1.516488e-01
-2.010490e-01
-2.181860e-01
-1.288802e-01
-2.336364e-01
-1.327426e-01
-8.762239e-02
-4.509216e-02
-1.379268e-01
-6.910037e-02
-7.977156e-02
-1.108785e-01
-1.761150e-01
-6.649535e-02
-8.799770e-02
-1.271711e-01
-1.017255e-01
-1.875819e-01
-1.714892e-01
-1.782327e-01
-2.426219e-01
-1.612836e-01
-1.178849e-01
-2.197298e-01
-1.006290e-01
-2.696569e-02
-1.345337e-01
-2.148738e-01
-2.875670e-01
-4.251410e-02
-8.647638e-02
-7.795419e-02
-1.270740e-01
-8.277354e-02
-1.337723e-01
-1.788067e-01
-4.720680e-02
-8.069132e-02
-2.963799e-01
-1.841373e-01
-1.511584e-01
-1.376817e-01
-1.705608e-01
-1.080817e-01
-2.674184e-01
-1.384047e-01
-1.285723e-01
-1.893730e-01
-2.393555e-01
-2.780727e-01
-2.206033e-01
-3.175697e-01
-2.014209e-01
-1.691016e-01
-1.448462e-01
