6.239603e+00
8.092960e+00
7.340659e+00
5.434508e+00
5.544669e+00
1.175580e+01
1.496809e+01
9.952791e+00
6.569670e+00
7.940134e+00
8.906415e+00
7.435635e+00
1.027486e+01
9.259453e+00
5.391101e+00
9.487048e+00
5.683825e+00
6.610620e+00
6.688846e+00
4.828016e+00
6.404963e+00
6.672861e+00
9.583185e+00
1.063184e+01
7.223738e+00
7.588411e-04
8.406462e+00
7.618050e+00
1.580809e+01
1.412772e+01
9.773030e+00
1.309428e+01
6.888150e+00
1.126880e+01
1.075013e+01
4.435856e+00
1.090933e+01
1.145907e+01
7.084056e+00
6.568535e-02
4.069399e+00
8.677819e+00
8.592167e+00
9.855046e+00
7.597499e+00
9.327940e+00
1.024089e+01
7.925854e+00
9.006332e+00
9.173396e+00
7.028153e+00
6.034874e+00
1.115626e+01
9.317935e+00
5.320708e+00
8.433369e+00
7.390257e+00
4.809047e+00
7.846848e+00
9.279199e+00
1.591998e+01
1.600102e+01
4.689106e+00
5.743667e+00
