-6.968888e-02
-1.919408e-02
-4.133325e-02
1.357637e-02
-2.934255e-02
3.270330e-03
1.177146e-02
-7.289401e-02
-2.573256e-02
-8.143107e-02
-2.506271e-02
1.281196e-02
1.215064e-03
-3.245070e-02
-1.793122e-02
-4.161065e-02
-5.551516e-02
-7.598481e-02
-7.631024e-02
-1.237030e-02
-8.766849e-03
-9.156673e-02
-1.742432e-02
-3.097854e-02
-2.828448e-02
-9.563042e-03
-2.845636e-02
-6.369419e-02
-4.257130e-02
-4.387766e-02
-4.129231e-02
-8.027998e-03
1.251600e-02
-2.002562e-03
-1.192441e-02
-7.468553e-02
6.931011e-02
-3.547500e-02
-9.209271e-03
-4.229221e-02
-7.027829e-02
-2.587349e-02
-3.498533e-02
-3.289719e-02
-4.136354e-02
-1.451333e-02
-7.869476e-03
1.320709e-02
-1.808757e-02
-8.071270e-02
-2.266213e-02
-1.307833e-02
-1.532818e-02
-8.519813e-03
1.212106e-02
-2.825680e-02
3.889474e-02
-2.934344e-02
-1.373705e-02
-3.165150e-02
-1.266218e-02
-8.150619e-02
-3.324362e-02
5.831789e-03
