16 16 3
0.01682584
0.003250148
0.0007548314
-0.009596617
-0.02631188
0.03120182
0.01541839
-0.001148573
0.03381689
-0.00393687
0.01352451
0.02646633
-0.009476431
0.001437416
0.002580704
-0.03586821
-0.01332801
-0.011896
-0.0301846
-0.07624785
-0.001420963
-0.003025594
-0.1104424
0.0003261588
0.04014491
-0.088144
-0.07358202
0.0001196392
-2.611793e-05
-0.00351774
0.0008962592
-0.000913134
-0.003438962
-0.001292977
0.001431597
0.002564013
-0.02708879
-0.01669515
-0.02331702
-0.03903688
-0.04510561
0.009929392
-0.04744605
-0.04935918
-0.002103762
0.02828381
0.02945721
0.01229666
-0.01310064
0.02949838
0.01798773
-0.04451017
0.009004783
0.0132149
-0.05499288
-0.02715255
-0.01534046
-0.0157229
-0.004739351
-0.009664023
-0.04614086
-0.001711872
0.01106195
0.02752174
0.01477151
0.03799481
0.01020038
-0.002773203
0.005615559
0.007542118
0.006190472
-0.002048938
-0.03761642
-0.04475953
-0.07673761
0.003559262
-0.01260891
-0.1244649
-0.03116386
0.0007710361
-0.110679
0.0785064
0.04400149
0.05258267
0.0326336
0.01137202
0.03434108
0.02650768
-0.01048502
-0.01432049
0.009984907
0.03594149
0.04103511
0.03195582
-0.05433057
0.04160474
-0.004014652
-0.02078385
-0.03225641
-0.05448122
0.001934542
0.0009743478
-0.03978775
0.01387571
0.004033925
-0.05945548
-0.02134086
-0.001556393
0.05970376
0.07256195
0.05448206
-0.01053569
-0.004171997
-0.01501939
-0.02108383
-0.01812425
-0.02366971
-0.006119499
-0.01856114
-0.008761682
0.005520016
-0.0131556
0.0009269915
-0.008906588
-0.02726289
-0.01724155
-0.01347158
-0.008840734
-0.01427317
-0.00237161
-0.003603092
0.01875119
0.001230798
-0.004903609
0.02195271
-0.02605366
-0.04105232
-0.04436601
-0.01476145
-0.02855579
-0.01737158
-0.01207161
-0.02645287
-0.01049103
-0.01166099
-0.03752246
0.02695439
-0.02983523
-0.01735975
0.1351186
-0.03756096
-0.04183478
0.08897709
-0.1019704
-0.118647
-0.07460409
-0.1192582
-0.1381444
-0.06059548
-0.1429208
-0.1252844
-0.007806385
-0.05142148
-0.1449608
0.04788041
-0.08833051
0.008955453
0.3603705
0.07509744
0.173744
0.1024599
-0.002266788
-0.000769037
-0.0009533899
0.00267437
-0.003267467
0.002487619
-0.0002832744
0.001326911
-0.0006691469
0.1052301
0.01574207
0.0312161
0.06931748
-0.09847038
-0.01829348
-0.03572343
-0.1315133
-0.1009172
0.01228999
0.0008521972
0.01531757
0.02243557
0.002547228
0.07951025
0.04722374
-0.04830122
0.00328319
-0.06068175
0.0601218
-0.05611599
0.04253298
0.06322634
0.0309157
0.07403225
0.0315202
0.07575328
-0.1127624
-0.04738633
0.1118262
-0.1215657
-0.06957012
0.1255811
-0.03359968
-0.02466816
0.1239138
0.004528152
0.04285344
-0.06090951
-0.0637468
0.03935703
-0.1738589
0.05939533
0.07463118
-0.0420296
-0.04923864
-0.06001144
-0.07091226
0.06851084
0.01395875
0.0151125
0.01762467
-0.01918807
-0.0005682238
-0.05750624
0.04453772
0.04231215
-0.1031839
-0.08134664
0.1486235
0.0292105
0.1289225
-0.04879618
-0.02054381
0.1193227
0.05445138
0.001712546
0.1472844
0.08269744
0.05710798
0.0248771
0.03215555
0.05516553
0.021187
-0.05950905
0.06645741
-0.05893051
-0.1724562
-0.01410117
-0.1271463
-0.08833928
0.04114252
-0.07856105
-0.0797447
-0.01585949
-0.09443215
-0.09197892
0.02221845
-0.04935665
-0.03500422
0.0216606
-0.02880625
-0.05547713
0.01803649
-0.09158198
-0.03743702
-0.0149623
-0.0621236
-0.04393744
0.02523621
-0.09192086
-0.08250577
-0.03299094
-0.1215655
-0.08375744
0.0007150548
-0.04995219
0.01305152
-0.1135419
-0.08530151
-0.2705505
0.06649047
0.1736505
-0.1095916
-0.013145
0.08637541
-0.1192999
0.06093368
-0.05837516
-0.03024185
-0.04102878
-0.1519526
-0.09693649
0.03009083
-0.004617861
0.02207043
0.03299542
0.07729352
-0.1084242
0.07131297
0.1776586
-0.04101151
0.005239723
-0.03772992
-0.1691826
-0.004546838
-0.004264898
-0.0001223141
2.327059e-05
-0.002950297
0.002668396
-0.0005344718
0.002585136
0.001274504
-0.2252898
-0.2188016
-0.1620841
-0.03476737
-0.0211309
0.02115569
0.07684778
0.2063017
0.1890624
-0.06722452
0.08312805
0.05636921
-0.05318296
0.1995819
0.2627271
-0.09567984
0.0877189
0.2216103
-0.1038363
-0.0624829
-0.02535681
-0.05126578
0.2336574
0.3212684
-0.1493785
0.1664052
0.3196529
0.03736939
0.09229152
0.08231347
-0.1842717
-0.1495139
-0.07142526
-0.2868101
-0.3028476
-0.2622353
0.05280541
-0.04248524
-0.01230996
0.0910384
0.003204031
0.00151087
0.1311907
-0.001898922
-0.05319636
0.3697706
0.1142667
0.1222623
0.1126592
-0.1627604
-0.1322321
-0.08143473
-0.2738294
-0.2541322
-0.07682618
0.04469899
-0.01049269
0.2069343
-0.06355435
-0.2931749
0.2670285
-0.009870995
-0.3194616
-0.09081006
-0.07829057
-0.2271762
0.2119724
0.1076659
-0.2100508
0.2390028
0.3022802
-0.09349626
0.2827715
0.09553582
0.2201629
0.05992192
-0.1657415
-0.07608159
-0.06242985
-0.2470803
-0.2082575
-0.02750072
-0.03633863
-0.1021874
0.02162142
-0.0372593
-0.1171523
-0.03918446
-0.08274857
-0.1583824
-0.01486502
-0.07582331
-0.0503823
0.05363747
0.04428024
0.01520901
0.09311637
0.1898108
0.131312
-0.1075922
-0.02645864
-0.07833666
-0.03562198
0.1892927
0.0783335
0.02647831
0.2895926
0.2402019
-0.0312963
-0.0435284
-0.04389374
0.1574648
0.1156355
-0.1034855
0.02636634
0.007480731
-0.0932024
-0.01305121
-0.1233055
-0.06508852
-0.00320383
-0.100544
-0.039807
0.111217
0.04611817
0.07190099
0.1981457
0.09476142
-0.1832872
0.2521583
0.1905243
-0.3800166
0.09851635
-0.01262358
-0.2407069
-0.0005033911
-0.001480425
0.0006322897
0.0004435081
0.003950779
0.0003174335
-0.001407027
-0.0007365274
0.0005078031
0.02283298
0.01162925
0.08634993
-0.1128444
0.0799044
0.03969349
-0.07347237
0.009638788
0.03311356
-0.08337541
-0.0007910539
0.03021564
-0.1193653
-0.07844169
-0.07711998
-0.1604795
-0.1050398
-0.09716885
0.02314929
0.04800072
-0.04636819
0.008426163
0.04371113
-0.02592609
-0.02924895
-0.04458949
-0.2243116
0.06961362
0.2297717
0.04144675
0.172518
0.298539
0.1653596
0.05695513
0.1760416
0.06560257
0.149951
0.009565684
-0.1652552
0.191351
-0.09071849
-0.1120124
0.09636211
-0.09383988
-0.2000233
0.1556989
0.07234477
0.07607919
-0.01328943
-0.03923241
-0.1161068
-0.100536
-0.1572853
-0.2028492
-0.03315815
-0.1111967
-0.03301417
0.001987685
0.1907909
0.007097089
0.02504407
-0.04093594
0.07404315
0.06173334
0.01740161
0.04034914
0.09912969
0.004578781
0.0518244
0.06431449
0.03203899
-0.0115107
0.02433044
0.006336499
0.03140843
0.01945238
-0.02367989
0.0277151
0.112656
0.1237682
0.07625217
-0.07180382
-0.0863171
-0.1409697
-0.05698033
-0.05151657
-0.09127191
-0.08239379
-0.006294526
-0.05417816
0.03998356
-0.03009216
0.01099565
-0.0502503
-0.003719887
-0.0432523
-0.04003771
-0.0420419
-0.06358305
-0.083929
-0.06882937
-0.0196064
-0.1072169
-0.06398401
-0.09562913
-0.05480089
0.002615694
-0.06174029
0.005204747
-0.009488901
-0.02447333
0.03028895
0.0195351
0.01702646
0.01445074
0.02200497
-0.02002783
0.01858187
-0.03981902
-0.05584909
-0.02300985
-0.09728294
-0.09048883
-0.003480662
-0.06565043
-0.05958452
0.0750882
-0.1193979
-0.08550286
-0.1048221
-0.2440315
0.08224155
-0.005816793
0.04779257
0.06945452
0.001641194
-0.002749282
0.001516847
-0.0009637138
0.002940824
0.001188057
-0.0003027728
0.0004251801
-0.003497637
0.04305043
-0.02487862
0.05939178
0.1339992
-0.08024139
0.001935033
0.07387338
-0.03902313
-0.1107801
-0.02858627
-0.03389941
-0.07910304
0.03768706
0.006125102
0.03206147
0.03031523
0.01990538
0.1370033
-0.09864837
-0.0445134
0.08298153
-0.05123024
0.06070423
0.1046414
-0.1030397
-0.02910689
0.07435725
0.06316724
0.05500038
0.053424
0.09032488
0.03720849
0.06815889
0.06149419
-0.008418813
-0.008942854
0.06165264
-0.01008133
-0.02847205
-0.01091799
0.1057595
-0.1448183
0.1288253
0.1149127
-0.05771836
0.08572248
0.008915325
-0.06914307
0.03441998
-0.07691023
-0.0849503
-0.0647018
-0.1610665
-0.1528636
-0.07122161
0.0379908
0.03993294
-0.009500098
-0.2286072
-0.09645139
0.0405264
0.04613964
-0.04885753
-0.05593764
0.0884501
0.09284027
-0.1166051
0.09902138
0.1300553
-0.06648209
0.0007743989
0.101389
-0.01391157
0.0609069
-0.0581107
0.1403325
0.197024
0.1037861
-0.0477393
-0.06311823
-0.03396061
0.009804741
-0.05146981
-0.06838702
-0.01989961
-0.08790846
-0.1323303
-0.02794573
-0.1096478
-0.1752705
0.03290282
0.1202226
0.1180288
0.01234891
-0.02274223
0.03568238
-0.03382976
-0.08752161
-0.0493643
0.06128924
0.05790808
0.1034655
0.01612289
-0.06463396
-0.02907779
0.02971694
-0.04335677
-0.02368876
-0.001096974
-5.018094e-05
0.001852655
-0.001256783
0.0005149169
-0.0008149463
-4.828646e-05
-0.0009483693
-0.001752487
0.002008258
0.0008521368
0.0007756785
-0.001914129
-0.003720882
0.001779937
-0.001620451
0.0007835659
0.001898608
-0.003137922
-0.002611322
0.003485606
0.002560808
0.001855675
-0.002559785
-0.002056351
0.003613586
0.00394529
-0.003708875
0.0004991675
0.00155435
-0.002109584
0.0006195453
-0.000385665
0.001887166
-0.0009498656
0.002135828
-0.002041559
0.001445386
-0.001207024
0.003785627
0.001642136
0.0005924804
-7.241319e-05
0.0007253195
0.0006949928
-0.0001859302
-0.001222862
-0.0004762667
-0.001326
-0.001717003
-0.0008487083
-0.002510212
-0.00030776
0.001002077
0.0007576445
0.00191466
0.001282613
-0.0006464465
0.0009408553
-0.002482634
0.002174861
-0.004356
-0.00291272
0.001175228
0.0010506
-0.001421247
-0.0005848025
-0.001784332
-0.002486783
0.0008531307
0.001419219
-0.0005220597
-0.002034546
-0.001389957
0.003086591
0.00232637
0.0004069126
0.001221328
-0.001346006
-0.001241028
0.0009830843
-0.001126613
0.0003868684
-0.0006430747
0.0001637337
-1.401597e-05
-0.0003402896
-0.0004753146
0.001063695
0.002323153
-0.003522095
0.0003155719
0.002207167
-5.348205e-05
-0.001478106
-0.000439656
0.0002600098
0.0005378686
-2.58866e-06
0.0005682572
0.002806602
-0.001861184
0.002420585
0.0001079901
-2.549719e-05
0.0002224151
-0.0001059938
-0.0001984716
0.0008300127
0.002863548
-0.0028848
0.002640019
-0.0008955349
-0.001482221
0.001364092
-0.0006666525
-0.001616519
-0.002482063
-0.001659112
-0.0003146525
0.001274588
0.003133787
-0.001616627
-0.001565538
0.001660706
0.0001128839
0.0006377051
-0.0003722388
-0.001658389
0.0008346054
0.001319045
9.40539e-05
0.0009623391
0.001347958
0.0002384377
0.001682044
0.001288511
0.003766504
0.001115346
0.002683496
-0.001511918
-0.002761478
0.0004909504
0.0004676158
0.009200938
0.09043584
0.1251143
-0.1503822
-0.05070613
0.1164791
-0.04805266
-0.01839248
0.06315096
-0.03124781
-0.01665661
0.1342725
-0.03622296
-0.08356803
0.03028265
0.1078113
-0.01443578
0.03157881
0.1647705
-0.08390978
-0.3101058
0.1961375
-0.2725948
-0.09341986
0.1843064
0.03149766
-0.1142741
3.424644e-05
0.002413078
0.001025951
0.00311521
0.00217322
0.002814643
0.001662086
-0.00159921
0.003561734
-0.04211785
0.2693129
0.009774144
0.05746246
-0.03423458
0.03238203
-0.08242793
-0.1615395
-0.1166676
0.08042381
0.06978448
0.1348421
-0.01481117
0.05223744
0.05964343
-0.1277454
-0.03745932
0.112955
0.1960938
0.005625653
-0.1467516
0.2641946
-0.05018344
-0.419541
0.03042397
0.1490496
-0.03788453
-0.1915994
-0.1927781
-0.1808438
-0.1066031
-0.03345999
-0.1395915
-0.2378781
-0.130105
-0.1276976
0.3617879
0.01942883
-0.1360607
0.1002809
-0.1292601
-0.4368885
0.09170873
-0.1073587
-0.2356071
0.1606879
0.2453051
0.09871309
0.001428176
-0.04083768
-0.02095664
-0.08864848
-0.3189425
-0.2201846
-0.3057253
0.01016279
0.0501726
-0.2756778
-0.09795672
0.5062062
-0.1591747
0.1908057
0.1499964
-0.07242046
0.08566923
0.2119754
-0.1456592
0.1818552
0.2417212
-0.0407224
0.1221327
0.1543828
-0.02767277
0.1354103
0.2333188
-0.1250126
0.1173749
0.07511202
-0.09922774
-0.04640973
0.03678155
-0.1485115
-0.05585423
-0.04112508
-0.1977692
-0.07421983
-0.0814717
-0.2221282
-0.1509943
-0.1201884
-0.04703171
0.05812635
-0.08801447
0.001279753
-0.06697192
0.02292923
0.03060598
0.001385525
-0.01189152
0.05007845
0.0549138
-0.001671422
0.0857036
0.01901037
0.0591944
0.08698323
-0.009900709
0.04269116
0.05315015
0.06830592
0.006550656
-0.01278988
-0.02547953
0.03355938
-0.01828409
-0.03043729
0.01622437
0.06481687
0.06512894
0.05412256
0.07776745
0.07312217
0.02760061
0.07702858
0.04464732
0.04578935
0.1281067
0.1788599
0.07276855
0.02770813
-0.08697601
0.1067886
0.04063617
0.06244144
0.07917119
0.0002254711
0.001203894
1.580313e-05
0.0004082103
-0.001677128
0.0005336504
-0.001063958
0.002652984
0.003461835
0.04753388
0.03524082
-0.008116299
0.1143437
0.003364562
0.05246374
0.05020961
-0.03679426
-0.00361404
0.04008799
0.03281839
-0.00292805
0.03340254
0.04419809
0.04824926
0.0396305
0.01869719
-0.0146958
-0.03292757
0.03242346
0.02122011
0.03232228
0.08905524
-0.01906554
-0.08700544
-0.01802419
-0.08952117
0.09154392
0.03400331
0.0534121
0.02483036
-0.05426368
-0.04521614
0.01038196
-0.05350352
-0.004381214
0.01432694
0.0005416078
0.03603506
-0.07272808
-0.004398539
-0.06452414
-0.07966264
0.0663852
0.04133531
-0.04422787
0.02553969
0.02102531
-0.01362831
-0.01566143
0.02381937
-0.04568054
-0.04233173
-0.01906356
-0.01612218
0.139248
0.1386609
-0.03592375
-0.2091845
-0.03945928
0.107793
0.1449403
0.1026862
0.01883114
0.03751536
-0.0006520083
-0.02626668
0.03010433
-0.05423432
-0.00199297
-0.04505147
-0.08179116
-0.05250361
0.001612439
-0.007138999
0.0478768
0.1449431
0.08835301
0.01899399
0.03443133
0.06472895
0.0506537
0.002035651
0.03448227
0.06356549
0.02397778
0.04446462
0.01815264
-0.02570746
0.00706154
0.02579097
0.1070921
0.08505426
0.0107933
0.01780273
0.05842726
-0.007113849
-0.03933488
-0.008855381
0.05810476
0.07288142
0.1032283
0.01392251
0.02214412
0.08860448
0.04061705
-0.01170114
-0.009390796
0.006857472
-0.05210767
-0.06570075
0.0848331
-0.09671235
-0.06282703
0.09646301
0.0003526756
0.02729041
-0.004278173
-0.04130577
-0.09397507
0.01233119
-0.0328846
-0.08989931
0.01987481
-0.01875189
-0.09289138
0.01272253
-0.1100518
-0.01019682
0.05422681
-0.2557157
-0.01140901
0.07897452
-0.09469797
-0.008788886
0.001669533
-0.001523109
-8.347392e-05
0.001435329
-0.001304208
0.001870522
-0.002195155
0.003717779
0.002072995
-0.05143326
-0.04276158
0.03217827
-0.001638903
-0.1106698
-0.06055829
0.0004413356
-0.05042195
-0.05627653
-0.007783769
-0.0149629
-0.05104336
-0.04912908
-0.04368793
-0.03400429
-0.03581769
-0.03459393
-0.02154226
-0.07400314
-0.02853106
-0.02630307
-0.07076526
0.05339994
0.0328376
-0.09697454
0.009525194
0.039395
0.03970223
-0.02803603
-0.07634456
0.008976021
-0.01122519
-0.06788136
-0.02782937
-0.02696885
-0.04760103
0.03834459
-0.06565208
-0.008182531
0.04753399
0.0808012
-0.05504475
0.0232468
0.0525967
0.003982486
0.02157125
0.07704816
0.1104404
0.04906398
0.001783867
0.001795634
0.03532739
-0.04940198
-0.0638645
-0.0626965
0.00440968
0.001607339
0.1477195
-0.07561418
-0.124381
0.03597696
0.03261651
-0.07396843
-0.1631515
0.04095877
0.03398135
-0.2151102
-0.0021727
0.01225137
-0.132764
-0.03040167
0.01405074
0.03847948
0.1396452
0.1100744
-0.01980957
0.1134604
0.1049865
-0.02954534
0.03201023
0.0747187
-0.06268284
-0.08564597
-0.002558289
-0.04640452
-0.1020369
-0.03329882
0.009528168
-0.0682293
-0.02664978
-0.1010983
-0.02105541
-0.000411032
-0.07349703
-0.06372086
0.02150008
-0.04309408
-0.05001936
0.006232347
-0.05369498
-0.07494728
-0.01905053
-0.01483819
-0.09245145
-0.01101051
0.06338149
0.003285057
0.009323956
0.15531
0.1255724
0.02778148
0.1208499
0.1206843
0.01111041
0.04741404
0.02231934
-0.03810567
-0.02030369
0.01751169
0.1436646
0.02412374
0.1023864
0.2045083
0.1075651
0.1659008
0.2255101
0.1142352
0.03097238
-0.1856861
0.2095664
-0.003070952
-0.152299
0.2209692
0.03822836
-0.1333461
-0.0004627334
-0.001389755
-0.001359523
-3.524121e-05
-0.0001510384
0.002974995
0.00107809
-0.001056055
-0.003364692
-0.1348327
0.02244888
0.01717844
-0.004514137
0.08490553
0.08869977
-0.02411673
0.06614011
-0.01065883
-0.03633382
0.0554622
0.1687564
0.0007527998
0.1048532
0.1318393
-0.03808661
0.02200069
0.07945807
-0.06264158
0.06389973
0.1219095
0.1304158
0.1065393
0.01671114
0.07940401
0.00448879
-0.1284909
0.0001270301
0.04442392
0.05721952
-0.00627255
0.06155515
0.04821248
-0.01328208
0.07420918
0.09240285
0.2035769
0.06933094
0.01495716
0.1763257
0.06854095
-0.139049
0.1756014
-0.05640038
-0.2160623
0.03624927
0.09206285
0.1504353
-0.009366777
0.02136997
0.1043802
-0.06411012
-0.1085432
-0.05938854
0.1213216
0.03472966
-0.1377855
0.01727559
-0.1570522
0.03892124
-0.08685072
-0.03889604
0.05846906
0.0209273
-0.02587466
-0.05235589
0.0002004113
0.003163764
0.04316578
-0.01281286
-0.0555503
0.008842783
-0.1550549
-0.1355769
0.005188923
-0.1008697
-0.01877434
0.1393148
0.02885272
0.1367348
0.2855352
-0.1268633
-0.06171134
-0.0664712
-0.06055911
0.06726267
0.07874648
-0.06845916
0.09862357
0.1312634
-0.05573151
-0.05024294
-0.08139642
0.005257006
-0.02821859
0.002661617
0.0483058
0.01567738
0.00763732
-0.05174491
-0.02517712
-0.09014171
0.07269584
0.06433426
0.0138649
0.1619571
0.130262
0.05964926
0.08372094
0.0917441
0.08674169
0.08740142
0.1266139
-0.03572594
0.01903697
0.0624279
0.03913017
-0.0442985
-0.0287418
-0.01905524
-0.05707848
-0.0693187
-0.127466
-0.07714479
-0.08758068
-0.1488521
-0.06808535
-0.04835128
0.1006695
-0.1139529
0.1497252
-0.1248063
-0.05570279
-0.02854326
0.05411726
-0.0003740548
0.001169741
-0.003142473
-0.002396049
0.0004013156
0.003480905
0.001030841
0.002112356
-0.002176996
0.06882992
-0.02058895
-0.02752211
-0.09986757
0.03867516
-0.1264265
0.0642089
-0.0157557
-0.001154914
0.08165734
-0.008848739
-0.03850953
0.1083925
0.0002507635
-0.1126167
0.03348032
-0.009901675
-0.05879096
0.140812
-0.02276178
-0.03018956
0.07055995
-0.1057171
-0.09732657
0.1322924
-0.00513468
-0.03506158
-0.06010875
0.02783778
-0.1300075
0.01302835
0.04512244
-0.03823275
-0.0262875
-0.0119338
-0.09298495
-0.1059031
0.1782724
0.04312589
0.03766547
-0.01264657
0.2436643
-0.04864255
0.1594727
0.1763495
-0.1963488
-0.07842461
-0.02471484
-0.1311249
0.005244649
0.01647791
-0.02243562
0.0489767
0.04780504
0.01932651
-0.1037659
-0.03353502
-0.2068341
0.225095
0.05664702
-0.00833462
-0.1802624
0.08515874
0.03412078
-0.00152901
0.1419608
0.05169797
-0.1290704
0.04050767
0.04576454
-0.0404442
-0.04875032
0.06524395
0.1285426
0.1180353
0.1054737
0.1432489
0.2096861
-0.1510798
0.005488632
-0.112737
0.09597379
0.1317385
0.0920713
0.03243859
0.05264397
0.05499297
-0.01674201
0.01874432
-0.0108898
0.02537937
-0.08993482
0.02337771
-0.03267592
0.04156919
-0.05758844
-0.001348155
-0.03165186
-0.01284889
0.08410195
0.06830138
0.0363437
0.1176839
0.1470062
0.02254321
0.04470292
0.07839442
0.05966228
-0.1599413
-0.1410554
-0.04148465
-0.05480729
-0.03974319
-0.00303688
0.07981016
0.08887207
-0.03052158
0.04110257
0.02318831
-0.006624796
0.01496988
-0.02536469
-0.01477553
0.05959734
0.02126178
0.01515806
0.02355471
0.06967659
0.0289298
-0.08829718
-0.03928904
0.0192763
0.03922329
0.2035707
0.04336924
-0.0003882114
0.001446987
0.004549368
-0.002324605
-0.001032633
-0.002977761
0.0008688334
0.0006828798
-0.001481697
-0.0310172
-0.04018955
0.03406883
0.01306151
-0.04395835
0.02966808
-0.08012842
-0.002078274
-0.08874545
0.04621213
0.0124554
0.04964767
0.0171461
0.03267869
0.06174506
0.01943453
0.0210024
0.04681253
-0.008086546
-0.01229342
0.03171019
0.01294891
0.02448043
0.08312074
-0.03052436
-0.005273169
0.06109626
0.004649587
-0.009709446
-0.0295691
-0.01975561
-0.02140623
-0.07257889
0.03050995
0.02257779
0.0288395
0.05899668
0.01306304
-0.02555459
0.001576487
0.03521274
-0.03378161
0.1086412
0.03072546
0.1292237
0.037145
-0.01121451
-0.003651134
0.01423121
-0.03696486
-0.0286824
-0.01212402
-0.01237234
-0.06285008
-0.02178444
0.1187249
0.06380923
-0.0217416
-0.1285491
-0.1122837
0.1034816
0.2743144
0.05894148
-0.04123551
0.04007369
0.05395444
-0.05801529
-0.01398397
0.05431845
0.02396631
-0.008407257
0.06825982
0.09363694
0.1104862
0.04048628
0.09745338
0.03394182
0.03463155
-0.03798964
-0.1268568
-0.07631703
0.01690838
-0.001604556
0.009594699
0.07402465
0.04433659
0.02998849
0.09272065
0.0719099
0.04791198
0.03783831
0.06818368
0.03994344
-0.002810321
-0.04026464
0.001274653
-0.02632952
0.004818526
-0.04626084
0.005427044
-0.007526055
-0.005064945
-0.03240651
-0.06052538
-0.05176257
-0.008837952
0.008827367
-0.02751853
0.01340259
0.05651644
0.06885362
-0.006473588
0.04001466
0.0268814
0.005159806
0.0485383
0.04662694
-0.03101934
0.03058038
0.06662264
-0.02328119
0.03317924
0.06049085
-0.0350868
-0.004972117
-0.0008410354
-0.03727713
-0.02445094
0.0608054
0.004282083
0.0214259
0.02038262
-0.0223403
-0.02790871
0.04691738
-0.00261366
0.002918972
-0.0005075578
0.001203837
-0.001224968
0.0001990833
0.0003115489
-0.00111146
0.0001843178
-0.01176515
-0.0180848
0.0124123
-0.03369061
-0.03572727
-0.02822474
-0.01499495
-0.07503463
-0.03124319
0.0131356
-0.0340579
-0.03043256
0.03488098
-0.02230665
-0.06896523
0.04231405
0.001518957
-0.06427739
0.04001216
0.008620341
-0.0003509248
-0.003652189
-0.02545891
-0.03362058
0.01189722
0.03317836
0.04134395
-0.05140617
0.01250503
0.05057476
0.01052173
0.05128458
0.04421813
0.0003751344
0.02507886
-0.01373812
-0.1235929
0.002972297
0.009443322
-0.1219932
-0.05961355
0.02380116
-0.171676
-0.03975997
0.01365028
-0.0186593
-0.003628143
0.0342315
-0.009685411
0.03527436
0.1047157
-0.001274402
0.06479385
0.1499986
0.02860414
-0.06945833
-0.01036877
0.04366933
0.04845157
0.01412804
0.01828457
-0.1121018
0.02634193
0.0298269
-0.02668572
-0.071628
0.03461023
-0.09197088
-0.1122444
0.02938808
-0.07796345
-0.1287824
0.06272633
0.03608127
0.01119046
0.1156391
0.06284335
0.01399351
0.06127531
0.02304855
-0.05004411
-0.07866316
-0.0677291
-0.04624275
-0.08662505
-0.09156051
-0.06087596
-0.08350461
-0.09241387
-0.0786996
0.006490965
-0.0259759
0.007626073
-0.0326108
-0.03399437
-0.04921822
0.03077752
0.01002567
-0.005849909
-0.05377896
-0.08182133
-0.04499329
-0.02082472
-0.06994621
-0.07093454
0.0164368
-0.005215944
-0.01786437
0.09509962
0.07781981
-0.1243818
0.1168525
0.04031249
-0.1932279
0.03920618
-0.05146634
-0.07772413
0.06572811
0.04441436
0.07902577
0.007234328
0.001055764
-0.0301077
-0.1533302
-0.06721438
-0.101779
-0.06687322
0.1761409
-0.04383381
-0.1021706
0.2216315
-0.2147152
-0.08116856
-0.005634122
-0.01407441
-0.0007564157
0.001853533
0.003803148
0.002698084
-0.003331936
-0.001675437
0.002856578
-0.001623474
-0.0008250556
-0.04880185
-0.01593704
-0.06138123
-0.1466849
0.1474068
-0.01358403
-0.03829071
-0.02336545
0.06131157
0.02627812
-0.05603312
-0.0531637
0.03760638
-0.04979031
-0.03902698
0.06360713
0.01608275
0.01460491
0.02105063
-0.1110794
-0.005474181
0.07049967
0.08434603
0.148055
-0.0385437
0.114637
0.1231897
-0.06297269
0.1347507
0.02212481
-0.05414238
0.08022106
0.07046545
-0.1200235
-0.004616569
-0.09962888
-0.1006163
0.01428753
0.005532725
0.05807308
-0.1551514
0.1986075
-0.03712947
0.1322933
0.1237881
-0.1018155
0.01038428
0.05430337
0.001158919
0.1187188
0.07113364
-0.04358413
-0.000538519
-0.008494788
-0.1230919
-0.006810271
0.05264967
-0.2266337
0.0456647
-0.167617
-0.0793312
-0.04868006
-0.03127659
0.05867913
-0.08921167
0.1419764
0.178587
-0.07856284
0.04995332
0.1517214
0.05683243
-0.04768243
0.1058022
-0.04080325
0.1338578
0.03519009
-0.01652422
0.07490917
-0.09988963
0.008084286
-0.1508198
0.1348411
0.2530574
0.078375
0.09254003
0.240943
0.09466755
0.02643685
0.2311503
0.03021896
0.01528384
-0.04315789
0.02628423
0.09569361
0.1352035
0.002923325
0.05367351
-0.02355483
-0.04327477
0.1224856
0.1278465
0.02990746
0.08724161
0.1643405
0.01470053
0.09554543
0.04672243
0.001512009
0.02124927
0.044711
0.04866319
0.03457519
0.05354339
0.06891892
0.006345005
0.017214
0.07205769
-0.03942392
-0.04482246
-0.02424566
-0.01875218
-0.06058857
-0.03257762
-0.04298938
-0.08651115
-0.08147974
-0.09884117
-0.152094
0.1839644
-0.09025002
-0.09981788
0.1150051
0.01797421
-0.01307188
0.06544463
-0.002677319
0.0005352085
0.0005569287
-0.001855714
-0.001142987
-0.0008430396
0.0003743094
0.001278913
0.001682723
0.01952753
-0.07540351
0.06263693
0.03656816
-0.04407928
0.03940443
0.008136647
-0.04274723
-0.01518238
0.04810945
0.02506451
0.03459407
0.0641474
0.0280515
0.008302337
0.06222473
0.08419409
0.02947658
0.06291009
0.07162944
-0.03555375
0.007918479
0.05558233
-0.06112853
0.05338526
0.004352132
-0.0672395
0.02865965
0.05176016
0.03681596
0.01842277
0.06557177
0.07670632
0.0140009
0.04917216
0.08131516
0.0174537
-0.01589321
-0.04213765
0.05206225
0.001802393
-0.0367425
0.03448511
-0.03791885
-0.008927576
-0.1131217
-0.0808243
0.005814871
-0.1009831
-0.05088429
0.07136649
-0.1010749
-0.05958167
0.03689833
-0.03596794
-0.08218338
0.08127999
0.03412214
-0.0367533
0.01696599
-0.007453405
-0.08291423
-0.02487093
-0.01031727
0.1752476
0.03381141
-0.008746473
0.1256644
0.01737422
0.01361624
0.03899753
-0.04953405
0.0558692
0.0298302
-0.05921718
0.03467426
0.01357418
-0.00446495
0.007327655
-0.009017517
0.01232776
-0.1070426
-0.08307988
0.0318578
-0.07944383
-0.09197915
0.01223561
-0.04980178
-0.07170887
0.008700457
-0.01394826
0.02751464
0.07094362
0.009268168
0.02527771
0.04856497
-0.001184844
-0.03080361
0.00115263
-0.08606908
-0.04255575
0.02317557
-0.01046469
-0.0591496
0.01785179
-0.002007558
-0.02852829
0.009250091
0.1003988
0.05215231
-0.03246952
-0.03390212
-0.04089189
-0.1818577
-0.1244819
-0.1249602
-0.07438179
0.04526993
0.01225688
0.06286757
-0.003980831
-0.02355278
-0.02956287
0.0006338939
0.02211734
0.002972265
0.01198245
0.04425394
0.02758836
0.09112789
0.1861992
-0.1161131
0.002546799
-0.05703538
-0.02094633
0.00458249
-0.0003889324
0.003845266
0.002034848
-0.002463654
-0.003091539
0.001786293
0.002492421
-0.00115183
-0.01887744
0.02774176
-0.01466825
-0.05094355
0.0753694
0.05753779
0.08639475
0.05729315
0.1602419
-0.06999746
0.05206737
0.1132802
-0.02963809
-0.06558657
-0.002649538
-0.04228878
-0.01755622
0.04973246
6.982988e-05
-0.02530208
-0.05983578
-0.1175156
0.01545658
0.0647238
0.001646494
0.1157327
0.03833676
-0.01103029
-0.04430174
-0.05629853
-0.008970878
-0.05414617
0.02918622
-0.122188
-0.09592047
-0.068978
0.006589155
0.03845654
-0.1059309
0.03476388
-0.06847292
0.008918016
-0.03287875
0.03020029
-0.1239383
0.1347258
0.1675878
0.1397635
0.1118377
0.134295
0.05865095
0.07932425
-0.006076267
-0.02021991
0.1043222
-0.01878185
0.07225473
0.03048431
0.246189
0.1150222
0.06332298
-0.1810167
-0.0524927
-0.04557121
-0.07181864
-0.01368269
0.02231947
-0.03862606
-0.03169345
0.00157116
0.04030865
-0.0436919
-0.04328594
-0.1954628
-0.0726291
-0.0915861
-0.1902395
-0.1350786
-0.006346449
0.03721852
-0.05660887
0.03095289
0.0524465
0.03302547
-0.0103222
-0.03397638
-0.0171162
-0.0325688
-0.01901261
-0.03924292
-0.02004548
-0.06387198
-0.04671334
0.03751092
0.1547406
0.07036778
0.1131732
0.103167
0.1396752
0.01957349
0.08693619
0.07879266
0.08521135
0.1311823
0.0406771
0.008900102
0.01484479
0.05159347
