-3.286131e-02
-1.478977e-01
-5.317057e-02
1.169933e-02
5.298674e-03
-8.666957e-02
-8.283805e-02
-4.069534e-02
-8.442922e-02
-5.692636e-02
7.563932e-03
-2.545401e-02
-1.644140e-01
3.455126e-02
-1.492232e-01
-1.933810e-04
-7.928513e-02
-1.051092e-02
-1.085542e-01
-2.329720e-01
-1.491061e-01
-4.401477e-02
-9.791228e-02
-1.162971e-01
-1.349616e-01
-2.413166e-01
-2.385615e-01
-1.142024e-01
-1.507810e-01
-1.148934e-01
-1.053042e-01
-6.731760e-02
-1.191142e-01
-2.248710e-01
-3.196787e-01
-9.633822e-02
1.081648e-02
1.786292e-02
5.345592e-02
-1.736491e-01
-1.538824e-01
-3.437482e-02
-1.554311e-01
1.187862e-01
-1.866640e-01
-1.770734e-01
-1.304345e-02
4.427093e-03
-1.117045e-02
-3.925592e-02
4.137290e-03
-4.932870e-02
-6.975978e-02
4.899838e-02
-5.642433e-02
-5.058329e-02
-4.414638e-04
-4.403285e-02
-1.018265e-01
-4.192869e-02
-4.245119e-02
-7.598952e-02
9.302531e-03
-1.324465e-01
