3.629546e-01
3.888347e-01
5.545058e-01
1.897842e-01
3.147199e-01
2.815519e-01
6.317253e-01
7.325622e-01
4.456535e-01
3.314128e-01
4.074345e-01
-5.114934e-02
-2.203293e-01
5.028095e-01
5.528812e-01
2.012957e-01
1.462443e-01
1.026339e-01
1.663504e-01
1.713340e-01
1.863375e-01
3.140942e-01
1.149454e-01
1.219042e-01
1.762104e-01
3.694816e-01
2.007864e-01
1.046444e-01
3.091646e-01
2.342329e-01
2.833271e-01
2.518542e-01
2.521543e-01
2.202333e-01
1.054593e-01
-3.014816e-01
2.149512e-01
6.137906e-01
1.766035e-01
3.033138e-01
1.991215e-01
3.001429e-01
1.087992e-01
2.425083e-01
2.534420e-01
3.230779e-01
-1.312259e-01
3.025447e-01
3.870455e-01
3.510434e-01
1.477105e-01
2.271620e-01
2.668692e-01
2.516954e-01
3.933151e-01
3.009786e-01
4.548762e-01
3.438425e-01
4.899457e-01
4.473941e-01
3.821312e-01
4.811809e-01
3.707696e-01
4.364679e-01
