16 16 3
0.1622397
0.1440623
-0.1953038
-0.2156766
-0.06720553
0.2098692
0.06519273
-0.04123779
-0.07511379
-0.1339148
-0.1273737
0.06052951
0.0452713
0.1538758
-0.01231998
-0.115686
-0.1447249
-0.09017779
0.03444605
-0.04232004
-0.02047044
-0.0272078
-0.04052771
-0.03372686
0.09500037
0.003582877
-0.03901986
0.08922376
0.03608271
-0.05048338
0.01182255
-0.01221318
0.004062597
0.03065265
-0.01878611
-0.02392763
0.05682885
0.03157824
0.06378341
0.1044344
0.07525247
0.01168462
0.05489225
-0.03058712
-0.04546256
0.03485708
0.1092748
-0.05605407
-0.02385031
-0.004187102
0.01743719
0.07552052
0.0529879
0.003605662
0.02598214
-0.1751328
-0.1495055
0.1200496
0.1287322
-0.04966608
-0.06917243
0.03768268
0.1514092
-0.1384044
-0.2040613
0.0156154
0.06604912
0.03398794
-0.1214995
-0.1541808
-0.001152117
0.2141639
-0.08395838
-0.008439166
0.1459878
0.1053809
-0.09990828
-0.1377456
0.1053834
0.1606504
0.1029843
-0.04616551
-0.05687488
0.008203258
0.05486631
0.08351965
-0.01016603
-0.05368743
-0.03532569
0.05243745
-0.1099424
-0.1209232
0.1743431
0.1617749
0.1492026
-0.1730506
-0.1938553
-0.01753617
0.09149696
-0.2103078
-0.06464135
0.04827377
0.1248516
-0.07277092
-0.116841
-0.07452366
0.07696696
0.1308473
0.07223944
0.03361162
0.07247604
0.04777173
0.02592516
0.03482417
0.03269112
0.007780183
0.01991629
0.1728956
0.2443923
-0.1919287
-0.1786283
-0.140913
0.2421387
0.045515
0.01231786
-0.2498111
-0.06440448
0.003487961
0.04499047
-0.05343232
-0.1123363
0.001994633
-0.052392
-0.03487414
0.03333233
0.05277599
0.05949215
-0.09812093
-0.115957
0.07492462
0.1841493
0.002017032
-0.12997
-0.0832158
-0.04440626
-0.1066079
-0.09812044
-0.0883223
-0.06278279
-0.05886709
-0.04361792
-0.04119964
-0.04750649
-0.1133108
0.05353712
-0.01536894
0.1217457
0.204839
0.02732699
0.1230066
0.09293681
-0.09627997
-0.01311962
-0.05447004
-0.03991352
-0.0631974
-0.001169845
0.01909025
-0.0306241
0.05154927
0.01800069
-0.02501328
-0.02480925
-0.01491778
-0.05569974
-0.01137389
0.04278354
-0.07677089
-0.006683107
0.06179208
-0.1494982
0.03897749
0.08074139
-0.00504401
0.1515834
-0.009193445
0.1665346
0.1246386
-0.04943894
0.03269764
-0.06230392
0.01990019
0.0007346766
-0.02361289
-0.0318579
-0.01540557
-0.0256209
-0.007758465
-0.06423989
0.003913665
0.07254398
-0.01669679
-0.04335079
-0.03455949
0.04970083
-0.02307296
-0.04503433
0.07830878
0.06380399
-0.1771647
0.08226903
-0.008542269
-0.1382573
0.0274082
-0.02410348
-0.09567076
-0.01843125
0.1006166
0.02902992
0.04725769
0.08537781
-0.008611452
0.02669581
-0.04118745
-0.1003883
0.01366488
-0.01091848
-0.06052198
0.009647315
-0.0005218801
-0.01402821
-0.009356229
-0.006541787
-0.001397311
-0.04298055
-0.03079584
0.0397278
-0.02668727
-0.02202997
0.03612214
0.04309835
-0.06981225
0.03649838
-0.210589
-0.2757841
0.0121932
-0.227686
-0.188303
-0.006411239
-0.1264798
-0.07992124
0.01784806
-0.09890256
-0.124229
-0.08560572
-0.09162746
-0.05429136
0.03290892
-0.05851617
0.04271584
0.1046947
0.1242982
0.09481169
-0.08915713
0.08556381
-0.07959589
0.08502502
-0.009010306
-0.01503409
0.02667462
0.08992016
0.1286536
0.05057203
0.04925624
0.02479734
-0.07206285
0.005578431
-0.05809676
-0.09583627
0.04813978
0.07592572
-0.01615093
0.03570802
-0.01277344
-0.03777316
0.02716994
-0.01316313
-0.1301365
-0.003986998
-0.02733041
0.02418851
-0.03734192
-0.02756923
0.0684015
0.04784252
-0.01090994
0.06106535
0.008131003
0.02351457
-0.01510758
0.007934587
0.02555268
0.01004205
-0.1080479
0.007466563
-0.07214969
0.1941593
-0.02262183
-0.314827
0.2271713
0.01436747
-0.2809461
0.2450337
0.06692647
-0.2339115
-0.0894263
0.01358194
0.01999113
-0.05327905
0.0555772
0.01728797
-0.03020533
0.04546876
-0.005541469
-0.09225044
-0.05372715
-0.08156528
-0.03877172
-0.02191878
-0.03168859
0.008289872
0.03141179
-0.09448674
-0.09526476
-0.02467897
0.08933973
-0.09853069
-0.06328835
0.08315728
-0.1027011
-0.04358882
0.07352735
-0.1889867
-0.003465311
0.2353988
-0.3110406
-0.003825933
0.3019601
-0.2890524
0.01258593
0.2937742
-0.01955382
-0.006247803
0.08931037
-0.0624897
-0.01007972
0.0585826
-0.05909475
0.005458727
0.0851218
0.09082484
0.01211394
-0.04699242
0.1165096
-0.04461614
-0.1064636
0.1729214
-0.05499534
-0.06451868
-0.164605
0.1115936
0.02923037
-0.1080233
0.1566256
-0.009889078
-0.03413258
0.1062775
-0.08721531
0.09146802
0.004604571
0.02642347
0.1361758
0.005417328
-0.01429585
0.1861497
-0.01769275
-0.02993265
0.06364332
-0.002383416
-0.08540699
0.01368969
-0.04327989
-0.030377
0.003078061
-0.04367647
0.03222705
0.05723263
-0.07309859
-0.05188452
0.01429076
-0.101173
-0.02800946
0.006949625
-0.07454107
-0.0008619263
-0.03394606
-0.00373059
-0.008565222
-0.0282235
0.04671872
-0.02563071
-0.009839554
-0.07034946
-0.02386446
0.03486018
-0.0162034
-0.0297804
-0.004588032
-0.02253019
-0.05132598
0.008610161
-0.02611103
-0.0845523
-0.01477937
-0.06191237
-0.08546416
-0.03989063
-0.0423534
-0.002103775
0.008038639
-0.006371886
-0.0002693073
0.01200585
-0.009508414
-0.05937663
-0.07447679
-0.05444556
0.1552163
0.09425247
0.09320844
-0.005362878
-0.1895534
-0.101088
0.08941558
-0.1520502
0.3488399
0.02241738
-0.03731076
0.1036474
-0.2415303
0.02754156
0.0009421463
-0.06562341
-0.02721781
0.01796426
0.06760366
-0.0478961
0.001300344
0.03884159
-0.01201786
0.02693082
0.01381742
-0.015757
-0.03777247
0.08634152
-0.04037467
-0.005772696
0.05034338
-0.1356213
-0.08162203
0.1243218
-0.08507064
0.2560116
-0.08838069
0.1933461
0.04409061
-0.1021001
0.02595653
-0.07537653
-0.09977239
-0.02236759
-0.0360945
-0.03803843
-0.04131871
0.02561027
-0.1199212
-0.07292037
-0.04072678
0.08924165
-0.03857894
0.04627745
0.005038452
0.1500393
-0.01867419
0.0443215
-0.20017
0.007005055
0.1043378
-0.02823113
0.06652061
-0.03047215
0.01415091
-0.09622896
0.03584133
-0.0412884
0.07048672
0.1704236
0.02693006
0.07831769
-0.101296
0.03621961
-0.1241644
-0.1339007
0.00580589
0.04756293
0.06435556
0.04547567
0.00275444
0.001617093
-0.01335692
-0.05587936
-0.042467
-0.1502655
-0.1170521
0.2264675
-0.1302396
0.1578121
-0.2140235
0.1307542
-0.1063407
-0.09045766
-0.0105799
-0.2775751
-0.03046649
-0.06976267
-0.1209846
-0.04028187
-0.09413175
0.08677258
0.09874363
0.1094064
0.0155053
0.05398952
-0.002426014
-0.04066934
0.03619007
0.04959366
0.02419634
0.1186783
-0.02167441
0.3650366
-0.4033595
0.2623864
-0.2448521
0.07811654
-0.2596616
-0.1571803
0.2110876
-0.02007824
0.07200786
0.06913591
0.04405427
0.05381206
-0.04141966
0.006664894
-0.03080729
-0.1054582
-0.1123556
0.1150717
-0.01635738
0.02719497
-0.005245418
0.1056709
0.01065088
0.06967443
0.07825685
0.1091049
0.01605992
0.1006303
-0.03732656
-0.05012785
0.005238551
0.0778588
0.01443668
0.06275929
-0.1514677
-0.1132831
-0.07710239
-0.1129593
-0.1782777
-0.07464355
-0.1331774
-0.08073835
-0.06374251
0.02927396
-0.04029006
-0.04343667
0.03470036
-0.02664676
-0.01530409
0.03842817
-0.03747085
0.01532126
0.0428157
0.02868697
-0.02798611
0.06504892
0.03365958
-0.06215953
0.06603252
-0.001171982
-0.07326937
-0.1775196
-0.1748017
-0.2252019
-0.05476051
-0.109938
-0.1033029
-0.08141666
-0.1160081
-0.1704608
-0.009217596
-0.04388041
-0.04722541
0.01155714
-0.02974257
-0.06211186
0.05272578
0.04124828
0.005026887
-0.02957692
-0.06714582
-0.01936965
0.005555986
0.008350043
0.0699769
0.04604819
0.04822731
0.0767751
-0.01089637
-0.06874576
-0.04850625
-0.04030525
-0.08695287
0.002425856
-0.04700351
-0.100477
-0.07109684
0.004388228
-0.04390753
0.1509702
0.05694708
-0.003648048
0.1670407
-0.00396122
-0.02143031
0.1215184
0.001311503
0.01968251
0.02544076
0.005123766
0.02013415
0.02547912
-0.02297512
-0.04868196
-0.02055339
-0.01785039
-0.1026532
-0.02613053
0.05106313
-0.09046216
0.05654614
-0.01686063
-0.06678414
0.03746719
-0.08196691
-0.1062559
-0.01447064
-0.03452984
-0.06144611
-0.0481996
0.03071662
0.09300762
0.08686848
0.0801791
0.00657881
-0.03642851
0.06822396
0.0420171
0.0013729
-0.07291267
-0.07050066
-0.04535211
0.09376266
0.0236054
0.01222777
-0.05888734
0.1238794
-0.09342006
0.009504457
-0.03870056
-0.1177784
-0.1650151
-0.1007878
0.1120117
-0.1543051
-0.1188344
0.02997997
-0.01767193
-0.01220526
0.03883071
-0.05703541
-0.1364925
-0.01168285
-0.1143376
-0.07192567
0.03306167
0.02701195
-0.03289549
-0.0270291
0.02015253
0.09980639
0.09331673
-0.007913488
0.003048038
-0.04423212
0.01339014
0.09846715
0.06730685
0.007916464
-0.005780514
0.002476176
-0.05654415
-0.02594752
0.01895501
-0.01329168
-0.004629592
-0.0008817454
-0.03773006
-0.03683888
-0.02881021
-0.03169136
-0.02941281
-0.01028679
0.06854371
0.06516136
0.05128611
-0.09656729
-0.1068278
-0.1189713
-0.08141056
-0.0698659
-0.09225319
-0.0569897
-0.03863088
-0.04126433
0.08774959
0.06435559
0.03881033
0.07033037
0.04806999
0.05129869
-0.03894228
-0.1209674
-0.09956863
-0.0009384184
0.007340819
-0.0402017
0.02476159
0.01882852
-0.03980436
-0.03375706
-0.01678165
-0.0538343
-0.04185604
-0.03889575
-0.00904367
0.01676772
-0.02569613
-0.0187795
0.04984932
-0.005621312
-0.03313487
-0.004739871
-0.03691789
-0.03219886
-0.008204487
0.03491877
0.06631176
-0.02884907
-0.01722137
-0.02129403
0.002511068
-0.02793017
-0.05212836
0.08665371
0.09496563
0.08256753
-0.02362727
-0.009025626
0.009372778
-0.006295362
-0.009242275
-0.01071985
0.02503292
0.03883624
0.04985272
0.04705172
0.05686986
0.05586233
0.0299025
0.02088474
-0.004409046
-0.01990757
-0.01776714
-0.01433136
-0.01400229
0.007464124
0.0003314583
-0.008063234
-0.04764437
-0.04661594
0.09630743
0.08248074
0.06642723
-0.0899579
-0.1251503
-0.1536133
-0.04086674
-0.05179742
-0.06377245
-0.02743697
-0.03722194
-0.04581623
-0.004663539
-0.007111401
-0.01931831
0.003594514
0.03167987
0.03747198
-0.06581744
-0.06316754
-0.06379525
-0.05206185
-0.09567133
-0.1473941
0.04036716
0.008042513
-0.002594346
0.0200997
0.009340827
-0.02075801
-0.0624706
-0.0319879
-0.02773781
0.03757365
0.06766618
0.1213229
-0.06032482
-0.03947467
0.01257541
-0.05056532
-0.03762012
-0.07183705
0.02412681
0.07501112
-0.035447
-0.067802
-0.01594499
0.01635114
-0.07114959
-0.02422952
-0.1024134
-0.02225675
-0.1108037
-0.10546
-0.03958449
-0.07718761
-0.08601735
-0.01390504
-0.06747895
-0.008381302
-0.02450396
0.03005876
0.02132775
0.005801814
0.02450549
0.02167691
0.006525395
-0.02884636
-0.03969396
0.02573378
0.0565429
0.05995254
-0.02340058
-0.02978585
-0.002993686
-0.05698496
-0.06564208
-0.04499026
0.0479249
0.07839555
-0.006271456
0.06843662
0.1233692
0.02359032
0.04208638
0.1574719
0.05201445
-0.01583153
0.03898805
0.0852203
-0.02203019
0.001055298
0.04324328
-0.002233072
-0.003099939
0.0008417312
0.09868365
-0.01261923
-0.1822555
0.1290587
0.1470143
-0.05903909
0.01071749
0.1310748
0.02820712
0.04074429
0.05817065
-0.05494144
0.004930204
0.1372634
0.0002821351
-0.1065959
0.001465378
0.06213116
-0.1270064
-0.08067103
-0.02537326
0.002005429
-0.03439267
-0.08085163
0.05846515
0.03186293
-0.02788085
-0.04396782
-0.07283249
-0.1221785
0.03288066
0.05540375
-0.01239528
0.05194714
0.1035181
0.08832439
0.03834086
0.02887975
0.05378294
-0.05127884
0.03484622
-0.00439339
-0.0941705
-0.07484736
0.03967534
-0.0920737
-0.009567744
0.1075039
-0.08117521
-0.02152294
0.007773172
-0.07462335
-0.09694016
-0.05093717
0.03972589
0.05826333
-0.008863751
0.04764071
0.089137
0.00848723
0.03372585
0.07863146
0.01809054
-0.004564558
0.1339345
0.09655244
0.04777073
0.002473408
0.1266721
0.02037703
0.02950956
-0.04499307
-0.09207781
0.01388167
0.02211048
-0.06188614
-0.01065198
-0.03347404
-0.02391151
-0.004976228
-0.04808465
-0.04240918
-0.02818977
0.02668907
-0.05588369
-0.006638405
0.04016142
-0.009367218
-0.001964888
-0.03735351
-0.0005637134
-0.01898767
-0.01435779
0.02497596
0.01975435
0.0206528
0.02184596
0.02958179
0.05825091
2.122889e-05
-0.05868112
-0.07125334
-0.003369865
-0.07531478
-0.09313152
-0.05158326
-0.09110877
-0.07476085
-0.06761945
-0.0752194
-0.09320334
-0.0115692
-0.01588081
-0.06350698
0.007313509
-0.01414154
-0.07112283
-0.04302153
-0.02215447
-0.008711576
-0.0480506
-0.0458756
-0.04787965
-0.0276449
-0.04944534
-0.06123837
-0.0438831
-0.004629972
0.04463708
-0.0642478
-0.02323861
0.0001440606
-0.04166056
-0.01571515
-0.002245338
-0.003424716
-0.02629739
0.002100761
-0.01619396
-0.04508388
-0.01048691
0.0128063
-0.03088783
0.0007957075
0.03335357
0.03549091
0.03725726
-0.05554773
-0.06521145
-0.0249789
-0.02914744
-0.05114179
-0.00600682
-0.02519712
-0.04610749
-0.05072312
0.02073589
-0.006399125
0.02160515
0.04337653
-0.005753566
-0.0004632189
-0.06228736
-0.09506354
-0.07311889
-0.06247661
-0.1006433
-0.0591043
-0.05007755
-0.0556483
-0.04390869
-0.04930472
-0.04620591
-0.03765951
-0.02987196
-0.03232783
-0.03874236
-0.01991158
0.004463075
0.001331467
-0.01099786
0.01185975
-0.008388739
0.004713535
-0.002229072
0.01966693
0.004827887
0.01854204
0.01389099
0.08040509
0.1521144
0.2175118
0.02240858
0.0454001
0.1232295
0.03923358
0.02795804
0.05265418
-0.03549489
-0.03370534
-0.0337119
0.01053061
0.01835345
-0.02222839
-0.002626802
0.02650791
-0.0269414
0.02833861
-0.02505268
0.02031169
0.01236971
-5.32861e-05
0.0593207
0.08649508
-0.008474578
-0.0239346
0.002702342
-0.005327415
0.03951482
-0.04548539
-0.04719397
-0.01378671
-0.01896252
-0.03534561
-0.03053126
-0.01743616
-0.06165402
-0.02216869
-0.02708137
-0.034956
-0.01520351
0.0009370527
0.01204774
0.04048067
0.1205325
-0.04498322
-0.01960185
-0.04102191
0.07879648
-0.05201777
0.01654028
0.1259365
-0.02246944
-0.3139959
0.07620135
0.05624811
0.074391
0.33397
-0.2288494
0.1479534
-0.3671576
-0.1158166
0.04573691
0.02602244
0.09571164
-0.0839448
-0.006567511
0.07427783
-0.0707
0.0398295
-0.01908989
-0.03507058
-0.05293839
0.08271643
-0.06785135
-0.01108314
0.08853135
0.01461663
0.1329723
0.003340185
-0.07724218
0.1200441
-0.02460209
0.1910374
0.04910578
-0.1092679
0.1467118
-0.1756112
0.1574762
0.002524076
-0.0832192
-0.01376058
-0.05184802
0.1337525
-0.06671667
0.030881
0.0755979
-0.08868647
-0.0442667
0.06888491
-0.006754201
0.05523052
-0.02430627
-0.01017271
0.04486988
-0.1416303
0.02307859
-0.0666268
0.1702513
-0.05441074
-0.03104519
-0.0398936
-0.03732252
-0.2958132
-0.1320793
0.006539132
0.01778907
0.1022719
-0.1063452
0.105373
0.07115933
-0.1831838
-0.0921696
-0.1189662
0.1041741
0.03792952
-0.01998541
0.008458379
-0.03454116
-0.00878349
0.01489699
-0.02423841
0.002762431
-0.0003767203
-0.2253175
0.1549277
0.02095327
0.0869216
0.1149162
-0.3545819
0.05295544
-0.2502608
0.02467355
-0.1980492
-0.09962874
0.004047679
-0.2403929
0.1476184
-0.05357243
0.08881652
0.01047395
-0.06837557
0.09441415
0.05072651
0.1481811
0.03155279
-0.05711383
0.06852595
0.07290085
0.01572922
0.08780678
0.2349465
-0.09878638
-0.4408831
-0.04040738
-0.3666804
0.4756276
-0.3479677
0.4355687
-0.1004685
0.01114615
0.01373919
-0.1632329
0.09649085
0.1078465
-0.0137061
-0.02222376
0.1071345
0.1276225
-0.01207384
0.1115833
-0.05541364
0.09309912
-0.02555006
0.1311214
-0.1457119
0.1674099
-0.03430519
-0.03653647
0.0049257
0.03971775
0.05448942
0.08383969
0.1144537
-0.042445
-0.02520033
-0.05714205
0.05928022
0.02484213
-0.02979458
-0.03355385
-0.04365434
-0.04216176
-0.05633685
0.01634789
-0.007755004
-0.02369959
-0.00793468
-0.0265687
-0.05019924
-0.01909883
0.01960752
-0.1040614
-0.04854959
0.037816
-0.04090384
-0.01208363
-0.03144627
-0.030552
-0.01651415
-0.02610182
-0.01294973
0.00823909
0.0123464
0.04524301
-0.03151751
-0.05894886
-0.08198648
-0.1266322
-0.09281103
-0.06723515
-0.0650997
-0.03894158
0.0611022
0.07957134
0.0793463
0.0769107
0.04206065
0.01652449
0.02595332
-0.009424685
-0.03147522
-0.1102665
-0.0382827
0.02587546
-0.005579362
0.03467121
0.09895811
0.06834143
0.008743048
0.0116247
0.02108437
-0.01357756
-0.03286966
-0.0001711678
-0.00861073
0.02485418
-0.05336485
-0.08030798
-0.01739403
0.01035506
0.002206132
0.005064779
0.04688583
0.02474911
-0.02152471
0.04379915
0.0478306
0.01000081
0.01948356
0.02411376
0.03139629
-0.002836338
0.001937464
0.004839239
-0.02277728
-0.03312287
-0.02614178
0.06109541
0.03624118
0.02010191
0.003113043
0.00257034
-0.006566906
-0.05078506
-0.003712689
-0.04532377
0.1108009
0.007312534
0.02947929
-0.08632141
-0.1679396
-0.1709304
-0.131051
-0.1034801
-0.01998031
-0.0494112
-0.02349393
-0.05660735
0.005812455
0.02822648
-0.04216642
-0.06924235
-0.0494062
-0.09777887
0.0006865969
0.02066123
0.02418184
-0.06900489
-0.02394666
-0.03596714
0.03541316
-0.06253114
-0.006809791
0.006867931
-0.02487974
-0.008909206
-0.01582734
-0.08696628
-0.063167
-0.03053921
-0.0630192
-0.00420773
-0.03933631
-0.0337549
-0.02474019
-0.0176178
0.02790507
0.1100865
0.09526185
0.07866327
0.08948986
-0.0002591379
-0.00323135
-9.403568e-05
-0.001622314
0.002972299
0.0009984798
0.0004835071
-0.0005091228
0.002659643
-0.002500162
0.001650714
-0.0002838262
0.0006759731
0.0003931042
-8.331266e-05
0.0007309504
-0.002088257
-0.001525881
0.0006924098
-0.004222442
0.002462163
-0.001081475
-0.0009809028
0.005123974
0.005160617
-0.001913428
0.001073522
-0.001169192
-0.00214703
-0.0009746754
0.003325553
-0.00188082
0.001590685
-0.002405245
-0.0009154226
-4.421833e-05
-0.0001030551
0.00332426
-0.0005056999
-0.002245725
-0.000472055
0.000426219
-0.001346931
0.001029016
-0.0007609472
0.002843843
0.002400676
0.0004909956
0.00166181
0.00166762
-0.002449656
-0.0002086009
-0.001555755
0.001027974
0.001704759
0.00180142
-0.0004051128
0.0001595586
0.004455828
0.00200676
0.001520148
-0.002146699
-0.0001560006
-0.004761459
0.001968317
0.0006535235
-0.001222236
-0.0001232647
0.0009996762
0.0001231156
0.0003207013
0.0002148553
0.001664797
-0.00255736
-0.000959081
0.0001625837
-0.001377736
-0.002569196
0.00132158
0.0002858266
-0.003543447
-0.002974148
-0.002302779
0.001471383
0.0005166479
-0.001946582
0.0009765553
-0.005674581
0.0012795
0.002677843
-2.539974e-06
-0.001035796
-0.004706372
0.001131745
-0.00510764
0.001688788
0.0008726611
9.84498e-05
-0.003004763
-0.002615781
0.001232232
1.255109e-05
0.0009332857
0.001380087
-0.002179408
0.0008965575
0.000473418
-0.0001131564
0.0009517908
-0.003305196
0.003665354
-0.0007966786
0.002441258
0.001280507
-0.001658429
-0.001756414
-0.0008418496
-0.0002745745
0.0022007
0.002636232
0.00491092
0.0006018268
0.0007164957
-0.0006614051
-0.002926454
0.00161458
0.001842161
0.00221698
1.282469e-05
0.0003990593
0.001569095
0.000429927
0.0009252633
0.0005281562
-0.0006857336
0.0004787903
0.0006749292
-0.001271373
0.0008377846
0.002905185
-0.0006609296
0.001321109
-0.002077175
-0.001886797
0.02481683
-0.04070358
-0.03899141
0.07877777
0.05924476
-0.033114
-0.02458072
-0.03690043
-0.01937681
-0.05442399
0.1387468
-0.09155627
0.1215229
0.01652398
-0.09545322
0.01636169
-0.1201088
0.04775942
-0.03850687
0.02891432
0.05900347
-0.05279109
0.02097641
-0.04009056
-0.02192079
0.02077648
-0.07127449
-0.132369
-0.05676297
0.08493479
-0.09783734
0.03526575
0.07533502
-0.008789308
0.08519322
0.04727453
0.09139521
0.005315267
-0.09507315
0.1682125
-0.09333012
-0.03429536
0.02112379
-0.09818182
0.1909039
-0.05672487
0.005604613
0.006238033
-0.01131876
0.0500494
-0.0180293
-0.0132319
-0.03293459
-0.02449602
0.01338998
-0.1043931
-0.07375034
-0.05086222
-0.148799
0.03240268
-0.09991864
-0.04119375
0.1205758
0.008681103
-0.00393919
-0.08499361
-0.08924625
-0.06305995
-0.008157467
-0.1504796
0.04675246
-0.006510532
0.0848572
0.04196422
-0.100589
0.02628034
-0.04749434
-0.02204603
-0.03359239
-0.02935564
0.01604514
-0.07140241
-0.0103602
0.0699873
-0.09329869
0.01377283
0.0775002
-0.05061499
0.0962138
0.09820462
0.07946978
0.02434612
-0.1478731
0.1331999
-0.06601811
-0.1677819
0.031659
-0.05382693
-0.05262046
-0.07322026
0.07072602
0.02609185
-0.02608393
0.003797877
-0.08411289
0.04420418
0.01953103
-0.1766342
0.05866883
0.01237776
0.02871152
0.04502159
-0.0428352
-0.06409189
0.03819162
-0.04070485
-0.0731063
-0.06112007
-0.1811898
0.1363685
-0.1804473
0.07242233
0.2393879
-0.1168554
0.1624789
-0.1139203
-0.03020869
-0.04391845
-0.06930645
-0.04542178
0.008847254
0.02600942
-0.08438403
0.04774528
0.1245859
0.0006250833
-0.1214596
-0.03119692
0.004044544
0.02560395
0.103341
-0.05078798
0.03065751
-0.0239435
0.01240007
0.04260912
0.05556021
-0.01664154
-0.01369677
0.003946907
-0.01948086
-0.005323951
-0.04077218
-0.01834338
-0.0219761
-0.01294161
-0.01187519
0.007724786
0.02687156
-0.003025451
0.00776026
-0.005268977
0.01472085
0.0214123
-0.01020387
-0.05503973
-0.04547944
-0.0517995
-0.02536968
-0.02352202
-0.04646963
-0.02373563
-0.01824676
-0.01651117
-0.04730288
-0.03880142
-0.03696046
-0.03140945
-0.01119921
-0.01486901
0.05305696
0.07665545
0.03290341
0.02389334
0.02144869
-0.009725993
-0.05182622
-0.09517246
-0.06599928
-0.01325876
0.009692112
0.006603707
-0.002950616
0.006895773
-0.008690401
0.002750478
0.01182902
-0.02445883
0.02211311
0.02622044
0.04559879
-0.01189239
-0.02219275
-0.001387144
-0.03815565
-0.05654203
-0.03700849
0.007232836
-0.002607786
-0.009266184
-0.02453532
-0.007721169
0.0180868
-0.03988887
-0.01136346
-0.006690538
-0.04008675
-0.03979924
-0.04950326
0.02642571
0.03275296
0.006496813
-0.003209323
0.02638083
0.01651187
-0.01340979
0.003504801
-0.001938241
0.01610764
0.02504841
0.01108218
0.03207599
0.03344016
0.01657155
-0.02107527
0.001017014
-0.01890039
-0.001015664
0.02686186
-0.01881479
0.0104722
0.0413908
0.004383453
-0.01863983
-0.008074772
-0.005638998
0.03204422
0.02093627
-0.005046245
0.04590115
0.06492008
0.04540382
-0.009791193
-0.01026315
-0.02768121
-0.008543164
-0.005665586
-0.005250669
-0.001637322
-0.00441563
0.003824126
0.06254885
0.03853653
0.03100277
0.0146221
-0.005474799
-0.0214514
-0.06430916
-0.09324867
-0.07790807
-0.01043491
0.01223145
0.01669881
-0.03120569
-0.02016438
-0.03458296
-0.06768611
-0.06867875
-0.04972668
0.04025885
0.01965769
0.01329113
0.04800698
0.06299358
0.05924042
-0.07794586
-0.05899644
-0.0852498
0.02087706
0.06170462
0.0769619
0.01232951
0.04126421
0.06638019
0.007206398
0.02202128
0.06537897
0.102628
0.02563206
-0.07720584
0.1236945
-0.0392733
-0.09029093
0.03201724
-0.09431622
-0.1338632
0.01196442
0.02378965
0.07637279
-0.01633314
-0.01215695
0.07474308
0.001658631
-0.07003952
-0.01397102
-0.02113956
0.02675018
0.06502236
-0.017193
0.0230415
0.0457998
-0.02641418
-0.01118325
-0.001962617
0.0136106
-0.09281234
-0.09937464
0.02177166
-0.1210017
-0.07589591
-0.05084917
-0.1363511
-0.1358588
0.03118785
0.002645059
-0.001214449
0.04610543
-0.02019872
0.004401269
0.01126762
-0.04337734
-0.04562381
0.08715602
-0.05473039
0.01102527
0.03739186
-0.02503795
-0.01614284
-0.01089997
-0.01982424
-0.03301997
-0.1373404
0.007030786
0.07752354
-0.05235403
0.07769602
0.09121636
-0.06285847
-0.01822056
0.01048741
0.02138003
-0.04440344
0.06386384
0.01131236
-0.04731064
0.09113544
0.04757153
0.05021717
0.1152539
0.07091498
0.05534664
0.02450875
0.053123
0.03058261
0.01138019
0.04299626
0.03396656
0.003493976
0.03247264
-0.06720046
0.05894214
-0.009017943
-0.07705924
0.03184135
0.01625668
-0.0435657
-0.03973215
0.03455947
0.001291947
-0.01887204
0.01318835
-0.0546268
-0.09622126
-0.09463184
-0.1364542
-0.1265682
-0.1604192
0.01415495
0.1273511
-0.08571479
0.08993618
0.1663055
-0.01759852
0.11589
0.1334866
-0.1881125
0.01193427
-0.09595413
-0.09880781
0.06767801
-0.1410751
0.01898776
-0.05524837
-0.08614367
0.02364971
-0.02828467
-0.07799812
-0.0001721535
-0.09462552
-0.132666
-0.04925537
-0.07213575
-0.1328346
0.007228051
-0.03018825
-0.03460431
0.003721312
-0.02692866
-0.01118642
-0.02342005
-0.07136395
0.07794363
-0.005097055
0.001330043
0.1269172
0.002009671
-0.01590278
0.153151
-0.04765511
-0.03964907
0.008385438
-0.07985516
0.01767674
-0.002003083
-0.08982521
0.009609647
-0.005872975
-0.03088523
0.03971047
0.02674078
-0.002237184
0.002269671
-0.01170592
0.04636722
0.05579885
0.05532492
-0.007225077
-0.001101123
-0.02262966
0.01766633
-0.01513806
0.008127057
0.02821906
0.001490291
0.03444047
0.004960284
-0.01155428
0.013473
-0.1087103
0.1538858
-0.09450395
0.01608359
0.282829
-0.02229668
0.04709742
0.2196316
-0.04739403
-0.04116335
-0.03030264
0.06741033
-0.05101135
-0.01331012
0.04712765
-0.03071158
-0.04691645
0.01510334
-0.04777912
0.00411641
-0.05803211
-0.06023701
0.0593335
0.03026727
-0.003958647
0.05701608
0.07064631
-0.0009703338
-0.004290124
0.03500889
-0.02531834
-0.05632653
0.008263974
-0.02774157
-0.1050622
-0.02508962
0.0855731
0.02618755
-0.07674921
0.08224024
0.01017018
-0.1045866
0.09984129
0.03200682
-0.06236292
-0.00315064
-0.01432224
-0.06056205
0.0007954851
0.02102939
-0.03413108
0.00692149
0.00746964
-0.01244507
0.03279158
0.1001264
0.0395952
0.007737583
0.03922539
-0.009557284
0.05206776
-0.04938428
0.01961536
-0.03540153
-0.008557063
0.0687045
-0.05406415
-0.0315398
-0.004336682
-0.03303229
-0.02507516
-0.01325957
-0.001653382
-0.006114997
-0.03897951
0.008220454
0.02981338
0.01623558
0.00450047
0.04798318
0.04442222
0.04004641
-0.09314426
0.08219776
0.04871969
-0.1398198
0.08747413
-0.01018216
-0.0718279
0.001955307
0.004968041
-0.01095035
-0.1119777
0.09122576
0.07464023
-0.07627109
0.1253157
0.08217627
-0.09558867
-0.07477071
-0.1229857
-0.05825305
-0.0179615
-0.0548474
-0.03605723
0.06589913
-0.04066454
-0.03367262
-0.09422115
-0.1240743
-0.07971852
0.06473189
0.1864684
0.03426862
-0.1101221
-0.01050627
0.03255139
0.01455569
0.1314977
0.03483484
0.01433257
-0.09351809
-0.06915677
0.006297937
0.05065505
0.02403462
-0.02923895
-0.03081242
-0.005719457
0.06983347
0.06584267
0.03616879
-0.004014794
0.04436115
0.02612223
0.05323143
0.02676331
0.03218783
-0.003624992
0.04104306
0.0008469731
-0.08294254
-0.0503946
-0.01523043
0.08204988
-0.003055582
0.08128711
0.07755422
-0.01757316
0.01339625
0.0969266
-0.0005374129
0.02503411
0.01398181
-0.04324461
-0.07550676
0.002433916
0.04023714
0.001968047
-0.01080262
-0.0002100094
-0.01070233
-0.1940682
-0.1602306
-0.1594293
0.05675676
-0.01612327
-0.03596338
0.1162115
0.1636979
0.1138725
-0.1493884
-0.07779654
-0.07622867
-0.03621553
-0.0857963
-0.006151547
0.146653
0.2724296
0.1110177
0.04660163
0.09393995
0.03598734
-0.1061217
-0.09913127
-0.00456132
0.02555712
-0.02622265
-0.04856395
-0.003094502
0.02220877
0.02711895
0.07161468
-0.01820494
-0.03748629
0.02042866
0.0114319
-0.04660368
-0.04836743
0.1299516
0.02410543
-0.03242761
-0.0949778
0.005998371
-0.0008192499
0.08290166
-0.07070243
-0.04642787
0.1675277
0.007817494
-0.1994204
-0.1132651
-0.02138018
0.06563692
0.04026374
-0.1246926
0.0192399
0.02556085
0.03336232
0.009160732
0.01826523
0.03996821
0.06155215
0.08185976
0.08657055
0.02746595
-0.09214664
-0.0774387
0.01200253
0.1518385
-0.004436456
-0.04443758
-0.05056681
0.01748519
0.07091061
0.06852861
0.03172651
-0.007815191
-0.006086205
-0.0042272
0.01367053
-0.06449309
-0.0541673
-0.09228041
-0.08119123
-0.1148284
0.1196797
0.1454892
-0.004477904
-0.005270185
0.08488401
0.06131003
