2.656328e-01
4.279300e-01
3.526698e-01
5.089605e-01
3.839532e-01
3.838986e-01
5.188686e-01
4.387401e-01
3.571995e-01
4.238870e-01
3.313183e-01
2.431898e-01
3.772506e-01
4.074525e-01
4.126772e-01
1.946934e-01
-4.925629e-02
1.420437e-01
1.534920e-01
2.238648e-01
1.534691e-01
3.138109e-01
2.001721e-01
3.379033e-01
-8.306385e-02
1.521753e-01
2.932295e-01
2.225674e-01
3.369423e-01
2.304623e-01
-1.873948e-01
1.850886e-01
3.425015e-01
2.442364e-01
2.442702e-02
2.552682e-01
1.923998e-01
2.625223e-01
1.728775e-01
3.328868e-01
1.706007e-01
1.262004e-01
2.091314e-01
1.557583e-01
2.273941e-01
1.549664e-01
2.326133e-01
3.675673e-01
5.028965e-01
3.477727e-01
4.172562e-01
1.699490e-01
2.159178e-01
2.410907e-01
3.759098e-01
4.171246e-01
4.845122e-01
1.761713e-01
2.654024e-01
4.643050e-01
4.957443e-01
4.226836e-01
4.564018e-01
3.187293e-01
