-2.956935e-01
-2.177879e-01
-3.008287e-01
-2.236727e-01
-3.906817e-01
-3.422001e-01
-3.132227e-01
-1.011041e-01
-3.064049e-04
-1.846441e-01
-2.997892e-01
-2.616630e-01
-2.024913e-01
-3.518029e-01
-2.866799e-01
-2.867043e-01
-2.216687e-01
-4.104023e-01
-4.429575e-01
-2.385670e-01
-3.279378e-01
-3.129919e-01
-2.657213e-01
-1.257096e-01
-3.033130e-01
-1.235696e-01
-3.266563e-01
-1.978435e-01
-2.228099e-01
-2.186152e-01
-2.187287e-01
-2.336673e-01
-3.497809e-01
-4.078692e-01
-5.077432e-04
-3.146230e-01
-2.765791e-01
-2.645252e-01
-2.523983e-01
-2.457422e-01
-2.172763e-01
-2.533382e-01
-2.079219e-01
-2.528466e-01
-2.656156e-01
-2.875907e-01
-1.484962e-01
-2.399469e-01
-3.122117e-01
-2.245814e-01
-2.845134e-01
-3.022764e-01
-2.746512e-01
-2.594361e-01
-3.239510e-01
-2.851959e-01
-3.811130e-01
-2.114621e-01
-2.120777e-01
-1.821281e-04
-2.797673e-01
-2.330915e-01
-2.762967e-01
-3.501756e-01
