-1.421130e+00
-2.847455e-01
7.542462e-02
-1.650711e-01
-7.145295e-01
-1.198692e+00
5.721665e-03
-5.020869e-01
-4.221172e-01
-4.856158e-02
-2.774090e-02
1.224103e+00
-8.410239e-01
-8.374797e-01
6.582253e-02
-1.209421e+00
-5.416242e-01
-1.008421e-02
-6.551501e-01
-1.370171e+00
-5.733077e-01
3.060452e-01
-3.528603e-01
-5.891967e-01
-1.403585e+00
-8.299429e-01
-5.064567e-01
-9.092322e-01
-1.084166e+00
1.013693e-02
-4.905442e-01
-9.333417e-01
-3.848547e-01
-7.085116e-01
-6.778632e-01
-9.500710e-01
-1.463007e+00
-2.938407e-01
9.853026e-03
-8.144124e-01
-8.786183e-01
-4.994315e-01
2.346695e-01
-3.806079e-01
1.977120e-01
-1.847102e-01
-1.007995e+00
-1.258207e+00
-1.233227e+00
-3.087229e-01
-1.309881e-01
3.409831e-01
-6.247104e-01
-9.593494e-01
-5.114686e-01
-5.168205e-01
-2.286497e-01
3.387470e-01
-1.523088e+00
-8.167868e-01
-9.227770e-02
-4.498714e-01
-1.268930e-01
-1.154659e+00
