-1.385478e+00
-3.217278e+00
-3.110695e+00
-2.038650e-02
-1.917997e+00
-3.417085e+00
-2.642835e-01
3.616149e-01
-7.217004e-01
-1.396247e+00
2.842380e-02
-2.024965e+00
8.181720e-01
-1.298559e+00
-1.519269e+00
-4.303023e-01
2.387965e-01
-4.290352e-01
3.736289e-01
1.499231e-01
-7.728981e-01
8.422334e-01
-2.403537e-01
-8.390911e-01
-1.121047e+00
1.761983e-01
-3.216895e-01
-1.044193e+00
-3.518312e+00
-1.477231e+00
-1.162986e+00
-2.281304e+00
-6.438464e-01
-7.892278e-01
-2.308061e-01
-9.085132e-01
-1.273980e+00
-2.015521e-01
6.416574e-01
-6.486755e-01
3.868659e-01
-1.344239e+00
-1.280355e+00
5.117687e-01
-4.260302e-02
-1.165994e+00
-2.224681e-01
-2.697575e+00
-6.635019e-01
-7.510679e-01
-2.796867e+00
-8.968157e-01
-8.441610e-01
-5.162196e-01
-2.538284e+00
-2.769392e+00
-2.000309e+00
-1.124921e-01
2.015347e-03
-1.619058e+00
-2.534698e+00
-1.449136e+00
-1.372765e+00
-1.012137e+00
