-3.647350e-01
-3.209452e-01
-2.631486e-01
-4.737041e-04
-2.973091e-01
-2.926013e-01
-3.267039e-01
-3.225601e-01
-2.445120e-01
-4.369713e-01
-3.425003e-01
-2.634987e-01
-3.206413e-01
-2.753142e-01
-4.007417e-01
-3.069531e-01
-1.422085e-01
-2.977682e-01
-2.678714e-01
-2.909935e-01
-2.910711e-01
-2.933563e-01
-2.655791e-01
-4.607605e-01
-2.899960e-01
-3.478388e-01
-3.861578e-01
-3.220105e-01
-3.656150e-01
-3.909272e-01
-2.645227e-01
-4.826978e-01
-1.664041e-01
-3.067074e-01
-2.494094e-01
-1.776830e-01
-2.092200e-01
-2.272667e-01
-4.130788e-01
-3.550119e-01
-3.413933e-01
-2.878761e-01
-3.256358e-01
-3.440827e-01
-2.879252e-01
-3.522565e-01
-2.349125e-01
-4.350051e-01
-3.541817e-01
-3.127433e-01
-2.803654e-01
-4.536472e-01
-3.200502e-01
-4.029207e-01
-3.210722e-01
-3.318990e-01
-3.628998e-01
-3.412122e-01
-4.446433e-04
-2.599878e-01
-2.959162e-01
-4.341576e-01
-3.755066e-01
-3.471748e-01
