3.975429e-01
3.898492e-01
4.506157e-01
3.466318e-01
3.857565e-01
3.820393e-01
5.448294e-01
4.329300e-01
3.628165e-01
3.605997e-01
3.335886e-01
4.342464e-01
3.916633e-01
3.674596e-01
3.714873e-01
3.216707e-01
4.211287e-01
3.826992e-01
4.186537e-01
4.374160e-01
3.626550e-01
3.210855e-01
4.109506e-01
3.905132e-01
3.736348e-01
8.242609e-05
3.941307e-01
3.201692e-01
4.847262e-01
3.785308e-01
3.922436e-01
4.320199e-01
4.098574e-01
3.884690e-01
4.110545e-01
3.856897e-01
5.075483e-01
4.512397e-01
4.205773e-01
5.913709e-02
2.701806e-01
4.312742e-01
4.106382e-01
4.460138e-01
3.670298e-01
3.764598e-01
3.575251e-01
3.431165e-01
3.234171e-01
3.500013e-01
4.151787e-01
4.177811e-01
4.299228e-01
3.789276e-01
3.327990e-01
3.979069e-01
3.746613e-01
3.460167e-01
3.981015e-01
4.218396e-01
4.830182e-01
4.735053e-01
3.452924e-01
4.036001e-01
