16 16 3
0.006117099
-0.007528519
-0.02418419
0.01445014
0.0028602
-0.00222688
0.02158784
0.01645196
0.004008837
-0.0007219476
-0.01835007
-0.01991128
0.01506584
-0.0002611531
-0.007034044
-0.01116506
0.001183456
-0.005112903
-0.01609335
3.183223e-05
-0.0666339
0.003130094
0.00408767
-0.05309187
0.004661454
0.02497517
-0.05666678
0.0008306499
0.001415785
-0.0006611902
-0.0009035415
-0.004838531
0.0004593273
-0.00523688
-0.001372296
-0.002218804
-0.01333756
0.0003403614
0.008971968
-0.002733628
-0.03329318
-0.00584622
-0.006004774
0.00309534
-0.03512116
0.02186314
0.005038191
0.008364813
0.008823428
0.005459304
0.01519431
0.008211888
0.01358848
0.01110949
0.02999676
-0.004181416
0.02822094
0.01419434
0.03579658
-0.03856829
-0.02146161
0.007676573
-0.0115835
-0.008757381
0.000498137
0.06822712
-0.01322173
-0.01051809
0.03106989
-0.05184581
-0.03172025
-0.0226055
0.01513652
0.01423023
0.01824084
-0.001697404
-0.00207952
-0.008537629
0.01269191
0.003764327
0.007182608
-0.01186565
0.003475036
0.01134731
0.009226608
0.04001093
0.04435895
-0.06866624
-0.01361185
-0.006983964
0.001017884
-0.03695594
-0.01497049
-0.0002836047
-0.03414819
-0.01588007
-0.001705726
-0.02450173
0.0005217636
-0.006384624
0.006751004
0.01433598
-0.03044833
0.02070699
-0.07015194
-0.002970423
-0.07177592
0.02985536
0.0003344858
0.006568597
0.00385537
-0.0143883
-0.007100226
-0.004233961
-0.006810925
0.005459743
0.01030217
0.004551927
0.01630041
-0.01876634
0.001246808
-0.001338377
-0.0328882
0.02529011
-0.02212283
-0.01065617
-0.007628406
0.0005339448
0.02328512
-0.01418675
0.01993583
0.03674871
-0.03401625
-0.0100608
0.01762638
-0.009659033
0.0323723
-0.01843408
-0.004835014
0.01896172
-0.02474882
0.01725497
0.02063308
-0.05495901
0.02864034
0.02230158
0.008018442
0.03315494
0.04520444
0.04639179
0.02094129
0.04863746
0.05484804
0.0001224566
0.02193503
0.01532007
0.06991352
0.06919476
0.0418397
0.059826
0.01969365
0.07098495
0.00864722
-0.1101827
-0.07486083
-0.04107739
-0.1082757
-0.08173993
-0.04851187
-0.07956464
-0.1164094
-0.0002844355
-0.00137621
0.0006861177
-0.002320174
0.001075007
-0.0007550801
-0.0005168467
-0.003581009
0.0003214268
-0.01864862
-0.05080406
-0.0356032
-0.04561326
-0.01688379
-0.00845549
-0.05159871
-0.02530658
0.07640275
0.05801119
0.03448009
0.009965535
0.06293358
-0.03860024
-0.04592241
-0.03096362
-0.05017985
-0.05069607
-0.05254024
-0.1048735
-0.1240271
-0.04339852
-0.02814716
-0.01563226
0.01841045
0.03655815
0.004059314
-0.06815266
-0.07026723
0.004291452
-0.04545251
-0.08571097
0.05683142
-0.06119848
-0.07127469
0.002804149
-0.01229958
0.008488009
0.0354476
-0.03856117
-0.01385096
0.002163094
-0.01767135
-0.009730179
-0.04618179
-0.03303299
0.03107747
0.0932851
0.06693701
0.007449864
0.1425958
0.02790695
0.107568
0.1006315
-0.03881342
0.02682263
0.02340246
-0.0518625
0.03706711
0.0608759
-0.03081644
0.06579512
0.04806054
0.02695714
0.006093476
0.09445626
0.007936688
0.03273414
0.01889388
0.04761855
0.02724723
-0.07462186
0.01317201
0.06602357
0.07012009
0.01633553
0.0734314
0.03678454
0.1004542
0.1120492
0.05222945
0.1511679
0.07499967
0.01916311
0.1879936
0.05144611
0.05284376
0.07121149
0.08150525
0.04011333
-0.01444354
-0.03287316
0.04864702
0.01077579
-0.01909743
0.02108087
-0.01374165
-0.01027387
0.0005337626
-0.04488594
0.1240806
0.07785152
-0.08462033
0.07336508
0.1659417
0.04364439
0.0877872
0.1571427
-0.04409814
-0.09348925
-0.101722
-0.07795898
-0.1355567
-0.1652935
-0.006050152
-0.03652906
-0.09101786
-0.0145417
0.03583104
0.002092951
-0.01326042
0.02175764
0.01535125
-0.01478564
0.01623583
0.002021218
-0.01264923
-0.054067
-0.06917606
0.007024207
-0.03364353
-0.05823606
-0.006238066
0.007883778
-0.04002289
-0.000160682
-0.00168652
0.0005211144
0.002431361
0.000769518
0.0003255944
-0.002359662
0.00162466
0.001788225
-0.03987289
0.03700735
0.02295945
-0.02693734
0.008210885
0.0150776
-0.0005703229
-0.0006565531
-0.02062677
-0.04367921
-0.006931617
0.01156581
-0.06530413
-0.03454378
-0.002736572
-0.04251918
-0.02444106
-0.002627161
0.0515153
0.01707715
0.04111844
-0.02501847
0.02657348
-0.002898708
-0.0008663608
0.0004112712
-0.01469585
-0.08115413
0.01280495
0.004657494
-0.09098317
-0.04387539
0.028979
-0.1205262
-0.1081862
-0.03592342
-0.0263909
-0.04837
-0.01576412
-0.0003908625
-0.02568077
-0.05765253
0.05580688
0.06951474
0.03357041
0.04622904
0.06036094
0.0611777
0.04198129
0.06111852
0.001306619
0.07083549
0.1011296
0.03402543
-0.06649349
-0.03106895
-0.06031145
-0.02298448
-0.02434896
-0.03704553
0.02288433
-0.01316328
-0.02697329
0.02977814
-0.001718743
-0.003253689
0.1759017
0.05426152
0.02264429
0.02313054
0.08236923
0.00472133
-0.07671832
-0.04181877
-0.03503845
-0.01964327
0.006807903
0.004708834
-0.005620492
0.03019544
-0.003289238
-0.02902517
-0.03649959
-0.05134555
0.01776491
0.03630933
-0.03696686
0.03498428
0.03545177
0.001088419
0.02129189
-0.0003871741
0.0280969
-0.01722844
-0.009542571
0.02540821
-0.04608544
-0.04566836
-0.003680269
-0.0987894
-0.0444723
0.003867079
0.005784333
0.0925009
0.1369026
0.03689998
0.06515483
0.09870547
-0.001679472
0.006798703
0.005841625
-0.007798385
-0.005010162
-0.008579152
-0.006646127
0.004986237
-0.001654333
-0.004753268
0.003055584
0.02555976
-0.02360832
-0.01082051
0.006282204
-0.02791595
-0.008625439
-0.0004012141
-0.02526184
0.04102218
0.087992
-0.04372184
0.02639853
0.08024741
-0.04781072
0.03074064
0.08500192
0.002155449
0.001738494
-0.0004207287
-0.0007640006
0.003012549
-0.001830684
0.0004674787
0.003093278
-0.00182514
-0.00260173
-0.01229938
-0.0001608982
0.01635601
0.01040241
0.02557957
0.03538934
-0.001598383
0.02015853
-0.01590787
-0.005938313
-0.008206557
-0.002948344
-0.007358797
0.01791546
0.009220511
0.004799306
0.007224014
0.02500247
0.01226379
0.01725299
0.0406547
-0.002699509
-0.02147252
0.0382637
-0.01596549
-0.02880849
0.03309175
-0.04073815
-0.02408973
-0.006665446
-0.06289288
-0.02255136
0.02115406
-0.04616168
-0.03211133
0.008735216
0.007545469
-0.003032217
-0.0126264
-0.008572483
-0.01364362
0.008197835
0.02531572
0.02686797
-0.003919719
0.02476865
0.01920337
0.008237028
0.0494462
0.03366992
-0.0563214
0.01512918
0.002302863
0.01856809
0.06632139
0.01537463
0.0330294
0.06400397
0.01224869
0.0373053
0.06825664
0.01559328
0.04519316
-0.01373857
0.008380238
-0.01886028
-0.0365785
-0.05625972
0.04289196
-0.00292999
0.02402099
-0.02870426
-0.03357073
-0.00528496
-0.01123917
-0.01194806
0.003422728
-0.01577144
-0.0235057
-0.02570479
0.0205043
-0.01962161
0.04421103
0.008217077
0.02019804
0.008930846
0.03029687
0.02646418
0.03850762
0.0763096
-0.007414408
-0.0326689
0.05999282
-0.02534544
-0.03264378
0.05727457
0.004371273
-0.06210144
0.004128845
0.02346421
0.001496757
0.01874561
-0.00798267
-0.008370012
0.008154592
-0.01051543
-0.004959175
-0.05595391
-0.03235764
-0.01459549
-0.01612805
0.01066914
0.02849756
0.006894829
0.03542069
0.05361968
0.01051055
0.05594033
-0.007136707
0.007771347
0.03965422
0.005941445
0.0304024
0.05353015
0.0210301
-0.02010912
-0.02786603
-0.02770224
-0.05456539
0.05754876
-0.02028955
-0.03012309
0.03609074
-0.03836973
0.00517004
-0.003196003
-0.002536552
0.001951416
-0.005028564
-0.002319159
0.004575898
-0.001670699
-0.00133327
-0.02671465
0.02492199
-0.003175101
0.03455722
0.05775405
-0.02092363
-0.008928735
0.01398214
0.05462682
0.0622099
0.03553139
0.03821498
0.02264203
-0.03317365
-0.03934805
-0.01123044
-0.0622641
-0.09325196
-0.01154191
-0.1102065
-0.0829676
-0.0166568
0.009041192
0.0629978
0.05587051
0.00634084
-0.0101654
-0.05277293
0.02306953
-0.0446261
0.04923167
0.09541407
-0.003160297
-0.0192959
0.006784366
-0.01300152
0.03566185
0.03476281
-0.0008662144
0.05894006
0.03561879
-0.05262476
0.02656737
0.03820671
-0.06071908
0.03941545
0.001494879
0.005195463
0.07894644
0.0709682
-0.01305417
0.04905616
0.05251922
-0.006159411
0.02004258
0.01103161
0.03077758
0.02050923
-0.01280172
0.01789524
0.02742481
-0.007439056
0.03687542
-0.1460322
-0.1317521
-0.05156996
0.01623195
0.01958894
-0.02314386
-0.04589115
-0.01237718
-0.1242109
-0.003147871
0.02216517
0.01107176
0.0361361
0.06316541
0.01622555
0.06684444
0.1112727
0.07626938
0.0642655
-0.04716457
-0.01482977
0.1169258
-0.0436173
-0.006377011
0.01825423
0.03011562
0.03040569
0.03343916
0.08532753
-0.008508333
0.02784317
0.130678
0.09774429
0.04454329
0.1461943
0.04307342
-0.1162499
0.1491826
0.03884176
-0.2251248
0.1519359
0.1316618
-0.08290058
0.1836348
0.1376571
0.0006410763
0.003249295
-0.01818186
0.003303134
-0.007968334
-0.01796955
-0.007010659
-0.006748712
0.005965755
-0.007024982
0.01101253
-0.00657469
0.02359368
-0.01112623
5.78129e-05
0.0272244
0.00340302
-0.01114652
0.07196372
0.02241144
-0.04245849
0.08514215
0.00560649
-0.02369506
0.02027735
0.02488187
-0.00103785
0.0003040711
0.001781803
-0.0005034686
-0.001135012
0.0007548667
0.0009671474
-0.0002456306
0.004522225
-4.647472e-05
0.04278057
0.02672808
-0.05649259
0.1121846
0.008034337
-0.0394644
0.06574318
0.05393415
-0.01040402
-0.01974984
-0.03042599
-0.03516513
-0.02860018
-0.03412856
-0.03805019
0.009490852
-0.007332018
-0.003821386
0.02713223
-0.05663481
-0.0248643
0.1594002
0.05159451
0.03877187
0.1066112
0.147305
-0.04889622
-0.0006512182
-0.03648403
-0.1030169
0.05814794
-0.1190582
-0.1232306
-5.44223e-05
-0.06865826
-0.05875031
-0.01182754
-0.02312182
0.02650439
-0.0772691
-0.0787541
-0.04801446
-0.0287948
-0.05702669
0.02401269
-0.04076123
-0.04184043
-0.06158503
-0.03061556
0.03606139
0.07496411
-0.01872267
0.05033794
0.09267443
0.02095139
-0.03260823
-0.02511333
0.005042024
-0.08932533
-0.03590247
-0.01812446
-0.08859228
-0.02633994
0.128529
0.1405504
0.1337378
0.2671203
0.2099839
0.1968602
0.2087405
0.1401879
0.1580393
0.008401493
0.01657182
0.057258
-0.01169706
-0.005963039
0.05195312
0.0001512559
0.02652065
0.1056821
0.0737876
0.01744441
0.09364591
-0.0320218
0.0279511
-0.004992357
0.02711825
0.00431138
-0.02621639
0.03825175
0.04907627
0.1177643
0.09713712
0.08487922
0.05407213
0.03353149
0.07200502
-0.05775196
0.03689411
0.06944482
0.05548247
-0.0280685
0.002809795
-0.03184287
0.08042376
0.02346344
0.02340109
-0.006750947
-0.01880022
0.01912077
0.00284766
0.01264771
0.0428879
-0.008120054
0.005956136
0.04238478
-0.03330814
-0.03850814
-0.01972954
-0.03145447
-0.07351243
-0.04309685
-0.02891931
-0.06904773
-0.08726494
0.04499552
-0.03956809
-0.02714616
0.01130694
-0.01445992
-0.02848237
0.01672363
-0.0489206
-0.01421422
0.0003849443
-0.0009856207
0.001513323
0.0003003234
0.0008222059
-0.001194198
-0.0004672329
-3.158406e-05
-0.0003416502
0.026112
0.00196872
-0.007886469
0.01436066
0.07830797
-0.05565572
0.02478906
0.03973299
0.04184964
0.01271364
0.01873621
0.03312896
0.02977994
0.01728169
0.01585299
0.03582232
0.0007871726
0.009981209
-0.003324276
0.09068632
-0.03393161
-0.0608848
0.08658542
0.07997735
-0.0363504
-0.02811314
0.06542964
0.05334304
0.08837058
0.09703873
-0.001613462
0.09263197
-0.004219609
0.003159779
0.0318946
0.01505584
-0.01831898
0.02684519
0.03716531
0.03286366
0.06552777
0.09831384
-0.02370105
0.03723326
0.05319907
0.008867373
0.02837704
0.04479715
-0.1121456
-0.07904832
-0.04892823
-0.1298298
-0.04964689
0.01210701
0.01736394
-0.02087107
0.02192858
0.01319342
-0.04955141
0.002381201
0.002922529
-0.06668758
-0.022479
-0.02499882
0.03025904
-0.02053463
0.02165416
0.0634367
0.1271873
0.06327297
0.01741993
0.005647419
-0.002574349
-0.0150907
-0.007532724
-0.02121886
-0.01862395
-0.03076547
-0.02860579
0.01123598
0.005465797
0.04143698
-0.01550008
-0.08272558
0.05976692
-0.006489547
-0.06329706
0.04276017
-0.06172679
-0.04435681
-0.07412951
0.03091364
0.02343411
-0.06529582
0.04585487
-0.01233589
-0.0586631
0.0338125
-0.0108039
-0.01946942
-0.04440567
-0.01553089
-0.03652113
0.03140962
0.003262563
-0.03033573
0.008838959
-0.01484257
0.01227486
-0.008861395
-0.01391398
-0.003397797
-0.03531397
-0.02446055
-0.019146
-0.02035526
-0.01602511
0.02821877
0.05968292
0.004259787
0.04332032
0.01892948
0.01113494
0.004943806
0.01867771
0.003092012
0.006285948
-0.008458179
-0.01456374
0.0002706141
-0.02258457
-0.0208973
0.005177988
-0.02139723
-0.03491919
0.001441397
-0.002673761
0.001559622
0.001249658
0.0001854342
0.001043948
0.001094164
0.001242093
-0.0002105645
0.005499672
0.01774383
0.02470364
-0.02094424
-0.001842462
0.002871249
-0.05415352
-0.03723104
-0.06018663
-0.04940896
0.008843681
0.04611175
-0.03993013
0.002265543
0.01321263
0.02067652
0.0505516
0.0548939
-0.04233643
0.07623525
0.02491997
-0.1137549
0.00192948
-0.01313662
-0.01110097
-0.03066737
0.0550091
-0.03798673
-0.01875957
0.04410422
-0.03929812
-0.06856396
0.05451733
-0.09311785
-0.03947691
-0.03668877
0.02663506
0.007981285
0.02953861
-0.05583409
-0.02435881
-0.01382393
-0.05622986
-0.009149596
0.01024789
-0.05350633
0.05288106
0.1502101
0.05724403
0.1554565
0.1190588
0.06399084
0.1308476
0.1381464
-0.02044959
-0.019496
0.02304155
-0.01864712
-0.006711937
0.05857759
-0.01988353
-0.008519913
0.02295236
0.07996947
-0.08258647
-0.04346302
-0.07186384
-0.02188187
-0.05885789
-0.02815216
-0.07738996
-0.04223179
-0.001659362
0.007144374
0.02916989
-0.01291547
0.0416433
0.02755998
-0.01887835
0.01476301
0.04790426
0.0428491
0.01026952
-0.05431736
0.1227948
0.1056504
0.01495044
0.0471411
0.009348386
-0.009722199
0.07343811
0.04402259
0.05954224
-0.002119224
-0.01534199
0.01489518
-0.07076886
-0.02557232
-0.04846242
0.03710392
0.09372679
-0.1172797
-0.04550928
-0.003198462
-0.0271911
-1.118717e-05
-0.02550437
-0.03129298
0.02803216
0.006472968
0.01225492
0.02945511
0.01704399
0.04057716
-0.01038689
0.0009973566
0.04723696
-0.02164979
-0.03729736
0.004109382
0.02933471
-0.01062635
-0.0006675286
0.02836424
-0.01000491
-0.016612
0.07500546
0.07695442
-0.06692044
0.04589011
0.04808426
-0.08372114
0.01577964
0.02391902
-0.08057052
0.002367487
-0.0003448068
0.0009021625
-0.0003625294
0.001188509
4.884125e-05
-0.000838114
-0.0003646797
0.002797248
-0.004366757
-0.02308697
-0.03413839
-0.03368165
-0.06340791
-0.06448871
0.02477337
-0.0760572
-0.0515091
-0.01877664
-0.01251242
-0.04507869
0.03808644
0.02744427
-0.007259676
-0.004305577
0.01087835
-0.00426206
-0.03213561
0.05379513
0.06894431
0.02613984
-0.02209074
-0.001905817
0.09063822
-0.03695254
-0.1049773
-0.06705353
-0.1122229
-0.1006853
-0.08653249
-0.08324605
-0.1098487
-0.04301127
-0.04843557
-0.1122594
-0.02412674
0.007287389
0.009736418
-0.03584964
0.006262742
0.05154124
-0.002163868
-0.02740572
-0.009565581
0.01827323
0.008075968
-0.06214686
0.1079657
0.0389827
-0.05226057
0.06598603
0.005835438
0.006666522
0.06181359
-0.03224084
-0.02331461
0.04840793
-0.03890433
-0.01842437
0.03980364
-0.04710174
-0.02117212
0.04089528
0.01060973
0.04884687
0.05736489
-0.02824502
0.04915175
0.01517474
0.03031936
0.03007088
-0.02006855
0.006311706
0.03106506
-0.01560342
0.07351995
0.1122652
-0.06619454
-0.009549377
0.08073381
0.0207703
0.0634876
-0.0264478
0.02023419
-0.01323424
0.005873414
0.04469467
-0.05586201
-0.02598068
-0.08254245
-0.03622605
-0.04814949
-0.05566942
-0.03135566
-0.04179206
0.0009857652
0.02643695
-0.006586955
-0.07265427
-0.05041078
0.07028831
-0.08668616
-0.1523621
0.07434037
-0.02369264
-0.06074825
0.02735024
0.005749786
0.00551445
-0.009798667
0.003486477
-0.005710857
-0.009444715
0.001386448
-0.004405032
-0.01717498
-0.01544505
-0.06356242
-0.02192032
-0.0284934
-0.03509827
-0.01818938
-0.02751105
-0.03706409
-0.0101518
-0.0073814
-0.02840781
0.02477263
0.001322613
-0.01065271
0.02763133
0.02409486
-0.01917247
0.02810016
-0.0008030692
-0.001851128
-0.0005865938
0.003058177
0.0004317173
0.001887344
0.0007365271
-0.001153528
0.002341393
-0.01084701
-0.02597649
-0.006374793
0.0153897
-0.001602635
0.02241095
-0.006647997
0.007306091
-0.004933491
0.006348247
-0.01406038
-0.002392715
-0.0009295475
-0.01404058
-0.00864283
-0.003898276
-0.02447767
-0.007338198
-0.01658297
-0.0539739
-0.006599681
0.03565985
-0.01587103
-0.005830599
0.004593311
0.07047249
0.006405388
0.01138438
0.01797947
0.01957751
0.03370787
0.004775462
0.05217888
0.02434706
0.03882558
-0.001983146
-0.00949333
0.003747805
0.001796211
-0.01675217
-0.005502865
-0.01478293
-0.02481993
-0.01361412
-0.0183305
-0.01272927
-0.01429974
0.009903725
-0.06151609
-0.0687332
0.004614684
-0.0489286
-0.04762082
-0.02542465
-0.01322099
-0.006131246
0.02291215
0.004148822
0.005909575
0.03507218
0.009647195
0.02293007
0.02804056
0.01900939
-0.04348028
-0.03450999
-0.02104899
0.07144643
-0.05003428
-0.02337856
0.004097088
-0.02198314
0.007625109
-0.0005458041
0.02078964
-0.02938443
-0.03473119
-0.004172988
-0.01146695
-0.01909605
-0.00968514
0.02286099
0.000359033
-0.006997137
0.03243816
-0.03901816
0.009193739
0.009702409
-0.03797123
-0.02434467
0.02965479
0.03782099
0.00392561
0.02568739
0.03947298
0.01200366
-0.002992335
0.02401126
0.004719452
0.02876066
-0.003127278
0.03761873
-0.002087306
-0.02832724
0.05456777
-0.03706614
-0.04092781
0.0007886206
0.03429189
0.005399738
-0.008511198
0.02559997
0.002055803
-0.03077582
0.02303047
-0.003616085
-0.002372047
-0.03258881
0.005664052
0.01539744
-0.01590362
0.01570196
-0.002139871
0.008452408
0.01192749
-0.03022001
-0.05858839
-0.01463282
-0.07188139
-0.04077441
-0.002823028
-0.08004525
-0.04448985
-0.03081231
-0.09177097
-0.00126148
-0.0009199817
-0.0001547368
-0.0006102849
-0.001603285
-0.0006623021
-0.0007220809
-0.002519512
-0.0009326712
-0.003220085
0.03947916
-0.04537541
0.02646652
0.0004762369
-0.04293943
0.0293739
0.01389062
0.05776707
0.02453665
0.01745369
0.005006038
-0.00141825
0.000675096
-0.04788624
0.002408501
-0.01561188
-0.03369868
0.02889742
0.04952472
-0.07173528
-0.008563252
0.03585779
0.07714338
0.06806015
0.01777757
0.03482464
-0.02654462
-0.04361504
0.03047805
0.02184413
-0.07894011
-0.03598607
0.03296762
-0.0270364
-0.05400211
0.009551554
-0.01051032
-0.00431622
-0.07351515
-0.02695945
-0.0641443
-0.03113499
-0.02797384
-0.0170855
-0.05845731
0.00617664
-0.02581812
-0.008828913
-0.02996458
-0.002285209
-0.03394865
-0.02085616
-0.0187392
-0.01700404
-0.07231084
-0.05349902
-0.02712626
-0.09376942
-0.07448454
-0.02681679
-0.09376406
-0.0665222
0.004549311
-0.01059231
0.02647136
0.1177616
0.01954845
0.122417
0.07624725
0.1160417
-0.02559385
-0.02318997
-0.01732299
0.004996779
-0.03545459
-0.01118813
-0.009361235
-0.0348882
-0.003816881
0.02509384
0.07117258
0.02233699
-0.06704104
0.08576249
-0.01598289
-0.08799996
0.02722359
-0.02808138
3.342131e-05
-0.03780078
-0.01638497
0.02200458
-0.07768583
-0.03229118
0.0002028618
-0.08970898
-0.005712886
-0.01219426
-0.002458272
0.09097012
0.03634287
-0.1662036
0.03165131
0.1270803
-0.074542
0.0246389
0.05289449
0.007392073
-0.02354297
-0.01654645
0.06077005
0.0171301
-0.02327227
0.06481428
0.04879599
0.01908592
-0.07873131
-0.1155495
-0.02865599
-0.01959628
-0.06596567
0.002678539
-0.04754357
-0.04170049
-0.01847685
0.04402593
-0.01924805
-0.01982935
0.06844524
-0.00938817
-0.01017427
0.09601981
-0.0006065204
-0.03298579
-0.0004127261
-0.001031161
0.001237911
0.0002989145
-0.002893008
0.00299726
-0.001288555
-0.002603018
-8.235079e-05
0.03217401
0.05546932
-0.01560081
-0.04982386
0.1033013
0.06243694
-0.03108065
0.01676822
0.06962255
0.01863326
0.009893593
0.009063703
-0.01789157
-0.01690593
-0.02915514
0.003742866
-0.020806
-0.007710115
0.02126272
0.2302961
0.03997627
0.1109189
0.2012305
0.2878337
0.1328078
0.1925631
-0.0006000834
0.1218661
0.07526925
0.03512385
0.1183245
0.2320309
0.003255786
0.109602
0.07271233
0.0862843
-0.008589766
0.05378344
0.02919917
-0.01937374
0.008125265
-0.01092239
0.023795
0.03936286
-0.03667124
-0.1421552
-0.1143431
-0.03747639
-0.08275288
-0.131017
-0.05193489
-0.05615499
-0.02640455
-0.03410077
0.04159386
0.01000796
-0.004331357
0.009325092
-0.02610068
-0.04292528
-0.0009183087
-0.03719066
-0.05193324
0.07917437
0.1184194
0.05409878
0.165152
0.09190984
0.1395548
0.03596165
0.0769592
-0.1007807
-0.02396016
-0.001550449
0.04542218
-0.02094813
-0.02737184
0.03080828
-0.05989439
-0.05017029
0.01783103
0.03779398
-0.03033568
-0.1635527
0.01843032
-0.08856217
-0.09982793
-0.0309857
-0.1128558
-0.1462795
-0.04178398
-0.04271752
0.03567943
-0.0320302
-0.01524061
0.09085944
-0.05663716
0.01035899
0.107854
0.02546931
0.06581314
0.1047984
-0.1216807
-0.02973031
0.04195775
0.06687043
-0.03142854
-0.006749316
0.05257384
0.009463741
0.03677172
0.028509
-0.002097402
0.008373701
0.04613254
0.0001637632
0.02040602
0.003952442
-0.03733607
-0.05276914
-0.0451943
-0.05239633
-0.06749254
0.02788011
-0.05330543
-0.07565471
-0.02595598
0.00684642
0.03897458
0.02469579
0.03860497
0.01948215
0.03297361
0.06759401
0.02665324
0.0003634681
-0.00179518
0.0005203342
-0.003468548
-0.003711651
0.003006388
-0.0003918519
-0.001654951
-0.0008301017
-0.02776198
-0.0170169
-0.04032713
-0.02539058
-0.08742895
-0.03072778
-0.000607356
-0.04113942
-0.1229057
0.02208371
-0.0278639
-0.01355868
0.01104647
-0.0225953
-0.007103391
0.01373806
-0.0006477488
0.00723108
-0.1320055
-0.08508702
-0.04328567
-0.1622761
-0.1299357
-0.09488611
-0.06733403
-0.172005
-0.08817233
-0.04838508
0.02257761
0.05506174
-0.0724102
-0.02221884
0.05228848
-0.04708167
-0.003762883
-0.06784523
0.04156781
0.04955101
0.06255427
-0.02035842
-0.00174589
-8.515297e-05
0.03885762
-0.0381528
0.02530719
-0.03047791
0.07749089
0.01067733
0.03386978
0.1227415
0.04202919
0.04610779
-0.00257244
-0.124836
0.003025063
-0.03440619
0.05444045
0.02979134
0.03338695
0.06071602
0.04478971
-0.01978354
0.01247644
-0.1160605
-0.2077526
-0.0716095
-0.1046716
-0.2881325
-0.2358606
-0.1925061
-0.2064198
-0.1959106
-0.03466507
-0.01312013
-0.02872779
0.04302485
0.05269898
0.04394779
0.04430149
0.06150262
0.009912549
0.04101683
-0.03751934
-0.03602268
-0.02483227
-0.0416702
0.01656895
-0.05740961
0.01511508
0.08210726
-0.0561141
0.03894746
0.08609293
-0.03422195
0.008849801
0.055526
-0.02848023
0.0764334
0.04434931
-0.07890716
0.004116692
-0.01487366
0.02274076
0.05828262
0.123107
-0.04653234
0.05246615
0.06956151
0.005235052
0.02778859
0.03232617
-0.006264165
0.02705218
0.03006368
0.04638856
0.01919641
0.002560165
0.02834572
-0.04278572
-0.0416289
-0.01608326
0.008977366
-0.03030026
-0.04672663
-0.04394063
0.02030743
-0.04775706
-0.07245712
0.1107005
-0.02636475
-0.004111019
0.06271966
0.06085715
0.01393409
0.132696
0.001203664
-0.001517244
0.0003500843
-0.001552835
0.00228636
0.0003880362
0.002415249
-0.001518077
0.0007506325
-0.04352687
0.001929648
0.0544389
0.007865092
-0.03758347
0.05373928
0.03620499
0.00679601
-0.03093673
-0.08177752
0.04227968
0.008875986
-0.05188886
0.09061185
0.05355417
-0.06320693
0.01492482
-0.005786293
0.08900498
-0.008082213
0.04769563
0.03584219
0.1781192
0.03378077
-0.04164895
0.09245723
0.1213093
0.04854434
-0.01934903
-0.1346159
0.08183154
0.0008360476
0.07396541
0.02468944
-0.03988678
0.08214492
0.0101241
-0.04367144
0.01683175
0.1521155
-0.05985275
0.05296094
0.06762458
0.02640267
0.04037697
0.08892128
0.002007023
0.06728926
-0.07085383
0.0164264
0.01392327
-0.05946158
-0.09487219
-0.1005732
0.00470816
0.1088303
-0.03727275
0.02697028
0.1231046
0.007569222
0.003310646
0.118766
-0.03861735
0.1647417
0.1441061
0.07460711
0.1688638
0.1015367
0.08661109
0.06810579
0.1700891
0.110682
0.08219938
-0.06374171
-0.05020343
0.02478294
-0.1030686
-0.06472035
0.06498685
-0.05497117
-0.1129602
-0.2368093
-0.008846258
0.1342637
-0.1010729
0.02379953
-0.06913522
0.001180808
-0.03322648
0.01184986
0.1093691
-0.01196687
-0.03924559
0.07955039
-0.09506071
-0.06443816
-0.0007153605
-0.1883529
-0.08086634
0.1465963
-0.08719818
-0.2462413
0.269479
-0.04641676
-0.4031468
-0.07265673
-0.07066581
0.04593502
0.008060074
-0.00295866
0.0142041
-0.003358383
-0.004098042
0.01422207
-0.04319033
-0.009573105
0.01917025
-0.004625716
0.0002952633
-0.003201884
0.02661621
-0.01704558
-0.0440853
0.02896089
-0.003075235
0.00697867
-0.002630759
-0.001119252
-0.1521511
0.01795659
-0.03359105
-0.1481258
-0.02293659
-0.01164518
-0.1630626
4.125081e-05
0.0002927247
-0.001435416
-0.0002896524
0.001678668
0.0008344958
-0.0004429894
-0.002159745
0.002521335
0.03225243
0.005775078
0.000204514
0.01925491
0.05730221
-0.03089565
0.03365849
0.002114401
0.0003735988
-0.006140796
-0.01343466
-0.0002654834
0.03933384
0.04721599
0.05733048
0.01787653
0.01453346
0.02009776
-0.09228565
0.01473808
-0.0582782
-0.05623855
-0.01886416
0.01222514
0.05806936
-0.008759734
-0.02652264
-0.09478642
-0.0712074
0.05259477
-0.0200429
0.009356717
0.03671006
0.06037316
0.0382089
0.02976994
-0.02374902
-0.005064431
0.03101549
-0.04410139
0.04197546
0.06722498
0.01628672
0.04458283
0.04553679
0.06640985
0.04346361
0.006503821
0.07820841
0.09744038
0.04676932
0.1018792
0.09902795
0.007731115
0.02682311
-0.009226365
-0.05848315
0.02826886
-0.03169354
-0.08863036
0.03494976
-0.0655078
-0.1195964
-0.09340618
-0.02062243
-0.0243139
-0.07130168
-0.07398651
0.02474516
0.003001854
-0.02365086
0.0007558236
0.02785553
0.01059447
0.02336765
0.01187554
0.02011893
0.04594686
0.002823419
0.003845671
0.05800368
-0.01073223
0.1245726
0.02335355
0.01143105
0.1373844
0.01287445
0.01294959
0.04849259
0.02862276
-0.05224273
-0.09006108
-0.08009714
-0.09964705
-0.09082419
-0.04529848
-0.0926502
-0.1163748
-0.04409813
-0.0492473
-0.05239597
0.02786242
-0.0667812
-0.1851974
0.00639721
0.0177944
-0.0858969
0.02677531
0.006768666
-0.01214276
-0.003049408
-0.007183148
-0.01583556
-0.01060589
-0.01083157
-0.02769037
-0.01053859
0.001893692
-0.01048853
-0.02532092
0.02449949
-0.004255542
-0.002428006
0.01653857
0.01432598
0.02654697
0.04461435
-0.03101284
-0.0447612
0.02465641
-0.02404675
-0.05986524
0.03701355
-0.01588987
-0.04962356
0.0005768356
0.002275936
0.000952363
0.003663283
-0.004087038
-0.0005470245
0.002367147
0.002516074
0.001190757
0.0103799
-0.004774588
0.01407563
0.00460117
0.006813669
0.00390949
-0.01534229
0.003507084
-0.006189298
-0.001158819
0.002869828
0.01953867
0.00135167
0.007727294
0.01235096
-0.002270421
0.001015608
0.01182538
-0.01149418
0.02354284
-0.02315701
-0.05429507
-0.01259203
0.02172705
0.01445171
-0.00209433
0.02578683
0.01732996
-0.01080779
-0.003328457
-0.02245376
0.02502779
-0.01034573
-0.004131574
0.01123645
0.02006771
-0.01423661
0.0010094
0.007399451
-0.02163441
-0.009843693
-0.005759987
-0.008380464
-0.002783604
-0.01066134
-0.02590958
-0.0099314
-0.007372907
-0.009133267
0.02649766
0.003719994
-0.01395267
0.004629336
0.01932193
-0.02633953
-0.02521725
0.01952204
-0.0309555
-0.03409353
0.008445819
-0.02543578
-0.03037036
0.01162547
-0.01824906
0.034513
0.0002809274
-0.04177395
0.007293371
0.01573264
0.005304493
-0.03445284
-0.0009907713
0.01949363
0.01350128
0.006344344
0.001563982
0.005974806
0.009547828
0.003008513
-0.001911618
0.006165091
-0.01308832
-0.002070317
-0.04113657
0.02222503
0.01478731
-0.0301547
0.02197233
0.03325916
-0.03731038
-0.02017384
0.005220446
0.01011505
-0.02032047
-0.001362715
0.01049927
-0.01524826
0.003109934
0.009740275
-0.00317882
0.008967867
-0.02248075
0.03540328
-5.279203e-05
-0.007631216
-0.01552632
0.0222642
-0.01777928
