8.353143e-03
5.848854e-03
4.622739e-03
5.560341e-03
7.967161e-03
4.518675e-03
1.705614e-02
5.425261e-03
2.497750e-03
9.155871e-03
4.503021e-03
5.158422e-03
6.382450e-03
3.896524e-03
8.468961e-03
8.331974e-03
3.419754e-03
7.784836e-03
4.221823e-03
3.391303e-03
3.405705e-03
7.215482e-03
2.256164e-03
1.705139e-03
6.184057e-03
5.058061e-03
6.298176e-03
5.380827e-03
4.095613e-03
6.339922e-03
2.463850e-03
4.256051e-03
4.504451e-03
5.270577e-03
1.590020e-03
1.074967e-02
5.336574e-03
9.369101e-03
3.322168e-03
8.671212e-03
4.729968e-03
2.472400e-03
4.614671e-03
6.823095e-03
3.324636e-03
5.275163e-03
4.151463e-03
9.117570e-03
7.940452e-03
4.052334e-03
2.376548e-03
3.519035e-03
6.975367e-03
6.933138e-03
6.238175e-03
1.507458e-03
4.304538e-03
3.654857e-03
9.574089e-03
1.987169e-03
6.349555e-03
1.119202e-02
2.352047e-03
1.316308e-02
