-2.430598e-01
-2.428893e-01
-1.603747e-01
-5.222566e-02
-3.302257e-01
-2.410716e-01
-1.214421e-03
-3.129200e-01
-9.909856e-02
-3.537594e-01
-2.402530e-01
-3.316923e-01
-1.250330e-01
-1.758529e-01
-1.826278e-01
-1.495057e-01
-1.605662e-01
-1.292491e-03
-1.377475e-01
-1.686881e-01
-2.507118e-01
-2.626171e-01
-2.754986e-01
-1.234111e-01
-2.393606e-01
-2.790692e-01
-3.546706e-01
-7.989362e-02
-1.383252e-01
-1.353530e-03
-2.924762e-01
-2.120873e-01
-1.841699e-01
-1.235040e-02
-1.603166e-01
-1.870256e-01
-2.503318e-01
-2.201133e-01
-9.180219e-04
-2.540262e-01
-1.145653e-01
-2.322673e-01
-2.002984e-01
-3.091806e-01
-9.902690e-02
-2.593263e-01
-1.698550e-01
-5.883769e-02
-2.111593e-01
-2.553657e-01
-2.417803e-01
-2.829310e-01
-1.679194e-01
-2.344865e-01
-3.300831e-01
-1.637983e-01
-1.820179e-01
-3.500744e-01
-2.024221e-01
-2.095323e-01
-2.250228e-01
-2.954739e-01
-6.462689e-02
-2.552805e-01
