3.395233e-01
3.519745e-01
3.383634e-01
3.054578e-01
2.812749e-01
3.108692e-01
3.439358e-01
2.517458e-01
1.156091e-04
2.989634e-01
3.675625e-01
3.123286e-01
2.963653e-01
2.429023e-01
3.509393e-01
2.494740e-01
3.113302e-01
2.826190e-01
2.330759e-01
3.597240e-01
3.417208e-01
3.092382e-01
3.708411e-01
-1.301563e-01
2.345109e-01
2.809342e-01
2.869121e-01
3.023115e-01
2.920411e-01
-4.024594e-05
3.056998e-01
2.435269e-01
2.779250e-01
3.004452e-01
3.292021e-01
3.293487e-01
2.666487e-01
3.439145e-01
2.960277e-01
3.364785e-01
4.520198e-05
2.562033e-01
3.457120e-01
3.254622e-01
2.430617e-01
3.122091e-01
2.516985e-01
3.267871e-01
2.870023e-01
2.773362e-01
2.912990e-01
3.357638e-01
3.132707e-01
3.839962e-01
2.668900e-01
3.115892e-01
2.926049e-01
3.324713e-01
2.547973e-01
2.752487e-01
3.348438e-01
2.973389e-01
2.845943e-01
1.623917e-05
