16 16 3
0.002779585
0.01655489
-0.03468356
-0.01709812
-0.03171704
-0.08219808
0.01376455
0.02914677
-0.06127696
-0.02784139
-0.002546458
0.00924837
-0.07304092
-0.0171665
-0.02812519
-0.06437623
-0.02777261
0.04892088
-0.04445638
-0.01301066
0.01252512
0.003355739
-0.01543761
-0.01172046
-0.04037587
-0.01180407
-0.00968491
-0.01528526
0.07801076
0.02012066
-0.01219701
0.07061251
0.09044438
0.0296005
0.03740562
0.07238752
0.07625548
0.09277147
0.08326957
0.02389169
0.06829582
0.05000461
-0.05842556
0.001860951
0.02799214
0.009964406
0.007047107
0.01370826
0.01872635
-0.03787407
-0.03751084
0.003659993
-0.02521757
0.009186726
-0.003461422
-0.01343145
0.02654755
-0.02586292
-0.04243586
0.006212461
-0.02543802
0.005915155
-0.0004012113
0.07799241
0.06711192
0.02929467
0.05575943
0.07730088
0.03506562
0.0603057
0.1128474
0.04308757
0.04368548
0.007745518
0.014214
0.13109
0.08791126
0.0537525
0.07476402
0.110408
0.02792087
-0.01508856
0.01096751
0.05276394
-0.01560749
-0.01739079
0.01083871
-0.01594695
0.01444604
0.03796805
0.009169685
-0.02092118
-0.01107214
0.01624561
0.0138297
-0.006929531
0.00234095
0.02988168
0.0290861
-0.007258818
-0.02408617
0.009839803
-0.02394061
-0.05029647
-0.0556502
0.007698782
-0.05978518
-0.06432456
0.1008124
0.03321329
0.001327422
0.05131856
0.03327551
-0.00868536
0.05948588
0.02590768
-0.005249036
0.006626706
0.05364706
0.03365738
-0.04612989
0.01066877
0.03626204
0.01021926
0.07612696
0.106237
0.03201345
0.03603552
0.03941078
0.06593598
0.005046602
-0.024451
0.01815497
-0.006247521
0.004748231
-0.003433634
0.0003800775
-0.0004652159
0.0009816824
-0.001533356
-0.001036506
-0.001826779
-0.002005814
0.0008814429
-0.04047615
0.09140988
0.0924274
-0.008652357
0.03237916
0.0414056
-0.05975167
-0.03163985
0.02786461
-0.07509627
-0.129299
-0.03982246
-0.07917441
-0.1159461
-0.09696018
-0.05897649
-0.02685479
0.004382438
0.09218477
0.008436015
-0.05681144
0.0484015
-0.08660216
-0.05279564
-0.06974681
-0.08836895
0.001347652
-0.03085612
-0.06102544
0.03257991
-0.07014868
-0.05697319
-0.03027225
-0.0001130612
-0.01292673
-0.03123797
0.006413978
-0.004207932
-0.03869026
-0.01817794
-0.02642622
-0.02893085
-0.005940686
0.02232067
-0.002126845
0.06818966
0.06062702
0.001034478
0.09219674
0.09143665
0.06349316
0.02364334
0.09918723
0.01690877
0.0196226
-0.04371892
-0.03014847
-0.003423721
-0.02529922
0.05417804
0.03223299
0.03493153
0.03398129
0.02719217
0.03497719
0.02084396
0.07154539
0.06972522
0.02156114
0.06792323
0.04440363
-0.01086677
-0.04685837
-0.008483452
-0.06522521
0.006205431
-0.06789737
-0.1026229
0.03387282
-0.1042823
-0.09230205
-0.08357295
-0.04787234
0.03236699
-0.05207178
0.01229523
0.1042413
0.01565953
0.06786244
0.09465322
-0.02068953
-0.004556926
-0.02195488
-0.1176029
-0.03347939
-0.06268948
-0.0874981
-0.03274295
-0.05114371
-0.1146448
-0.06832473
-0.01483517
-0.07834025
-0.02548791
0.008859876
-0.011948
-0.02063803
0.003097861
-0.01901053
-0.03566318
0.01291688
-0.02388058
-0.01551555
0.008185779
0.01291411
-0.01706421
-0.08662838
0.005262158
0.02227062
0.01186065
-0.05012206
0.003629759
0.03559977
0.02459343
0.04192006
0.0325966
0.06398825
0.005150658
-0.05024609
0.03497162
0.03212133
0.06291199
0.01778876
0.07640506
0.1494362
0.000936528
-0.00192776
-0.0006025748
-0.001114134
-0.002111492
-0.0004933368
0.002425393
-0.0001448847
9.317635e-05
-0.06516109
-0.03830786
-0.03040343
-0.05328597
0.0001344479
-0.009928267
-0.01527284
0.01074895
-0.0006273828
0.03120643
-0.01274788
0.004007406
0.01358319
-0.01275889
-0.0009180668
-0.01130605
-0.005485152
-0.01118613
-0.01833711
0.002671077
0.01215401
-0.01224598
-0.0164906
-0.00332221
-0.001152368
-0.0355312
-0.02702453
0.05466669
0.01115779
-0.01143523
0.04311848
0.03749949
-0.01889848
-0.03307477
0.05310259
-0.04751907
0.002618541
-0.000808267
0.03271001
0.003538394
-0.02549147
-0.01163881
0.03109119
-0.006126078
-0.002647293
0.05463058
0.02290554
-0.002680056
0.03111651
-0.008849865
-0.04036482
0.04332037
0.00915807
-0.02624091
-0.004782369
-0.02352906
0.04332278
0.007291483
-0.008283288
0.05401883
0.006019077
-0.01831646
0.06367571
-0.01864699
-0.001105613
0.01010634
-0.01634775
0.01045678
0.05925617
0.02320436
0.01794724
0.05520758
-0.09387537
0.03385016
0.09125805
-0.06872585
-0.02964889
0.1319611
-0.05191222
-0.03655718
0.05170802
0.0008192036
-0.01019632
-0.0190086
0.008075375
-0.01942285
-0.007592566
0.01293266
-0.04452404
-0.00927647
0.01430782
-0.01937314
-0.02564104
-0.01036578
-0.000844184
-0.01325634
-0.01987328
-0.02307144
0.01478237
-0.009979546
-0.02334483
-0.05349942
0.002633911
0.02226607
-0.02709677
-0.03441463
0.01976888
0.02516204
-0.03192487
0.01404339
0.00713528
-0.009535505
0.01412024
0.02060129
-0.01135119
0.006952591
0.01709857
0.001008814
-0.02234105
0.02544249
-0.006254005
-0.04067487
-0.004120683
-0.01711694
-0.03813968
-0.009399566
-0.04655802
-0.04043835
0.009036368
-0.05524037
-0.05464051
-0.01503455
-0.03111478
-0.03070131
-0.0001619144
-2.407423e-05
0.0004778023
0.0008180048
0.0004638112
0.0008462256
-0.001923207
-5.609498e-06
0.003758481
2.580439e-05
-0.0004774708
-0.0183276
0.005884389
0.01755433
-0.0371563
0.02869461
0.01090057
-0.04120237
0.01076617
0.02941123
0.01162901
-0.01626712
-0.02092931
0.01546048
-0.02119615
-0.04369516
-0.008792924
-0.008365476
-0.002375227
-0.007947464
-0.01124465
-0.005916077
-0.01515027
-0.01353288
0.02740711
0.001773076
-0.002186976
-0.008330205
0.06650051
-0.02005338
-0.04176193
0.04048774
0.05322759
-0.03424901
-0.04219565
0.03787269
-0.000736633
0.01453905
0.002899713
-0.0009678883
0.0131949
0.01203085
-0.006744459
0.04033874
0.02168183
-0.03103017
-0.01802732
-0.02193575
-0.003369884
0.006563341
0.008697911
0.007987608
0.007277387
0.01589835
0.009395448
0.003616188
-0.009172222
0.02516602
0.03561116
-0.03836541
-0.005814792
0.03680812
-0.0209871
0.03756109
-0.02036484
0.01203136
0.02289979
-0.01067914
0.01173967
-0.02690074
0.002708488
-0.01560572
0.01190533
-0.08136497
0.05939209
0.08328601
-0.02732787
-0.08280321
0.04902688
0.01562427
-0.09091163
-0.006441096
-0.01347691
-0.01160119
-0.01507629
-0.01088617
-0.02083999
-0.008526672
-0.02088298
-0.01909339
0.006171857
0.01843817
0.02827686
0.008218298
-0.006212817
0.02783636
0.0265051
0.0002084083
0.01203229
0.04231068
0.002253301
-0.005211142
0.0277121
-0.01067397
-0.02458316
0.03929384
-0.01228898
-0.02712732
-0.01336217
-0.0003880837
0.0002026236
-0.006717653
0.008831893
-0.005371678
0.008231474
0.02658476
0.00613783
-0.004822401
0.0009825098
-0.03086747
-0.03342978
0.01015023
-0.01149158
-0.01625668
0.01909469
0.01229831
0.006341156
0.005389522
0.005829106
-0.01889666
-0.01828202
-0.01411009
-0.009829968
0.006102677
-0.0004860828
-0.0002360084
-0.002751912
-0.000636962
-0.0006634289
-0.0002728181
-0.001236895
-6.510566e-06
0.003670224
-0.0001740458
0.01451466
0.05965125
0.1220358
0.2323608
0.2011981
0.1577371
0.1542689
0.1537835
0.08347329
0.06372026
0.02388722
-0.009851872
0.007058078
-0.02201912
-0.0923494
0.02335033
0.01472082
-0.01410097
0.03319041
0.04260304
-0.0696376
0.028172
-0.01237561
-0.05012423
-0.02098812
-0.1431693
-0.0737705
-0.002130845
-0.0278051
0.03354448
-0.004490765
0.02939391
0.22302
0.0162024
0.1041192
0.1030226
0.132654
0.01027085
0.04518789
0.02972264
0.05764412
0.006582445
0.04039036
0.05076297
-0.01655418
-0.07029916
-0.03037931
-0.04463861
0.03779425
0.02497052
-0.05492859
-0.006005133
0.0693781
-0.06513473
0.02933119
-0.01588961
-0.09281814
-0.05240684
0.04423405
0.05024046
-0.0530182
0.06021673
0.04499255
0.05951457
0.07551521
0.06294245
0.0128557
0.2040586
0.1319911
-0.05832667
0.1483024
0.1119683
0.04043155
0.02211177
0.07764772
0.1771101
0.2409877
0.1918422
0.06860193
0.2906029
0.141608
-0.02002392
-0.01407868
0.01156378
-0.05944807
0.00487534
0.07655181
-0.05732895
0.05264226
0.1050866
-0.05395732
0.01118174
0.01545931
-0.0007889447
0.07736177
0.04534154
0.03195564
0.1100368
-0.01725986
-0.07440157
0.01789611
0.1219034
-0.003909164
-0.002516039
0.08952167
0.02407857
0.07982139
0.08178145
0.007134858
0.02461253
-0.09880619
0.04991697
0.05420508
0.01266567
0.01050963
0.05734845
-0.04239557
-0.06021066
0.02078781
0.1090925
-0.07138977
-0.001447215
0.08394592
-0.04359318
-0.01898295
-0.02531906
0.004744691
-0.03057113
-0.1289049
-0.002198308
-0.02532489
-0.05679361
0.04612641
-0.03792709
0.05292042
0.001224921
0.001818145
0.0007694848
-0.001697666
0.0004394554
-0.0009557694
0.002320257
0.002047647
0.0005829755
0.04441494
-0.05524605
-0.06263619
0.02268952
-0.05867193
-0.01035949
0.009558139
-0.04405247
0.001619032
0.01135944
0.01518573
-0.03645609
0.0458555
0.002327724
0.02628573
-0.01141234
0.04881025
0.05620632
-0.05756535
-0.04103009
-0.03784389
-0.07793649
-0.04146024
0.04395121
-0.0398299
0.01348205
0.03528611
0.08289465
0.01042673
-0.01845745
0.2061079
0.09159476
0.1177327
0.1234829
0.02162907
0.02785454
-0.02756231
-0.02663409
-0.1136396
-0.1212343
-0.08199371
-0.1089096
-0.08891892
-0.06043304
-0.0008431181
-0.008937145
-0.05766587
-0.002014469
-0.07792679
-0.01836262
0.03839376
-0.02398701
-0.02097142
0.005724448
-0.03509072
0.01724944
0.1052625
-0.06198209
0.02771971
0.0445172
-0.07573233
0.04589484
-0.001944829
-0.07994993
-0.131304
-0.1428688
-0.06382352
-0.1161136
-0.1899932
-0.003567405
-0.1325658
-0.1640203
0.1295214
0.1173268
0.06717106
0.1462148
0.126293
-0.002879478
0.09393739
0.147279
-0.05236307
-0.03583878
-0.02247551
0.01352749
-0.06012334
-0.04109449
-0.005678718
-0.05319576
-0.02377081
-0.02243738
0.01417726
0.02442836
0.01823916
-0.02372762
0.008700958
-0.01839576
-0.02344428
-0.04066107
-0.06056399
-0.02510431
-0.04667721
-0.05307056
-0.01699371
-0.04983963
-0.03817428
-0.01878103
-0.01428196
-0.03435095
-0.006727655
-0.01644427
-0.01052391
-0.01238285
-0.05046608
-0.06613904
-0.03460981
-0.0642637
-0.06846791
0.04094613
-0.009303689
0.02506464
0.03423695
-0.009550659
-0.005721345
0.00759025
0.005445753
-0.04658519
0.01736097
-0.02353675
-0.1021499
-0.03032381
-0.026805
-0.04426763
0.05195022
-0.03307129
-0.01518031
-0.001406676
2.742408e-05
-0.00444973
0.002101285
-0.001588522
-0.00216098
0.001605896
-0.0005469078
-0.002664637
-0.02753706
-0.03746607
0.07033262
0.03140352
0.01468459
0.04680857
-0.004066425
-0.0010735
0.02765401
-0.06425542
-0.04549979
0.04899667
-0.07999966
0.0006552043
0.05583708
-0.04809654
-0.03376004
0.04832541
-0.009555699
0.03612535
-0.02481836
0.06673092
0.03858135
0.05597693
0.07950527
0.04538625
0.03530609
-0.05621546
-0.03196762
0.03681839
-0.0601029
0.04002396
0.08403549
-0.03680162
0.02748656
0.04917259
-0.237248
-0.1790797
-0.05724071
-0.1842206
-0.1391999
-0.008659125
-0.1098804
-0.06223892
0.08772703
-0.09523161
-0.06579927
0.02601053
-0.05208319
-0.01101922
-0.01552752
0.02978089
-0.02704655
-0.0008103325
0.002267889
0.02680774
-0.002643172
-0.01961403
0.03832171
0.07762973
-0.02922075
-0.02739926
-0.001524814
-0.01240045
0.05111859
0.1093799
-0.02753765
0.06495515
0.06939487
0.0006882823
0.02487445
-0.02992302
-0.04347225
0.0105168
-0.006270107
0.0006037858
-0.008370049
0.0130442
0.09560757
0.01928121
0.04356123
-0.07676291
0.01299277
0.00830251
-0.1011645
-0.005046477
0.04396087
-0.1109382
-0.02672722
0.02988716
-0.0206652
0.02906974
0.03251081
0.009568895
0.05757361
0.009096919
0.03043481
0.06897083
0.0101705
0.01271694
0.09235609
0.1123898
-0.03397879
0.07691614
0.1287217
-0.08080667
-0.06113775
0.005287264
-0.0001203769
0.03748592
0.03210646
0.01080049
0.01637
0.04404839
0.004460842
0.008571609
0.007318446
-0.02613394
-0.03920477
-0.04798234
-0.05518037
-0.08270817
-0.06472169
-0.05692293
-0.07374626
-0.0688191
-0.006434613
0.01327277
0.01685151
-0.01129447
0.00347807
-0.005573157
-0.03791479
0.03049238
0.02000941
-0.0009792738
-0.001958926
-0.002802282
-0.0007746568
3.206039e-06
0.002569694
-0.0005789101
-0.000475094
-0.002281713
-0.07710978
-0.04612071
0.04784772
-0.09315599
-0.04253927
0.03221248
-0.07577084
-0.03556567
0.0388671
0.04881056
-0.0006952984
-0.03053706
0.04295275
0.03105574
-0.03054532
0.008774482
0.008970537
0.00677594
-0.02760564
-0.008014997
-0.01313371
-0.002917329
-0.01101515
-0.02361814
0.02788845
0.01207261
-0.01375322
0.00324385
0.02595977
-0.002314983
0.01605048
0.02444157
-0.004352038
-0.05448228
0.004487259
0.02317692
0.06256071
0.03804664
0.002489178
0.04208383
0.00547799
-0.005066703
0.003970559
0.03610307
0.02258624
0.0002540565
0.02133727
-0.02557456
-0.003277052
0.01949674
-0.01293114
-0.002196266
0.04834911
-0.001281455
0.01639512
0.001597278
0.007168196
0.001338686
-0.03938361
-0.006989637
-0.008848559
-0.04125724
-0.02341728
-0.01572197
-0.03429213
0.007751
0.02370958
-0.03805748
-0.01154473
0.02432764
-0.009023454
-0.04213497
-0.03826879
-0.01784792
0.04678711
-0.01971428
-0.07605777
0.03870033
0.00999116
-0.07230871
-0.04128465
0.01773133
0.01610885
-0.008455216
0.03590892
0.003390817
-0.008455693
0.02742771
-0.01102882
-0.02383772
0.0141999
-0.01694742
-0.02156779
0.004156739
0.01077201
-0.02799762
0.01759632
0.005883709
0.01243997
-0.01194578
-0.02638655
0.00314146
0.000524157
-0.0140886
0.01573916
-0.004611793
-0.04557764
-0.05254672
0.002197844
0.01725433
0.0510917
-0.006346125
-0.005231179
0.02522485
0.004910616
0.03148015
0.04436006
-0.00112741
-0.01506971
-0.004311008
0.03673054
-0.003779665
-0.01683591
0.01241204
0.006938071
0.007706778
-0.03104342
0.0007428126
-0.002453495
-0.009587759
0.00973832
-0.01136204
-0.0163221
0.005670446
-0.001477796
0.0003713963
-0.0007194955
-0.0004408119
0.001069742
-0.003554213
0.0007791138
-0.001579276
-0.002711378
-0.0005136557
0.05405479
-0.03483893
-0.09306817
0.02244684
-0.009486558
-0.08765383
0.02741437
-0.02885097
-0.03052067
0.08015743
-0.0007204234
-0.07464848
0.02082538
-0.009392717
-0.04379685
-0.0470767
-0.1384952
-0.1108603
-0.05763535
-0.01680691
-0.057772
0.07045854
-0.01458962
-0.04067678
0.08046816
0.001650157
0.03111323
0.04684167
-0.01697399
0.02877133
0.0002197856
-0.04266807
-0.06741057
0.07675773
-0.05959706
-0.04843245
-0.007107128
-0.04700052
0.06083021
-0.005569212
0.002921933
-0.02326856
-0.02465076
-0.05056611
-0.1006401
0.02217262
-0.01979378
-0.06564031
0.05155842
0.02088145
0.02320142
0.04041234
0.0114507
-0.03213963
0.005466808
0.01881144
0.01405639
-0.05180944
-0.0998333
0.03007087
-0.04024072
-0.01944494
0.009912136
-0.02653254
-0.01655099
0.005155324
-0.1218939
-0.113724
-0.1320589
-0.07822739
-0.1253451
-0.1426978
0.02224302
-0.01914326
-0.1060102
-0.06091456
-0.097663
-0.2241358
-0.1381423
-0.1438598
-0.2322042
0.05761314
-0.04520626
-0.002506215
-0.00145767
-0.1237494
-0.06023826
-0.02147391
-0.1013377
-0.01853969
0.07910769
0.04267107
-0.07772979
0.001254054
-0.008151427
-0.1421441
-0.07334091
-0.07957678
-0.09830345
-0.003657267
-0.1076743
-0.09927364
-0.01394288
-0.05754797
-0.0804032
0.006456607
-0.1162645
-0.1048723
-0.01615267
-0.06262697
-0.02489968
-0.007955367
-0.02650083
-0.003637018
0.01880519
0.04909085
0.001285919
-0.008897373
-0.06989256
-0.01727538
0.00101439
-0.09696997
-0.07484621
0.0005342334
0.007291207
-0.0197084
-0.007849326
0.01295532
0.006300419
0.0400736
0.07081642
0.04781688
0.08080906
0.03027138
0.06539425
-0.001192427
-0.000417358
0.0007362966
-0.003681946
-0.001012814
-0.0001842062
-0.0005793292
0.0002468441
0.002182367
0.0182509
0.02545104
0.02476606
0.006672448
0.01359108
0.03357522
0.009237644
0.03277736
0.03175306
0.01994429
0.007462774
0.03525511
0.005324589
-0.007781376
0.00783667
0.005650393
-0.01810231
-0.0265608
-0.03040055
-0.01318249
-0.003367304
-0.02174514
-0.00881955
-0.00925939
0.01322788
0.01103641
0.005844241
-0.007614059
-0.02213294
0.03025094
0.01589843
-0.02261279
0.01385854
0.03242302
0.006975824
-0.00667731
0.007532551
-0.000729762
0.01126552
0.008100879
-0.002884626
0.001226711
-0.01641652
-0.01075551
-0.009770826
0.005973949
-0.01560496
-0.005283744
0.007602443
-0.004286375
0.002758899
0.01475517
0.003937216
0.01435125
-0.009181468
0.01988753
0.02090109
0.000481
0.01440182
0.03084586
-0.008345314
-0.00218293
0.02356657
-0.04230123
0.0313406
-0.02562181
-0.04992544
0.01273255
-0.01158918
-0.04162541
-0.01195033
0.0161267
-0.00556054
0.03244112
-0.05934549
-0.04576362
0.05525612
-0.03273772
-0.08278418
0.05738089
0.06616693
-0.002738758
0.001424266
0.008850394
-0.005698884
-0.002478178
0.007919286
-0.03189263
-0.027799
-0.01015172
0.00858108
0.01611823
0.02150702
0.03461127
0.008188404
-0.007487843
0.02551514
0.04531273
-0.007656523
0.003666145
-0.01410691
-0.001318073
0.004173407
-0.01500553
0.01101219
0.003681542
-0.003861104
0.01754529
-0.005577718
-0.001453941
-0.0008483519
-0.01159388
-0.002272995
0.01317626
-0.01077362
-0.004888248
0.0293416
-0.001006043
-0.006840723
0.003728986
0.00845686
-0.01272843
0.0008287585
0.01151214
-0.02173503
-0.002427864
-0.000582886
-0.0005832405
-0.02399414
-0.006399996
0.007909682
0.00075883
-0.008577557
0.01554815
0.01596775
-0.002578034
0.0006794658
0.001471403
-0.0005713904
0.0006761008
0.00336105
0.002920523
0.004472075
-4.967095e-05
-0.0518997
-0.07275745
-0.009983966
-0.01030047
-0.0796794
-0.1035034
-0.03326027
-0.01260922
-0.07864532
0.09112058
0.2099383
0.1784067
0.08770055
0.2124443
0.04651672
0.05033964
0.08417211
0.09772811
0.0147912
0.1677003
0.05037588
0.1267996
-0.04740129
-0.0758376
-0.005940954
-0.09588166
-0.05610033
-0.0554879
0.06113645
0.02226251
0.05146143
0.04075374
0.08042321
0.07260258
0.04989466
0.04397274
0.1531451
0.1660256
0.2333505
0.06243984
0.1958819
0.1348584
0.05190722
0.1146439
0.02831245
0.005304189
-0.03741443
-0.0825442
0.03770095
0.01187607
-0.08826105
-0.04979833
-0.06321477
-0.1244111
0.08274331
0.0605572
-0.1015144
-0.09897836
0.01505642
0.1210724
-0.0974683
-0.007242595
-0.02747488
-0.03018171
-0.04689075
-0.07866038
-0.009567656
0.06362325
-0.1011396
0.03028841
-0.04466728
-0.05803679
0.008088385
-0.1043719
0.08783457
0.02799061
0.1054206
0.007525419
0.05648859
0.02990398
-0.05150764
-0.03574098
0.0009182618
0.03379716
-0.03131158
-0.01316998
0.01096946
-0.05873002
0.02593567
0.04807315
-0.005990752
0.02997145
0.07613929
0.003865567
0.02629203
0.00127187
-0.03781882
-0.03541883
-0.04090559
-0.01545093
0.01107441
0.1263877
-0.0215294
-0.06241066
0.07447442
-0.1221965
-0.00808606
-0.01212172
-0.06132694
-0.08532926
0.01473495
-0.1428372
-0.06489404
0.03028972
-0.02454749
0.01295641
-0.009656473
-0.02840181
-0.05491989
0.0220872
-0.04650283
-0.1347196
-0.01802307
-0.009195187
-0.05166013
-0.1016576
0.05467879
0.1116874
0.03968164
0.06502313
0.06222939
0.0601986
0.004472815
0.02134552
0.1915024
-0.0008392801
0.002903777
0.003652065
0.001504777
0.002055492
-0.0008901717
-0.002685474
-0.002068999
-0.0003486863
0.05711903
-0.02279653
0.01452234
0.01269687
-0.08568221
-0.06279929
0.01721101
-0.03999834
0.01159938
0.0007531918
0.1301032
0.03278724
0.07803185
0.1374693
0.03739516
0.1269317
0.03355743
-0.001070752
0.01361355
0.007654928
-0.01485863
0.05568641
-0.0244738
0.01969485
-0.02128665
0.006761767
0.06370089
0.01413608
0.1876032
0.2110106
0.0461298
0.155611
0.1873764
0.1380803
0.1077081
0.1351787
-0.09176459
-0.1150876
-0.0708702
-0.1062162
-0.11039
-0.08498497
0.006403162
0.005872389
-0.08607534
-0.07820064
-0.1134791
-0.08008239
-0.0286214
-0.002299905
-0.1654242
-0.04010719
-0.05249561
-0.1023285
0.05796292
0.07500497
0.03882866
-0.008384555
0.04181708
0.04479337
0.03349161
0.08080974
-0.0964807
0.01631772
0.03953135
0.04400157
-0.01033884
0.1065437
0.06567743
0.01322108
0.06850313
0.09657463
0.005471912
0.1543389
0.06243574
0.1804301
0.2552052
0.07743146
0.03340033
0.1401136
0.09627447
-0.0881338
0.0008334523
0.008044501
-0.01670269
0.0528947
0.02474336
0.01688798
0.0741743
-0.0417477
0.02958544
0.07439199
0.06109525
0.1292228
0.1767472
0.0344128
0.08642478
0.165483
0.08894721
0.07945834
0.1436281
0.08868642
0.2076167
0.1786226
0.08537152
0.1650571
0.2218291
0.06339698
-0.08376288
0.01059336
0.08041755
-0.08292943
0.1179224
0.1461851
-0.0817897
0.04906418
0.1118929
-0.04635168
-0.06581639
-0.01480768
0.04731281
-0.03240379
-0.09946988
0.1217536
0.06771506
-0.02848794
-0.06019831
-0.1267678
-0.03811693
-0.03624853
-0.05980062
-0.01856074
0.0006097899
-0.0133995
0.01056658
-0.0008475585
0.001132795
-0.000115165
-0.0004692291
0.0009575126
0.002268433
0.004163372
-0.003887385
-0.0013642
0.051352
0.02560261
0.03621326
0.04731337
-0.008983414
0.02211451
0.03304673
-0.02338335
-0.003107146
0.05344126
0.0382145
0.01495074
0.06651236
0.07039453
0.08657954
0.05938626
0.1087977
0.05821701
0.02470198
0.01906652
0.004184325
0.01217102
-0.01341264
0.03278506
0.01536493
0.0587121
0.04037569
-0.08911293
-0.04444083
-0.09692231
-0.01307826
-0.0392
-0.06097268
-0.0503885
-0.07047568
-0.1170605
0.0571476
0.0698278
0.01277659
0.1327384
0.1501393
0.03743359
0.1362516
0.1062504
0.03802571
-0.01573896
-0.01596394
0.02038823
0.006188692
-0.04480183
-0.006098707
0.0699164
0.02842146
0.06293529
-0.001059074
0.01850468
0.06681111
0.02715002
0.05100223
0.08799624
0.02702171
0.03664325
0.0650839
0.001030486
-0.02414786
-0.04168226
-0.003428836
-0.1107784
-0.1040638
-0.03990443
-0.1390136
-0.1012659
-0.07891852
-0.0782309
-0.09817831
-0.0937332
-0.1086125
-0.05877784
-0.06111011
-0.1060182
-0.08224017
0.06301964
0.06743902
0.03306887
0.05076004
0.01692868
0.02496363
0.05507055
0.0193124
0.006199903
-0.05550967
-0.004845781
0.0244808
-0.02193496
-0.01779968
0.02922094
0.01562892
0.01043201
0.08184421
-0.01649141
-0.05255852
-0.0324584
-0.05303109
-0.02942112
-0.02749184
0.06160266
-0.04710886
-0.03113621
0.02641554
0.04305912
0.003100639
0.02421007
-0.03051044
-0.007220211
0.001909092
-0.02573637
-0.05549095
0.02506097
0.06142969
0.06985097
0.02019528
0.04517194
0.03178385
0.05264592
0.03771331
0.05078335
0.02983899
0.06639286
0.06803206
0.01688762
0.05584623
-0.01303897
0.06884727
0.05965268
0.05423101
0.002191363
3.351227e-05
-0.0007856992
-0.0001158226
0.001015328
9.799007e-05
4.734073e-05
0.0001661868
0.0002689159
0.0373569
0.06215978
0.003913357
-0.03203225
0.05640943
0.1262555
0.03371747
0.06828091
0.02383885
-0.06124576
-0.0008747287
0.1095237
0.04580218
-0.04307163
0.08726776
0.06440787
0.02518992
-0.01298745
0.006431978
-0.03964669
0.1579972
-0.07186786
0.1685489
0.08570603
0.06478852
0.04904851
-0.04344246
-0.006470936
0.02011681
-0.0439593
0.03995931
0.1081355
0.01002498
0.02890011
0.03525778
0.02936846
-0.002403889
0.06098143
0.02274169
0.02629048
-0.01465408
0.03654627
0.01702676
-0.03540504
0.06563689
-0.06266059
0.04776317
0.02208359
-0.04581571
-0.05795627
-0.05279791
-0.009421518
-0.1262202
-0.0463219
-0.02261473
-0.04715985
-0.006568188
0.1106207
-0.034619
-0.2062737
0.01318721
-0.09256481
0.03386692
-0.1146793
0.04904232
-0.103099
-0.1020594
0.04991298
0.03345231
-0.07929279
0.07333146
-0.00943111
-0.08010665
-0.02050825
0.04435763
-0.1719713
0.0493174
0.1416118
-0.2117309
0.0364772
-0.04172998
0.104808
0.0340646
-0.04976225
0.04188851
0.0267118
-0.07793215
0.0270168
-0.02540091
-0.09344599
0.0316963
0.03286033
0.006389054
-0.007402164
0.02241196
0.08249511
-0.003828119
0.0007705056
0.05847649
-0.01364742
0.06000038
-0.001382313
0.01330248
0.004004752
0.002171778
-0.07828174
0.032959
0.03572879
0.05410609
0.07152961
-0.01858339
0.0243445
-0.02552414
-0.01146427
-0.04454628
-0.06951673
0.06362566
0.001013126
0.06816251
-0.02622086
0.05040761
0.1009039
0.001475416
-0.06294756
-0.0375747
0.01531773
-0.05079812
-0.004247625
0.08469201
-0.006865359
0.01227285
-0.02143751
-0.03203782
0.0310066
-0.02963249
0.0003641054
0.003919698
0.002577815
0.001172223
-0.001916355
0.00467917
0.0005715506
-0.0002917189
5.888782e-05
0.03243501
-0.01687579
-0.007581744
0.04673525
0.01920468
-0.02518946
0.03432541
0.01402603
0.001707307
-0.08384454
-0.04711101
-0.02431317
-0.06875465
0.02582301
-0.0004545133
0.004251895
0.04685142
0.02730733
-0.05774786
0.00440935
0.04835479
0.01587455
-0.0202886
0.04829933
0.01959007
0.01736852
-0.01834216
-0.08621847
-0.05296111
-0.07240653
-0.08870799
-0.004487312
-0.08323055
-0.07545809
-0.04835013
0.02268518
-0.1360328
-0.1445648
-0.06521317
-0.06728715
-0.03302989
0.01490371
0.01483719
0.04328269
0.02394694
-0.007025763
0.01835791
-0.01678927
-0.01842359
0.07342865
0.02039522
-0.003394948
0.02515354
0.008094724
-0.06802075
0.05692617
0.02970595
-0.09032804
-0.07200763
0.01300776
-0.04833627
-0.03223621
0.020474
0.06906177
-0.03757145
-0.04563706
0.07636701
-0.02111991
-0.03711388
0.109359
-0.02287665
-0.06400798
-0.02544885
-0.05132429
-0.05109842
0.01247874
-0.03688343
0.01172351
-0.03788323
-0.12251
-0.07145789
-0.005337132
-0.05455201
-0.004510562
-0.01065412
-0.06366332
-0.02991145
0.01295546
-0.02066172
-0.02981753
-0.03917655
0.04067297
0.03458215
-0.02571217
0.05796475
0.04968139
-0.04101388
0.05630203
-0.004016309
0.07136067
0.01241768
-0.06605534
0.06993549
0.08608425
-0.02217096
0.04505676
0.08654882
0.08547298
-0.05604909
-0.08240698
-0.0312069
-0.04217018
-0.08566358
-0.001361419
-0.04185737
-0.04201332
-0.04163904
0.03584379
-0.03084177
-0.05283387
0.06494985
-0.03461177
-0.1097622
0.08630122
0.02354346
-0.05837221
-0.00512759
0.03651677
0.04080343
-0.00743305
0.03349229
0.04337232
-0.01328494
-0.0002658196
0.01793431
0.002916113
-0.0006353007
-0.001010342
-0.001026491
-0.001503679
0.003149845
-0.001711522
-0.002113926
0.0002608545
-0.05197956
-0.02894845
0.08335979
-0.07891198
-0.03413938
0.08272769
-0.1225324
-0.09301838
-0.02064921
-0.1108103
-0.0753452
-0.006464045
-0.09038531
-0.08167566
-0.09063546
-0.03364439
-0.04615802
-0.05940219
-0.07404929
-0.04418531
-0.009346161
-0.02932632
0.0003293277
-0.0284096
0.04359427
-0.06851555
-0.1328078
-0.02356013
-0.01721749
0.04355913
-0.06116086
-0.04887167
0.01652255
-0.03290471
0.03675912
0.02346319
0.05336297
0.02311634
0.01811232
0.0989785
-0.003451631
0.005299748
0.03570934
-0.025043
0.009983487
0.01154616
0.02057109
-0.01769562
0.04252828
0.02392303
-0.04847277
0.09368103
0.0875541
-0.001764702
0.03952802
0.02790544
-0.03396197
0.05613341
0.02479988
-0.04395536
0.03246452
-0.01975504
-0.0002483792
-0.09462669
-0.09147083
-0.108997
-0.09328456
-0.1295237
-0.07633347
-0.07291034
-0.1052211
-0.09739702
-0.0003851572
-0.1219502
-0.01665974
-0.03058984
-0.05970147
0.01065968
0.1250339
0.01102578
0.01088616
-0.01824435
0.01977342
-0.01471422
-0.02829985
-0.03131365
-0.06120491
-0.02181571
-0.04782623
-0.04966807
-0.04044855
-0.08740718
-0.03876704
-0.004531094
-0.07866038
-0.03858754
0.05667389
0.04559964
0.01617732
-0.08336261
-0.0646139
-0.03187323
-0.03045624
-0.05921991
-0.04663471
-0.007107336
-0.05951361
-0.05281096
-0.07729281
-0.05316949
-0.01962856
-0.08874395
-0.06047293
0.03306692
-0.09639069
0.003762737
0.05910432
0.05396772
0.06503054
0.01042531
0.01688102
0.01747206
0.01563456
-0.04023156
-0.0490569
-0.02975442
-0.05331046
-0.03218212
-0.02865193
-0.04523234
-0.02693625
0.01300844
-0.08080157
-0.01913796
0.008491289
-0.001256211
-0.001141574
0.002950256
-0.004506794
0.001188931
-0.00115684
-0.002027802
0.001291104
0.004047596
