-2.824745e-01
-2.718787e-01
-2.996811e-01
-1.947901e-01
-3.044162e-01
-2.944464e-01
-3.452970e-01
-2.573773e-01
-2.131762e-01
-3.232045e-01
-2.697538e-01
-2.488560e-01
-4.332650e-01
-2.889044e-01
-2.132997e-01
-3.660978e-01
-3.385889e-01
-3.067493e-01
-2.468195e-04
-3.749594e-01
-4.023078e-01
-3.951825e-01
-3.332599e-04
-3.986549e-01
-3.033737e-01
-1.600046e-01
-3.827965e-04
-2.145876e-01
-2.923798e-01
-2.103287e-01
-3.107311e-04
-1.980299e-04
-2.496399e-01
-2.672356e-01
-4.983179e-01
-2.121764e-04
-2.640781e-01
-3.982441e-01
-2.803635e-01
-1.624641e-01
-2.576361e-01
-3.274151e-01
-3.856956e-05
-1.537410e-01
-3.378133e-01
-3.640990e-04
-3.570845e-01
-3.608081e-01
-1.157593e-01
-4.070937e-01
-1.721616e-01
-3.014036e-01
-2.029123e-01
-2.366755e-01
-3.757555e-01
-2.443762e-01
-3.928914e-04
-1.972331e-01
-2.294948e-01
-3.068509e-01
-3.160672e-01
-3.392742e-01
-1.641898e-01
-3.220342e-01
