3.429464e-01
3.576360e-01
3.510566e-01
3.196439e-01
3.014072e-01
3.233483e-01
2.378244e-01
3.335010e-01
3.736750e-01
2.415760e-01
3.862595e-01
2.611924e-01
3.083799e-01
3.215893e-01
3.187109e-01
3.460867e-01
3.521848e-01
3.206557e-01
3.221969e-05
4.524254e-01
3.400593e-01
2.752112e-01
4.068062e-05
4.114190e-01
3.390555e-01
2.448769e-01
-2.378290e-05
3.481397e-01
3.663924e-01
2.442477e-01
4.379125e-05
2.361953e-06
2.919117e-01
3.184679e-01
3.151715e-01
-2.488600e-05
3.215723e-01
4.097615e-01
3.280526e-01
2.447729e-01
2.511949e-01
3.091348e-01
1.298305e-06
2.131837e-01
2.996196e-01
5.285609e-05
2.980366e-01
3.430219e-01
2.246559e-01
3.328501e-01
2.952645e-01
3.498168e-01
2.629407e-01
3.235023e-01
3.102766e-01
3.128980e-01
-2.817111e-05
1.921604e-01
3.166266e-01
3.095113e-01
3.590546e-01
3.769508e-01
3.070095e-01
3.078899e-01
