16 16 3
0.02337329
0.02201156
-0.02565084
0.06125328
0.005207086
-0.01826282
0.02415716
-0.002900934
-0.04445621
0.08395681
0.01273658
-0.05447683
0.08863147
0.03655649
0.00391205
-0.1564443
-0.2172337
-0.04362895
0.01689416
0.04207746
0.05721007
0.01901566
0.03286781
0.05350988
-0.03857544
0.02118656
0.01162586
-0.03157158
0.01635208
0.0284648
-0.00843644
0.004578774
-0.007226946
-0.004076882
0.02862824
0.0295306
-0.02529238
0.00284749
-0.003349312
0.02894249
0.03799456
0.02107612
-0.02549622
-0.01578934
0.0024347
0.0005906563
-0.02983732
-0.03876961
0.01773119
0.01170395
0.02981459
-0.04217329
-0.02723825
-0.05341633
0.02597289
0.04688114
0.02804708
-0.01163255
0.04185701
0.04083696
0.003519772
0.02104443
0.02610333
0.001680442
-0.0008870373
0.0004096715
-0.001159371
-0.00193036
-0.002689534
-0.001789169
-0.0002858911
0.002354046
0.0006392816
0.001809538
-0.0004035392
0.001728528
0.001861531
0.001316883
-0.002513552
0.002781847
0.002417336
-0.009990632
0.003143399
0.02532176
-0.00917462
-0.02203551
0.02371876
0.06179016
0.04347522
0.00611011
-0.06202222
0.02457753
0.0007223321
-0.01105698
-0.0328984
-0.03482274
-0.01050552
-0.02381263
0.03382995
0.01825009
0.03658503
0.01812539
0.01696785
0.002100519
0.008397443
-0.0209522
-0.01684895
0.004705902
0.03986229
0.06127387
0.02975585
0.006281137
0.04397647
0.02397828
-0.007212141
-0.02012213
-0.02652114
-0.11823
0.04421799
0.1569795
-0.1322225
-0.01584913
-0.0617707
0.1262762
-0.02549548
-0.03951238
-0.02890151
-0.01525019
0.005368741
-0.001514416
-0.04768766
-0.05234687
0.01203741
-0.003835351
0.00135131
0.03065057
0.03779079
-0.05566747
-0.03092848
0.02478764
-0.03090929
-0.04437968
-0.01701163
-0.004094825
-0.04703083
-0.04204642
0.02244986
-0.01663776
-0.0626868
-0.03930485
-0.1041764
-0.1172078
-0.0102984
-0.03714159
0.1302724
0.09973976
0.1264988
0.2271658
0.1784264
0.1023468
0.1871272
0.09160303
-0.1011916
-0.05737766
-0.03991977
-0.03754045
-0.03451338
-0.05125945
-0.06750049
-0.1054012
-0.09185882
-0.01878894
-0.06019745
-0.1275086
-0.04133147
-0.04085047
-0.06631151
0.07281253
0.03567901
-0.01757067
-0.01284943
0.03408271
-0.0005976997
0.02679552
-0.0207219
0.01721413
0.02051947
-0.0005266265
-0.01864381
0.01102112
0.1100939
0.008869079
-0.03061822
-0.03285414
0.08557727
-0.03649387
0.04506188
0.1488295
-0.05303143
-0.08275235
-0.02875062
-0.04402097
-0.09504236
-0.0930104
-0.04376602
-0.05026817
-0.04589244
-0.0001534087
-0.001246849
-0.0008375081
0.0008941271
-0.001865344
-0.002279162
-0.001875367
0.001203668
0.001325237
0.00259499
-0.003998868
0.003152416
-0.001740315
0.001112792
0.000605271
-0.002123618
0.001687948
-0.0002815501
0.08220816
0.009643647
-0.1120231
-0.05813271
-0.1124885
-0.06743169
-0.05933141
-0.1225638
-0.1032097
0.04508476
0.04173009
-0.02138966
0.04384777
0.1585485
0.04528822
0.1741332
0.04364933
-0.00950293
-0.01499711
-0.05866063
-0.02857471
-0.05122794
0.008485289
0.03949745
0.01327577
0.00432138
0.05937823
0.05463703
-0.05328792
-0.04067301
0.006148505
-0.0411511
0.05764447
-0.06291147
0.06359246
0.05561738
0.1374608
-0.04609646
0.01832148
0.04996881
0.3533699
0.2436061
0.2229251
0.2225089
0.0814235
0.1389816
0.01650161
-0.03257118
0.04610455
-0.004724994
0.02342774
0.02061846
-0.03604814
-0.05540106
-0.06881972
0.09942351
0.07179978
-0.01040592
0.1448773
0.14366
0.01368991
0.08086263
0.101558
0.04708121
-0.03877044
-0.1298445
0.08900502
0.04692551
-0.03326086
0.09389786
0.1165621
0.09551129
-0.02092449
0.0192925
0.01440531
-0.1455639
-0.001212154
0.03397914
-0.09606005
-0.04758428
0.009555793
-0.01607721
0.02961433
0.05133873
-0.05351533
-0.02820653
-0.01165056
-0.02908348
0.0283724
0.01930509
0.02831311
0.05742113
0.06417545
0.1238467
0.13449
0.1370408
-0.01902475
-0.01110683
-0.02822362
-0.01666809
-0.009369168
0.01207646
-0.002280843
0.002263447
0.009424945
-0.02235423
-0.02392696
-0.01417364
-0.02194849
-0.01066679
-0.01920738
0.01804526
-0.01833608
-0.02092708
-0.02760379
-0.03774375
-0.07800289
0.0329053
0.05055188
0.02903068
0.05246439
0.09436707
0.07956181
-0.03609024
-0.02299363
-0.0006882927
0.001779685
-0.002068412
-0.001381712
0.001917464
-0.001359987
-2.661045e-05
0.0009819688
0.002195731
0.0004308826
-0.001983037
0.001764566
0.0009460751
-0.001904653
-0.0009273491
0.003379416
-0.0001045012
-0.000957476
-0.0004015351
0.02793905
0.1174264
0.07556135
-0.01791367
0.06156928
0.1205414
-0.05059895
0.02842792
0.07367923
0.103438
0.07336085
0.02038437
0.08397597
0.02515128
-0.02854551
0.0361199
0.004164279
-0.03581872
-0.02696201
0.01106795
0.01250753
-0.009414158
0.02330138
0.09305444
-0.01152387
0.02865562
0.08072828
-0.06566347
-0.09776574
-0.03205312
-0.05579755
-0.05407748
-0.002818318
-0.01130615
-0.0173849
0.01240141
0.007456538
0.04274842
-0.02879469
0.06302889
0.003238084
-0.02873422
-0.02010964
-0.102864
-0.02491143
0.01431337
-0.01726369
-0.01637107
0.06539983
0.05247081
0.07243557
0.04052848
0.07419591
0.08227578
-0.001873214
0.007910139
0.006222721
-0.008296078
0.05018364
0.04223455
0.04151304
0.008162767
0.02161936
-0.01871406
-0.01638697
0.007722333
-0.02885879
-0.00621176
-0.006021774
-0.004290624
0.002816785
-0.003205919
-0.03379403
0.02042429
0.0611572
0.005857951
0.08560638
-0.04132074
0.01201135
-0.09214294
0.002110488
0.01067849
0.0283548
0.02523032
0.00573249
-0.008088601
-0.02014983
0.01161593
-0.01377617
0.005569591
-0.00382768
-0.0003994809
-0.01323844
-0.006428803
-0.02122048
-0.01912732
-0.003628942
-0.0009715265
0.004402055
-0.002089415
-0.009114003
-0.0137738
0.007889864
0.008278492
0.01624534
-0.001262829
-0.003926328
-0.006298478
0.02154744
0.02408501
-0.008218278
0.01693345
-0.0250428
-0.018997
0.002773529
0.004052972
0.03164522
0.007810533
0.006836496
0.01836331
-0.002383374
-0.003132924
-0.003840708
-0.01027218
-0.008140469
-0.004378163
-0.003558833
0.0002538235
-0.001144086
0.0007650555
0.001773348
-0.002213219
-0.0009036016
-0.0003536597
-0.00171072
0.001180719
0.001260953
-0.001598746
0.003026228
0.0009569932
-0.003587496
0.00300215
-0.0007626003
-0.000991425
0.00647281
0.004092975
-0.002875256
0.0122361
-0.006445332
-0.006938725
0.01558727
0.003431502
-0.0007877218
0.02037704
-0.04216602
0.003422392
-0.02027386
-0.005402954
0.01494527
-0.004607767
0.002620534
-0.00283833
0.01039489
0.00467532
0.006777902
0.01232318
0.017075
-0.01106595
0.01746581
-0.005319177
-0.001362253
0.007629534
0.001251422
-0.01779156
0.002464393
0.01363826
-0.02156588
0.008691917
0.02440345
-0.0100017
0.08317328
-0.05091954
-0.07063118
-0.04009767
-0.02718766
0.05875478
0.01453158
0.07032704
0.01056058
-0.00565439
0.00772722
-0.003090733
-0.0002145954
0.00348751
-0.0009340481
-0.02633579
-0.01859546
0.002594851
-0.004296889
0.02498472
0.02016282
-0.00753296
0.008209357
-0.04462732
-0.004855201
0.001361692
0.01125273
-0.007614681
-0.05945173
-0.05156165
0.03061438
-0.01122143
-0.01249465
0.04669159
-0.005268833
0.01770079
-0.006084986
-0.02295574
0.1575475
0.1129173
-0.1243048
0.1235536
0.01985513
-0.0426681
0.06713991
-0.00890255
-0.05971432
-0.05998906
0.02220894
-0.03614338
-0.01264443
-0.01676037
-0.08520026
-0.04563294
0.02019995
-0.05650425
-0.06790506
-0.05749802
-0.09007255
-0.07616481
0.03202499
0.01939787
-0.01047207
0.01959192
-0.01447291
-0.01056198
-0.006191567
-0.01747622
-0.02463157
0.008703524
-0.03108399
-0.01530435
-0.03153162
0.05790115
0.07471727
-0.09501117
0.002676768
-0.01310006
-0.05265025
-0.1039072
-0.05723596
-0.03157838
-0.04331033
-0.03265395
-0.03322098
-0.06611499
-0.05435721
-0.04480683
-0.01957205
-0.1055683
0.0005882893
0.0004121198
0.001230365
0.002327752
0.001118753
0.003109156
-0.001218943
-0.003237316
-0.002333826
0.002214164
0.0004448021
-0.0004939599
-0.001570883
0.0002875198
0.001443794
-6.317736e-05
-9.722682e-05
0.001019568
-0.05340136
-0.01989308
-0.04635046
-0.02576569
0.06579754
-0.02123264
0.01189327
0.07130043
-0.01650899
0.03733415
0.07034751
-0.02370101
0.0491959
0.08311368
0.04211243
0.03726362
-0.002839244
0.06551943
-0.02171512
0.04230171
0.02305308
-0.07543173
0.08230703
0.08558261
-0.07855175
0.08393662
0.05905686
0.03953075
0.1135443
0.06347957
0.01849293
0.092654
0.1143823
-0.03605111
0.05855288
0.07453537
-0.06754923
-0.04342231
-0.1384664
-0.1242471
-0.07880785
-0.1278414
-0.07861203
-0.0802947
-0.05170482
-0.02721124
-0.03372312
-0.02725984
-0.07116199
0.001139444
-0.01671338
-0.01992682
-0.027633
-0.01613835
-0.08899748
-0.02080542
-0.008819036
-0.06701746
-0.03643042
0.08105761
-0.1316107
-0.08602978
0.049153
0.01110177
0.03670865
0.04932164
0.008867548
-0.02158585
0.04576534
-0.05676723
-0.01953492
0.02765618
0.01269118
-0.03290047
0.04414403
0.03490808
0.01505938
0.1044234
0.04276736
0.1094431
0.05155032
-0.04174295
-0.05488397
-0.07886718
-0.02853862
-0.06652838
-0.05059252
0.01578188
-0.03131443
-0.04202174
0.01999754
-0.01718605
-0.02170894
-0.0011262
-0.01791575
-0.05182869
0.02086393
-0.04773496
-0.03339374
-0.02569037
0.003491307
0.004633096
-0.02241345
-0.01484449
-0.01141601
-0.01323562
0.001205853
-0.005498852
-0.03250062
-0.03310138
-0.03688204
-0.005951766
-0.004682793
-0.003637695
0.01601554
0.02911874
-0.008220178
0.008941185
-0.02721156
-0.006678028
0.001051644
0.0118776
-0.03354018
-0.008404226
-0.02971471
-0.04455898
0.001827081
0.0007069728
0.001676145
9.258142e-05
0.004641397
0.003058509
-0.002340699
-0.002832146
-0.0008456103
0.0002563526
-0.002723535
0.002705678
-0.0003218834
-5.472439e-05
0.00275665
-0.0006350815
0.0011363
0.004501029
0.05874508
0.06499185
0.04409261
0.08587361
-0.0185541
-0.01618852
0.07718755
0.01455792
-0.03288582
-0.02296172
0.008557874
0.04059091
0.01498937
-0.02589004
0.08254029
0.05113029
0.05035119
0.0663854
0.01385584
0.04257302
0.03516076
0.004996886
0.02657155
0.02535093
0.02267523
0.01391384
-0.03932671
0.03250967
0.0139188
0.02242299
0.02370213
0.03315597
-0.01062792
-0.01017186
0.01458031
-0.0274103
-0.07513028
0.02426257
-0.01309081
0.07536429
-0.003236838
0.009627082
-0.02008965
0.04130749
0.0810344
-0.06274928
0.002749124
0.06113336
-0.03548731
0.01069567
0.04790242
-0.02907563
-0.03289489
-0.02612677
-0.02752513
-0.06575333
-0.01557828
-0.08411036
-0.05663454
-0.02706738
-0.01202813
-0.03751255
-0.1038624
0.05593464
0.05192871
0.07821942
0.03285674
0.09660961
0.111945
0.05947211
0.01867784
0.01207026
-0.1365089
-0.159499
-0.0564284
-0.1176869
-0.06627124
-0.1824518
0.08047
-0.1305996
-0.1676448
0.006025669
-0.03144614
0.03987488
0.008175888
0.01607279
-0.00328826
0.006756491
-0.01060551
0.04422312
-0.01737317
-0.001047539
0.05594159
-0.007178761
0.003360544
0.02903732
-0.04397827
-0.04086832
-0.001665138
0.04307159
0.04170187
0.04814612
-0.003408415
0.004845755
0.02188955
-0.0320315
-0.0269835
-0.02758668
0.02377375
0.07646722
0.0346522
-0.04431091
0.03318495
-0.02207951
-0.03479759
-0.07578778
0.09166024
-0.0174011
0.02062319
0.05196051
0.003702455
-0.0185445
-0.01216838
0.04042684
0.01135467
-0.01262512
-0.000903172
0.001733981
-0.001278121
-0.003000593
-0.005049982
-0.003007634
-0.0021807
-0.0003841404
0.002107524
-0.0008366834
0.002187448
-0.001689682
0.001753358
-0.0004645219
-0.0006220993
-0.0009436294
0.002090522
-0.0002159833
-0.007129691
-0.05976075
-0.03740961
0.08838085
0.07734976
-0.006526951
0.06438543
0.05541683
0.0001862642
-0.09484845
-0.01571858
0.01839898
-0.1191062
-0.01858629
0.03476697
-0.1797245
-0.04757098
-0.01219051
-0.03726762
-0.005626708
0.05366115
-0.03032145
-0.0001621058
0.001173709
-0.05661699
-0.01942038
-0.06728756
-0.0752602
-0.01666558
-0.08364686
-0.02972122
-0.02961493
-0.01159055
-0.006921694
-0.07309514
-0.02569948
0.03303114
-0.1156534
-0.2379808
-0.03258873
-0.2024824
-0.08454254
-0.02922905
0.08574419
0.007963144
0.08942548
0.09757536
0.0646233
-0.02266327
0.01570985
-0.009936887
0.001328352
0.03176062
0.07415801
-0.05361769
0.04187371
-0.009559896
-0.01318533
0.0641598
0.09104522
-0.05279371
0.03076608
0.05674748
0.07505801
-0.00813125
-0.06688152
-0.005449291
0.001739475
-0.0537107
-0.03164909
-0.01628523
-0.08061639
0.04209443
0.1486595
0.1994992
0.0439765
0.245862
0.1976709
0.1300353
0.1219273
0.1161688
0.03519532
0.07952566
0.1584162
0.02799374
0.08293781
0.1034182
-0.07394717
-0.0111788
-0.04650288
0.05582169
0.09845117
0.06840394
0.00904023
0.01914473
0.008777814
-0.1492653
-0.07550499
-0.03623096
0.07237436
0.1136321
0.08770157
0.03260573
0.02260192
0.04575647
0.06477644
0.09663517
0.07144383
0.06208691
0.2182819
0.107133
0.09313571
0.06749965
-0.04241556
0.0330451
-0.01239632
-0.08701411
-0.004587305
0.03868209
0.02678211
0.05157322
0.01693369
-0.002834086
-0.05673727
-0.03313104
-0.03250013
-0.0002858411
0.003447848
0.002838539
0.0007827177
0.001823184
-0.004160084
0.0002933689
-0.0002280468
-0.001275445
-0.001507777
0.00200904
-0.003323191
-0.0006383162
-8.269663e-05
0.000569352
0.001690168
0.0001508535
-0.002035534
-0.06115025
-0.02257323
-0.03278074
-0.05556633
-0.06753667
0.04862832
-0.06854716
-0.001994143
-0.01550226
0.02042787
0.02536312
0.01867067
0.003681127
-0.03096854
0.07046852
-0.06405324
-0.01429478
0.01914848
-0.04276333
0.03520902
0.04691179
0.08968019
0.07359729
0.07801981
0.08691152
0.0371852
-0.0007390985
-0.116473
-0.05604709
-0.01289579
-0.05543248
-0.06777447
-0.05121111
0.01956982
-0.02886634
-0.02886092
0.1046819
0.04455629
0.04322388
0.2522188
0.1779447
0.07706919
0.0595963
0.1345472
0.1189772
0.02201922
0.20048
0.1878085
0.02255462
0.1327951
0.1108037
0.03563292
0.1230295
0.1237105
0.01214834
0.09548547
0.1075167
0.1233308
0.08202808
0.04861256
0.004244584
-0.1068438
-0.1567412
0.01546553
-0.03545918
-0.01730153
0.03724139
-0.03097746
-0.04278583
-0.01253123
-0.05078121
-0.05645244
0.07165249
-0.08208921
-0.04196045
-0.0578053
-0.07946466
0.01986295
0.01139357
-0.007689372
0.02366624
-0.007097305
-0.004825642
-0.02138693
-0.01816216
-0.0003527639
0.002090422
-0.005541054
-0.007988269
-0.02837001
0.005838545
0.009961315
-0.009030755
0.05363736
0.06309471
0.04271757
0.05116884
0.04146761
0.01845539
-0.001126492
-0.003001535
-0.007667392
-0.0008625438
-0.01261406
-0.01059396
0.01139743
0.02189784
-0.002240372
-0.05104504
-0.0271046
0.01840652
-0.02442526
-0.01292492
0.01985083
-0.01216098
-0.004997232
-0.00414027
-0.008900098
-0.005194025
-0.04558533
-0.01776879
-0.01861637
-0.02439236
-0.02038946
-0.006258467
-0.02882294
0.0009927375
-0.002060347
0.0007494046
0.002485119
-0.003338133
0.0003133072
0.0002229291
4.761242e-05
0.0002239115
-0.00194886
6.565485e-05
-0.003924624
-0.0002787935
0.003126469
-0.0009694265
-0.001014499
1.327196e-05
0.0004615363
0.002560679
-0.04983791
-0.02131913
-0.002771775
-0.02276311
-0.04502094
-0.01221072
-0.03131356
-0.02903995
0.01841373
0.02228715
-0.01438955
0.05272042
-0.02862681
-0.01493426
-0.01320011
-0.05554428
-0.04726947
-0.01653493
-0.03630152
-0.01823351
-0.02727291
-0.04115755
-0.02812248
-0.007723575
0.005920356
0.004042368
0.005428154
-0.01826954
0.003017088
-0.01635497
-0.05420763
-0.007648209
-0.0353811
-0.0251614
0.002687463
0.002744276
0.02949405
-0.01601363
0.09879882
0.04326109
-0.006057734
-0.06391758
-0.0233395
-0.03048916
-0.01679487
-0.007318864
0.000601572
0.006803058
-0.001337315
0.006732082
0.02960072
-0.002530869
0.02587408
0.0657025
0.03175637
0.07938057
0.0005415602
-0.04465818
0.07153171
0.04611234
-0.001557473
0.04812009
0.01057985
0.005898885
0.03263348
-0.006129197
-0.001214671
-0.004614546
0.004107859
-0.004186596
0.001581901
-0.004089992
0.03397535
0.003507812
0.06173751
0.05141319
-0.06506339
-0.01582918
-0.07409033
-0.001605098
-0.005412418
-0.002909533
0.00927692
0.009122172
-0.02437587
-0.01995151
-0.006599193
-0.001543437
-0.0005073134
-0.01380236
-0.02238739
-0.01764441
-0.001318907
-0.0002806059
0.006651563
0.01497856
0.01709512
0.003129441
0.0005310544
0.003002306
0.01132371
0.0001480763
0.01074833
0.007016042
0.001867451
-0.006044822
0.001850343
0.02720969
0.001926704
-0.01395769
-0.003488926
-0.01380357
-0.02723426
0.01015456
0.02585022
-0.03310145
0.003794373
0.003770426
-0.005732909
-0.004368154
0.0006667319
-0.005849743
0.01599394
0.02499025
0.01367242
-0.0006835178
-0.0021475
2.021811e-05
0.0002614284
0.001602393
-0.0009171186
0.0008358253
-0.001614533
-0.001316823
0.0003040109
0.0001965441
-0.0008719084
0.001429334
-0.0002494202
-9.444902e-05
-0.002336865
0.0007170242
-0.0003567737
-0.03386649
-0.02938062
0.001924804
-0.01160706
0.01647589
0.01333797
0.007891415
0.003590582
0.0117969
-0.02122943
0.009416993
0.002955879
0.003512291
-0.001017084
0.01380253
0.01921815
0.004307497
-0.0210433
-0.002849638
0.01367114
0.014537
0.006432868
0.01852365
-0.00462514
-0.005752907
-0.02458642
0.01334027
0.005335266
-0.007702874
-0.002176266
-0.00386125
-0.01539688
-0.002043583
0.001598906
0.003762582
0.02077374
-0.06489
-0.01607692
-0.02024241
0.00389581
0.05418732
-0.01582545
0.02052767
0.01409166
-0.01298127
-0.005684513
-0.00132906
-0.001248964
0.008822096
0.01895957
-0.005038512
0.009761225
-0.00117953
0.003123472
0.004540262
0.02424687
-0.01014119
0.0222899
0.003115722
-0.05190146
-0.01516113
0.009389158
0.0146356
0.02951864
0.0233013
0.06059314
0.02523752
-0.001371039
0.01166669
-0.0249743
-0.02473843
-0.017551
-0.01348999
-0.0185378
0.0530507
0.04134926
-0.02154766
0.04806074
-0.02952393
-0.00934169
-0.01139707
0.0002399735
0.0154308
0.005113197
0.009445326
0.009411239
-0.03781283
0.02495593
-0.01532524
-0.02002404
-0.008223165
0.01631618
0.01308117
-0.0388825
-0.02850174
-0.01231419
-0.04733703
-0.03813782
-0.04100177
0.009806159
-0.006470398
-0.003132531
-0.01518023
-0.0001068908
0.006589951
-0.005408868
0.001601658
0.006183902
-0.003844654
0.1199434
-0.01863198
0.006737126
-0.01254268
-0.03614292
0.002829161
-0.02563797
-0.0009894781
-0.0263191
0.007486415
0.01716324
-0.03170247
-0.01765289
-0.01884482
-0.02885492
-0.02270203
-0.06494729
-0.001263303
0.0001930537
-0.001271548
-0.002491386
0.004364962
0.0001419145
0.0004149021
0.004394056
0.0004297975
0.002072732
0.002207201
-0.002913429
0.0001193661
-0.001159037
0.001567757
-0.001068207
0.00105459
-0.0007822798
-0.03481519
0.0171221
0.04055343
0.009794557
0.01842345
0.002948277
0.02321665
0.03397563
-0.02924999
0.00987726
-0.04013991
-0.04241013
-0.0395753
-0.01573705
0.01535903
-0.002899387
-0.03022946
0.03306921
-0.005067509
0.01682321
0.01249741
-0.05322826
0.03214887
0.001672801
-0.03170483
0.003531839
0.009486099
-0.02635602
0.02400072
-0.01134115
-0.01368945
-0.05051856
0.01535462
-0.01267322
-0.01098141
-0.04003372
0.1289124
-0.03197162
-0.1129776
-0.05328236
0.02695157
0.08268552
-0.01841246
0.08609395
0.06098583
-0.0007031336
0.03702015
0.005452324
-0.02252374
0.003446216
-0.01352653
-0.01442438
-0.002119239
0.007443826
-0.02808777
-0.02590277
0.01701882
-0.07156327
-0.04110361
0.01469458
0.0128782
-0.0197797
0.01741939
0.08368554
0.1131784
0.01866684
0.1579899
0.1566734
0.009179223
0.08173636
0.07142469
-0.05871488
-0.04074765
-0.05429672
-0.1132935
0.03396494
-0.1927922
-0.1596506
0.02938974
-0.1658212
-0.04405535
0.1060262
0.06194238
0.0001103103
0.03877893
0.05338762
-0.02400679
-0.07684417
-0.07911532
0.004479441
-0.06554921
-0.06370284
-0.04562933
-0.07795398
-0.03914385
-0.01384453
-0.07478028
-0.008649786
-0.02779615
0.004258567
-0.0149833
-0.03204291
0.000615546
-0.004621704
-0.01183165
0.01575484
-0.01881666
-0.04621106
-0.01632406
-0.02423971
-0.03978941
-0.1085247
-0.06773923
-0.06251734
-0.06200908
-0.02762465
-0.06242872
0.0002110715
0.04734049
-0.02070979
0.006641521
0.05165242
0.05000082
-0.06042249
0.03685231
0.08273392
0.001354432
-1.859691e-05
-0.003620732
-0.0002109054
0.004083202
-0.0004097118
-0.00230602
-0.002091252
0.0003247384
-0.00264522
-0.0007795427
-0.002033165
-0.0002744125
-0.0044728
-0.0006852442
-0.0004023036
-0.003056843
0.003476281
-0.02252144
0.04123222
0.0745338
0.02522723
0.1551124
0.07904037
0.09170761
0.181786
0.1124609
-0.07727899
-0.01329535
-0.02672213
0.01358944
-0.02259389
0.005302409
0.07749237
0.0108872
0.05476325
-0.03644897
0.001105518
-0.00335861
0.0130128
-0.009354075
-0.04024899
-0.02727122
-0.03294321
-0.1037058
0.03775941
-0.009246887
0.03598554
0.05782464
-0.06132536
-0.01158372
0.002297233
-0.01012687
-0.1048288
-0.06092814
-0.0655744
0.02098186
-0.1137386
0.007379187
-0.001582087
0.04629419
0.03462592
-0.1020831
0.0001905649
0.0320943
-0.03885097
0.03198396
-0.0141196
-0.02672748
0.08274027
-0.02918042
-0.02748358
0.01682339
-0.0277014
0.009155734
-0.02755601
-0.04952677
-0.03015378
-0.08937252
-0.080309
-0.1262154
-0.06416064
-0.005377158
0.02275649
0.04225256
0.05763887
0.04171467
0.01710449
0.06103454
0.0574119
0.009523776
-0.05759958
-0.1745208
-0.1180576
-0.1825782
-0.2791611
-0.1366566
-0.1866847
-0.08794296
-0.04513292
0.02423269
-0.02290906
0.03328959
-0.01614225
-0.002407755
0.007819498
-0.008273595
-0.01280508
-0.01206743
0.00561062
0.00778436
0.03782756
0.02026911
0.03701055
-0.0108191
-0.0176117
-0.04680658
0.008288127
0.01942025
0.01078518
-0.01162094
-0.01368989
0.03018305
-0.007112553
-0.003623516
0.02364485
0.05769942
-0.01482164
-0.06044307
-0.0115835
-0.03340615
0.009093378
-0.0457099
-0.07138477
-0.05332875
0.02537434
0.07665852
0.05429368
0.04457169
0.01645745
0.06032617
0.05148733
-0.01266895
0.005240965
-5.662512e-05
0.0002506363
-0.002151497
-0.001197394
-0.000302747
0.001683174
0.003597587
-0.002244931
0.0009139195
-0.0009196135
0.0006730718
-0.004434386
-0.001232829
0.0005378934
0.003049413
8.925655e-05
-0.0001487892
-0.0001224591
0.04167388
0.02867064
0.0705879
-0.0237759
0.02197011
0.05238078
0.01952825
0.007891019
0.0908394
0.03112116
-0.1021946
-0.0233979
-0.04729366
-0.09478457
-0.04647184
0.04060712
-0.1052776
0.02606456
-0.01955184
-0.004060308
0.07980886
-0.04635891
0.009623067
0.1154969
0.01718393
0.04522654
0.06544552
-0.003255351
-0.03196202
0.04013706
0.003628041
0.01199741
-0.01635057
0.01926431
0.04039842
0.05575558
-0.1144883
-0.193507
-0.1908673
-0.147172
-0.2098777
-0.2558532
-0.1085255
-0.1662037
-0.1374368
0.04896979
0.08101239
0.1150704
0.02676738
-0.01594177
0.11807
-0.02432443
-0.02174092
0.09676658
-0.02908956
-0.003951199
-0.006254534
-0.03354835
-0.09260599
-0.0895066
0.05458993
-0.03147911
-0.003359176
-0.04718709
-0.003566859
-0.01293845
-0.08023974
0.01227275
0.03466545
0.02426415
0.008456414
-0.0006574575
-0.09634731
0.02481715
-0.01081201
-0.1422595
0.0855092
-0.004035706
-0.07093477
0.0199472
0.07232229
-0.02276646
-0.05413469
-0.02251176
0.005225418
-0.01095239
-0.001081898
0.01496171
0.02644533
0.02310007
-0.007031954
0.01202908
-0.01836617
0.007438408
-0.009513046
-0.0394802
-0.006127894
0.003977744
0.03017596
-0.00237034
0.004338796
0.004225186
0.02291594
-0.007900246
-0.003743178
-0.0241463
-0.004877294
0.01286835
0.03032641
-0.02454293
-0.0144952
0.0658389
0.04805426
-0.0007866435
0.005157513
-0.006426404
-0.01184321
0.05591108
0.006239155
0.01231438
0.04208031
0.009986605
-0.02316117
0.02011184
-0.02668798
-0.04993736
0.003781086
0.00274988
-0.0003585688
-0.002937297
-0.00035459
-0.001576141
-0.0007462085
-0.0003751797
-0.001474596
-0.001786779
-0.002369425
-0.001999493
0.002162634
2.995398e-05
-0.0006482606
0.002352245
0.001697274
-0.0001276446
0.03111981
-0.01649224
-0.01255456
0.000303624
-0.005024852
-0.01550302
-0.05046388
-0.03743282
0.007184731
0.09524641
0.02938648
0.09948061
0.04691522
0.05592138
-0.02559641
-0.05118188
0.07448474
0.05249714
0.04593985
-0.02298109
-0.09500629
0.09512193
-0.04468735
-0.1060435
0.06079778
0.04460248
-0.0664851
-0.006503383
-0.002721775
-0.00214217
-0.04745235
0.06281888
-0.08308247
0.01546117
-0.04688951
0.0249179
0.01000794
0.03503562
0.05758542
0.09886313
-0.04526674
-0.04374355
-0.08952089
-0.08611433
0.02761331
0.0001797552
-0.05705228
-0.00147981
0.04254802
-0.01907322
0.03174711
0.01111042
0.02042922
0.003112218
0.06883033
0.05461153
-0.007082572
0.08439753
0.1215675
-0.08228966
-0.067934
0.03480948
0.005593958
0.00479668
0.006158088
0.01570081
0.01226309
0.001939893
0.0190223
0.007427965
0.01434057
0.008819831
-0.03165897
-0.01718508
0.06683364
0.003310808
0.05048896
-0.05320863
0.005454555
-0.0340137
-0.03674249
-0.006943798
0.01582874
0.0028706
-0.01132618
-0.003093772
-0.01057248
-0.01885729
-0.006532262
-0.007886153
0.003060177
0.005322884
-0.005607801
-0.0002337581
0.0002252527
-0.002035736
-0.006660096
0.004447574
0.01945594
0.006284825
-0.005764652
-0.005821028
-0.002838057
-0.002340269
0.005165497
-0.002928974
-0.002458656
-0.007330358
0.02231731
0.009654259
0.01459066
-0.01685019
-0.01917903
-0.01380157
-0.02500018
-0.02730494
-0.001236605
-0.0005381679
0.009793177
0.00277175
0.009239164
0.009200195
-0.0008410428
0.01552567
0.01080353
0.008591295
0.001709929
-0.001550079
0.0007331154
0.0003344294
0.003754303
-0.002216853
-0.001081118
0.000741172
-0.0008097285
-0.003135273
0.002030416
0.001320384
-0.001446202
-0.0005045288
2.405237e-05
-0.001238753
-0.001147874
0.0009682595
0.03464451
0.02101335
-0.001658735
0.02814935
0.0132593
0.004618567
0.01563467
0.03255032
0.02214095
0.01191133
-0.009370566
0.006405996
-0.0122079
-0.00281994
0.009937507
-0.01033976
0.01744897
0.007723796
-0.006008668
0.02069115
0.02526251
0.02473428
0.01810884
0.02004056
0.002651392
-0.003575151
-0.005572097
0.006289425
-0.003950556
-0.004717512
0.0009642534
0.01034555
0.007218767
-0.008301673
-0.00828618
0.008108177
0.03195361
0.01101212
-0.03102837
-0.05311308
-0.02427918
0.03723921
-0.03133308
0.06692833
0.02418476
0.005515717
0.01228748
0.01684502
0.01021813
0.01722185
0.03104999
0.0006914543
0.009803369
0.006828088
-0.0001273357
0.01891853
0.01159855
0.01108566
0.01768055
-0.02621162
-0.0113312
-0.01321434
0.006962889
-0.09037121
-0.07267802
-0.0502064
-0.05261644
-0.007660884
-0.01320275
0.07106184
0.08543121
0.03104149
-0.004768046
0.01936124
-0.1688472
-0.08082358
0.155447
-0.04444413
-0.2146447
0.0659628
0.06405612
-0.05604937
-0.03330963
0.01489251
-0.05143794
0.002442261
-0.007367474
-0.004288041
0.07313628
-0.01880188
-0.002931125
-0.02344937
-0.02407855
0.002061885
0.05402721
0.11289
0.007249045
0.1113544
0.1073293
0.0108056
-0.02139062
-0.0273931
-0.003029069
-0.01868268
-0.03630569
-0.01844517
-0.002890672
-0.02471316
-0.05094319
-0.04939771
-0.03875589
-0.03078939
-0.01773742
0.0008103086
0.07147152
0.02039083
-0.03619295
-0.01962842
-0.03761186
-0.04870332
0.01457447
-0.005397876
-0.003671623
0.07599609
0.152188
0.1122341
-0.00210174
-0.0002283411
-0.000380255
-0.001998942
-0.001048395
0.002539037
-0.00175853
0.0009959936
-0.0001859672
-0.0009056883
0.00102838
-0.001686284
-0.001519616
0.0002019946
0.0008875398
-0.002836962
-0.001349495
-0.0008475471
-0.07824406
-0.06093573
0.01921192
-0.0289278
0.05738124
0.1566676
0.06277053
0.07406531
0.09771606
-0.02956466
0.03424793
-0.03716993
-0.01138253
-0.05400524
-0.0490072
-0.05617744
-0.05060796
0.008558957
-0.02870462
0.02509775
0.02095167
-0.008986131
-0.03043102
-0.06966023
-0.02405087
-0.07798595
-0.08462596
0.08475558
0.1163567
-0.03935269
0.01691801
0.0561715
-0.01023151
0.03113558
-0.01645948
-0.04141499
0.06707104
0.01264311
-0.12602
0.102696
0.1949792
-0.05896663
0.1096159
0.05262011
0.1202856
0.04805235
0.06854921
0.08066743
-0.03144816
-0.006654568
-0.02913522
-0.06682467
-0.03429879
-0.07725542
-0.1035805
-0.00141692
-0.03513192
-0.1200738
-0.05698114
-0.100194
-0.07613654
-0.07422077
0.08419542
