4.069377e+00
3.770971e+00
3.039084e+00
3.111620e+00
4.560239e+00
3.155199e+00
3.892178e+00
4.931823e+00
6.999720e-04
3.039358e+00
6.348930e-04
4.145076e+00
4.224453e+00
2.550877e+00
5.107156e+00
3.614449e+00
6.174318e-04
5.908515e+00
4.549255e+00
2.754917e+00
2.246129e+00
4.364578e+00
4.070992e+00
4.373902e+00
3.903187e+00
1.630588e+00
3.634149e+00
1.936857e+00
7.108795e-04
3.545240e+00
6.363285e+00
2.381285e+00
1.712171e+00
4.225489e+00
6.127468e-04
2.887119e+00
4.873794e+00
4.218637e+00
4.204984e+00
1.188824e+00
2.827944e+00
4.589048e+00
2.419638e+00
4.079401e+00
3.967952e+00
2.726112e+00
3.470069e+00
7.060111e-04
4.438504e+00
9.887052e-01
3.846370e+00
1.761657e+00
2.813672e+00
3.344975e+00
3.843063e+00
3.387020e+00
4.597502e+00
2.841591e+00
2.369738e+00
3.039938e+00
5.656709e+00
3.009570e+00
5.018988e+00
2.873465e+00
