7.653236e+00
7.119164e+00
8.879176e+00
6.953753e+00
4.134147e+00
4.268407e+00
2.984996e+00
4.966580e+00
7.544960e+00
3.766725e+00
8.569274e+00
3.750806e+00
5.148963e+00
5.214272e+00
4.153900e+00
4.898588e+00
5.120148e+00
4.611504e+00
5.652595e-04
7.992218e+00
5.994823e+00
5.009940e+00
7.018862e-04
7.727208e+00
7.351507e+00
2.730120e+00
6.367206e-04
6.953820e+00
7.509123e+00
3.098012e+00
7.258541e-04
5.683802e-04
3.632258e+00
9.199709e+00
5.935291e+00
7.205067e-04
6.741142e+00
9.814543e+00
6.015941e+00
2.237169e+00
4.986539e+00
4.885368e+00
6.446990e-04
1.239983e+00
7.808046e+00
8.445192e-04
5.295978e+00
4.785420e+00
1.541877e+00
4.733867e+00
5.901894e+00
5.662544e+00
1.806879e+00
6.552939e+00
5.076991e+00
8.799428e+00
6.799701e-04
1.521840e+00
9.277469e+00
6.090298e+00
6.302381e+00
7.688126e+00
5.617479e+00
7.617388e+00
