5.230097e+00
1.047450e+00
5.638898e-04
6.730440e+00
3.611075e-01
1.763882e+00
1.979658e+00
4.036588e-01
1.563135e+00
2.622329e+00
3.481796e+00
1.920903e+00
2.294131e+00
1.075412e+00
1.099824e+00
1.387413e+00
1.655699e+00
1.790443e+00
2.391589e+00
4.250708e+00
8.513114e-01
1.545092e+00
3.766778e+00
1.292870e+00
1.400371e+00
1.740617e+00
4.890465e-02
2.676343e+00
5.606343e+00
1.046503e+00
2.001109e+00
8.210592e-01
5.225092e+00
4.008941e+00
3.030529e+00
1.126478e-01
1.155712e+00
5.384640e-01
2.342845e+00
1.228581e+00
3.232933e+00
3.353115e+00
1.202811e+00
3.310754e-01
6.444547e-01
2.006370e+00
3.399924e+00
1.368246e+00
2.426082e+00
3.284578e+00
3.941566e+00
1.869598e+00
3.362156e+00
2.398820e+00
1.434892e+00
3.587575e-01
2.957270e+00
1.589655e+00
1.629659e+00
1.952870e+00
1.431020e+00
1.077935e+00
1.039535e+00
1.123926e+00
