-1.281873e-01
-1.708385e-01
-1.370946e-01
3.562704e-02
6.379488e-02
-7.398830e-02
-1.063557e-01
-1.032275e-02
-5.411541e-02
-1.924811e-02
-7.582052e-02
-1.705714e-01
-3.131897e-02
-7.555942e-02
-9.603290e-02
-5.611205e-02
-4.305053e-02
-6.310116e-02
-5.446313e-02
-1.445232e-01
-4.694101e-02
-6.244579e-02
-1.555154e-01
-3.324899e-02
-2.734658e-02
-1.200202e-01
-1.010340e-01
-9.069764e-02
-1.551702e-01
-4.945923e-02
-6.649403e-02
-5.251217e-02
-1.962909e-02
-6.106214e-02
-7.858732e-02
-5.188773e-02
4.451218e-02
-9.332023e-02
-8.540362e-03
-5.486773e-02
-1.093028e-01
-1.736167e-02
-5.101224e-02
-3.446884e-02
-8.298380e-03
-6.107552e-02
-7.441786e-02
-7.107702e-02
5.396212e-02
-7.646214e-02
-4.160957e-02
6.073463e-03
-6.367173e-02
-5.582277e-02
-6.818293e-02
-2.567771e-02
-1.454333e-02
5.678327e-02
1.800309e-02
1.449620e-02
-1.164353e-01
-1.329827e-01
-1.479248e-01
-9.531642e-02
