4.810982e-03
1.489145e-03
1.174361e-02
9.797272e-03
3.390724e-04
1.101338e-03
9.010027e-03
6.097306e-03
7.976688e-03
1.942676e-02
4.268995e-02
7.542688e-03
8.650295e-03
1.533093e-02
1.708318e-02
2.450992e-03
2.049222e-03
3.191428e-03
7.077465e-03
2.218329e-02
1.869146e-03
4.413088e-03
2.745167e-03
5.916248e-03
2.922687e-03
3.669241e-03
9.589841e-04
1.657931e-03
3.879746e-03
7.921735e-03
3.323543e-03
3.992292e-03
5.904911e-03
1.412285e-02
6.319928e-03
7.809305e-03
8.318176e-03
1.621019e-02
2.749010e-03
7.144293e-03
1.465941e-02
4.900140e-03
6.481893e-03
1.147139e-02
2.768818e-03
6.016074e-03
2.164449e-03
6.439515e-03
7.803324e-03
2.340790e-02
2.894288e-02
5.961936e-03
5.838652e-03
4.140727e-02
1.936632e-02
2.497774e-03
1.256050e-03
2.028389e-02
1.280781e-02
1.563230e-02
4.395335e-03
2.945515e-02
5.121244e-03
2.678033e-03
