3.261231e-02
1.812927e-02
1.843489e-02
1.655102e-02
1.129305e-02
1.807791e-02
1.141046e-02
2.944387e-02
1.449673e-02
2.055923e-02
2.632377e-02
1.704692e-02
4.674828e-03
1.225832e-02
1.381584e-02
2.077334e-02
1.253812e-02
1.215222e-02
1.107972e-02
2.304914e-02
9.395273e-03
1.316492e-02
1.830311e-02
2.168392e-02
1.620809e-02
2.243737e-02
1.438315e-02
1.992107e-02
3.288244e-02
8.602591e-03
8.874092e-03
9.110413e-03
1.280351e-02
1.140015e-02
6.661006e-03
2.158018e-02
8.534421e-03
1.980775e-02
6.815760e-03
4.924656e-03
1.485251e-02
1.305551e-02
6.386126e-03
1.197208e-02
7.682375e-03
4.081288e-03
6.076811e-03
1.573101e-02
1.390960e-02
2.588530e-02
1.958855e-02
1.025916e-02
1.361838e-02
1.896594e-02
2.125486e-02
1.026860e-02
1.028123e-02
2.261664e-02
3.090204e-02
1.158353e-02
1.950733e-02
1.104006e-02
2.336001e-02
1.489799e-02
