4.339790e-02
2.432945e-02
1.760579e-02
1.842890e-02
1.866013e-02
2.673105e-02
2.019148e-02
3.337391e-02
2.160984e-02
2.267460e-02
3.702891e-02
2.612797e-02
3.329452e-02
3.092691e-02
1.643359e-02
2.209566e-02
2.461890e-02
8.989741e-03
2.047439e-02
1.298794e-02
1.743125e-02
1.011657e-02
2.310418e-02
1.155829e-02
2.092011e-02
3.184887e-02
2.230694e-02
1.838984e-02
1.990713e-02
1.318017e-02
2.992524e-02
1.914432e-02
1.180839e-02
1.794494e-02
7.276622e-02
1.606367e-02
1.004065e-02
2.620650e-02
1.087086e-02
2.169465e-02
1.750415e-02
1.394950e-02
1.451028e-02
5.818613e-03
1.921406e-02
1.445158e-02
3.641226e-03
1.997780e-02
2.190956e-02
1.352623e-02
4.112754e-02
2.929822e-02
2.279787e-02
7.938792e-03
2.074878e-02
9.783401e-03
5.452444e-06
8.390958e-03
8.613357e-03
1.332584e-02
2.792395e-02
2.063311e-02
2.229534e-02
3.517731e-02
