6.906844e-03
7.549182e-03
5.246381e-03
7.332241e-03
6.513498e-04
3.871546e-03
4.321993e-03
5.916751e-03
8.115398e-03
1.620879e-02
2.594755e-03
9.758476e-03
5.099804e-03
2.324977e-03
7.989207e-03
2.145974e-03
1.407719e-03
1.012166e-03
2.038458e-03
1.405260e-02
2.563792e-03
6.918447e-04
1.412325e-03
2.017217e-03
1.950263e-03
6.754232e-03
2.997350e-03
2.864594e-03
1.874023e-03
6.023164e-03
1.249757e-03
9.088585e-04
3.712613e-03
9.422243e-03
2.528590e-03
2.986067e-03
1.880184e-03
1.055661e-02
3.537878e-03
3.352806e-03
3.803304e-03
6.685254e-03
3.288819e-03
9.898930e-04
3.873132e-03
5.598701e-03
4.594712e-04
6.584826e-03
4.000865e-04
8.079417e-04
1.667029e-03
1.148320e-03
1.284064e-03
9.825408e-03
3.526127e-03
1.817635e-03
5.040424e-03
4.962236e-03
1.274073e-02
9.458339e-03
6.877556e-04
3.833685e-03
3.819565e-03
4.469028e-03
