-2.103630e-01
-2.957779e-01
-3.576320e-01
-3.081900e-01
-3.367909e-01
-3.783742e-01
-1.447981e-03
-3.198874e-01
-2.992611e-01
-2.655044e-01
-2.302953e-01
-1.011699e-03
-2.572539e-01
-2.799781e-01
-3.620446e-01
-4.266115e-01
-2.144645e-01
-3.858012e-01
-4.652696e-01
-1.976597e-01
-3.299820e-01
-3.859606e-01
-1.960169e-01
-2.125419e-01
-2.432482e-01
-2.307003e-01
-3.395253e-01
-3.074847e-01
-3.672635e-01
-3.534618e-01
-6.507682e-04
-2.410139e-01
-3.640072e-01
-3.853692e-01
-5.820966e-04
-2.842354e-01
-3.420181e-04
-3.554029e-01
-2.102318e-01
-3.027473e-04
-3.940703e-01
-3.072374e-01
-4.857027e-01
-3.697017e-01
-3.354256e-01
-3.110791e-01
-3.503820e-01
-3.223374e-01
-2.595890e-01
-2.602329e-01
-4.634607e-01
-3.085059e-01
-2.662086e-01
-2.564649e-01
-3.945895e-01
-3.847825e-01
-1.964429e-03
-2.765064e-01
-4.133282e-01
-4.108151e-01
-4.355407e-01
-2.819042e-01
-3.525899e-01
-2.896288e-01
