6.329929e-02
9.983218e-02
1.562492e-01
7.579955e-02
6.461577e-02
1.360179e-01
6.688714e-02
1.333049e-01
1.557384e-01
1.748060e-01
1.297653e-05
1.563913e-01
1.187830e-01
8.644407e-02
7.443838e-02
1.750502e-01
1.244984e-01
1.119274e-01
1.057979e-01
1.330643e-01
8.038379e-02
8.787177e-02
1.021796e-01
7.452648e-02
1.486415e-01
1.318321e-01
9.632336e-02
1.278622e-01
1.203464e-01
1.214024e-01
7.926387e-02
1.622038e-01
1.189674e-01
9.698908e-02
1.664964e-01
1.065583e-01
1.160794e-01
8.492718e-02
8.891183e-02
9.112364e-02
1.035544e-01
7.589553e-02
5.428058e-02
8.935200e-02
6.684387e-02
1.214912e-01
5.626794e-02
1.245013e-01
7.567894e-02
1.497735e-05
1.524618e-01
1.726931e-01
1.214178e-01
2.090906e-01
1.801826e-05
7.604394e-02
1.577460e-05
1.797494e-01
1.877989e-01
8.756062e-02
2.000966e-01
1.946950e-01
5.903751e-02
2.045019e-01
