3.259453e-01
2.033069e-01
4.155060e-01
3.350983e-01
4.652832e-01
4.132238e-01
1.089301e-01
2.624029e-01
3.108526e-01
3.066857e-01
2.360085e-01
3.579340e-01
2.803757e-01
2.234330e-01
3.477515e-01
3.111406e-01
4.514273e-01
1.628329e-01
3.427342e-01
3.500535e-01
2.872108e-01
1.755611e-01
1.749892e-01
3.231791e-01
1.689788e-01
1.861263e-01
3.003885e-01
3.511269e-01
2.394341e-01
3.877470e-01
3.158415e-01
1.694829e-01
1.701878e-01
5.707436e-01
4.087958e-01
2.720296e-01
1.169155e-01
5.726653e-01
2.107615e-01
2.232979e-01
2.464182e-01
4.589492e-01
2.824572e-01
1.871378e-01
2.950431e-01
1.769454e-01
2.247475e-01
2.794783e-01
-1.061423e-01
-1.848389e-01
4.429784e-01
5.155162e-01
2.290648e-01
3.376441e-01
4.510501e-01
2.073467e-01
4.784596e-01
3.938497e-01
2.998665e-01
2.417968e-01
3.414953e-01
2.123744e-01
3.010443e-01
3.021158e-01
