-1.565620e-01
-3.267033e-01
-1.750326e-01
-1.454364e-01
-1.663215e-01
-1.336100e-01
-2.451397e-01
-1.295785e-01
-1.656198e-01
-1.416513e-01
-1.638179e-01
-2.174470e-01
-1.578746e-01
-3.193078e-01
-1.641450e-01
-1.176381e-01
-1.141776e-01
-2.199992e-01
-1.408034e-01
-1.206972e-01
-1.191037e-01
-1.475022e-01
-1.294204e-01
-1.674749e-01
-1.962571e-01
-1.139893e-01
-2.240390e-01
-2.107513e-01
-2.177119e-01
-2.466104e-01
-1.397265e-01
-1.339969e-01
-2.508128e-01
-1.646630e-01
-1.336475e-01
-2.046571e-01
-2.360661e-01
-2.859318e-01
-1.888959e-01
-1.002526e-01
-1.267623e-01
-1.481280e-01
-1.636169e-01
-1.686940e-01
-1.635141e-01
-5.780138e-02
-1.121731e-01
-2.810479e-01
-2.075285e-01
-1.914078e-01
-1.689150e-01
-1.285118e-01
-1.288606e-01
-1.785513e-01
-2.139431e-01
-1.908520e-01
-1.957523e-01
-2.649502e-01
-2.898305e-01
-2.060193e-01
-3.293288e-01
-2.292232e-01
-1.909284e-01
-1.614371e-01
