4.943628e-01
-4.235034e-01
-5.515163e-01
4.796030e-01
1.276597e+00
-1.539403e-01
-2.537639e-01
-8.786633e-01
-2.851298e-01
-1.178090e-02
-6.866852e-01
-1.587892e-01
2.917109e-02
-4.742811e-01
2.498388e-01
1.239682e-01
3.617292e-02
3.980947e-01
3.282533e-01
-1.889770e-01
-2.569230e-01
3.002864e-01
1.436020e-01
-4.001004e-02
1.358414e-01
-2.872162e-01
2.857622e-01
1.044964e-01
-1.402788e-01
9.848512e-01
-3.690494e-02
2.448875e-01
4.505976e-01
-5.476024e-01
-5.017466e-01
3.291921e-01
-2.843166e-02
-3.436391e-01
-3.012737e-01
4.010186e-01
5.134360e-01
5.763961e-01
-1.353488e-01
6.937619e-01
8.422121e-02
3.686742e-02
1.859652e-01
-4.458377e-01
4.702426e-01
-6.429932e-01
3.167103e-01
-5.916893e-01
4.884674e-01
-5.023032e-02
-6.549035e-01
-1.587337e-01
3.549152e-01
-1.509381e-01
4.437627e-02
4.983183e-01
-2.152678e-01
-6.290177e-01
-3.570796e-01
-3.517824e-01
-3.481391e-01
-3.674386e-01
6.774094e-01
-1.036694e-01
-3.362383e-01
-1.600542e-01
-2.434853e-01
-4.433892e-01
-3.782014e-01
-1.325445e-01
-3.563514e-01
-3.857014e-01
-5.079950e-01
8.597545e-02
-2.097572e-01
-2.580632e-01
-5.542605e-02
4.542309e-02
-2.766861e-01
1.239076e+00
3.844374e-02
-3.232639e-01
-4.686972e-02
1.136335e-01
-1.159565e-01
-1.615317e-01
-8.186536e-02
-4.873045e-03
1.485027e-01
-1.491705e-01
-6.847859e-02
-7.434199e-02
-5.201616e-02
9.277917e-01
-4.901600e-02
9.147814e-02
3.463031e-02
-1.628920e-01
-7.407831e-02
5.656592e-01
-3.401775e-01
-1.493856e-01
-3.281649e-01
4.957586e-01
-1.500953e-01
6.453305e-01
1.517369e-01
-1.272858e-01
-1.716114e-01
-4.235567e-01
1.514371e+00
-7.400189e-02
-2.389184e-01
-7.532233e-02
9.600332e-01
-4.959133e-01
-1.948434e-01
-1.228630e-01
5.999521e-01
-7.426976e-02
-1.663151e-01
-1.715373e-01
4.094870e-01
-4.115165e-01
1.529530e-01
-9.233798e-02
-5.670441e-01
9.212513e-02
1.622354e-01
6.982798e-01
-3.419625e-01
7.340106e-01
3.635134e-01
-1.453773e-01
8.288963e-01
-1.233509e-01
-2.705213e-01
-1.753441e-01
4.079236e-01
-6.559804e-02
-2.054401e-01
5.973693e-01
2.961017e-01
5.905865e-01
-6.580394e-02
-2.791625e-01
1.392842e-01
-2.058156e-01
-1.535320e-01
-4.393289e-02
1.451384e-01
-2.189770e-02
-1.555779e-01
2.105511e-01
-1.315519e-02
-8.832134e-02
3.907814e-01
-8.062124e-02
1.903151e-01
-3.319482e-03
5.192077e-01
1.057855e+00
2.323837e-01
-4.105933e-01
-1.726793e-02
3.936393e-01
-7.895266e-01
-6.564861e-01
-4.150067e-02
-3.724890e-01
1.638593e-01
-3.985464e-01
1.047425e+00
7.303801e-01
-5.629787e-01
-3.766471e-01
-5.610294e-01
-2.741238e-01
-2.585355e-01
-8.246781e-01
-3.712588e-01
-2.668057e-01
-2.000775e-01
-2.069237e-01
-1.375686e-01
-5.906889e-01
-1.350545e-01
1.038566e+00
1.985677e-01
8.691760e-01
-4.738545e-01
9.570690e-01
-6.558879e-02
2.621720e-01
-1.046899e-01
8.162075e-01
-5.946462e-01
-4.450622e-01
-1.744764e-02
-4.810300e-01
3.270958e-01
3.041950e-02
9.866180e-02
-1.280145e-01
4.377385e-01
-3.507046e-01
1.099321e-01
-4.846875e-01
-1.837698e-02
2.862112e-01
-8.725788e-02
5.566111e-01
3.355754e-01
3.193089e-01
-2.120433e-01
2.001419e-02
3.237965e-01
-4.977603e-01
1.057720e-01
-9.362795e-03
-8.735941e-02
2.894045e-01
-3.653042e-02
6.324192e-02
2.636546e-01
-6.338686e-01
8.734465e-02
-4.587677e-01
-4.341995e-01
-1.886177e-01
7.043599e-02
-1.866575e-01
2.166766e-01
-2.287596e-01
-5.344899e-02
1.220839e+00
-2.540163e-01
1.317239e-01
-4.589020e-01
-1.687254e-01
5.509967e-01
-6.956599e-01
-9.965370e-02
6.262524e-01
-3.410998e-01
-2.028750e-01
7.573427e-01
-7.348416e-01
-6.331907e-01
5.170318e-02
9.497654e-02
-1.510040e-01
5.782164e-01
4.736123e-01
6.900066e-01
-5.450202e-01
-5.651580e-01
-2.370451e-01
-5.017672e-01
6.906286e-01
1.093804e+00
3.978191e-01
9.004391e-01
1.307716e-01
7.123026e-02
3.373774e-01
-7.151373e-01
1.856792e-01
-1.166396e-01
-4.620290e-01
-4.478721e-01
-1.847133e-01
1.457947e-02
-1.153277e-02
-5.235048e-02
-1.595860e-01
-2.170126e-01
-1.952976e-01
6.175157e-02
-2.785411e-01
-1.977780e-02
5.936254e-01
-3.079891e-02
-1.759984e-01
-5.015598e-01
-5.957401e-01
2.329769e-01
-4.433853e-01
-3.794749e-01
-1.951867e-01
-3.877561e-02
-2.319956e-01
-2.453828e-01
1.234648e-01
8.719584e-01
2.950399e-04
1.034278e-01
-1.519324e-01
-4.542479e-02
-2.175658e-01
4.631782e-01
-5.444701e-01
-7.316038e-01
-1.985612e-01
2.102080e-01
-3.670039e-01
-4.087700e-01
2.516922e-01
7.770830e-02
-2.023522e-01
6.229702e-01
1.661043e-01
1.075059e+00
-4.643121e-01
-6.427346e-02
-3.431243e-01
-5.116624e-01
4.576457e-02
-3.226421e-02
5.126191e-01
-4.065849e-01
-5.298379e-01
2.211452e-01
-1.723791e-02
-3.877182e-01
-6.161016e-01
-1.581721e-01
-9.445716e-02
-5.239635e-01
1.409125e+00
-7.687253e-01
-4.276825e-01
3.906550e-01
-2.183782e-01
2.587312e-01
-1.083403e-01
8.027282e-02
2.602859e-01
-3.401593e-02
-4.790546e-01
-1.935111e-01
3.445932e-01
-3.030544e-01
-9.302369e-02
2.036140e-01
-3.485155e-01
-6.986857e-04
-9.823236e-02
-1.957859e-01
3.319467e-02
3.134589e-01
-2.551448e-01
3.647067e-02
3.701940e-01
6.132486e-02
-2.990302e-01
-2.078787e-01
3.074510e-01
-7.517008e-03
-9.777745e-02
1.396060e-01
-5.686848e-02
8.555577e-02
3.008384e-01
-8.428960e-02
-3.842286e-02
-4.098130e-01
9.009024e-01
6.902048e-01
1.224935e+00
-3.766216e-01
9.823998e-01
5.676632e-01
4.306442e-02
-4.493555e-01
-3.629480e-01
3.317181e-01
-4.190860e-02
-5.209527e-03
9.254415e-01
9.819394e-02
7.450969e-01
-2.228355e-01
-3.703095e-01
2.616795e-01
-2.701627e-02
-1.494497e-02
-7.240391e-01
-3.790526e-01
1.129247e+00
9.057933e-01
-6.659501e-02
-3.574471e-01
-2.372155e-01
-1.947526e-01
2.053859e-01
1.223321e-01
-2.334193e-01
3.357726e-01
-1.039832e-01
-3.285254e-01
-3.079847e-01
-1.851530e-01
1.066002e-01
-3.196814e-01
4.504128e-01
-1.951369e-01
5.198321e-03
-1.867179e-01
-4.230135e-01
2.075640e-01
1.560474e-01
4.119327e-01
-4.560328e-01
-5.870137e-03
5.485482e-01
-8.887751e-02
2.534854e-01
-2.527636e-01
3.639345e-01
-3.294402e-01
-1.462918e-01
2.439443e-01
-4.424495e-01
2.085777e-01
-2.455951e-01
-2.728095e-01
5.205576e-01
-5.389521e-01
7.963681e-01
-3.945738e-01
1.036950e-01
-3.603226e-01
5.769397e-01
7.264774e-01
-5.259073e-01
3.511102e-01
1.147594e+00
-2.879523e-01
-3.902518e-01
-2.527418e-01
-2.964286e-02
-2.564993e-01
-4.578167e-01
-3.449352e-01
-5.179882e-01
5.503955e-01
-3.465043e-01
-1.875551e-01
-1.312427e-01
1.072950e+00
1.093035e-01
1.121904e+00
-3.541218e-01
-6.420476e-01
-1.972719e-01
-1.062440e-01
-3.697448e-01
5.847130e-01
-1.327510e-01
-2.505786e-02
-1.617129e-01
-5.538487e-01
3.619644e-02
-9.232640e-02
1.479451e-01
2.332165e-01
6.293727e-01
6.230947e-01
8.145481e-02
3.137329e-02
5.073900e-02
-3.944754e-02
-5.552522e-01
1.636439e-01
-5.495340e-02
1.417330e-02
-2.731740e-01
1.235112e-01
-4.801469e-02
3.458903e-01
-8.977270e-02
1.130136e-01
-8.110137e-02
-2.363513e-01
4.665877e-02
5.560411e-01
-3.608532e-01
-3.775909e-01
6.484010e-02
-6.702877e-02
-2.156944e-01
-2.699160e-01
-7.690699e-02
-5.286651e-01
1.347329e+00
-3.243589e-01
-3.502907e-01
-3.324860e-01
3.216747e-01
1.607489e-02
-1.346527e-01
-2.840403e-01
1.085598e+00
-2.989515e-01
-6.389339e-02
-2.055334e-01
1.754140e-01
-4.515402e-01
-3.751011e-01
-3.504325e-01
-2.576963e-01
-5.820521e-01
5.626380e-01
3.641085e-02
-5.020700e-02
-2.343307e-01
4.854547e-01
-4.491112e-01
-1.863491e-01
3.719700e-01
-2.474795e-01
4.639883e-01
4.704197e-01
-3.090307e-01
7.816131e-02
5.174859e-01
-3.205856e-01
3.619015e-01
7.968400e-03
-6.296929e-02
-2.371875e-01
-2.241633e-01
-2.308104e-01
1.969825e-01
2.706752e-01
-2.677200e-01
7.180166e-01
-3.434588e-01
-1.177666e-01
-3.156862e-01
-5.611973e-01
-2.639531e-01
8.418033e-03
-4.530605e-01
-5.444519e-02
1.093936e-01
2.843100e-02
6.732820e-01
-6.512476e-01
-3.566379e-01
4.174362e-01
2.519819e-02
-5.544261e-01
-1.484960e-01
-2.995703e-01
-3.286070e-01
-2.445822e-01
7.900796e-01
-3.126911e-01
-9.968968e-02
3.751254e-02
-3.197181e-02
-3.698294e-01
-3.939601e-01
-3.550873e-02
-2.224555e-01
2.913193e-01
3.186641e-01
1.595502e+00
8.794110e-01
-1.735886e-01
1.324135e-01
-3.630181e-01
2.836308e-01
-4.354169e-01
4.399948e-01
-2.742456e-01
1.229532e-01
-2.428618e-01
-3.279642e-01
-2.994621e-01
-3.110024e-01
1.575175e+00
9.565787e-01
-3.573619e-01
7.712781e-02
1.736274e-02
-2.594027e-01
3.035386e-01
-5.682363e-01
-4.795033e-01
2.722556e-01
-8.797690e-02
-3.338200e-02
-2.658969e-01
1.383611e-01
-2.866096e-01
7.074175e-02
-3.442528e-02
1.347990e-01
-5.326387e-01
1.536346e-02
2.167820e-01
-1.265138e-01
1.240609e+00
2.991413e-03
-2.818251e-01
-2.570849e-01
-2.051779e-01
6.494268e-02
1.248124e-01
6.281642e-01
-3.278971e-01
-1.293422e-01
1.381535e-01
-2.079454e-01
8.444633e-01
-1.908811e-03
-3.380963e-01
-3.326797e-01
3.121432e-01
4.505520e-01
-6.380955e-01
-3.540905e-01
-3.961863e-02
4.635987e-01
1.981083e-01
-6.995287e-02
-7.417228e-02
-5.697599e-01
-2.625961e-01
-4.224079e-02
3.560139e-01
-3.634587e-01
-2.528978e-01
