16 3 3
0.06434207
0.07130224
0.06214751
0.1221693
0.1167183
0.08279596
0.08103034
0.08486089
0.05735768
0.03195841
0.0235037
0.01007
0.07607733
0.05016046
0.01422822
0.02672937
0.009059857
-0.01411946
-0.01979588
-0.02742268
-0.06681328
0.01949379
-0.003038204
-0.05575327
-0.01211194
-0.03236708
-0.05761425
-0.1706651
-0.07850897
-0.5340703
0.2781402
1.260546
0.1945028
0.1683453
1.16898
0.3529486
-0.09760207
-0.276328
0.02292673
-0.4637563
-0.5689867
-0.3547781
-0.1499873
-0.3475271
-0.01956055
0.3654868
0.3734507
0.4119686
0.0394075
-0.2938311
-0.1523142
-0.03288953
-0.6972736
-0.4461892
-0.2315143
-0.6315774
-0.3311297
0.02870129
0.02455569
-0.001685259
0.2170938
0.3623093
0.1838545
-0.4326751
-0.7618837
-0.4408287
0.09349819
0.2413008
0.06515984
0.4867347
0.7507778
0.3888327
-0.2670345
-0.5722838
-0.2458147
0.005471602
0.0595564
-0.0536887
0.3461311
0.4744707
0.1935603
0.03451799
0.01537721
0.03332529
0.08409269
-0.01607611
0.05720413
-0.002133415
-0.1043636
0.03801623
0.178825
0.2267015
0.1521177
0.2373356
0.2335376
0.207644
0.06644759
0.02927056
0.1124314
0.01145752
0.02393569
-0.02325406
0.03857385
0.01975825
0.04595507
-0.02560692
-0.05726856
0.03813084
0.3881376
0.5551556
0.07084625
0.6261914
1.24504
-0.07276078
0.3488032
-0.2551917
-0.4706544
-0.407434
-0.6769909
-0.1875807
-0.8360084
-0.3800545
-0.4147951
-0.2994276
-0.7364344
-0.1310362
-0.3208441
0.04337774
0.1805009
-0.1901474
1.121391
0.7690926
-0.08939625
0.5696725
0.5375378
0.1453339
0.07199091
0.1120007
-0.06683423
-0.562346
-0.02145245
-0.01532912
-0.4360286
0.1043641
0.2072624
0.04960637
0.1160516
-0.1488082
-0.5925122
-0.05076607
-0.1159322
-0.4801357
0.0807743
0.2153754
0.1602036
0.2337873
-0.06442346
-0.3580756
0.0979108
-0.1487228
-0.4333884
0.04814374
-0.3076135
-0.468596
-0.1440713
-0.4890257
-1.004029
-0.4496197
-0.1034731
-0.6760533
-0.2362067
-0.1189079
0.02112534
-0.1754748
-0.02934174
0.03381121
-0.05289922
-0.0002658265
-0.01736107
0.004424934
0.1509854
0.8381359
0.2438829
0.4829549
1.147552
0.5282264
0.04497603
0.5090404
0.1267753
0.05949241
0.05560834
-0.2693059
1.342409
-0.05693627
-0.3802524
-0.002849666
0.1915899
-0.06061843
0.08863261
-0.1451091
0.02422356
0.9342334
-0.853423
-0.4065172
-0.4519992
-0.3329028
0.02532035
-0.1596787
-0.1864453
-0.04212726
0.6379879
-0.4289119
0.03798556
-0.03133753
0.01827026
0.2913057
-0.01500506
0.6356974
0.1617031
-0.1729312
-0.8310308
0.4665493
0.02470146
0.05389606
0.2968705
0.2612223
0.1273034
-0.01558423
0.01560312
-1.53847
0.1035136
0.4530284
-0.05087066
0.10529
0.1389655
0.2269317
0.01735441
0.1644377
-0.6814915
0.06529957
0.2062278
0.0417334
0.09077059
-0.8389328
-0.8179181
-0.4699991
-0.1978581
0.7588361
0.1646141
0.09014069
1.4336
0.5943198
0.2569756
0.1378539
-0.2185429
0.635681
0.5778841
-0.4201321
0.2255947
0.1601238
-0.411089
0.3999455
0.5612655
0.7782481
-0.2018458
-0.295782
0.1326309
-0.5291543
-1.028372
-0.3751276
-0.2673993
-0.2173979
0.2335586
-0.3477396
-0.1425341
0.5838624
-0.05516114
0.03003176
0.5603285
-0.4616713
-0.1805661
0.4255244
-0.7047918
-0.1957579
0.7470443
-0.3689433
-0.1368598
0.5430133
-0.4198017
-0.08922826
0.4348012
-0.6928648
-0.1141881
0.7051463
-0.3695293
-0.04964325
0.5751038
0.01345955
0.002421005
0.002220044
-0.005957739
-0.00185719
0.003685081
0.003515969
0.001179647
0.003301589
-0.00116239
-0.001581191
0.0008918564
-0.008036468
0.001908487
-6.09e-05
-0.004311939
-0.001448032
0.001987193
0.003985389
0.002667874
-0.004683626
-0.003039193
0.004470349
0.0003229545
0.0044947
-0.0005010874
-0.000813897
0.1474073
0.3953176
0.03842521
0.1127064
0.741186
0.2601711
-0.1404643
0.005004011
0.01540051
-0.3312765
-0.8080776
-0.5102649
-0.3730052
-0.6520472
-0.5100346
0.1488467
-0.2721044
0.06070436
0.238753
-0.00456257
0.2324927
0.06850984
-0.1025881
-0.06617612
0.1242441
-0.06778913
0.05943375
-0.1866049
0.3082729
0.2313905
-0.01587224
-0.3946544
0.794656
-0.337572
0.8131334
0.5763519
-0.2835435
-0.3678294
0.1123012
-0.2835934
-1.772295
-0.1095492
-0.2451868
-0.03952833
-0.1231766
0.21322
0.4129258
-0.1947179
0.8577034
0.03057323
-0.05643877
0.2035057
0.3263553
-0.4460907
0.1803991
0.4508418
0.2686442
-0.06967723
0.2013401
0.03345852
-0.2362276
-0.3230971
-0.3232327
0.3534967
0.7323462
0.3512448
-0.1793133
0.1421997
-0.01638595
-0.4419731
-0.4522816
-0.340937
0.02449683
0.3335536
0.1691633
-0.1864567
0.1271442
0.09378782
-0.4393073
-0.274597
-0.1643883
-0.005539481
0.006159686
0.001969494
0.0004952765
0.0036887
-0.002198486
-0.005262888
0.00320007
0.0004405602
0.003547437
0.006796385
-0.005778364
0.0006719453
0.003318442
0.000397031
0.002439204
-0.001320246
0.00769074
0.004383942
-0.002043033
0.002508342
-0.007151294
0.005071188
0.008238097
-0.002040676
-0.0004449296
0.002886692
