16 16 3
0.03898368
0.0550491
0.05047889
0.02369172
0.02146251
0.02107934
0.02119121
0.02679174
0.04553285
0.07460638
0.003619058
0.007044144
0.05748649
-0.04746201
-0.04018963
0.08784214
0.00103788
-0.02737918
0.003578645
-0.006099782
0.02051594
-0.06122422
-0.05602167
-0.006205255
-0.02481743
-0.05861289
-0.01263737
0.09820091
0.06833299
0.03279877
0.05205487
0.05562331
0.02154391
0.03848981
0.06644572
0.06165137
-0.06607343
-0.03519575
-0.04817859
-0.032302
-0.02001978
-0.07235299
0.06112884
0.06742584
0.07789145
0.05293562
0.041481
0.01994599
-0.01104149
-0.03512907
-0.002324783
-0.05871684
-0.01650956
-0.004073367
0.05559048
0.06525793
0.05038705
0.1823831
0.1935617
0.1726338
0.1605096
0.1596602
0.1517307
-0.0567119
0.01693981
0.05951391
-0.0483486
-0.0368029
-0.05907621
-0.02709773
-0.04419656
0.01833917
0.07769576
0.0771388
0.07080789
0.0206201
-0.01095764
-0.01732225
0.009846686
-0.02574703
0.01706079
-0.03900073
-0.04051714
-0.02235983
-0.07268394
-0.08920892
-0.07358755
-0.02367352
-0.003896732
-0.01661124
-0.001648841
-0.002790544
-0.0005447983
-0.000699493
0.0005564623
0.0006374985
-0.0009902089
-0.0009141193
0.001200977
0.001345038
-5.14007e-05
0.001435642
0.001305083
7.443358e-05
0.00199481
0.001611778
0.001497538
0.0004570139
-0.06180506
-0.05965221
-0.01548738
-0.02272499
-0.01606463
0.01278489
-0.03541088
-0.002674865
0.01562755
-0.04338479
0.003276186
0.04602851
0.01170339
-0.05690595
-0.02783244
0.009871698
0.01452086
-0.008299788
0.08955207
0.03263192
0.04276327
0.02635496
-0.0199666
-0.02478672
0.05045434
-0.002018414
-0.02924695
-0.02691583
-0.01224671
-0.01259398
-0.05990587
-0.09582994
-0.08499566
-0.01568168
0.02962647
0.02750426
0.03611992
0.04801808
0.1159775
0.02198282
-0.01922201
0.04222262
-0.04407704
-0.05149383
0.01716269
0.05513855
0.06994079
0.01415565
0.06213568
0.06511045
0.02820926
0.07333723
0.03675207
0.07842493
0.003133944
-0.005591992
-0.01551395
-0.05082115
-0.05925493
0.005798201
-0.02053773
-0.04119748
-0.0207164
0.009334054
0.01496559
0.04436694
0.008555111
0.02295122
0.02185272
-0.0485812
-0.03804287
-0.1002519
-0.04897355
0.007290921
0.03289855
-0.01174205
-0.02859726
-0.06594796
-0.007040177
-0.02477792
-0.02620863
0.04171118
0.07296842
0.03020583
-0.07068133
-0.05895725
-0.01166259
-0.070399
-0.04509725
-0.05910233
-0.02187882
-0.009328646
0.006540668
-0.1324271
-0.1369284
-0.1291971
-0.1021153
-0.09111305
-0.1005388
0.02230765
-0.01415894
-0.01703138
-0.08052918
-0.02526539
0.03303688
-0.05868489
-0.0878422
-0.007427035
-0.0473261
-0.08036593
-0.04072269
-0.1566622
-0.1918764
-0.1687072
-0.08914059
-0.156009
-0.1390034
0.01704524
-0.01906318
-0.04179094
0.06883714
0.02717203
0.04102457
0.04346176
0.03770872
-0.009927305
-0.002011289
0.001066666
0.003830474
0.001672176
-0.001067796
0.0004594092
0.0002150357
0.001808558
0.000602423
0.001574965
-7.206898e-05
0.001454889
0.0005292665
0.002236609
0.001622666
0.0004870685
0.001070328
-0.001639637
-0.04330137
-0.05134454
0.002515565
-0.04625242
-0.05277142
0.03264505
-0.08732226
-0.07441085
0.002752377
0.07779981
0.06765352
0.04155707
0.08317156
0.09984969
0.0652866
0.1005361
0.09247256
0.04217623
0.02259561
0.04051225
0.03458653
0.03503224
0.05500391
0.0604188
0.02859032
0.036311
0.0107464
-0.0898799
-0.01941579
-0.003789378
-0.02301991
-0.01965221
-0.004592323
-0.006758049
-0.04308609
-0.04330431
0.03402706
0.06859519
0.02869016
-0.004550169
-0.01807209
0.05829451
-0.0360263
-0.02922228
0.02203554
-0.05843742
-0.1564427
-0.02522301
-0.06026288
-0.08367328
-0.007179646
-0.09156054
-0.03622167
0.0331584
0.02167406
0.03930034
0.03696977
0.01384622
0.02661056
0.02605955
-0.03618639
-0.02253939
-0.07138793
0.1455783
0.06949741
0.003755434
-0.0753834
-0.05170192
-0.1543146
0.06331763
0.03717101
-0.001027225
-0.03257402
0.0742905
0.1277601
-0.03796278
-0.005222779
0.06558857
-0.03509696
-0.02467561
-0.007868408
0.02275839
0.03998273
0.001009134
0.1085099
0.2569496
0.04516034
0.09107547
-0.06925748
0.002552698
-0.3028967
-0.3349223
-0.3401828
-0.05365395
-0.09602976
-0.0849478
-0.007381675
-0.02762017
-0.02220004
0.03985014
0.1195197
0.1513217
0.06216297
0.1368367
0.08593571
-0.0388188
-0.02723188
-0.09673405
-0.06382336
0.08181046
0.04044816
0.08450159
0.138363
0.09839947
0.04360749
0.1946493
-0.02259652
0.005068447
0.007856272
0.05025531
-0.02860061
0.0571488
-0.0236666
0.03655149
-0.01131904
0.01168395
-0.002456944
0.0004704807
0.001298573
-0.0007741515
-5.173602e-05
0.0007396258
5.421267e-05
0.001874723
0.0006480461
0.003404447
-0.001657203
-0.003252065
0.001730632
-0.0007424447
-0.001174142
-0.001955874
-0.002403106
-0.003216406
-0.01198028
0.01370827
-0.06804601
-0.0572178
-0.02991006
-0.08266427
-0.01603156
0.09074604
-0.0269965
-0.1190492
-0.02334858
0.0415354
-0.06711555
-0.03057352
0.08524126
0.08947121
0.04311503
0.02454838
0.03833878
0.03113403
-0.06281944
-0.04881744
-0.0640196
-0.03905942
-0.09208467
-0.03326483
-0.05385256
-0.1327817
-0.1986365
-0.02988961
0.08399674
0.1844379
0.08215045
-0.06694504
-0.1267942
-0.05803942
-0.05617949
-0.0946582
-0.06035186
0.02663894
-0.01963763
-0.02285417
0.1208534
0.05629465
0.02495462
-0.0409109
-0.03113715
0.009135774
-0.01424965
0.04751153
0.07124485
-0.009441075
0.06765773
0.08307512
-0.04363655
-0.0141111
0.002989921
-0.008300802
0.05456233
0.03906276
0.04368918
0.08125693
0.1347867
-0.04413106
-0.008143203
-0.02622812
-0.01256278
-0.002130005
0.01786919
-0.08334266
-0.06347769
-0.01526431
0.03963098
0.02725823
0.06134228
-0.03760314
-0.01071854
0.01803672
-0.09559876
-0.05607843
-0.02674215
-0.02473787
-0.03265059
0.02237741
0.05777915
0.03727432
0.01565677
0.03264985
0.005989904
0.003411508
0.0530841
0.05162685
0.06828173
-0.09084531
-0.1301869
-0.09489513
-0.1819276
-0.1873449
-0.1505773
-0.006440411
-0.03029563
-0.04359686
-0.02600886
0.03129153
0.02808961
-0.02687914
-0.02551512
-0.04250945
0.047164
0.07501701
0.02302874
-0.02925954
0.03460356
0.02264296
-0.01039354
-0.02890355
-0.03037374
-0.03633732
-0.03904654
-0.03116015
-0.09856386
-0.08530777
-0.06336684
-0.138477
-0.1473404
-0.06582261
-0.002173061
0.001124677
0.001247237
-0.0013344
0.0008857375
-0.0008078469
0.002909923
0.0007216327
-0.0005287532
-0.0003717935
-0.0006449965
-0.003046761
-0.00101242
-0.001683346
-0.0009400934
0.002515762
-0.002292133
0.002641268
0.04999319
0.04509058
0.02810816
0.007923713
-0.02108237
-0.04436403
-0.007200742
-0.02697973
-0.01984838
0.01111406
-0.0602179
-0.06635365
-0.006620396
-0.09486913
-0.06052449
-0.03392306
-0.02202492
-0.02454771
-0.1106054
-0.05999135
-0.04746599
-0.04121578
-0.03213573
0.006070489
-0.03951339
0.02206952
0.04592646
0.002055267
-0.0196674
-0.02982598
-0.07410093
-0.08547979
-0.04223721
0.001856054
-0.01595961
0.003353999
0.05051801
-0.07367019
-0.05127574
-0.002111415
-0.0877328
-0.1374566
0.006156594
-0.0708601
-0.1763915
-0.05166468
-0.01346222
0.06722183
-0.1192922
-0.0122791
0.04507326
-0.1359469
-0.01177875
0.04625743
0.002449541
0.02735061
0.02291457
-0.01481212
-0.005630296
0.005197248
0.02320242
0.03945018
0.03816173
0.04762715
0.1014332
0.1602266
-0.1338299
-0.1074618
-0.001421172
-0.03575175
-0.0334866
-0.001246631
-0.09610044
-0.05557031
-0.02240233
-0.03614376
-0.0004817153
0.04140164
0.04015083
0.1008719
0.1203735
0.06938235
0.1100645
-0.0009730887
0.1014374
-0.02913245
0.01569403
-0.006256258
-0.07568395
0.03832221
-0.01750364
-0.005110709
0.006339204
0.1045093
0.07644679
0.0774022
-0.1169286
-0.1284022
-0.1146218
0.03631809
0.1324288
0.1481303
0.04486985
0.06361908
0.1381433
0.04324264
-0.07449008
-0.1098258
-0.07423214
-0.01669155
0.005996981
-0.09672486
-0.0473654
-0.0283496
-0.05730502
-0.1408534
-0.1163357
0.02543654
-0.01137149
0.05551455
0.08095745
0.07371784
0.04651514
0.04249183
0.02364627
0.02886365
-0.001932208
-0.000852139
-0.0007567571
0.002385189
0.001713689
0.001578227
0.0001109774
0.001961997
0.001586706
0.001370879
0.001896539
-0.0006475701
0.001942915
-0.0003646371
-0.001276755
0.0009710981
-0.0009114066
-0.001044871
0.008426612
0.0615624
0.1085906
0.05505771
0.1124932
0.1068209
0.06160168
0.04168854
0.002553832
-0.04456788
-0.04090812
0.08197004
0.0502037
-0.02393612
-0.08660124
-0.007238629
0.03341585
-0.1271925
-0.09731945
-0.009213273
0.05272602
-0.08855104
-0.05131049
0.03250258
-0.06734575
-0.02738746
0.004759877
0.02501907
0.01419686
0.08812319
-0.03368172
-0.06033899
-0.03443645
0.04534718
-0.04427981
-0.008509478
-0.006445405
0.007936911
0.009827686
-0.02930384
-0.09348832
-0.03798505
-0.09490693
-0.03097635
-0.08342723
-0.02866114
0.04204252
0.03259915
-0.01157754
-0.01095141
-0.0261729
0.03310232
0.01035447
-0.06151179
-0.05412478
0.04547123
0.03510445
0.03597
0.1018017
0.07466078
0.06186776
0.1203029
0.06904759
0.03767865
0.03785774
0.03634168
0.01408105
-0.007953499
-0.0004160867
0.007439464
-0.05379139
-0.07330278
0.02475028
0.02476639
0.0122767
0.08587112
0.1340868
0.1584077
0.07985041
0.0709227
0.002100431
0.06486537
0.007036158
0.08017554
0.08958155
0.09124532
0.1290293
-0.006730277
0.04513723
0.02655634
-0.02053161
-0.02503415
-0.02855477
-0.02359633
-0.07676346
-0.1119688
-0.1847473
-0.1638236
-0.2660337
0.08722375
0.1207176
0.1510599
0.235912
0.235766
0.210631
0.1980826
0.2537521
0.2357455
0.1204557
0.2252921
0.1697182
0.1160891
0.1164078
0.1414816
0.09511247
0.1988902
0.148668
0.02606106
0.00428675
0.04350164
0.09549668
0.09727345
0.07335057
0.02340978
0.06525379
0.04996314
-0.001115843
-0.0002458413
0.001011542
0.002387964
-0.001034803
0.0001801357
-0.0001978095
0.000996183
0.00012127
-0.001118646
0.001351171
-0.001612251
-0.002403044
0.0006182655
-0.002925885
0.002892755
0.0005476817
-0.001301649
0.07085013
0.1172354
0.1420822
0.04913524
0.1631173
0.1750073
0.07477417
0.1738543
0.1085192
-0.03560496
0.03934292
0.003260681
-0.03313842
0.004713555
-0.002542862
-0.02090074
0.003465469
-0.01479744
-0.01039686
-0.01085936
-0.09058836
0.09913893
0.02386207
0.007039862
0.1020599
0.09319106
0.06713482
0.05529007
0.03516618
0.1229564
0.09207436
0.1198672
0.258153
0.008917559
-0.03486814
0.09572007
0.1221999
0.09550228
0.1076804
0.1455106
0.1736246
0.2118963
0.006875758
0.0615356
0.1322664
-0.05408242
0.01740561
-0.0172191
-0.007826434
0.02337756
0.02479322
-0.04572969
0.01340474
0.02746294
-0.003842742
-0.01925295
-0.06885736
-0.03702922
-0.1009811
-0.09957282
-0.008279099
-0.03605698
-0.04001388
-0.002113957
-0.005997274
-0.001340601
-0.03496088
0.001792255
0.009542185
0.04799893
0.05566294
0.06741114
-0.02582085
-0.01109527
-0.00187794
-0.004073946
0.005563378
0.03389656
-0.02583848
-0.01320695
0.03942965
-0.02779974
0.03353105
0.02444157
-0.03019771
0.009691984
0.01531588
0.0007732778
0.04853758
-0.0304206
-0.05775156
-0.06531557
-0.0482509
0.08973795
0.105272
0.1035287
0.08490836
0.1020145
0.09894659
-0.06911098
-0.001844111
0.02352363
-0.0233223
0.04518072
0.02187307
-0.005181431
0.0715427
0.08430657
-0.02944522
0.02982874
0.04538086
0.05124063
0.09177916
0.1618614
-0.07285506
-0.01010781
0.00796288
-0.005682776
-0.03836411
-0.0136907
0.08196244
0.06552409
0.0465964
0.03099339
0.01164614
0.03397705
0.001296859
0.0005038235
0.00014817
0.003111838
-0.002015359
-0.0004388797
-0.001561509
0.00054745
-0.0001015707
0.001499697
0.0001923487
0.002213973
0.0006952658
0.0009872151
0.0009270571
-0.0002339996
-0.00379049
0.002935001
-0.01044745
0.007891607
0.02186838
0.06285348
0.02788414
-0.008974801
0.003059967
0.02135647
-0.0003663773
-0.008433159
-0.02343244
-0.09003968
0.08864445
-0.08883903
-0.02813989
0.02629091
0.05788566
0.05883865
0.008714186
0.04170842
0.04950516
-0.0048025
0.03581137
0.03795091
-0.04865137
-0.001486218
0.03269638
0.0219038
-0.07263413
-0.03806899
0.03943701
0.024127
0.01851264
0.04976438
0.04301767
0.09633268
-0.09637015
-0.04473706
-0.06258278
-0.03419336
0.03317432
-0.1002793
0.04387414
-0.01602785
-0.03854654
-0.01985404
0.01356299
-0.01465368
0.01919056
-0.03634627
0.1010509
-0.02560481
0.05322558
0.1076898
-0.04757808
0.02369486
-0.07341144
-0.03456191
0.008800285
-0.0225231
0.03820282
-0.04909172
-0.002169587
0.008228801
-0.0206225
0.1498744
-0.0114184
-0.03063449
-0.08817229
-0.1000095
0.00496966
0.02072418
0.04965256
0.04449036
-0.008333208
-0.06175735
-0.1237752
-0.1336155
-0.06042889
-0.05965135
-0.1393424
0.07710512
-0.09487847
-0.06383483
-0.1652801
-0.1041635
0.07066822
-0.1357173
0.1204163
0.1247752
0.01593739
-0.01552512
-0.02858457
0.01177015
0.03173487
0.1102122
-0.02717268
-0.01913007
0.02818686
0.09382476
0.04150127
-0.05749691
-0.1070036
-0.07133024
-0.08283987
-0.1716062
-0.0186745
0.03143034
0.1495786
0.07757186
0.06237721
0.1529874
-0.02909702
-5.660586e-06
-0.01306957
-0.08054785
-0.1360222
0.04686102
0.1384626
0.02745878
0.05103622
-0.1161509
-0.06952259
-0.07710268
-0.007614527
-0.02696611
-0.0002810411
-0.001251901
0.0001921604
-0.002032903
-0.00050176
0.001133379
-0.0002483873
-0.00156272
2.283008e-05
-0.00336485
-3.024254e-05
-0.001778815
-0.0004535971
-0.0002895373
0.0001844185
0.001678543
0.0008385816
0.004140476
0.01777702
0.04178905
0.01288307
-0.03396226
-0.04065063
-0.06207653
-0.03090153
-0.1105457
-0.02656694
0.09072034
-0.02017928
-0.1434239
-0.130148
0.009820379
0.06171931
-0.1238649
-0.2057582
0.1018119
0.02935558
-8.224334e-05
0.02309405
-0.03535667
0.05181993
0.03565866
0.03411534
-0.04932987
-0.02202851
-0.002945325
0.05636359
0.05376669
0.1892642
-0.01472719
-0.05630685
-0.08071215
0.1461045
0.08637239
0.07949451
0.0303475
-0.0004211648
-0.03051963
-0.1029581
-0.1127371
-0.1141762
-0.08033136
-0.005875831
-0.04217465
-0.1021985
0.01911076
-0.08522107
-0.02231763
0.001399854
-0.01512078
-0.01341853
0.04077013
-0.05664339
-0.06054381
-0.06252892
0.06376878
0.1356529
0.03482736
0.123731
0.2283338
0.1163236
0.04774678
0.04913209
0.04234914
0.02579897
-0.07436568
-0.06243563
-0.09055453
-0.1136388
-0.1275408
0.05397129
0.02316249
-0.1153006
0.02525067
0.07069132
0.0831847
-0.06631011
-0.02774062
0.01953567
0.06717612
-0.00912443
-0.1050642
0.01466465
0.03932166
-0.05894735
-0.03304659
-0.02357401
-0.1717272
0.08618175
0.05842081
0.1202663
-0.002416288
-0.03432801
-0.03046291
0.05633343
0.04925011
0.03964706
-0.06887265
0.1065937
-0.009820148
-0.0574545
0.2119092
-0.1210222
-0.09178509
0.07269342
-0.1556492
-0.02029996
0.0007465632
-0.03012004
-0.03861456
0.0810776
-0.03690286
0.007798261
0.08438507
-0.04543559
0.08091877
0.1296975
0.0948914
0.1212162
0.1411348
0.1533339
0.08142518
0.1227915
0.0391481
0.0007878777
0.0008172784
-0.002181139
0.00127963
-0.0007200192
0.002703548
0.00149081
-0.0008347363
0.0007719079
-0.0003208795
-0.0006102835
0.0004275739
-0.002913349
0.0001328318
0.001893967
8.417827e-05
-0.001648237
0.0006544726
0.03016513
-0.04317475
-0.1171557
-0.01501943
0.00419878
-0.06444619
-0.02537144
0.01614673
-0.03745262
-0.1226811
-0.05207016
0.07776602
-0.1692666
0.1341033
0.1671711
-0.006106722
0.03449062
0.04156115
-0.0004097152
0.03272574
0.0622176
0.04407259
0.009126894
-0.02156217
0.004202313
0.04694986
0.01202424
-0.02879046
0.09027974
0.01457115
-0.03966628
-0.004291127
-0.1503606
-0.06013569
-0.006098547
-0.1209822
-0.07614968
-0.08007532
-0.1008017
0.09898563
0.1053412
0.1127904
0.1713594
0.1635607
0.1183063
-0.008869281
0.01041792
0.0341925
0.009219738
-0.02628499
0.08386444
-0.1059192
-0.02660016
0.05242612
0.05323086
0.05060776
0.001235206
-0.004112338
-0.05739772
-0.08056071
-0.1120595
-0.08468682
-0.1451992
0.07821121
0.02733478
0.0327291
-0.07171752
-0.06188744
-0.0888915
-0.03125491
0.004922327
0.03637029
-0.005082206
0.0357555
-0.01669138
-0.003587672
0.00265252
-0.05820772
0.04545553
0.0423329
-0.03574875
0.04983841
0.05460542
0.06417456
0.04564294
0.04965591
0.06052016
0.04565209
0.02173269
0.06434327
-0.2135732
-0.2078146
-0.2345111
0.01666558
0.04014448
0.02153456
0.09162159
0.08317105
0.0888668
0.1736936
0.1248117
0.003827675
0.04348587
0.0695798
-0.008841468
-0.02248951
0.003445948
0.003081206
-0.02050866
0.02290731
0.01924108
0.07592519
0.07557398
0.1804986
0.01498987
0.05885566
0.07127902
-0.04524653
-0.05605369
-0.06617235
0.006858542
-0.02519278
-0.05600141
0.01069757
-0.02173482
0.01037867
-0.0005864386
-0.001936609
-0.001831577
0.001642982
-0.0005745639
0.001966554
0.0006637513
-0.001416306
0.0008474887
0.00127423
0.0003829021
-0.0002168475
-0.0006974915
0.003483004
-0.000762463
0.0005895667
0.003331598
0.0003712793
-0.01453983
0.06812833
0.03813684
0.09425197
0.1485948
0.08075912
0.1065393
0.1077564
-0.01212538
0.1178159
0.1490472
-0.01685778
0.1582862
0.05991228
0.02054875
0.02850321
-0.0005800897
0.02421246
-0.003232437
0.01390481
0.003725498
-0.0525589
0.009134814
0.02016161
-0.06849481
0.005150094
0.02109906
0.09069199
0.08017269
0.004959645
0.08527525
0.06112907
0.0220708
0.04288812
-0.02614181
0.023478
-0.03010979
-0.02042901
0.01070564
-0.0703842
-0.1079993
-0.02506412
-0.001164811
0.04145207
0.07853036
0.005407865
-0.06611397
-0.06610282
-0.008334513
-0.0433601
-0.01234876
0.03229557
-0.01337619
0.04077386
0.06378893
-0.005675099
0.0341826
-0.04213617
-0.0336423
-0.008886161
0.02986073
-0.03290109
0.003094353
0.07695814
0.05721366
0.0441544
0.03967505
0.05050592
0.01132553
-0.08603301
-0.05003383
0.01700009
0.01338997
-0.04832438
-0.00799085
-0.04584058
-0.0365805
0.001492482
-0.06414496
-0.05375205
-0.0004272008
0.002618551
-0.007132024
0.01913431
0.03236813
0.05259037
0.08699779
0.03082345
0.124861
0.102009
0.1311242
0.1340699
0.1224701
-0.04215656
-0.06934237
-0.06996582
-0.1175827
-0.1210803
-0.1133917
-0.09481496
-0.1324105
-0.1401815
-0.1111669
-0.1521674
-0.1845431
-0.1116732
-0.1291371
-0.1386986
0.08598653
0.08147341
0.02081892
0.06597178
-0.03885901
0.06585828
0.0761392
-0.003901007
0.07222274
0.02609326
-0.003324627
0.02451558
-0.01893917
-0.03911296
0.01415474
-0.06497718
0.0123016
0.09427456
0.002200927
-0.000409691
-0.0002672764
0.0008010064
0.005755283
0.0006197169
-0.0005168587
0.003096238
-0.003947914
0.0007835421
0.0001204783
0.002982846
0.0003633497
-0.0007377316
-0.002010997
-0.0004613964
0.000785683
-0.00193432
0.03631608
-0.02336844
0.005953994
0.04236992
-0.01297443
-0.007092149
0.05452132
0.006513536
0.002067227
-0.04495995
-0.1265566
-0.09862463
-0.1190045
-0.1891628
-0.1737547
-0.103351
-0.2447566
-0.1196559
-0.02751653
-0.1175457
-0.04006353
-0.09663764
-0.1551784
-0.1073487
-0.08278605
-0.1253345
-0.05174236
-0.009505952
-0.04498664
0.02507082
-0.08220332
-0.1489058
-0.07337414
-0.08785552
-0.08501531
0.0435307
-0.001248686
0.01386517
-0.01354765
-0.04883728
-0.01576485
-0.03264333
0.02227441
0.02156614
0.03585919
0.01573971
-0.01249783
-0.01235291
0.05366888
0.002033762
0.01171573
0.05820433
0.0106102
0.005548333
0.006997773
-0.01753718
-0.01625758
-0.0181301
-0.006307307
-0.04942913
0.006629191
-0.0199119
-0.04210961
-0.004617278
-0.01615133
-0.007668111
0.001335951
0.002306066
-0.009795985
-0.00862764
-0.004051909
-0.01384212
-0.02786314
-0.01186356
0.006899441
-0.04445288
-0.04308413
-0.02193933
-0.0418644
-0.02082926
-0.04295402
-0.003585287
0.003876984
0.005435258
-0.02278333
-0.004200147
-0.02179984
0.006621743
0.01602819
-0.03052498
-0.07227153
-0.0839528
-0.08882406
-0.08540619
-0.07907012
-0.07135341
0.08255786
0.07411812
0.06974892
0.04690579
-0.01785731
-0.005306615
-0.01081565
0.02925323
0.006805775
-0.01787846
-0.001861826
-0.01221276
-0.000693363
-0.05575898
-0.0548777
-0.03208071
-0.003878451
0.01437999
0.06053202
0.02587038
0.02599327
0.005870527
0.01067482
-0.005663452
0.00962586
0.01433949
0.02018259
0.006486645
0.01548832
0.01753868
0.0004168653
0.002318822
0.001554751
-0.002607874
0.001077589
0.0006944124
-0.001922395
0.00174044
0.00201975
-1.725432e-05
0.00165312
-0.001099491
0.000779659
-0.001491945
-0.004011302
-0.00218876
-0.001436842
-0.001009993
-0.02728472
-0.04836329
-0.02991918
-0.05964177
-0.0420097
-0.03137039
-0.007204003
0.005646192
0.01298129
0.0133581
0.03953516
-0.01136778
-0.001893093
-0.0005371458
0.03381671
0.01694004
0.04770283
0.0379714
0.003258619
-0.009807511
-0.007891292
0.008803145
0.00454903
-0.0266919
0.01929095
0.02365717
0.01467922
0.01854104
0.0381785
0.004103869
0.03412953
0.05855415
0.03676387
0.02287204
0.03763526
0.03699286
-0.0491909
-0.06691627
0.02305852
-0.03069523
-0.04772069
-0.03297437
-0.1115371
-0.08286944
-0.03409718
0.02202944
0.04940645
-0.02468501
-0.04138467
0.0449656
0.01460865
-0.05760727
0.03419712
0.07780512
-0.0249621
-0.07875806
-0.07401149
-0.03183577
-0.04392938
-0.05030222
-0.008230328
-0.006213986
-0.02890713
-0.02181709
-0.007954814
-0.05354532
0.05328543
0.02054542
0.008185097
-0.04360532
-0.02947922
-0.01374546
0.1616745
0.192587
0.1428119
0.1508995
0.2584128
0.2375126
0.1602862
0.2265344
0.2394346
-0.08473522
-0.05653246
-0.04901589
-0.05953705
-0.0527165
-0.06453584
0.01709695
-0.004700439
-0.06557319
0.03588463
0.04597791
0.04276894
-0.02942221
0.007470375
-0.02258205
0.02077415
0.01748585
-0.006764831
-0.05035581
-0.01822997
-0.01381338
0.09954432
0.04421914
0.03211414
-0.02814095
0.02883383
0.07273106
-0.0411175
0.001452387
-0.02413015
0.0579817
0.03924768
-0.03148684
0.01328865
-0.007917416
-0.03752635
0.06313609
0.05213377
-0.007689657
0.06101258
0.07760518
0.09709916
-0.01704251
0.0376222
-0.01555412
-5.269322e-05
4.87394e-05
0.002828735
0.00259396
0.001499809
0.0006095018
0.00156165
0.0003079392
-0.003065305
0.001993102
-0.001206289
0.001876954
0.003454215
0.001440236
0.0005866669
-0.00160552
0.001652361
-0.001072604
-0.008499788
0.01218743
-0.02126006
0.009220749
0.03207484
0.005870949
-0.07740079
0.007162028
0.02666797
0.05083268
0.1205574
0.05061597
-0.00263806
0.1778092
0.2119593
-0.0303
0.05441056
0.1659609
0.08655156
0.059358
0.01860824
0.06388336
0.03656641
0.01906379
0.02843658
0.01784679
0.02612442
0.04523963
0.03428124
-0.006904518
0.02748391
0.07401337
0.09463886
-0.02892804
0.01461009
0.0710457
0.003246804
-0.04344279
-0.01290803
0.006054132
-0.08880062
-0.2162904
-0.06107288
-0.08264408
-0.01295225
0.00351051
0.1183941
-0.06774565
-0.05875052
-0.1057256
0.0198524
0.006361457
-0.02822814
-0.02878759
-0.06985267
-0.01722684
-0.00484055
-0.05398219
0.050294
-0.03626699
-0.05323515
0.0240093
0.1057348
-0.2290257
-0.1349538
0.03893292
0.2268919
-0.03839874
-0.01679336
-0.1170656
-0.1014663
-0.2551246
0.06240288
0.04850055
0.01396047
-0.1230796
-0.04256565
0.007341988
-0.001528269
0.09665678
0.04551642
0.1495452
-0.1806483
0.05445623
-0.1333553
0.06646961
0.2037496
0.04150946
0.2447376
-0.09761453
0.157676
0.1399993
0.2232141
-0.1684379
-0.2813558
-0.3297531
0.04920096
0.0515721
0.01500414
-0.06846092
-0.1651963
-0.0299365
0.03954502
0.2003019
0.23389
-0.0304368
0.01050252
0.1232944
0.005899441
0.02622287
-0.1254607
-0.1768381
-0.3002972
-0.07290006
-0.04851923
-0.0466709
-0.05295678
-0.004258614
0.1880615
-0.1132563
-0.003803673
-0.1276569
0.07582821
-0.1772935
0.02565087
-0.1686815
-0.003403452
-0.001304057
0.001134266
-0.002861541
0.0001569327
-0.0009784581
0.000886104
0.001798909
-0.002667346
0.001884937
-0.002112593
0.001780045
-0.0004364502
-0.0002025696
0.0005439222
-0.001312965
0.000938452
0.001169478
-0.005755146
0.04735345
-0.03863996
0.02590315
0.08793505
0.06158713
-0.144383
-0.09526074
-0.006305672
0.1316011
0.1028096
-0.08273508
0.1072607
0.325335
0.2591858
-0.000598753
0.1654711
0.5126514
0.007001315
0.008898557
0.09369237
-3.982468e-06
0.04047358
-0.09991787
0.01197853
-0.0947294
-0.1137921
0.08831433
0.2091828
0.04232617
0.1554827
-0.2107907
0.258306
-0.03535376
0.1667979
-0.03936357
-0.03214206
-0.0164644
-0.04247733
-0.02078054
-0.09296455
-0.08594105
0.02337073
0.01907923
0.02762905
-0.06000005
-0.1088795
-0.1175633
-0.06865833
-0.245095
-0.1584698
0.0195213
-0.1545211
-0.1401464
0.05397275
0.0002221528
-0.001580736
0.0004810737
-0.004493322
0.0008965441
-0.05695251
-0.03144494
-0.1055999
-0.07791224
-0.06855419
-0.02645168
-0.0013043
-0.00673812
-0.07458614
-0.08464967
-0.1141671
-0.1412819
-0.04197416
-0.04131641
-0.001769899
-0.04624628
0.04922139
0.05231043
0.01483702
0.04958613
0.06606157
0.01677357
0.001310231
-0.0657922
0.007898084
0.09486859
0.05883811
0.1133835
0.1318453
0.001640482
0.006970698
-0.008077657
-0.03861957
-0.2409586
-0.2484079
-0.290747
-0.2583857
-0.2602352
-0.3302652
-0.03519178
-0.01685782
0.0464201
0.08685031
0.06875672
0.02119078
-0.0142723
0.0122263
0.005647839
0.007596988
0.02051021
-0.02861483
-0.02762397
-0.07001676
-0.05477452
0.0566453
-0.02115948
-0.00725515
0.08801296
0.119909
0.1166357
0.1415595
0.1332811
0.1272062
0.03344262
0.08968507
0.0897226
-0.001459677
-0.002224579
0.000425389
-0.001798576
-0.000186612
-0.001203276
0.001494644
-0.001767895
0.003012985
-0.000780286
-0.002052148
-0.0004395868
0.0006446511
-0.0009777012
-0.0009572688
-0.002228215
0.001525577
0.001649729
0.1168024
0.1180996
0.06453393
0.05238549
0.05056089
0.02567007
0.0647805
0.06601416
0.05689544
0.02918212
0.01293931
0.06397846
-0.02528317
0.03646917
0.1102065
-0.1304512
0.02932903
0.05269506
0.09697715
0.08128284
0.08176041
0.08889581
0.03624436
0.02116372
0.06143031
-0.003318905
0.00157313
0.04242612
0.02303274
0.08047347
0.02492848
-0.01946314
0.04362731
-0.08488933
-0.03073079
-0.03730415
-0.05941881
-0.08978719
-0.03027121
-0.02464891
-0.07257458
-0.05995721
-0.002148269
0.02980243
-0.0001786506
0.09924102
0.09901905
0.01035828
0.09154221
0.1049704
0.07219625
0.1394463
0.1682415
0.1297497
-0.09559373
-0.0503893
-0.02456262
-0.05482436
-0.07350179
-0.07669771
-0.1154667
-0.1115674
-0.08291793
0.04176759
0.03429026
0.03059636
-0.002524618
-0.02187653
-0.04343985
-0.007325879
-0.01831423
0.0169261
-0.03230851
-0.00374747
-0.1301369
0.1096351
0.1237378
0.03224778
-0.0005492763
0.05068224
-0.007544361
0.033556
0.08230156
0.1015668
0.0228224
0.05693941
0.1148759
0.02053582
0.04990717
0.1333373
-0.07359478
-0.07311112
-0.06157895
0.1536618
0.1305786
0.1021167
-0.07030059
-0.09478379
-0.1356111
0.06120936
0.1626342
0.09947537
0.02004386
0.08225734
0.1197168
-0.00693478
0.01433627
0.05740009
-0.06240016
-0.0102747
0.04536689
0.1142382
0.1073614
0.09001859
-0.01182655
0.007577146
0.06691896
-0.05147084
-0.02408828
-0.02047019
0.06043129
0.02812701
0.001820373
-0.03894879
-0.0260327
-0.04125592
-0.002346285
0.002333321
0.0004842207
9.120943e-05
-0.000474254
-0.002194022
0.002275257
0.0002958681
0.001236666
0.003195356
0.0004792207
-0.0007855994
-0.0001444945
-0.001710676
-0.0001482091
-0.0004124479
0.001237493
0.0009759482
0.01068923
0.04654349
0.02758406
0.02446347
0.1152149
0.04533815
-0.02567995
-0.009789141
-0.06795118
0.0523181
0.1299701
0.18268
0.05939319
0.1805944
0.1522569
0.05942985
0.1541252
0.06292786
-0.05149024
-0.04513422
-0.06890455
-0.04408959
-0.03368738
-0.04205352
-0.05212118
-0.03389518
-0.04944627
0.1253307
0.1521416
0.2015913
0.002650099
0.07645555
0.1428766
-0.08604766
-0.03618642
-0.04876572
