-4.032680e-03
3.615092e-02
-1.357026e-01
-7.674045e-02
-1.349185e-01
-2.605432e-01
4.414763e-02
-6.625723e-02
-7.198712e-02
-1.966922e-01
-1.477392e-01
-5.715425e-02
-1.916685e-01
2.195856e-01
-2.898351e-01
2.223275e-02
9.191212e-02
-6.799425e-02
-1.041598e-01
-1.944324e-01
-1.458303e-01
2.965701e-02
3.601299e-02
-2.562493e-01
-1.571436e-03
-2.301320e-01
-1.893170e-01
-2.262654e-01
-8.038452e-02
-1.465336e-01
-6.724776e-02
-1.493508e-01
-9.469526e-02
-1.948798e-01
7.607371e-03
-1.624997e-01
-2.693577e-02
-2.139492e-01
-1.821384e-01
2.020644e-01
3.468790e-02
-2.189702e-01
-4.965891e-02
1.458522e-02
-1.353924e-01
-2.708720e-02
-3.953695e-02
-1.306001e-01
-1.184540e-01
-2.067708e-01
3.223396e-02
1.812473e-01
-1.596395e-01
-8.428298e-02
-1.648231e-01
-1.971644e-01
-1.404605e-01
-3.470323e-02
-1.782665e-01
-9.221417e-02
-1.461894e-01
-2.099940e-01
3.817486e-02
-5.660576e-02
