4.109410e-01
3.886704e-01
3.911352e-01
5.048926e-01
4.261921e-01
3.625481e-01
3.587737e-01
3.740146e-01
4.424635e-01
4.713643e-01
3.931371e-01
4.452611e-01
4.642983e-01
4.087742e-01
3.746589e-01
4.121480e-01
3.938535e-01
4.033574e-01
4.403483e-01
4.228210e-01
4.726987e-01
3.611871e-01
4.396428e-01
4.633192e-01
4.141885e-01
3.746878e-01
4.621144e-01
4.256375e-01
4.384685e-01
4.235448e-01
4.072125e-01
3.367330e-01
3.903062e-01
3.591439e-01
4.678803e-01
4.218825e-01
4.670157e-01
3.871661e-01
4.487041e-01
4.330465e-01
4.325753e-01
4.073545e-01
4.244685e-01
3.885780e-01
3.666610e-01
3.955896e-01
4.992917e-01
4.685239e-01
4.664302e-01
4.927671e-01
3.215964e-01
4.131871e-01
3.991059e-01
4.298461e-01
1.093095e-05
4.887030e-01
1.160793e-05
4.690142e-01
4.221374e-01
4.023718e-01
4.780318e-01
4.421974e-01
4.064706e-01
4.193316e-01
