-5.603180e-02
-7.124215e-02
-3.039573e-01
-9.495419e-02
-1.201931e-01
-3.207211e-01
-2.509095e-01
-1.912792e-01
1.259075e-02
-2.666955e-01
-2.720813e-01
-1.770914e-01
-1.829110e-01
-2.046657e-02
-2.700081e-04
-1.975470e-01
-1.964301e-01
-2.177471e-01
-1.274409e-01
-1.865858e-01
-1.506965e-01
-1.827677e-01
-7.459729e-02
-1.354399e-01
-8.097615e-04
-1.812017e-01
-2.078620e-01
-2.258446e-01
-3.008890e-01
-2.716252e-01
-7.233240e-02
-1.559570e-01
-2.915686e-01
-1.209981e-01
-8.115654e-02
-3.140514e-01
-3.630151e-03
-2.500651e-01
-2.010210e-01
-1.729583e-01
-3.737334e-01
-2.187323e-01
-8.204944e-02
-2.665988e-01
-3.047025e-01
-7.764542e-02
-3.279624e-01
-1.326146e-01
-2.445153e-01
-9.940296e-02
2.583387e-02
-2.608519e-01
-3.190283e-01
-3.248832e-01
-2.445229e-01
-2.329630e-01
-1.964273e-01
-2.502106e-01
-1.237947e-01
-1.819292e-01
-8.537528e-02
-1.930318e-01
-8.580879e-02
-2.802009e-01
