-3.785489e-01
-2.471156e-01
-2.217544e-01
-4.219993e-01
-2.062806e-01
-3.991321e-01
-3.341231e-01
-3.742494e-01
-4.825368e-01
-3.585429e-01
-2.694664e-01
-3.460172e-01
-4.157476e-01
-2.855492e-01
-2.689035e-01
-3.640424e-01
-3.185402e-01
-5.306677e-01
-2.834379e-01
-2.816757e-01
-3.940283e-01
-4.032125e-01
-1.961134e-01
-2.787370e-01
-1.883693e-01
-4.220044e-01
-2.825837e-01
-4.334688e-01
-5.316844e-02
-3.970442e-01
-5.226528e-01
-2.741221e-02
-2.756286e-01
-2.290762e-01
-4.611298e-01
-3.077446e-01
-2.605586e-01
-2.799287e-01
-3.139302e-01
-2.018749e-01
-4.161220e-01
-3.977365e-01
-3.316590e-01
-3.727741e-01
-4.006918e-01
-3.100869e-01
1.383491e-02
-2.228631e-01
-2.619523e-01
-2.407494e-01
-2.324876e-01
-3.729104e-01
-3.613755e-01
-4.790988e-01
-3.117603e-01
-3.494830e-01
-2.490846e-01
-3.779387e-01
-2.305655e-01
-2.673655e-01
-6.864293e-01
-3.567867e-01
-3.304735e-01
-3.895126e-01
