3.897768e-02
-9.255178e-02
-1.410991e-01
-1.488379e-01
-1.255860e-01
-1.833128e-01
1.623755e-01
-2.296869e-01
-8.924822e-02
-2.337959e-01
-9.334054e-02
1.655613e-01
-1.661108e-01
-2.097612e-01
-1.796345e-02
-5.870028e-02
-1.358442e-01
-1.207272e-01
-7.758199e-04
-1.879125e-01
-9.956012e-02
2.115033e-02
-1.116207e-01
-9.694903e-02
-1.919074e-01
-2.130432e-01
-1.452365e-01
-2.370140e-01
-1.763827e-01
-1.370259e-01
-3.443890e-02
1.116777e-01
-2.147726e-01
-5.903913e-02
9.944742e-02
-2.123288e-01
-6.400120e-02
-1.736254e-01
-9.404495e-02
-1.910192e-01
-1.125034e-01
-5.490956e-02
3.032084e-02
9.826610e-03
-3.304635e-02
-8.758882e-02
-1.026001e-01
-1.277044e-01
-1.648889e-01
-2.453554e-03
-1.961653e-01
-1.056400e-01
-1.371125e-01
-5.213393e-02
-1.793450e-01
-8.278970e-02
-2.590148e-01
1.732351e-01
-4.862883e-02
-9.250402e-02
-2.477750e-01
-8.196132e-02
-6.819339e-02
-5.872395e-02
