-3.604397e-01
-5.408507e-01
-4.744256e-01
-4.126090e-01
-4.468785e-01
-3.451919e-01
-4.209661e-01
-2.294290e-01
-4.877017e-01
-2.512178e-01
-1.892104e-01
-2.090760e-01
-3.182987e-01
-1.903182e-01
-2.760805e-01
-3.762262e-01
-2.297729e-01
-2.828704e-01
-2.620472e-01
-3.335325e-01
-4.837088e-01
-3.644984e-01
-5.655371e-01
-2.633318e-01
-4.424638e-01
-3.277144e-01
-1.724633e-01
-1.219540e-01
-3.139032e-01
-4.027246e-01
-3.985169e-01
-3.302902e-01
-2.207444e-01
-3.425373e-01
-3.474770e-01
-2.911302e-01
-3.373657e-01
-3.527565e-01
-3.854796e-01
-2.599342e-01
-2.099240e-01
-3.082010e-01
-4.626322e-01
-3.855766e-01
-3.143821e-01
-2.054674e-01
-3.386447e-01
-1.816079e-01
-2.930315e-01
-2.289499e-01
-1.505585e-01
-2.748368e-01
-2.675562e-01
-2.567806e-01
-3.457738e-01
-2.305789e-01
-3.807520e-01
-3.701806e-01
-3.121254e-01
-3.463335e-01
-3.420858e-01
-1.599377e-01
-3.827388e-01
-2.483687e-01
