2.340532e-05
6.083869e-01
3.447562e-05
6.672322e-01
9.104088e-01
5.074296e-01
9.834527e-01
5.561944e-01
5.670453e-01
5.388957e-01
7.673354e-01
4.116912e-01
5.092538e-01
4.985399e-01
4.467216e-01
2.690508e-05
2.172512e-01
3.958070e-01
3.437230e-01
3.306985e-01
2.675337e-01
4.050921e-01
3.285388e-01
4.343406e-01
2.936175e-01
2.777568e-01
2.399181e-01
2.254437e-01
5.205268e-01
4.979142e-01
2.553456e-01
3.240177e-01
2.434861e-01
3.769221e-01
3.149545e-01
3.441210e-01
4.192577e-01
2.974792e-01
4.358024e-01
3.664087e-01
4.417084e-01
4.593259e-01
3.956612e-01
3.966577e-01
3.415893e-01
3.243364e-01
4.460062e-01
4.080221e-01
4.231273e-01
7.006666e-01
5.590994e-01
4.784600e-01
4.882127e-01
1.972351e-01
5.732665e-01
9.879811e-01
4.596458e-01
5.864379e-01
5.977355e-01
5.501103e-01
6.014242e-01
5.639483e-01
4.934010e-01
4.678438e-01
