1.157663e+00
1.213349e+00
1.018650e+00
1.096640e+00
1.168987e+00
1.747497e+00
1.728436e+00
1.235453e+00
1.653311e+00
1.525523e+00
7.962590e-01
1.053881e+00
1.256759e+00
1.405974e+00
1.477804e+00
1.492102e+00
9.383097e-01
1.206107e+00
1.101061e+00
9.665970e-01
1.135094e+00
1.096326e+00
1.392704e+00
1.321254e+00
9.055753e-01
1.218461e+00
3.492897e-01
1.286623e-01
7.050374e-01
1.117585e+00
7.698668e-01
5.261547e-01
-4.016499e-01
4.686394e-01
3.518765e-01
1.186260e+00
8.365877e-01
6.410830e-01
5.660593e-01
3.019584e-01
4.960937e-01
1.266775e+00
9.918815e-01
1.136554e+00
1.010746e+00
9.299756e-01
5.595223e-01
1.294760e+00
1.317112e+00
9.873446e-01
9.995443e-01
9.932354e-01
1.240612e+00
1.171919e+00
1.471319e+00
1.247688e+00
1.084330e+00
1.654109e+00
1.258911e+00
1.577036e+00
1.051185e+00
1.390911e+00
8.829450e-01
1.108770e+00
