4.771285e-01
3.814503e-01
6.285598e-01
4.636362e-01
2.345381e-01
6.787558e-01
6.073712e-01
6.145108e-01
5.222552e-01
4.546443e-01
2.667030e-01
-3.513556e-01
4.621618e-01
4.736185e-01
1.697140e-01
6.478101e-01
5.059067e-01
4.786079e-01
5.427061e-01
5.072321e-01
5.348321e-01
5.330896e-01
6.262414e-01
4.113572e-01
5.486084e-01
4.976525e-01
4.045300e-01
3.874211e-01
4.174576e-01
3.650334e-01
3.531989e-01
-2.854267e-01
4.702834e-01
5.579468e-01
4.872778e-01
7.581562e-01
4.182306e-01
4.117310e-01
2.657090e-01
5.285179e-01
3.221763e-01
3.116018e-01
4.054379e-01
4.740397e-01
4.580026e-01
4.314936e-01
3.661833e-01
3.935452e-01
3.866273e-01
5.548629e-01
4.934893e-01
-3.595978e-01
4.591822e-01
6.284443e-01
4.703095e-01
3.765555e-01
5.229471e-01
-3.071046e-01
6.596049e-01
7.020224e-01
5.558336e-01
1.921699e-01
4.229348e-01
4.085754e-01
