16 16 3
-0.06947224
-0.08056781
-0.07889761
-0.008081361
-0.02130405
-0.08695167
0.05749397
0.04572026
-0.03136262
-0.01266331
-0.01927183
-0.006769881
-0.04914361
-0.06191942
-0.03448381
-0.08215179
-0.04381663
0.05172737
0.09956945
0.07156859
-0.01022671
0.1236461
0.06958031
-0.02797608
0.09491018
-0.04428343
-0.04179511
0.01369734
-0.03040303
-0.04145175
0.0305365
-0.00227878
-0.004745395
0.03833837
0.064723
0.05862228
-0.176947
-0.114217
-0.06752221
-0.04493688
0.01774745
0.0006018397
-0.002903911
0.04451701
-0.04025475
-0.04192793
-0.1022984
-0.08202743
0.08417726
0.07130791
0.0844686
0.1395421
0.1442032
0.1736761
-0.1105747
-0.2341978
-0.2958319
-0.1383728
-0.1078164
-0.0990217
-0.2153257
-0.1485741
-0.06450994
0.08054796
0.05274572
0.04778019
-0.07722471
0.132152
0.0699784
-0.07158453
-0.03967331
0.05601593
-0.008091691
0.06068129
0.1220958
-0.01015007
0.04248316
0.01996067
-0.08462095
-0.003260601
0.02811338
0.1372177
0.1120905
-0.03062191
0.05577653
-0.02203768
-0.1522831
-0.01556505
-0.09120781
-0.1497548
-0.06841794
-0.03800403
-0.09629609
0.08278745
0.06447389
-0.04433212
0.005961087
-0.07828669
-0.1244453
-0.001923296
0.02385569
0.02308569
0.02144342
0.03647592
0.03558418
-0.0527278
-0.02807828
-0.02027423
-0.04841047
-0.07475104
-0.01140051
-0.07522216
-0.07096738
-0.005427676
0.04544087
0.1165461
0.08101799
-0.00391328
0.1275968
0.0668868
0.1122689
0.06241909
0.02021285
0.01028581
-0.05720523
-0.04769995
-0.08240203
-0.06716646
-0.1011539
0.08955459
0.06291024
-0.02403102
0.06894965
0.006087468
-0.09035374
-0.01646741
-0.1334593
-0.1460768
-0.02613309
-0.1035723
-0.07230994
-0.1575869
-0.151827
-0.06304346
-0.04149628
-0.04656898
0.03712004
-0.07395402
-0.1029759
0.003940987
-0.03158503
-0.09483509
0.01125521
-0.02548227
-0.0210988
-0.0650047
0.01324124
0.0283716
-0.0148151
-0.04709233
0.005895305
0.02271165
0.1085591
0.03142387
-0.07461528
0.1487365
0.02757581
-0.09214544
-0.05024386
-0.03013302
-0.07014852
-0.0347646
-0.003281009
-0.07522152
-0.001767181
0.0440964
-0.04999496
-0.01862687
0.04876926
-0.1079411
0.001781605
-0.1066686
-0.02352136
0.1151814
-0.1002886
-0.1626819
0.2353975
-0.04894775
-0.2337002
-0.03659878
-0.01660788
0.0275605
0.03496723
0.05163189
0.08849603
0.07042896
0.09735149
0.09978224
0.07322937
0.01851767
-0.007326123
0.03729036
-0.0180813
-0.01169578
-0.03339011
-0.01112421
-0.02639443
0.01246153
-0.1079448
-0.09044189
0.06610599
0.0200277
-0.08079564
-0.04739219
0.0780913
-0.07125442
0.09747462
-0.01308179
0.0035352
0.09887897
-0.03120784
0.06998724
0.07603268
0.08907469
-0.07781866
-0.142122
0.02044164
0.1884442
-0.1021664
-0.06187396
0.1105498
-0.1521301
-0.1527288
0.03897346
-0.1029353
-0.03613461
0.008301163
-0.08895473
-0.07290199
-0.01838762
0.01094937
-0.04646654
-0.0292086
-0.01724698
0.2470921
0.08458786
-0.1307733
0.2123009
0.1824438
-0.1814014
0.127448
0.2348495
-0.0136631
-0.01776242
-0.06770054
-0.04139915
0.03816779
-0.01971732
-0.08461084
0.003707057
0.02071899
0.1222486
-0.08931904
-0.06950892
0.2613284
0.009263642
-0.01988621
0.06417479
0.005553115
-0.05824792
-0.07470021
-0.02026005
0.1015842
-0.05536721
-0.04591909
0.09572402
0.01598062
-0.02289869
0.05972193
-0.056703
0.05729816
0.03939552
-0.157136
0.0452067
0.09170139
-0.2555844
-0.02239972
0.02606143
0.02775876
0.00345953
0.0006343255
0.04097952
-0.005114546
-0.0363212
0.09837907
0.06494636
-0.02966858
-0.03247101
-0.07203397
-0.07407574
0.03965232
-0.04285121
-0.07538494
0.1379856
0.004993573
-0.03672786
0.04289233
0.03015596
0.04507549
-0.007429099
0.04271141
0.02169959
-0.1084066
-0.02080406
0.06057336
0.1186353
0.04414
-0.01425664
-0.08871069
-0.0936458
-0.1202142
-0.3063844
-0.2713393
-0.2594652
-0.02608225
-0.02044417
0.07597232
-0.05858507
0.008476679
0.1468355
-0.05775826
0.00941836
0.05297718
0.06173738
0.07508473
0.01349644
-0.008984243
0.02170922
-0.06155403
-0.0165279
-0.0189276
-0.05643066
0.047545
0.07844467
-0.02651089
-0.0006311171
-0.008389638
-0.1077937
0.01947929
0.0124632
-0.06918482
0.08607974
0.01267286
0.03535271
0.06985237
-0.1559069
-0.1926049
-0.008216939
-0.1402732
-0.08443749
0.07823419
0.1272518
0.04401068
-0.0001506649
-0.01929918
-0.05226584
-0.08363154
-0.07879212
-0.09898105
-0.1525807
-0.1224183
-0.04241356
-0.04474606
-0.01425699
-0.03397028
-0.0264486
0.009002414
-0.01095331
-0.1075149
-0.08632357
-0.06701459
-0.1205013
-0.02181072
0.05413365
-0.07148159
-0.0006586296
0.07935376
-0.02050438
-0.01591201
0.03460254
-0.08372226
-0.032734
0.04180866
0.01057868
0.0403016
0.06935085
-0.09033942
-0.08911764
-0.01031939
-0.08513803
-0.08544378
-0.05558022
-0.0762324
-0.05924986
-0.06257137
0.05361651
0.06079401
0.04824965
0.05453702
0.1068834
0.0370275
0.09396887
0.08120586
-0.01730493
-0.02422445
0.03438029
-0.004569102
-0.1368772
-0.07138127
0.01196222
-0.03281825
-0.05060238
-0.01982579
-0.07395599
-0.02705364
-0.002749006
-0.09105019
-0.08153696
-0.03856217
-0.008073364
-0.0293644
-0.01071938
0.03541431
0.004818853
-0.0139823
0.06907509
0.0509629
0.005370892
0.05739951
0.07031655
0.03803493
-0.003702768
-0.009969916
0.01872393
0.10382
0.03869895
0.05319628
0.0920125
0.03248417
-0.01236121
-0.004591293
0.02914518
-0.01215449
0.09113517
0.1128652
0.08369386
-0.1097551
-0.08313777
-0.1842287
-0.03220414
-0.02137795
-0.08194008
-0.05709814
-0.01079517
0.003614292
-0.05830525
-0.03942978
-0.01418098
0.0433426
0.0592575
0.008441005
0.1071451
0.1251863
0.06152784
0.005229035
0.008353945
-0.004537804
0.1307712
0.1330615
0.1204407
0.07230682
0.1053384
0.1213153
0.06093317
0.04911099
0.05960337
-0.03601919
-0.03863461
-0.04507298
-0.07176036
-0.04857601
-0.04157291
-0.06912862
-0.04196885
-0.06000571
-0.04689955
-0.06762297
-0.01440482
0.1017429
9.40394e-05
0.1093126
0.0210406
0.08162153
-0.1115019
0.1579369
0.08927132
0.06669054
-0.0523636
0.03509179
0.0532879
0.04065068
0.07904191
0.09775092
-0.05762816
0.01728777
0.05787314
0.1294654
0.1095204
0.09550202
0.003481113
-0.02359841
-0.07736417
-0.09915102
-0.03549285
-0.03859541
-0.05936391
-0.01134338
0.0126689
-0.04422322
0.009689858
0.01847175
-0.01086643
-0.01708468
-0.02116255
0.03864402
0.01652061
-0.02073746
0.03790031
0.03043887
0.03012475
0.1071757
0.06450678
0.06321244
0.01923296
0.0256322
0.0192366
0.02345438
-0.001722759
0.006025149
0.1226247
0.01219277
-0.04986986
0.04498629
0.1196047
-0.09390438
-0.03152239
0.2277822
0.2087817
-0.002304745
0.03330521
0.0363107
0.03761008
0.05966121
0.0808194
0.04908318
0.0687495
0.03957996
-0.05373147
-0.01961353
-0.04001589
-0.0181922
-0.02258323
-0.04885434
0.05757073
0.007671583
-0.07049875
0.08022334
0.1274374
0.1371727
0.09390934
0.07961168
0.1086683
-0.09326467
-0.1331081
-0.1491459
0.06518666
0.062128
-0.01947306
0.1875677
0.2289764
0.1640975
0.02707678
0.09539852
0.07254128
0.01678114
0.001323665
-0.06368028
-0.06388624
-0.03415823
-0.05820551
-0.06170382
0.04433551
0.003566101
-0.1806163
-0.198598
-0.1149211
-0.09838024
-0.1266715
-0.09875754
0.159611
0.1570334
0.1982347
-0.02509782
0.03497208
0.0477877
-0.004953943
0.06524071
0.1051599
0.03123571
0.06939884
0.07192501
-0.06459828
-0.0470475
-0.03285979
0.06289398
0.04171573
0.005342017
0.1726764
0.1581659
0.09458578
0.1169473
0.2246521
0.1975511
-0.02776328
0.07023516
0.1098243
-0.1586349
-0.07625166
-0.03384715
0.05234003
-0.09896132
-0.1322973
-0.01005811
-0.07210846
-0.08669611
-0.1296225
-0.1277495
-0.140934
-0.04759065
-0.03502553
0.01952865
0.07311819
0.03285097
0.0369663
0.1182919
0.06393122
-0.02236235
0.09607071
0.04479272
0.003111423
0.2990529
0.2829087
0.2261816
0.02234605
0.06088267
0.004216327
0.005919363
0.02199119
-0.008235947
0.03249366
0.004070229
-0.03876621
0.07223564
0.04496491
0.02724359
-0.0516426
0.0376009
0.07900238
-0.0705061
0.04143927
0.1042461
-0.095953
0.007040219
0.07746649
-0.1537004
-0.1099909
-0.08150946
-0.1361974
-0.04803226
-0.01426694
-0.07903244
0.03733526
0.01457857
-0.04964729
0.04896877
0.09134774
-0.09686291
-0.1072397
-0.08722189
-0.1038428
-0.06268605
-0.1691127
0.003949428
0.06629577
-0.02248636
0.07800617
0.09411675
0.008348477
-0.05087916
-0.06939738
-0.1516904
-0.06644686
-0.09843814
-0.1264586
0.04975518
0.03730912
0.02118654
0.0942556
0.1313354
0.1225281
0.07792114
-0.000990904
-0.01397984
0.04630008
0.02332153
0.05169135
-0.001844284
0.02544067
0.03576867
0.009899164
-0.0179635
-0.06175739
0.0196624
-0.01309571
-0.01130861
0.007369079
-0.05068045
-0.07229688
-0.03012937
0.1246084
0.1816794
0.07477189
0.0451788
-0.06314956
-0.05179827
-0.07321935
-0.238163
0.01630558
0.05852831
0.07180379
0.02305581
0.03349495
0.02628435
0.06074955
0.09343541
0.08035399
0.01962861
-0.006784571
0.04681285
0.04368456
-0.05593403
-0.01016436
-0.02319854
-0.05082294
0.04368491
-0.002484723
0.006838722
-0.03852957
-0.06316507
-0.07168584
-0.09225933
-0.03657405
-0.03052843
-0.06528492
0.002144758
-0.0159046
-0.06379054
0.04872622
0.03515449
0.0151243
0.08604826
0.03668296
0.02614042
-0.2702053
-0.1100234
0.154062
-0.03744771
0.1047888
0.1156891
0.2022068
0.08851756
-0.1889158
0.07520346
-0.02686938
0.08789544
-0.04243615
-0.1332452
0.01745529
-0.08502689
-0.06573257
-0.01473334
-0.04395344
0.03585728
0.01871193
0.04707976
0.09386133
-0.02141504
0.0282298
0.03100235
-0.1410894
-0.08127936
-0.006107379
-0.01373255
0.005785561
0.09736476
0.04250499
0.06101729
0.04718744
-0.06206063
0.04629018
-0.01716893
-0.06360521
-0.03013806
-0.008631669
-0.03688817
-0.1050498
-0.0425491
-0.04182123
-0.03944339
-0.1476714
-0.1898666
-0.04944453
-0.09373354
-0.1480897
-0.08322772
-0.08622838
-0.04696405
0.06562142
-0.1613383
-0.01382394
-0.07586389
-0.01922011
0.1767985
-0.06633078
0.1839568
0.01756085
-0.0123404
-0.05748188
-0.07266764
0.02045433
0.09082041
0.09851202
0.03067895
0.1314626
0.03481229
-0.0664776
-0.0050982
-0.01794556
0.02311945
0.04857058
-0.0002012046
0.03512748
-0.02563565
-0.08411635
0.1180289
0.09662666
0.08854731
0.09473113
0.07183564
0.08715903
-0.04975981
-0.04288987
-0.06639786
-0.1465444
-0.1216123
-0.1489952
-0.0426202
0.0180019
0.02939033
0.0104345
-0.0008899073
-0.04869521
-0.1318958
-0.02128321
-0.1036268
0.03868607
0.1292294
0.01893319
-0.05804584
0.03301001
0.06856691
-0.0242103
-0.02489052
-0.09587163
-0.06619613
-0.07982578
-0.1351618
-0.001014423
0.02444863
0.03441741
0.02869972
0.04226433
0.0247393
0.1362161
0.09062667
-0.05220041
0.09464914
0.135825
0.06033076
0.2466045
0.230663
0.2288186
0.2132003
0.2507461
0.2996185
0.03505108
0.06136557
0.1048114
-0.04564038
-0.02808085
-0.1095591
-0.1464532
-0.06302506
-0.09061453
-0.06932481
-0.03078947
-0.07702155
0.1539004
-0.006970835
0.02253231
-0.2133384
0.06812977
0.05095249
0.1065611
-0.02772659
-0.03077215
-0.04289506
-0.04403395
-0.09421685
0.3315927
0.3340428
0.3803556
0.02534648
0.1166741
0.1863916
0.04252099
0.08855388
0.07492732
-0.04061455
0.005799061
-0.00266667
-0.01459792
0.03473931
0.08243845
-0.1320346
-0.1258625
-0.1220093
-0.1527996
-0.1171774
-0.07797432
-0.09834801
-0.004776817
0.03556002
0.007814031
0.008631605
0.003154266
-0.02542725
-0.05971706
-0.09386186
0.05810916
0.06459661
0.03256694
0.05099669
0.09830734
0.06397906
0.06228408
0.1246486
0.2309726
-0.05502171
-0.03644434
-0.04748921
-0.1084879
-0.05384856
-0.2111297
-0.03289074
0.1653913
0.1814116
-0.1469059
-0.1468219
-0.08946776
-0.1021638
-0.04611936
-0.04000169
-0.007756514
0.04054289
0.05062137
0.03872657
0.03211409
-0.01679536
-0.1426966
-0.1278886
-0.1615215
-0.03828612
-0.002912239
-0.04464372
0.01981301
0.05610592
0.005471517
-0.0212389
-0.03802915
-0.0276792
-0.0631236
-0.0881435
-0.09299956
-0.01480429
-0.006886776
-0.03921143
-0.01476423
0.0347919
-0.04411807
-0.03650493
-0.02690413
-0.04170099
-0.08101313
-0.07261892
-0.1169898
0.006734878
0.05009452
-0.06823963
0.0127249
-0.01942283
0.008911421
-0.09637454
-0.1050742
-0.1441236
-0.03041991
-0.0546866
-0.04209395
0.07150566
0.04475551
0.09232266
0.06940082
0.07253116
0.1280937
0.2471103
0.1500969
0.05774217
0.009609147
-0.06350038
-0.01905002
-0.1274495
-0.155843
-0.01004907
-0.106732
-0.03379186
-0.1004306
0.005341296
0.02521609
-0.07189642
-0.03201396
0.05389202
-0.05151254
-0.04424868
-0.03085365
-0.05396942
0.06804475
0.04804839
-0.03074786
0.02239654
-0.03249056
-0.1176521
-0.03346047
0.02746758
0.3535722
0.03478384
-0.004363493
0.1725612
0.04043974
-0.1945469
-0.1802577
0.04857653
0.005665844
-0.05800479
0.1233018
8.219608e-06
-0.04125842
-0.1008425
-0.1150863
-0.02393026
-0.09597787
-0.01878406
0.03158897
-0.1931852
-0.1767477
-0.1120724
-0.1217944
-0.1390099
-0.1871856
0.08381685
0.01378559
0.05080413
0.02024585
-0.03286646
0.0054617
-0.0183364
-0.04299356
-0.01369678
0.00429878
0.02448119
0.03897237
-0.009292445
-0.01056344
0.03786281
-0.007512633
0.0003777872
0.0657137
-0.007604078
0.02817401
0.02525675
-0.0412204
0.005818329
-0.02046225
-0.04349549
0.03616121
0.004816375
-0.339249
-0.3408468
-0.1810466
0.05185417
-0.07739929
-0.03179554
0.1518422
0.2586677
0.09894729
0.0342974
0.03308039
-0.01536413
0.07743046
0.06295009
-0.004264416
-0.038527
0.04511589
-0.0145415
0.03734208
0.0540302
-0.04808444
0.06684203
0.07854216
-0.02036582
-0.0693094
-0.1166347
-0.1403365
0.01348218
-0.03501512
-0.08811717
0.03213968
0.02392913
0.0609793
-0.03776219
-0.01292453
0.05334068
0.02450339
-0.04231873
-0.02317556
-0.04458209
-0.08450895
-0.03636098
-0.06341542
-0.08446574
-0.001511859
-0.1157755
-0.08712662
-0.09738531
-0.0512939
-0.002282533
0.06554943
-0.02813989
0.001293477
0.06354225
-0.07784245
-0.1514457
-0.1247676
-0.0944953
-0.08698899
-0.008147893
0.08320947
0.1209335
0.1449584
0.2772469
0.08865187
-0.05772785
0.005646438
-0.1110762
-0.1943276
-0.07470165
-0.1259739
-0.07135624
-0.1506977
-0.07072502
-0.002019395
0.03588939
0.1320639
0.15801
0.05104591
0.05940379
0.04178592
-0.04323717
-0.02303144
0.03405692
0.08764529
0.06502333
0.04368008
0.02716224
0.0003770632
-0.04590809
-0.0004834037
0.1889817
0.1243964
0.084834
-0.05877883
-0.2964512
-0.07630994
-0.04357701
-0.0851219
-0.1358734
-0.1565167
-0.1502525
-0.1283994
-0.05883313
0.05041838
-0.05150015
0.08018572
0.05622172
0.132964
0.03414996
-0.05687971
-0.1111794
-0.09832291
-0.02047784
-0.1392584
-0.005093901
0.1150352
-0.1796814
-0.1295074
-0.1395731
0.005092626
0.06712784
0.0008231245
-0.07953635
-0.06721722
-0.08922961
-0.05284834
-0.05622328
-0.01772234
-0.01469982
-0.006851773
0.04825149
0.0344517
0.06228018
0.1159125
0.02030252
-0.004442102
0.04539121
0.04193021
0.02862175
0.09710366
0.05400096
0.02919252
-0.00920976
-0.1624945
-0.1306105
0.1097018
0.0341099
0.2398414
0.2853009
0.2319893
0.02101848
-0.1215918
-0.09702693
-0.03171217
0.01795656
0.06354212
0.1067999
0.03422856
-0.06159204
-0.08979663
-0.1265741
-0.08170616
0.02305537
0.02016451
0.1085127
0.06848399
-0.02738334
0.06388476
-0.006185009
-0.07182053
0.02791777
-0.0005545913
-0.05050705
0.01590616
-0.002819551
-0.02006859
-0.0505001
-0.05583422
-0.08563879
0.01107613
-0.001896019
0.01861475
0.03210146
0.1132837
0.1841005
0.03253014
0.04273725
0.07338096
0.05790574
-0.04459522
0.02323237
-0.09344307
-0.1550494
-0.1184397
-0.1930948
-0.1448988
-0.1145111
-0.1814284
-0.191162
-0.2626958
-0.04267022
-0.1190895
-0.1350989
0.1331761
0.09047741
0.04025758
-0.01283219
-0.08495746
-0.002896589
-0.05988915
-0.09253667
0.01227367
-0.1021624
-0.1074867
0.04065228
-0.06292176
-0.05767709
-0.1040941
-0.02505762
0.0006187015
-0.02326009
0.09338808
0.1127692
0.002468431
0.06834823
0.08213696
0.06856205
0.06824357
0.04008099
0.08335201
-0.1254644
-0.1163563
-0.0601813
0.04301536
0.1527153
-0.04299213
0.05144095
-0.03274344
-0.02666172
-0.05001876
0.01299571
-0.1452287
-0.1100268
-0.05273188
-0.1086913
-0.05678057
-0.08284635
-0.05137276
0.05727699
0.1570875
-0.09426691
-0.05968681
-0.1140025
-0.07852758
0.05631424
0.01531886
-0.02940459
-0.009481852
-0.04944554
-0.08402422
0.03885103
0.03362253
0.004004523
0.1698222
0.05260668
-0.005854197
0.1135757
0.03504417
-0.06371467
0.01432604
0.01586402
-0.0007045747
-0.03234593
0.01061365
0.04151519
-0.1345528
-0.05375568
0.02656151
-0.02484117
-0.06070179
-0.05605929
-0.1004501
-0.09215586
-0.09110356
-0.02895227
0.0314593
0.01892486
-0.03102303
0.05270457
-0.1091186
-0.0709915
-0.1402437
-0.006537691
-0.1066366
0.08991381
0.07773733
0.04505619
0.08132805
0.04448937
0.1022051
0.09204698
0.05727425
-0.03251217
-0.05864533
-0.1168498
0.04479588
0.1094039
0.08254126
-0.0006261907
0.0336047
0.005124851
-0.09697728
-0.03917469
-0.08064923
-0.0005310941
0.00197086
0.001278771
0.0005572342
-0.0002178857
-0.004306001
0.0002809627
0.004312101
0.005362398
-0.000937566
0.001696717
0.0003888037
-0.0007680852
0.0005299111
0.0008929174
0.001057894
0.001543015
-0.002231755
0.0001293306
0.001484118
0.001905671
-0.002932955
0.001877968
0.002561086
0.0003865598
0.001981542
0.0008006084
0.0009826946
-0.0006792259
-4.787513e-05
0.0006540609
-0.001561307
-0.0001521565
0.00253752
-0.0003347647
0.001685004
-0.001026894
0.001334548
-0.0004945496
0.001838917
-7.342234e-05
-0.002661668
-0.0002409365
-6.381242e-05
0.0009368267
-0.000431015
-0.0003734895
-0.003037974
-0.003782151
1.052814e-05
-0.002987057
-0.001003206
-0.0001961518
-0.002008297
0.0005817866
0.000756613
-0.001022938
-3.105195e-05
0.001931827
0.0004116901
-0.002661208
-0.001947079
0.00288259
0.002253387
0.0009294098
0.001253838
-0.0003753111
-0.002281451
-0.001188046
-0.001639664
-0.001679167
0.002308046
-0.0008853602
-0.002467958
0.002138715
-0.0006517466
-0.0002651615
0.002831137
0.0001851904
0.002718307
-0.0006517875
-0.002029818
-0.0002171512
0.001335937
0.00162054
-0.00204666
-0.002456057
0.002908469
0.0007602601
0.00308905
-0.001157223
0.001356844
-0.001435888
0.0002956946
0.002587202
-0.002507868
0.003058834
0.001800818
-0.002701344
0.0002219736
-0.0002823412
0.0007552272
-0.0007689261
0.003306374
0.0005796843
0.001621999
0.0003018967
-0.0003913386
-0.0009953547
-0.0005238324
-0.002171515
0.004641768
0.001626731
0.001254039
-0.001147255
-0.0003044988
-0.001726972
0.001454799
-0.001599347
-0.003321836
0.0001218299
0.00205957
0.001762126
-0.001315259
-0.0002847771
-0.0007926299
-0.0003775552
0.002377302
0.00190604
0.002496964
-0.0004203254
0.001976872
0.002039813
0.0007738529
-0.0004205091
0.0003384923
-0.003007641
0.002635208
0.003050568
0.003449843
-0.002628911
-0.0005009808
0.003440657
0.002010386
-0.002085541
0.001166364
-0.001699572
-0.002906807
-0.001454024
-0.0005833611
-0.0007374161
0.00181481
0.0008287248
0.001679271
-0.0002276424
0.001980497
-0.0007918076
0.001639255
-0.001245125
2.013889e-05
-0.001091914
0.002729986
0.003845299
-0.0001593683
-0.001457015
0.00123441
0.003035838
0.003880502
0.0004606488
-0.0004458941
-0.001062415
0.0021264
-0.0002042313
0.0001011478
-0.000431234
-0.001543853
0.003883571
-0.00128258
0.0007055299
-0.0008039255
-0.000839423
0.0007921415
-0.003016301
-0.005645454
0.000402522
-0.002351283
-0.0003597184
-0.002609011
-0.002389469
-0.001059972
-0.001850595
-0.002064084
-0.004314364
0.0004004806
0.0007960991
0.001348096
-0.001163259
0.0008233862
-0.002077882
0.0001080204
0.001072822
-0.001403505
-0.001016854
0.0008145445
-0.001722614
-0.0004830687
0.0005962125
-0.0001936421
-0.003472216
0.001152275
-0.002722011
0.001898524
-0.002230417
-0.0003731454
0.001169309
-0.002397153
0.0002616374
0.001860881
0.002123292
0.001249895
-0.000437878
-0.003012775
0.001771846
0.001547308
0.001464718
0.002363416
0.0002754045
-0.001465971
-0.001021321
-0.002696212
0.001458572
-0.001244119
0.0001878838
0.0007158701
-0.001521582
-0.0005736664
0.002129387
0.001841227
-0.0009606779
0.0001537218
-0.001234876
0.002983947
-0.0008153884
0.0002243779
0.0001737041
0.001905302
0.0009160692
0.0001012635
0.0008310933
-0.002146888
-8.932863e-05
-5.179658e-05
-0.001568268
0.000287837
-4.362426e-05
0.002877314
-0.002475636
-0.001907794
-0.0007964863
-0.003623103
-0.0005577785
0.00134514
0.005076999
-0.0002609595
-0.002426329
-0.0009451244
-0.001740779
-0.000182971
0.000871724
-0.0006784023
-0.002182434
0.0006937278
0.0003709595
-0.0005030019
0.0006555073
-0.0009249877
0.003428411
-0.0005375838
0.001476795
-0.0006937269
-0.001587631
0.0001606169
0.0008404567
0.002663075
-0.0001443949
-0.0007278616
-0.001511648
-0.001490078
0.02299594
0.07153212
0.06892331
-0.04941126
-0.03650688
-0.04329675
-0.05959997
-0.07011973
-0.09879504
0.003066827
0.03085638
0.02482053
-0.03533123
-0.03213531
-0.04039969
0.02185968
0.02221145
-0.01182321
-0.07556835
-0.05199629
0.01230177
0.05507998
0.1445225
0.1817091
0.07612471
0.1150816
0.07634901
-0.0339424
-0.01448921
0.01393383
-0.0919508
-0.05585696
-0.02269903
0.009319905
0.024897
0.07435898
-0.03663708
-0.001606508
-0.0288904
-0.07736586
-0.000984882
0.03106789
0.001244425
0.07389033
0.09256288
-0.09496751
-0.09889395
-0.0957644
-0.03521794
-0.02151509
-0.03049748
-0.03376503
-0.002088616
-0.003737642
0.1106983
0.1524287
0.09983753
0.1409753
0.1536839
0.0534121
-0.001399997
-0.03990686
-0.1179793
-0.02436836
-0.0168506
-0.1090207
-0.03129737
-0.09114815
-0.08612631
-0.003173425
-0.05370914
-0.04489222
0.01368454
-0.005944767
-0.0141089
-0.0204119
0.004732321
-0.04021356
0.07382742
-0.01169107
0.02422507
-0.1164008
-0.08213793
-0.01505579
-0.03277497
0.02620643
0.1182442
0.1398901
0.2345637
0.2686944
-0.05512612
0.004512328
-0.01878615
-0.04592511
0.09334397
0.06630486
-0.08129787
0.02172472
-0.01168637
0.068912
0.08060727
0.05509041
0.04865206
0.04958144
0.02509251
0.0469364
0.05191567
0.01331931
0.09723749
0.1040483
0.1085673
0.03755105
0.01602635
0.0129564
0.01161369
-0.004543245
-0.02349898
0.03808834
0.02239644
0.01952112
0.0008787272
0.06723528
0.02071017
-0.05811967
-0.06788309
-0.1418912
0.01862518
0.003226763
-0.07796635
-0.01136274
0.007034002
-0.09156749
-0.1146203
-0.1008744
-0.1386672
-0.02176831
-0.02435881
-0.04776096
-0.02217722
-0.03057073
-0.02513
-0.06092882
-0.03272859
-0.02152326
-0.04288807
-0.07275407
-0.0575223
0.1675079
0.1310843
0.07143883
0.01689106
0.08642545
0.006398288
0.02848138
0.04092797
-0.1180999
-0.01202042
0.1349133
0.06277516
-0.1310142
0.06964137
0.04221143
0.1805224
-0.001391712
-0.1912376
0.03634212
0.01613803
0.1513699
-0.1309738
-0.1334118
-0.01633384
-0.1375476
-0.06014022
-0.01752749
-0.0147478
-0.03746838
-0.0193502
0.1423761
0.09433179
0.1103098
-0.07586781
-0.06102925
-0.04050988
-0.03656503
0.0559715
0.08906442
-0.04155023
0.05678998
0.157774
-0.0316515
0.01918568
-0.003540437
-0.004239958
-0.01345486
-0.05735494
0.08443072
0.03705878
-0.05566983
0.004883075
0.03000175
-0.04907871
0.01570176
0.109252
0.1712247
-0.09159748
0.00398272
0.1206565
0.1622274
0.3159377
-0.1244629
-0.1635727
-0.08272976
0.2335518
-0.1082747
-0.2056668
-0.09813783
-0.1621368
-0.1648768
-0.06114294
-0.02229604
-0.04521354
0.05669927
-0.09883437
-0.003491655
-0.003755777
0.004702484
-0.005680127
-0.04191046
-0.004311822
0.04772604
-0.0306521
0.003638258
0.06643972
-0.04285343
-0.1577362
-0.09657565
-0.05301141
-0.1188879
-0.09504732
-0.1677226
0.07440645
-0.06749278
-0.1628686
-0.03904631
-0.1472363
-0.1289412
0.1103038
0.08670813
0.08453521
0.1200937
0.1459243
0.1472212
-0.03751783
0.0009103193
-0.01975156
-0.05376155
0.02539105
0.1072377
-0.05158434
-0.04740619
-0.04289223
-0.3852709
0.02706437
0.203671
-0.1313097
-0.2849611
-0.005521643
0.2639299
0.06107786
-0.1876561
-0.1170473
-0.003754027
0.03232514
0.004483357
-0.03921937
-0.007155059
0.0987609
0.0743381
-0.02848486
0.0002012418
-0.04629171
-0.1569827
0.1017161
0.08838708
-0.009605107
-0.1322933
-0.006644369
0.0495699
-0.02998993
-0.02428967
-0.03922793
0.0199554
0.007810995
-0.02883811
-0.01307915
-0.004083682
-0.02145089
0.05360775
0.07051692
0.04000538
0.005147183
0.06085964
0.07909469
-0.1248725
-0.07785477
-0.02937109
-0.03694466
-0.1284679
-0.09473757
-0.1082213
-0.179324
-0.142833
-0.07637577
-0.07738815
-0.08948783
0.01616324
-0.03963905
-0.02099676
-0.01881561
-0.03229427
-0.007292137
0.005777056
-0.002570986
0.04121425
-0.008594274
0.0807563
0.07657845
-0.007139378
0.04534083
0.08889735
-0.04900407
0.02034367
0.1139462
0.04378871
-0.03381593
-0.1231549
0.1046988
0.02737615
-0.07571895
0.1165911
0.03611798
-0.02486614
-0.09225113
-0.08194267
-0.01927659
0.01918422
-0.05490695
-0.08694272
0.1415419
0.05800446
-0.003729655
0.03241735
-0.0595686
0.02592613
-0.04438402
-0.01580287
-0.03312145
-0.0411411
-0.04019917
-0.03524589
-0.02991262
-0.1046215
-0.05696709
0.00228545
0.02864229
-0.07922833
0.0554396
0.02730675
-0.08602465
-0.01737125
0.09618339
0.132124
-0.1626778
-0.0673768
0.0007803554
-0.1221417
-0.08737513
-0.06320883
0.008119046
0.01000994
-0.04164343
0.04528779
0.0302456
-0.02387484
0.008519368
0.04066443
0.001320432
0.04293742
0.08140209
0.1381727
0.01839131
0.05337026
0.09467598
-0.0587369
-0.05023073
-0.01391913
0.05843833
-0.007716238
-0.1014728
0.05366914
0.07500195
-0.00341628
-0.05646643
0.0243405
0.03078315
0.004001805
-0.03391182
-0.0416489
0.0003843165
-0.02379692
-0.07739068
0.02582612
0.06919432
0.05018034
0.008710591
0.02124991
-0.02926393
0.05648832
0.03876735
-0.003392973
-0.03188453
-0.02319698
-0.04832223
0.05915676
0.05917169
0.04446642
-0.0295259
-0.012151
-0.02374791
-0.07127908
-0.06732059
-0.07113919
-0.02242651
-0.01308475
0.02898417
0.05977769
0.04450626
0.05410448
0.0577089
0.07153142
0.09516092
0.002194085
0.04044561
0.003786302
0.01627842
0.07982463
0.04275739
0.02252297
0.06206544
0.09638701
0.008505367
0.07749414
0.01687097
-0.1220808
0.01657193
-0.05616355
-0.1648367
-0.1325583
-0.09849592
0.06506586
0.1131308
0.03398441
0.05783217
-0.0003844768
-0.05511367
-0.02466566
-0.01071173
-0.01169147
0.09712696
0.06499961
0.157993
0.09726184
0.1358828
0.07739939
-0.08526254
-0.1433189
-0.07861522
-0.06398821
-0.0298806
-0.06735551
-0.07288419
0.003651784
-0.04236647
-0.02993567
0.1042013
-0.01884379
0.08569142
0.04807498
0.05370926
0.06283548
-0.04667057
-0.0259443
0.06098272
0.0674438
-0.05036083
0.04966715
0.1868253
-0.08854192
-0.1514857
-0.1591893
0.1976877
0.1257643
-0.3311495
-0.3563574
-0.0253729
0.04714564
0.01153607
0.07586782
-0.05334759
0.08196232
0.05368242
0.03889344
0.02075168
0.05547117
0.1421424
0.08672478
-0.06445547
0.07984165
0.04547144
-0.1079363
-0.06429911
-0.09412427
0.05161997
0.08180141
0.09464066
0.08361924
-0.0006456854
0.008041697
0.0577198
0.0149437
-0.0218781
0.07536766
-0.01283836
-0.0654792
0.02616147
-0.04518945
-0.07697073
0.08885328
0.04368327
0.04117119
0.1306812
0.1300904
0.08116771
-0.03954609
-0.03393416
-0.01633506
-0.008828992
0.0008038703
0.04115772
-0.2552867
0.03238098
-0.1186601
-0.3795747
-0.4810541
-0.2573915
0.01837227
0.1539177
0.04074438
-0.04198832
-0.0622061
-0.05210979
0.02400836
-0.02674273
-0.005135423
0.1052199
0.1487495
0.09914304
-0.1162489
-0.09238872
-0.07769558
-0.04750326
0.04492153
0.02935789
-0.126725
-0.0900887
-0.131005
