-1.895472e-01
-3.936330e-01
-1.269291e-01
-3.522889e-01
-1.792699e-01
-2.326620e-01
-2.752981e-01
-2.280750e-01
-1.909392e-01
-2.804774e-01
5.773398e-04
-8.374969e-02
-2.292478e-01
-1.390676e-02
1.299151e-01
-2.910986e-01
-2.734481e-01
-2.306753e-01
-1.448736e-01
-3.148959e-01
-3.051037e-01
-2.273096e-01
-7.565434e-01
-2.847618e-01
-3.083291e-01
-1.373922e-03
-1.622404e-01
-3.553463e-01
-1.584823e-01
-1.854087e-01
-2.869256e-01
-2.495162e-01
-3.233873e-01
-1.549913e-01
-3.031951e-01
-2.540663e-01
-2.602934e-01
-1.780702e-01
-4.483849e-01
-2.553104e-01
-3.663013e-01
-3.478190e-01
-8.283786e-03
-1.066588e-01
-1.803620e-01
-7.021685e-02
-1.715942e-01
-3.939960e-01
-1.843616e-01
-1.871367e-01
-5.376316e-01
-1.937974e-01
-2.753504e-01
-2.424562e-01
-1.261244e-01
-1.252919e-01
-1.822874e-01
-8.577883e-02
-1.281576e-01
-2.584129e-01
-1.281664e-01
-3.576063e-02
-1.208573e-01
5.764754e-02
