1.473112e+00
1.867330e+00
1.471459e+00
3.173492e+00
2.694683e+00
2.190727e+00
1.866324e+00
2.394002e+00
3.327137e+00
1.931550e+00
3.761890e+00
2.508186e+00
2.199063e+00
1.880169e+00
1.718093e+00
2.841945e+00
2.769152e+00
5.639178e+00
2.564180e+00
2.053429e+00
2.489660e+00
1.682618e+00
1.058837e+00
2.668992e+00
1.777387e+00
2.535874e+00
2.841977e+00
3.475538e+00
1.752515e+00
2.539040e+00
2.275954e+00
5.313055e+00
2.813425e+00
2.120294e+00
2.352238e+00
1.716446e+00
3.052963e+00
1.992203e+00
2.484960e+00
3.529812e+00
2.549229e+00
1.989744e+00
1.827452e+00
3.091550e+00
3.017106e+00
2.840654e+00
8.616087e+00
1.354313e+00
2.468944e+00
2.752532e+00
2.203493e+00
1.605249e+00
2.123287e+00
2.456655e+00
2.576992e+00
2.373033e+00
3.785430e+00
3.419931e+00
2.400944e+00
2.333672e+00
3.048642e+00
3.810782e+00
1.513239e+00
3.136742e+00
