5.009322e-02
3.792217e-02
7.047522e-02
3.497339e-02
2.386982e-02
7.569890e-02
7.744920e-02
4.817250e-02
5.000098e-02
5.295261e-02
1.731878e-02
2.587739e-02
3.243542e-02
3.697241e-02
7.944378e-03
4.784660e-02
3.936236e-02
4.093466e-02
3.925660e-02
3.356888e-02
4.838636e-02
3.859324e-02
5.454865e-02
3.526299e-02
3.755551e-02
3.116724e-02
2.571437e-02
2.269526e-02
2.921804e-02
3.158839e-02
2.299756e-02
1.389212e-02
3.589567e-02
3.981795e-02
2.507535e-02
6.813312e-02
2.238182e-02
2.175285e-02
1.661669e-02
4.723777e-02
1.958831e-02
2.925609e-02
2.106299e-02
3.418108e-02
3.020814e-02
1.976682e-02
2.743443e-02
3.140976e-02
2.961638e-02
3.443675e-02
3.784289e-02
1.916173e-02
4.187847e-02
5.756566e-02
4.275469e-02
4.694005e-02
5.102620e-02
2.450592e-02
7.859799e-02
8.409500e-02
6.461205e-02
1.642282e-02
3.166275e-02
2.581245e-02
