-8.763837e-04
-2.876310e-01
-2.797577e-03
1.884961e-01
-2.880829e-01
-2.369070e-01
-3.946992e-02
-8.221903e-02
-6.352569e-02
-2.321382e-01
1.798343e-01
-1.617595e-01
-1.643012e-02
-2.465525e-01
-1.964840e-01
-6.864986e-04
1.047309e-01
-8.017034e-02
-5.447616e-02
-3.056124e-02
-2.063448e-01
-3.786411e-02
-2.158266e-01
-1.151064e-01
-2.598494e-01
-1.205443e-01
-2.688409e-01
-1.418573e-01
-1.478663e-01
-1.510293e-01
-2.273296e-01
-3.364601e-01
-1.193937e-01
-1.891049e-01
-2.885922e-01
-1.104805e-01
-2.236761e-01
-2.940153e-01
-2.135040e-01
-2.180272e-01
-7.314800e-02
-1.611910e-01
1.119940e-01
-1.271828e-01
5.985985e-02
1.773852e-01
-2.479919e-01
-6.489834e-02
1.558736e-01
-2.006190e-01
-1.376528e-01
-3.144159e-02
-2.898945e-01
-1.758823e-02
-2.065441e-02
-1.320835e-01
1.512434e-03
-2.710609e-02
-1.239572e-01
-1.439053e-01
-7.433575e-02
-4.253887e-02
1.414622e-02
5.802125e-03
