16 16 3
0.03186765
0.07984263
0.08961239
0.09002182
0.05453818
-0.03255696
0.02753451
0.02901592
-0.04152843
0.04928232
-0.009890879
0.05648925
-0.0295176
-0.07180522
-0.009067541
0.04735842
-0.05432807
-0.07771122
-0.2864524
-0.03202137
0.02406324
0.07954203
0.3191534
0.03385812
0.070789
-0.1049908
-0.3070285
0.07987504
0.08104096
0.03278663
0.03805261
-0.0173358
-0.09103472
-0.05778985
-0.1031822
-0.174312
-0.2382572
-0.01113496
0.1989953
0.0249409
0.2102171
0.1435623
0.1417682
0.07605241
-0.1354971
-0.0282945
-0.1490679
-0.08460636
-0.1476435
-0.1250755
-0.02332361
-0.1112563
-0.02327145
0.03338583
-0.04795471
-0.2207654
-0.1695408
-0.1954247
-0.1269291
0.09646153
0.01397002
0.1711056
0.2389293
0.01193109
-0.02095509
-0.1356259
-0.1270355
-0.1948252
0.005856062
0.01221558
0.05492612
0.03360518
0.04636148
0.008150786
-0.1889534
0.05022464
-0.1097898
-0.08472332
0.01551626
-0.01241818
0.02148386
0.239718
0.1791554
0.1000247
0.05518698
-0.04620593
-0.1864648
-0.1498479
-0.1692731
-0.1776612
0.04163316
0.05759508
-0.06512333
-0.004712094
0.1066033
0.01175429
-0.1300942
-0.1389701
-0.2166867
0.03485278
0.07350017
0.1009638
0.1118866
0.09485512
0.07256316
0.05636717
0.02364995
-0.06597371
0.1115321
0.07359083
0.04380646
0.09022727
-0.01065195
-0.03759303
0.03345416
0.02008222
0.08813743
0.3379893
0.2467125
-0.09926335
0.09407263
-0.3025642
-0.1212889
-0.1650076
-0.04329839
0.01823086
0.03144441
-0.08088899
-0.05078163
-0.09624981
-0.07113775
-0.004597292
-0.1165254
-0.01091397
0.03732385
-0.1137833
-0.1442491
-0.1178081
-0.1315601
-0.05341658
-0.005383666
0.02327211
0.1034863
0.07713682
0.0007294011
-0.002070557
-0.001065378
-0.0009171644
-0.001097547
-0.001680555
-0.0001591721
-0.0005933886
0.001200178
0.0001709153
-7.141592e-06
-0.0007685145
-0.002509339
-4.440507e-05
0.00254891
0.003142274
0.001008597
0.002692399
-0.0001899093
-6.489079e-05
-0.001001796
-0.002522999
-0.001147551
-1.019464e-05
0.0001562386
-0.0009748439
-0.003938915
-0.003071944
0.0003147779
-0.0004392496
0.001632642
-0.001989965
0.001371769
0.002015857
-0.0003745714
-0.00111972
-0.0005980219
-0.002647568
-0.001526745
-0.0007161499
0.001488104
0.0008944472
0.0008110906
0.0005254304
-0.001633557
-9.793336e-05
0.002670216
0.0008059493
-0.001098181
0.0008653323
0.001710855
-0.001281948
-0.001147386
-0.003665124
0.0008997155
4.351896e-05
0.001091171
-9.763172e-05
-0.001022443
-0.001243963
-0.0009037906
-0.001150316
0.002593134
-0.004367616
-6.172847e-05
3.376537e-05
-0.001395526
-0.002041157
-0.001289826
-0.001222422
0.001530418
-0.0007367957
-0.001754475
0.002587539
0.0001949377
-0.001267472
0.0008811618
0.0003673793
0.002153418
-0.000883172
-0.0008837168
0.003379162
0.0003479236
-0.002483403
-0.0008582488
-0.00124974
-0.001325257
0.00112159
0.000403341
0.002501177
-0.00112991
-0.0009667374
0.0007853386
0.001054935
0.001185652
-0.0002537312
0.0003735019
0.001898569
0.001089307
-0.000743071
0.0001343515
0.0004343536
-0.00246076
-3.246381e-05
0.003120215
0.002072215
0.003920388
0.001275513
0.001101813
0.003140584
-0.002777387
0.001549869
0.002434517
0.001816328
-0.002006932
0.002265125
0.0003857891
-0.0005478691
0.003177766
0.0001839564
0.0003256563
0.001555979
0.0005314394
-0.0002914193
-0.000895063
0.004138059
-0.001754281
0.001040786
-0.001710727
-0.0002863335
0.003347272
-0.001463132
0.002324349
-0.00122063
-0.0004631006
-0.004072777
-0.003275246
0.001036124
-0.002084364
-0.0001040063
-0.004037731
0.0009906313
-0.0008621838
0.002049764
0.03630444
-0.02101581
-0.04591354
0.001325994
-0.02860776
0.01499913
0.06093361
0.1243423
0.03653051
0.1293881
-0.0046944
0.05909523
0.03715916
-0.08689774
-0.141829
0.02997625
-0.02322821
-0.01081689
0.08579454
0.0241754
-0.3020605
0.1922515
-0.1485335
-0.2964698
-0.2962794
0.0922226
0.1503149
0.09167377
0.01097796
-0.1314241
-0.009023015
0.04038601
0.01472946
-0.07909935
-0.1056204
-0.1769944
0.1122033
0.2175818
-0.09897909
0.09041023
-0.08297247
-0.1569878
-0.0531964
-0.1580712
-0.06198698
-0.196664
-0.02263003
0.05949225
-0.09073535
0.08845331
-0.002176054
0.01582217
-0.03234985
-0.05081512
-0.2685502
-0.1723695
0.08143268
-0.1045507
0.08890403
0.1842042
0.2601337
0.07570985
0.04067262
-0.3218401
-0.1031438
0.3612745
0.1669901
0.4572581
-0.1407035
0.1686499
-0.09263952
-0.2534634
-0.1487689
-0.1917372
0.06282463
-0.1274915
0.2618208
0.2517537
0.1083771
0.1037399
-0.160052
0.2183835
0.06089582
-0.1061531
-0.03940827
-0.2513725
-0.1681815
-0.2189173
-0.04955379
0.1524774
-0.003399983
-0.02970659
-0.04401715
0.02917507
0.1146857
0.05344276
-0.08152882
-0.04113487
-0.009295539
0.1032478
-0.001918447
0.01583621
-0.04001639
-0.05705241
0.009668472
-0.08869671
-0.004043642
0.1000509
0.04276116
-0.02203859
0.07459136
-0.04366328
-0.007179704
0.2459315
0.005794454
-0.02389636
-0.05912166
-0.198062
-0.3736583
0.1060679
-0.4735276
0.4219222
0.2386985
0.3478367
0.3310885
-0.2103394
-0.06360561
0.1265812
0.07888366
0.05388815
0.1827445
0.09643161
0.007032786
-0.08780246
-0.08967184
-0.0831224
0.04724781
0.07622001
-0.02872763
0.04625772
-0.03390981
0.08738904
-0.07451284
-0.1505773
-0.000126126
0.0009387408
0.001591772
0.0001037466
-0.0003379269
-0.0001003389
-0.0001654737
-0.0006581525
0.0001272458
-0.0005395804
0.0004938376
0.001928065
0.001507072
-0.0003253972
-0.001019733
-0.0001651168
0.001971159
-0.001640039
0.001583067
0.002526368
-0.002438499
0.002642401
-0.003078113
-0.004941037
-0.002713639
-0.002562148
0.003589613
0.004329449
0.002195868
-0.005187209
0.0009786587
0.0008347452
0.0002417729
-0.001481134
0.001306773
-0.002773984
-0.0006617152
0.0006294111
0.0009335143
-0.000520308
-0.00114546
0.0004824812
-0.00148399
-0.0009055218
-0.001466719
0.0005011492
-0.001908559
0.001003904
0.001674796
0.001947067
-0.0004126599
-0.003183641
0.001691544
0.001450946
0.0008605761
-0.0001359166
-0.001882917
-0.0005629611
-0.0002533263
0.0006916774
-6.633033e-06
-0.002168301
0.0002601801
0.001952367
0.001214235
-0.002317737
-0.001615674
0.002559407
0.0003658444
0.004749802
-0.00128343
0.0004502932
0.001081627
0.002097451
0.0001429761
-0.0001658598
-0.001140565
-0.003100871
0.002568093
-0.0007128418
-0.001717372
-0.002353639
0.002582247
0.003492421
0.001789725
0.001609281
-0.0004267748
0.0001079961
0.0004949207
0.000658752
-0.0002242577
-0.002667572
-0.0005742914
0.001128782
0.001985901
-0.005191955
7.926564e-06
0.001358963
-0.0005496698
0.0009348951
0.0002398124
-0.002695007
-0.0001908125
-0.00160011
-0.0006688705
0.002532395
0.0009311047
-0.0004206115
-0.0009306253
-4.06719e-05
-0.0003763965
0.000503164
0.001840259
-0.0001417598
0.0003953602
-0.00230589
-0.0005951259
0.0006512856
0.0005064089
0.001215487
-0.0004491851
0.0008987776
-0.002121389
-0.001231682
-0.0005310695
-0.003701651
-0.0007138576
0.0003040513
-0.003284305
0.000196526
0.00327682
-0.001142518
-0.0008145077
-0.001755127
-0.00040052
-3.651131e-06
0.002143414
-0.002636766
-0.002816632
0.0008432195
0.001293124
-0.001320157
0.002149447
0.0008589568
-0.03286378
-0.05537828
-0.04616084
0.04624612
0.04375365
0.04174774
0.04125469
0.02671285
-0.008749143
0.005527277
0.01790187
0.1395855
0.1876925
0.1794513
0.1076466
-0.02524757
-0.05228767
0.06257995
-0.09464949
0.02936411
0.01744753
0.2104278
0.1915244
0.007877787
-0.3387261
-0.1708459
-0.05329039
-0.02249436
-0.1013935
-0.007144354
0.0141389
-0.08663391
0.03911494
0.08530256
0.06685669
0.151605
-0.2066077
-0.1231717
-0.06332581
0.01183686
0.006950938
0.02550543
-0.03133978
0.02494637
0.05492716
-0.08747217
-0.04324652
-0.07429217
-0.03105467
-0.006278434
-0.1120438
-0.08843218
-0.07287306
-0.1276747
0.1208297
0.04393976
0.06761999
-0.07223123
-0.005004943
0.1070041
0.07189747
0.02832587
0.06415358
0.124538
-0.3625558
-0.1274827
-0.1599317
0.2170679
-0.0299129
0.2532655
-0.329702
-0.04967624
-0.07900167
-0.07905294
-0.03574929
0.01639492
-0.02652544
0.1199144
0.08382486
-0.01045632
-0.08347588
-0.02462654
-0.002250107
-0.0314493
0.1364649
0.1458193
1.565003e-05
-0.1070586
-0.06594861
-0.06205626
0.05703707
0.006467659
0.007355846
0.05766668
0.07239901
0.09226939
0.1050953
0.06527878
0.07882362
0.00445778
0.01065465
0.05332671
-0.01773835
0.001408803
0.007070596
0.02422808
-0.07418364
-0.05953009
0.005357375
0.033726
-8.258471e-05
-0.08196505
-0.05293678
0.004028116
-0.02848049
0.02542301
0.06868228
0.4987731
-0.04808649
-0.144178
-0.6403432
-0.2613464
0.1323069
0.4053528
0.06593447
-0.1602631
-0.007575654
0.02920587
-0.04912049
-0.02579436
0.03047881
0.02350203
0.00107473
0.04101778
-0.09629216
0.01436846
0.07755546
0.04034363
-0.0004891672
0.09505215
0.006046533
-0.04361694
-0.08024604
-0.09490659
-0.02966161
-0.0537142
-0.05637821
0.1209595
0.1481039
0.07403017
-0.01635426
-0.01250175
-0.06659214
0.04238727
0.02579074
-0.07275834
0.1930238
0.1705206
0.07215724
0.1108709
0.1354498
0.05279737
-0.0946352
-0.0633373
0.04893075
0.05495666
0.06746075
0.120256
0.03357864
0.07963783
0.1529426
-0.1564436
-0.08949352
-0.05048608
-0.278558
-0.2464738
-0.2294527
-0.1924474
-0.1550887
-0.1097587
-0.09775745
-0.09677216
-0.09110831
-0.08264443
-0.06592196
-0.06766987
-0.02851271
-0.004686003
0.02923519
-0.03448456
0.002849909
0.0423558
-0.05336506
-0.03238497
-0.003517889
0.05674157
0.06488273
0.06579387
0.08447231
0.09630254
0.0447902
0.01891315
0.05099319
0.01375337
-0.02408282
0.02085615
-0.03172699
0.01844305
-0.03709378
-0.1561291
0.02739245
-0.08807363
-0.1738517
0.03426469
-0.005555397
-0.1033657
-0.004509223
-0.04023184
0.003998046
-0.06014807
-0.09773422
-0.08961823
-0.03464995
0.0001002556
-0.001644261
0.02493308
0.01964735
-0.04330761
0.1860484
0.1867314
0.1461776
-0.01321222
0.00951899
0.03577349
0.0125952
0.05995411
0.001556301
0.01243629
0.05272557
0.02875786
0.02813438
0.09837539
0.1230137
-0.1080501
-0.1079087
-0.09570367
-0.02008068
0.009694264
0.006792737
-0.03594651
0.02079791
0.00631201
0.005184364
0.02818511
0.02049204
-0.02061381
-0.01427267
-0.01058825
-0.01671513
-0.03159138
-0.007162718
0.2365021
0.1796264
0.1027026
-0.03426812
-0.01457882
0.06421133
-0.07511641
-0.08997565
-0.1439947
-0.07183456
-0.02841202
-0.05962106
0.03864881
0.1313105
0.1374072
-0.0937748
-0.007423695
-0.0183963
-0.02012673
0.003831046
0.01589827
-0.05823806
-0.05532644
-0.0005239703
-0.06481851
-0.05443522
0.002778953
0.0636163
-0.05170871
-0.04074442
0.03020642
-0.04778324
-0.09096412
0.04402046
0.07445967
0.03174159
-0.07514882
-0.0272096
0.083507
-0.1424485
-0.1101318
-0.01848572
-0.06772316
-0.1634464
-0.09370777
-0.01014637
0.1697684
-0.1618213
-0.1772862
0.1974744
-0.1052014
-0.1818913
0.04341633
0.005163111
-0.06831536
0.003282737
-0.1025222
-0.0004153896
0.03439296
-0.0003198287
-0.0499321
-0.09147615
-0.1449538
0.0140245
-0.1143966
-0.05885638
0.1021167
-0.009337555
-0.1363965
0.08310477
0.1096429
-0.1628136
0.03333949
-0.07019173
-0.08648761
0.0217326
-0.07515687
-0.06821413
0.09489331
-0.03222911
-0.006828629
0.1377919
0.05645843
-0.2729093
0.07454113
0.2078665
-0.1238774
-0.1280208
0.1663835
-0.01019612
-0.08898915
0.1331145
-0.08239236
-0.214848
-0.1716834
0.3674373
-0.008919993
-0.2872044
0.3218605
-0.07166634
0.01472578
0.03497294
-0.09935445
-0.09490667
0.08138706
0.04890792
-0.1021608
-0.1057647
0.01874546
-0.08731027
0.004742458
0.03655266
0.02083685
-0.05315788
-0.03827167
0.04052809
-0.06608038
0.03023361
-0.05106166
-0.112844
0.09737175
-0.006429502
-0.1929137
0.1139257
0.1094468
-0.1047023
-0.04402523
0.03021269
0.03091973
0.0112395
0.02278718
-0.03079531
0.05736968
0.03134356
-0.08253843
-0.07860153
0.1413277
0.06846256
-0.129312
-0.01894641
0.1381885
-0.1194116
-0.1474273
0.07627214
-0.1991132
0.02346654
0.159591
-0.1660769
-0.1594393
0.3043681
-0.06847777
-0.1927022
-0.02827291
0.05678413
0.01019318
0.0756361
0.03935555
-0.08510105
-0.03715854
0.1116773
0.01475662
-0.0699655
0.09964024
0.01080725
-0.1125546
0.07759739
-0.0229296
-0.1054522
0.05535243
-0.0185919
-0.09546442
-0.02053591
0.01919202
0.01498313
-0.02879471
0.03980573
0.07189123
-0.01222054
0.0229123
0.01982203
-0.1621887
-0.1742425
-0.08764711
-0.03503183
-0.04681151
-0.09961031
0.1782392
0.2376572
0.1263084
-0.1848784
-0.3065997
-0.3326716
0.01118958
0.1327452
0.1301755
0.05239139
0.1262024
0.1751388
-0.05699235
-0.07826049
-0.01277474
0.004251598
-0.06571032
-0.02868053
0.02183931
-0.03873768
0.05459417
-0.122113
-0.09756765
-0.09689273
-0.07756835
-0.06871384
-0.0431564
0.07890728
0.1551145
0.09750886
-0.1253062
-0.03210109
-0.05078156
-0.2032643
-0.1229192
-0.1316802
-0.1734516
-0.07158658
-0.1385531
0.04336299
0.05051467
0.03058038
0.1070154
0.04058866
0.047064
-0.05170516
-0.1264856
-0.09977315
0.0899362
0.04742861
-0.1711689
-0.0207409
-0.08609711
-0.1072027
-0.1341633
-0.1261553
0.07263051
0.009176909
0.09887546
-0.01103104
-0.09339719
-0.09299149
-0.09197691
-0.04695944
-0.0726672
-0.01706222
-0.35619
-0.3399916
-0.3003404
-0.02122952
0.1030483
0.09493307
0.06945936
0.1691409
0.2147689
0.0737014
0.06486769
0.04752871
0.04847696
-0.006985195
-0.05022697
-0.009249288
-0.08901167
-0.08604603
-0.04451289
-0.1156626
-0.1309928
0.08826508
-0.005390787
0.03527928
0.09037007
0.04359502
0.04678957
0.06658122
0.0920187
0.1559737
0.04704517
0.02693319
0.07429585
-0.04070223
-0.1101985
-0.09918749
0.1853074
0.5002371
0.3451779
0.1899038
0.2324065
0.07934271
-0.2122919
-0.4510237
-0.3676191
0.02061366
0.1259194
0.08368745
-0.08417714
-0.01949614
-0.08483121
-0.0565766
0.01458617
-0.1374264
-0.1654879
-0.07199971
-0.08905002
-0.04793823
-0.03723762
-0.09993184
0.03255681
0.1463607
0.1214777
0.01964895
0.02462722
0.1066963
-0.06838164
-0.07255369
0.02143036
0.09026065
-0.02842025
-0.001714135
-0.06217831
-0.0002105104
0.01149802
0.0186958
0.09064463
0.02705419
-0.07153498
-0.06153503
-0.06567765
-0.09348406
-0.09035812
-0.06784746
-0.04769881
-0.2076198
0.04592134
0.2253845
-0.1643535
0.01469126
0.002866497
-0.04728818
-0.1025159
-0.01387578
0.08288495
-0.02703146
-0.1503719
0.04343446
-0.07197807
0.02913709
0.1638807
-0.06500973
-0.1667533
0.1439647
0.02843464
-0.2120405
-0.03751749
-0.009434382
0.05764041
-0.0540905
-0.03618156
0.05744046
-0.0006119615
-0.03151842
-0.04998353
-0.02348767
-0.06021336
0.007641001
-0.01249341
0.01235415
-0.01048548
-0.0009907794
-0.005443413
-0.05927033
0.006545872
0.047711
-0.236967
-0.2637799
0.4616516
0.3941408
-0.3251942
-0.1208224
0.197082
0.1740202
-0.3343678
0.1425341
-0.1859355
0.06318177
0.1496958
-0.08689161
-0.1650993
-0.09042169
0.160313
-0.154696
-0.08742285
-0.004996814
0.08690974
-0.01885338
-0.09334659
-0.05223467
0.1556195
0.03474317
-0.0106504
0.04860653
-0.02742373
-0.02027226
-0.08923516
-0.09046404
-0.1068419
0.007733625
-0.05595882
-0.01384346
0.006315851
-0.06141506
0.0524327
0.0507047
-0.04721323
0.04836077
0.05293462
-0.07220527
-0.01510328
-0.06471869
0.02330988
0.1745288
0.003309344
-0.08216125
0.04163265
0.04223093
-0.03365004
-0.06578817
-0.01759116
-0.5089154
0.2145327
0.5695112
-0.129692
-0.3739941
-0.3575318
0.5469441
-0.06768738
0.1248233
-0.008724531
0.02140352
0.06850243
0.06589246
0.01123216
-0.03679521
-0.004792186
0.07493597
-0.05048135
0.02019465
-0.02787641
-0.07807269
0.01663037
0.08671544
-0.08264803
-0.08104777
0.01336104
0.0276731
-0.02702503
0.05694843
0.04324357
-0.06514281
-0.1233757
0.05781066
0.06933329
0.004279602
-0.02928571
-0.08199473
0.009530517
-0.09967321
-0.3652105
-0.09914457
-0.0394436
-0.06481427
0.1419409
-0.03664181
-0.109987
0.02424241
-0.1256054
-0.009815791
0.110288
-0.3231021
0.4162079
-0.2035778
-0.1884519
-0.02990159
-0.09222542
-0.05678131
0.2324517
-0.07319541
-0.0009402522
-0.04656268
-0.3156369
0.02938695
-0.07515525
0.04929649
0.07072529
-0.09042635
0.1244422
0.0112349
0.02402779
0.00236708
0.06308196
0.02091272
0.06008989
0.04613657
-0.07159556
-0.003738295
0.02493444
-0.03266466
0.03322845
0.05240337
-0.04418922
-0.002568438
-0.03360993
-0.06631596
0.02944436
0.002477781
-0.05941904
0.1586262
-0.5426701
0.3454159
-0.2102453
0.2155641
0.1642712
-0.5845748
0.2581956
-0.5818207
0.4120215
-0.1475444
0.2346233
0.1325917
-0.1696161
0.3104466
-0.2364281
0.03225273
-0.03819226
-0.06621064
0.08355223
-0.06880147
-0.09923982
0.03757149
-0.06587958
-0.02292992
-0.1002633
0.06626991
0.1101795
-0.03944334
-0.009839471
-0.07283836
0.1124129
0.1918147
-0.1172844
0.01597986
-0.07821923
-0.07236792
-0.0458488
-0.03497932
-0.01992758
-0.02871581
-0.001874796
-0.03480586
0.02259345
0.0835444
0.02038468
-0.03242321
0.0734248
0.2197912
-0.02544061
0.02731024
0.06175784
-0.01308213
-0.07410356
-0.02511953
-0.4593594
0.1058384
0.06452743
-0.3492227
0.5709165
-0.5688679
0.425899
-0.6317077
0.07638982
0.108361
0.05974581
0.0660506
0.1084048
-0.09784406
-0.01828556
-0.03267879
-0.1955196
0.02975374
-0.08386478
-0.005755048
0.03395848
-0.05279404
0.03809233
-0.02799289
-0.02764036
-0.01340739
-0.09610346
0.01661078
-0.04794914
-0.09180251
0.008166886
0.0822302
0.02337471
0.05207857
0.09534256
0.07019924
0.08371605
0.1052954
0.09379028
-0.06053438
-0.05880386
-0.03135644
0.1460102
0.183865
0.02770882
-0.09063684
-0.1168743
-0.2178288
-0.2840981
-0.2253884
-0.229998
0.07565531
0.3157617
0.1641364
0.04417516
-0.07147837
0.0418291
0.02837196
-0.003064857
0.1172692
0.06660815
-0.005526582
0.1537741
0.06481837
0.07569762
-0.04550744
-0.1125729
-0.199432
-0.1571294
0.1950394
0.2089296
0.172968
-0.1320447
0.0280115
-0.05295341
-0.1939778
-0.04540663
-0.1296722
-0.2612455
-0.09124736
-0.1357953
0.1351472
0.09541313
0.09944899
0.01161568
0.07027079
-0.003427592
-0.1047914
-0.0899502
-0.004484305
-0.08792501
-0.1259623
0.2110375
0.02958207
-0.1809877
-0.3475235
-0.1149742
-0.08320224
0.2681053
-0.07657205
-0.0509106
-0.007412128
0.01602704
0.06177645
-0.04650453
-0.0044528
-0.1077287
-0.0386245
0.0356104
0.0571432
0.03950365
-0.1534132
-0.1067506
-0.07492754
0.04148438
0.08627301
-0.001245625
0.08555645
-0.03072202
-0.02865377
0.09446521
0.06276629
0.04084753
0.06773347
-0.02922739
0.0505176
0.04160579
-0.04107013
-0.01120337
0.05936147
-0.06520218
-0.005561521
0.02224503
-0.08152851
0.02913336
-0.05704299
-0.07927851
-0.07639436
0.03516598
0.08563041
0.1384178
0.05741278
0.115653
0.06587799
-0.4256391
-0.567526
-0.3238165
0.4745673
0.8230683
0.4032499
-0.3179615
-0.6732277
-0.3404858
0.06163805
0.1205372
0.07920463
-0.06851778
0.06540149
-0.0629261
-0.163414
-0.1079193
-0.2092707
0.05487512
0.1848934
0.1885887
-0.09774849
-0.07530306
-0.13089
-0.1718215
-0.09879673
-0.1698471
-0.06944621
0.03723583
0.05113357
-0.05808131
-0.07401074
-0.07490686
0.1144602
0.04438392
0.0006043185
0.06214392
-0.01267498
-0.04009927
0.07980837
0.03942601
-0.02367009
0.1224889
0.06776553
0.05157245
-0.07053189
0.007178895
-0.02254112
0.06100186
0.2803316
0.1892553
-0.2834615
-0.219922
-0.2062556
0.04931686
-0.01242465
0.02539414
0.05691938
-0.09719901
-0.03926985
0.03147859
0.03391469
0.05943879
-0.02072321
-0.02339803
0.09597699
0.09738677
0.1298242
0.1136412
-0.1511202
-0.1904541
-0.1248026
-0.1393267
-0.07501869
-0.2038435
-0.07100257
0.09744947
0.00347467
-0.08263245
0.07531215
-0.0496071
0.1148606
0.002720379
0.02928341
0.09096775
-0.007164273
0.1210305
-0.05554913
-0.06994373
0.03797652
0.03986299
-0.04550135
-0.1165723
-0.06226121
0.07786614
0.3413353
-0.01722134
-0.2007129
-0.2930852
-0.001139029
-0.009485973
0.02016214
0.01887218
-0.07283314
0.04105526
-0.0422081
0.0231665
-0.009809797
-0.2768278
-0.1964953
-0.2535023
0.05880246
0.1326191
-0.05208812
0.1545209
0.1270981
-0.0395432
0.102428
0.1243461
0.1046094
0.08577555
-0.009391907
-0.03902249
0.09012143
0.03730058
0.003290174
0.02674435
0.0155919
0.05305082
-0.09333012
-0.1021983
-0.09699593
0.0282457
0.002199074
-0.02559364
0.237371
0.2295682
0.1865254
-0.07499474
-0.07472914
-0.144252
-0.07327712
-0.0236585
0.01075403
0.06524837
0.4860984
0.04791616
-0.4002145
-0.61996
-0.4681267
0.02249488
0.3770495
0.2961339
-0.1154852
-0.09431884
-0.1673115
-0.09786577
-0.08048417
-0.07600109
0.1348261
0.1732753
0.1107784
-0.1825085
-0.1934189
-0.2186716
0.1015196
0.1980107
0.1750476
-0.03320503
0.0117596
-0.01986008
-0.002404589
-0.08384956
-0.1206562
0.09153683
-0.005189944
-0.1345761
0.05389611
0.1303209
0.1642556
-0.005420298
0.004854421
-0.2841541
0.09547792
0.2189158
-0.02638758
-0.1761351
-0.02360748
-0.1200434
0.02548732
-0.03688884
-0.2048176
0.07638274
0.1565208
-0.1005669
-0.2457181
0.1958289
0.1498332
-0.1416496
0.09123238
0.1573208
-0.1225356
-0.1205928
-0.08976258
-0.01043481
-0.1219248
-0.1106611
-0.1198134
-0.1311258
0.1229926
0.09103853
-0.2050808
-0.2106088
0.1942998
0.1005513
-0.1308032
-0.2409518
0.08423423
0.1762488
-0.1755385
-0.07734627
0.046434
0.07096426
-0.07612246
-0.1275672
-0.02545096
0.01592095
0.1659131
0.05361285
-0.154151
-0.06037938
0.1118929
-0.1037705
-0.128445
0.1964167
0.008169591
-0.2547825
0.1021557
0.3738289
-0.01907181
-0.233546
-0.06051497
0.3811552
-0.09721216
0.1616081
0.1460487
-0.08094914
-0.113078
-0.03369076
0.1877397
-0.03206012
-0.2124125
0.089991
0.03622831
-0.1394464
0.007311228
0.1434647
0.007906687
-0.2832151
-0.04049718
0.07245947
-0.007057677
-0.006205301
0.1559731
-0.03617179
-0.1907581
-0.03274054
0.1822959
0.05057028
0.007660355
0.03790763
0.008855056
-0.06695054
-0.07002983
-0.04342148
-0.04942268
-0.0368873
0.07127172
0.1097963
0.1113011
-0.1470319
-0.2499036
0.1466552
0.1205841
-0.08841819
-0.08075668
0.05586402
0.07736963
0.07017364
0.3543253
-0.1479011
-0.5119377
-0.02791367
0.3910077
-0.09306981
-0.5556285
-0.1502678
-0.0759356
0.02539559
0.2038444
-0.1851218
-0.2098952
0.05203027
0.1125209
-0.1220096
-0.1765548
-0.2078153
-0.109134
0.02209452
-0.06766536
-0.1510662
-0.1600825
0.132177
0.06104741
-0.1140544
0.001427022
0.00252428
0.0005282588
0.004740664
0.003205816
0.003856614
0.001232246
0.0007028217
0.005285955
0.001930511
-0.001100301
0.001352954
0.001518095
0.0006732862
-0.002405673
0.001510414
-0.0008682336
-0.0007461954
-0.001072383
0.0005037608
0.00186485
-0.0005819207
0.0002507913
-0.002636006
6.668325e-05
-0.0002613801
0.001427727
-0.00257019
-0.00166474
0.0009240016
-0.001788448
0.003816575
0.001956058
-0.001327567
0.002503923
-0.003120444
0.001408015
0.0009560161
-0.00139569
0.003424834
0.004140861
0.001039586
0.001718338
0.0004076352
-0.003043302
0.002180872
0.001835402
0.001079949
0.001439875
0.003348952
0.0002990128
-0.0007846268
-0.0006115599
0.0003375465
-0.000324972
-0.001869621
-0.002109766
0.0008532472
-0.00392707
0.0002553606
0.001356514
-0.001497074
-0.0004201606
0.0008697756
-0.003714988
-0.0003646626
-0.00219222
0.0006710808
-0.0002025503
0.002982029
-0.001317542
0.001184874
0.003222164
0.001228689
0.002605508
0.0002771364
-0.002276423
-0.0006077446
0.001670273
-0.002951571
-0.002955254
0.0001291856
-0.002730562
-0.001654485
0.002407774
-0.001951637
-5.557077e-05
-0.001966213
-0.0007406567
0.003366845
0.001497873
-0.0001111347
-0.005288682
-0.002200735
0.001153973
0.001417013
0.001893202
-0.000570255
-0.00143396
-0.0003265612
0.0005273457
-0.0008233773
0.000175633
0.001948523
0.0001407578
0.002311701
0.00164872
-0.001548415
-0.001221434
-0.001959358
-0.001148305
-0.0001369009
-0.001787245
0.0002506633
-0.001471523
-0.0007579964
0.002307608
-0.00246136
-0.002411529
0.0001811255
-0.001752806
0.001259648
-0.00040583
0.001401072
0.00325397
-0.0001831368
0.0008513863
0.001688593
-0.000226451
-0.0008772393
2.539349e-05
0.003121674
-0.001881896
0.001755741
0.0004249224
0.0002133008
-0.004134946
0.003811035
0.000273348
0.0004372294
-0.0001034575
0.000121023
0.001284793
0.0001106359
0.04171699
0.02805294
-0.02859983
0.09074237
0.06130241
-0.04822135
0.01022599
-0.01182241
-0.1015129
0.08123779
-0.04030805
0.1206682
-0.008997987
-0.1025491
0.01001091
0.005741701
-0.07555073
0.03679267
-0.01065081
0.104061
0.03495787
-0.0009466222
0.01622815
-0.01764546
-0.01519914
0.08525
0.06014244
-0.02268801
-0.03998089
-0.05508431
0.02984317
0.04553459
0.04667065
-0.01493848
0.001552673
0.08023942
-0.03048154
0.04886882
-0.03520246
-0.01927517
0.01943536
0.003245951
-0.03773031
0.03419229
-0.04528301
-0.02371994
0.005610773
0.06659223
-0.07830899
-0.002624737
0.03736715
-0.112762
-0.0375498
0.001386181
-0.01576963
-0.03916573
0.04881382
-0.01793436
-0.004271909
0.04284478
0.0005703049
-0.0251171
-0.01741033
0.2290129
-0.1528266
0.2145698
0.0322606
-0.2762501
-0.09177832
0.0741491
-0.1093813
-0.00739146
0.04546799
-0.05123629
-0.06708547
0.1005719
-0.05258758
0.02559177
0.0364275
-0.0491499
0.01113723
-0.03689482
0.02200312
-0.01768834
-0.04049533
0.01176412
0.007472744
0.003675168
0.09029056
0.07073734
-0.04022072
0.08359979
-0.1317131
-0.04142107
0.004578624
-0.1474184
-0.04103914
0.08232671
-0.04942301
0.02646153
-0.01332976
-0.0300418
0.02463763
-0.03771276
-0.08619379
0.09327345
0.007294743
-0.03865197
-0.0007856414
-0.003472471
0.04407663
-0.02654391
-0.02470492
0.05347247
-0.04961542
-0.0663366
-0.02821233
0.2005916
-0.2717502
0.08177125
-0.1681739
-0.1755037
-0.04616315
0.1290839
0.06166106
0.2226009
0.006244435
0.06608986
-0.02510875
0.005668371
0.08808715
0.006390689
-0.04769479
-0.01151437
-0.1252444
-0.01349864
0.009570019
0.04550045
-0.01473423
-0.007946655
0.04711632
-0.04299285
-0.03725705
0.005792134
-0.03118725
-0.03783315
0.1051376
-0.06803267
-0.1459949
-0.03170887
0.1251285
0.09765546
0.06518176
-0.05346851
0.05123667
-0.06237309
0.0427794
0.05778849
0.03140908
-0.1886703
0.09592465
-0.01711107
-0.06719866
-0.1829645
-0.01303935
0.02857989
-0.3779224
0.06888104
0.2204199
0.04679065
-0.2321617
-0.1614797
0.06041707
0.03182697
-0.1703535
0.1040405
0.002967656
-0.08090928
-0.1207822
-0.0731309
0.006477574
0.2330381
-0.1413766
-0.1059423
0.005728922
0.1287546
-0.01595664
-0.04582551
0.07944983
0.1035729
0.05674339
-0.01954715
0.07584406
0.07114456
-0.0352683
0.006376232
-0.08385625
-0.06049463
-0.02576792
-0.08291055
-0.1144379
0.04318311
0.06000976
-0.08454946
-0.002741807
-0.02667943
0.1011103
0.1406389
-0.362488
0.4484666
0.1407592
-0.06742533
-0.5213076
-0.1701461
0.385507
-0.06445538
0.1707284
-0.07130248
-0.01596752
-0.1177511
0.1894167
-0.1841021
-0.004764541
-0.001273402
-0.009530178
-0.1472311
-0.1135027
0.1536964
-0.01517435
-0.1225511
-0.02124918
0.05832088
0.03225778
0.005977158
-0.03795283
-0.05431635
0.07310831
-0.1711783
-0.1462498
-0.1120714
-0.01317987
-0.02756558
-0.02789218
-0.01552286
-0.07048693
0.04237955
-0.007689896
-0.1134988
0.004224193
0.06062492
-0.03371557
-0.1129771
0.03061928
0.02705338
0.1039648
0.1179325
-0.03519339
0.0189273
0.01506508
0.01886058
-0.03005174
0.2528156
-0.5878087
-0.1394084
-0.259439
0.7846461
-0.7715716
-0.4606443
-0.2554775
0.468452
0.1001984
0.01844124
-0.06846502
0.02644976
0.05604019
0.03780207
-0.08566162
-0.1933221
0.1179001
-0.07534538
0.007696941
-0.02135886
-0.03957428
-0.02581397
0.02677348
-0.03733303
-0.09534928
-0.06048988
