-1.223240e+00
8.715486e-01
-6.940270e-01
-7.335058e-01
-1.125780e+00
1.264409e-02
-7.837242e-01
-2.495227e-01
-9.779946e-01
-2.388105e+00
-1.067273e+00
3.142422e-02
-3.191608e-01
-4.060487e+00
-3.097413e+00
-8.804527e-01
8.473709e-02
-1.739850e+00
-9.701595e-01
-1.938537e+00
-1.392773e+00
8.116737e-01
-1.496806e+00
-1.758259e-01
3.921949e-01
-9.262678e-01
-1.898291e+00
1.065304e+00
-1.377865e+00
-4.852985e-01
-1.518893e+00
-1.868771e+00
1.730789e-01
-3.059124e+00
-1.933130e-01
8.224581e-02
-8.788822e-01
-1.133461e+00
-1.186503e+00
-1.664066e+00
1.908684e-01
2.396116e-01
-2.301730e+00
-8.749905e-03
-8.483143e-01
-1.213183e+00
-1.248239e+00
2.690883e-02
-1.247179e+00
-1.026649e+00
-3.038852e-01
3.753760e-01
-1.325182e+00
-8.214297e-01
-5.957164e-01
-5.818460e-01
-1.769608e+00
-1.838522e-01
-1.420027e+00
-1.653243e-01
1.868328e-01
-5.487233e-01
-1.770861e+00
-7.496810e-02
