2.626479e+00
2.535376e+00
2.568470e+00
5.151453e+00
2.876220e+00
1.933246e+00
3.082994e+00
3.320735e+00
3.744110e+00
5.753900e+00
3.398259e+00
4.009300e+00
3.039181e+00
3.347821e+00
2.860260e+00
3.413524e+00
2.674642e+00
2.704242e+00
2.902713e+00
3.514803e+00
3.485142e+00
2.603183e+00
3.353633e+00
4.098419e+00
3.474557e+00
1.984861e+00
4.569862e+00
2.523873e+00
3.490130e+00
2.858747e+00
3.454030e+00
2.912271e+00
4.062648e+00
1.750648e+00
2.947324e+00
2.937696e+00
4.307408e+00
3.483056e+00
3.498249e+00
3.861173e+00
3.955998e+00
3.022185e+00
2.909793e+00
2.785718e+00
3.400154e+00
2.652187e+00
3.979848e+00
3.693112e+00
4.648633e+00
4.500003e+00
3.451664e+00
3.644995e+00
2.382927e+00
4.034455e+00
3.188477e-04
3.416679e+00
3.136812e-04
3.591142e+00
3.362541e+00
3.147466e+00
5.058857e+00
2.585331e+00
3.041364e+00
2.733927e+00
