1.285384e-01
-3.353360e-02
3.642663e-02
2.268143e-02
1.170343e-02
-1.821913e-01
-2.140308e-02
1.390630e-01
6.213862e-02
3.870980e-02
-5.238460e-02
1.661503e-01
-6.827381e-02
1.124267e-01
3.146418e-02
-2.106911e-01
1.359465e-01
-1.242676e-01
-9.391580e-02
1.133703e-02
-9.670220e-02
-6.519777e-02
-1.292124e-01
6.212930e-02
5.772863e-02
1.166463e-01
-2.304322e-02
5.240794e-02
-2.065086e-02
-3.462727e-02
-4.137988e-02
-9.031432e-03
-9.074846e-02
7.735784e-02
6.672455e-03
-2.664199e-01
1.731586e-01
1.845266e-02
-1.397717e-02
4.753902e-02
5.986392e-02
-5.453588e-02
1.684214e-01
6.361326e-02
-3.707618e-02
2.391039e-02
9.969918e-02
-2.588171e-02
-1.259320e-01
2.429950e-02
1.751768e-03
-7.881866e-02
5.665211e-02
-2.852937e-01
-7.708827e-02
1.323292e-01
8.452075e-02
-8.081471e-02
2.394927e-01
-8.920537e-02
-9.711477e-02
5.134159e-02
-6.999576e-02
-1.901150e-01
