5.417889e-02
1.088436e-01
8.564723e-02
5.576622e-02
7.673535e-02
7.589213e-02
5.433961e-02
9.382536e-02
7.233616e-02
7.900386e-02
2.681944e-02
6.061946e-02
4.534598e-02
4.376874e-02
5.909743e-02
4.989628e-02
1.713263e-02
5.861899e-02
2.393091e-02
3.702559e-02
6.402953e-02
6.010385e-02
9.926257e-02
5.940618e-02
5.090221e-02
2.892665e-02
3.825322e-02
4.307531e-02
4.499689e-02
3.685704e-02
5.277384e-02
3.570712e-02
4.318298e-02
3.730829e-02
5.392980e-02
2.080559e-02
2.760372e-02
3.398785e-02
8.695422e-02
2.977341e-02
2.134957e-02
4.588994e-02
5.493873e-02
6.468382e-02
3.813527e-02
2.962293e-02
3.258706e-02
4.129437e-02
3.835249e-02
6.305242e-02
6.499778e-02
6.994760e-02
7.270460e-02
7.193875e-02
8.385654e-02
7.689451e-02
7.113545e-02
7.101703e-02
3.459613e-02
4.191924e-02
6.667747e-02
3.562838e-02
4.459645e-02
4.063426e-02
