5.925719e+00
3.430403e+00
3.364868e+00
3.725957e+00
4.065331e+00
1.838814e+00
4.086000e+00
3.843612e+00
2.524193e+00
1.763861e+00
4.533643e-01
3.710825e+00
3.534433e+00
6.476615e+00
2.416986e+00
5.601126e+00
2.346292e+00
5.081838e+00
1.804614e+00
3.516446e+00
1.751226e+00
5.693764e+00
6.475823e+00
3.102070e+00
2.047337e+00
2.726896e-04
1.985586e+00
3.410527e+00
6.435714e-01
2.959444e+00
3.759908e+00
1.911856e+00
4.345074e+00
2.575352e+00
1.459310e+00
1.839773e+00
5.018393e+00
3.380790e+00
4.594149e+00
3.355309e+00
3.279448e+00
4.376286e+00
2.613473e+00
3.605301e+00
3.107469e+00
6.242160e+00
2.165246e+00
5.052069e+00
3.312698e+00
2.031426e+00
4.018047e+00
3.180068e+00
5.252271e+00
2.925918e+00
2.896623e+00
3.113181e+00
2.382044e+00
6.072420e-01
1.907460e+00
2.702893e+00
2.394002e+00
3.573520e-01
5.099693e+00
3.042195e+00
