16 16 3
-0.1663409
-0.1669163
-0.1715299
-0.1007148
-0.07193524
-0.06221277
-0.04968719
-0.01561724
-0.07507543
0.03679493
-0.0179349
-0.05651362
-0.03194105
-0.06803791
-0.02675454
-0.01318215
0.01638674
0.06856378
0.0877488
-0.02510985
0.02595433
0.09566566
0.01493556
-0.07889622
0.05835482
0.1208095
0.08546676
0.02842692
0.04852251
0.01423154
-0.07153845
0.008982736
0.04417048
-0.1369895
-0.0725368
-0.06690411
0.1305012
0.136901
0.08205836
0.1563966
0.1380198
0.1001278
0.1017274
0.1220136
0.08119677
0.001100548
0.003451957
0.0001260122
0.002184234
-0.002281407
-0.0006568113
-0.002232832
-0.0004765283
-0.0005193851
0.1003544
0.1651119
0.1647625
0.09850195
0.03888264
0.05727689
0.03781501
-0.06065039
-0.0005601664
-0.09255462
0.001420138
0.03346112
0.02275514
-0.01342678
0.07023225
-0.05582003
-0.008996505
0.06174387
0.1211103
0.04184256
0.1756906
-0.07756506
-0.1380421
-0.05237966
-0.02778939
-0.07488395
-0.07783974
-0.03126403
-0.1177191
0.08430053
0.02937853
-0.1260964
-0.01100115
0.03471928
-0.04251501
-0.01664911
-0.03492892
-0.03365487
0.01716271
0.0002820686
0.02064799
0.01126162
0.08885746
0.0983243
0.06551822
-0.005378372
0.01419577
-0.01362672
0.08164806
-0.01560603
0.05834692
0.07627144
0.05833777
0.02335317
-0.07347758
-0.01662882
0.01208329
0.1182901
0.03856545
-0.007811157
0.1094517
0.0615332
-0.008419566
0.09731738
0.1131051
0.05245616
-0.06640178
0.08411779
-0.03885003
-0.1262613
-0.1620863
-0.1363995
0.03139843
-0.07264116
-0.1041092
-0.0486737
-0.166197
-0.1755227
-0.09289608
-0.1969125
-0.1734735
-0.0644699
-0.1018464
-0.07999263
-0.04492082
-0.02306195
0.02118954
-0.01781183
-0.0441521
-0.03419929
0.1135433
0.02351079
-0.0788903
0.2054847
0.1496281
0.1558003
0.07426018
0.1029813
0.09788226
-0.09925258
-0.004155513
0.05563655
-0.005963188
0.1519491
0.06832446
0.05915367
-0.05201355
-0.01999789
-0.07719561
-0.1078539
-0.06188385
0.1195692
0.07066479
0.0698106
-0.02384958
0.07023409
0.07418326
0.07935262
0.02296408
0.0471256
0.06769284
-0.01621871
0.06135914
0.003364652
-0.04636221
-0.1223817
0.004690435
-0.01458394
0.04459587
-0.02392933
-0.06133231
-0.03788883
0.01433871
-0.0330737
-0.07025918
-0.0007542483
-0.00150449
0.0007512473
0.0001316961
-0.003896575
0.0008080644
5.318783e-05
-0.001231074
0.001648261
-0.2473197
-0.1175552
0.01372718
-0.1786057
-0.3279673
-0.1068004
-0.09496824
-0.199275
-0.06784192
0.001329265
-0.03075571
-0.009663691
-0.01663348
-0.06202456
-0.05898997
-0.03159165
-0.07489957
0.03205481
-0.1704465
-0.236944
-0.1932662
-0.1764657
-0.321858
-0.288564
-0.09810653
-0.2604294
-0.1960988
0.01973381
-0.02788629
0.02075247
0.1083954
0.1592441
0.1006501
0.04407565
0.1195503
0.175404
-0.06154109
0.05335236
0.05628562
-0.004935608
-0.02753225
-0.06636805
0.0259026
-0.006813156
-0.002003354
-0.02593713
-0.02657942
0.01542226
-0.09249607
-0.1758604
-0.129709
-0.01304236
-0.03324087
-0.0532099
-0.1137373
0.01904881
0.03947136
-0.03440843
-0.03356063
-0.05398459
-0.03231477
0.04105316
0.0886915
0.03166771
0.01817487
0.07786188
0.1578851
0.1866172
0.08006147
0.1368286
0.1971881
0.09617388
-0.1402208
-0.09699734
-0.04491995
-0.2382088
-0.2602488
-0.1564612
-0.1336033
-0.1637085
-0.2317607
-0.07075261
-0.05800304
-0.08452693
-0.01256566
-0.08015028
-0.1541192
-0.09244061
-0.1159803
-0.06061228
0.06991722
0.150867
-0.02259562
0.06264139
0.0438364
-0.0403184
0.06199031
0.1026638
0.06081356
-0.0815173
-0.3039329
-0.1089342
-0.1447254
-0.1306204
0.09927461
-0.04358422
0.044895
0.1023378
-0.03781824
-0.2508745
-0.1318096
-0.09264617
-0.05242862
-0.08119085
-0.02309866
-0.1112882
-0.076499
-0.1688567
-0.1899478
-0.1864344
-0.1671904
-0.07970286
-0.02919626
-0.1302371
-0.03666885
0.09505437
-0.02077987
0.008705583
-0.03611316
-0.09006421
-0.08657122
-0.04441442
0.01301176
0.003199281
-0.005057811
0.003025589
0.002756878
-0.0002587796
-0.001818546
0.0003077117
0.001175528
0.0001630715
0.001773769
0.003114915
0.04722312
0.1078633
0.05152149
8.03424e-05
0.06993433
0.02702591
-0.05101068
-0.08526308
0.09358452
0.07106837
0.0006269739
0.08192301
0.05114844
0.03569711
-0.08313365
-0.1512964
-0.111345
-0.1063073
-0.118891
-0.1868419
0.01337111
-0.2567421
0.0723294
-0.1659583
-0.04171194
0.03391289
-0.05291663
-0.006869555
-0.1388572
0.02517321
-0.06280153
-0.06285387
0.0534537
-0.1202484
-0.06058516
-0.03774218
-0.1756372
-0.1203474
0.03428795
0.007576106
0.06581929
0.08313706
0.04967743
0.09211607
0.01808675
0.009162832
0.08553709
-0.0127319
0.0393734
-0.07200808
-0.1506946
-0.03607931
-0.09004268
0.02569534
0.04602524
0.009710492
0.01957531
0.1528849
0.03741856
-0.1387709
0.07719015
0.000852728
-0.1057095
-0.04328004
0.01612237
-0.1026268
0.1047395
0.003653678
-0.002194765
0.01485487
-0.08753899
-0.01787409
-0.06307486
-0.1302806
0.1028825
-0.2153351
-0.04689098
-0.05929931
0.04611116
0.1642599
-0.1740399
-0.02483497
0.1429861
0.07179336
0.04034675
0.1230202
0.004021665
0.0433003
-0.006556077
0.01585288
0.1609409
0.09622151
0.06973884
0.114128
0.115879
0.1163185
0.1356419
0.1044671
0.09051909
0.05826908
-0.01641887
0.04058488
-0.04762259
0.0252355
0.002643187
-0.1259047
-0.100511
0.01096611
0.06792601
0.05100476
0.1037245
0.04016102
-0.02628279
-0.05288533
-0.008817242
-0.06784776
-0.009245413
-0.02238703
0.02114266
-0.01101719
-0.1467
0.03856358
0.1071075
-0.1727293
0.07193638
0.09907375
0.02972758
0.02958256
0.02649784
0.004374446
0.05429288
0.05455138
0.1190756
0.1223415
0.06550772
0.0007678061
0.001819698
0.0007077672
-0.000998451
-0.0002776157
0.002478541
0.002141909
0.001262368
-0.00170937
-0.1500882
-0.09304257
0.04428595
-0.1135006
-0.1542092
-0.01548998
-0.04217198
-0.06982695
-0.08372068
0.04714611
0.04632578
0.05206178
0.03524086
0.03657942
0.009893568
-0.04081418
0.01575781
0.02284626
-0.05751509
-0.05580855
-0.00308411
-0.3633268
-0.4305999
-0.3517297
-0.3518993
-0.4603731
-0.319162
-0.0307968
0.05199731
0.09494745
-0.02503236
-0.06258047
-0.1383782
-0.0288398
-0.1541961
-0.15909
0.01099124
-0.04836487
-0.02505129
0.1442441
0.01537905
-0.05050041
0.1171167
0.02958643
-0.0360421
0.02192186
0.06576284
-0.009430186
0.05661601
0.06197643
0.03367824
0.04906569
0.05274519
0.01052513
-0.08320583
0.01388984
0.08812097
-0.01882561
0.005785091
-0.01196269
-0.06266474
0.00528361
-0.01540665
-0.05134264
-0.03932589
-0.09194838
-0.2005892
-0.1702366
-0.05817461
-0.1976475
-0.1281055
-0.05029436
0.09781016
-0.003407025
-0.1168324
-0.04282652
-0.2469929
-0.3183531
-0.09872361
-0.2991789
-0.2292124
-0.00700496
0.003068972
-0.1435911
-0.0251766
-0.03302346
-0.03958492
-0.01803391
-0.02576975
0.07183307
0.01443003
0.02386243
0.006570246
-0.006892213
0.02078194
-0.02311217
-0.01654985
-0.07059578
-0.09198038
-0.001093157
-0.05265011
-0.1158559
0.05586334
0.01139974
-0.07548133
0.06225645
0.08694991
0.02116031
0.0230387
-0.02439447
-0.07590907
0.02529822
0.03138258
-0.03159852
-0.03203287
-0.0523165
-0.07488345
-0.003495557
0.03291918
-0.07151406
0.01965602
-0.01524458
-0.1023855
0.01419154
-0.04106848
-0.1213302
0.06476067
0.07030556
0.1078365
-0.002457517
0.01503581
0.03517651
-0.04961757
-0.04911558
-0.01825314
-0.0009822948
-0.003876163
-0.0005675638
-0.001870274
-0.002309917
0.003547635
-0.0007724472
-8.619246e-05
0.000847934
-0.1245273
-0.1574417
-0.02094527
-0.07992203
-0.05583243
0.02283778
-0.09476646
0.01305436
0.04948486
0.07720041
0.05495243
0.02477724
0.05278335
0.03834446
-0.03792628
0.05285193
0.05534884
-0.04050748
0.05905921
-0.00419062
-0.08596703
0.1184175
-0.002992002
-0.04125999
0.1739179
0.004948937
-0.05083288
0.05944863
0.04639355
0.07178722
0.08980772
0.08971319
0.07679319
0.1058686
0.04196745
0.04884636
-0.02724734
0.009742448
0.01226944
0.02101636
0.08031165
0.06389377
0.01890462
0.001112796
0.07296078
-0.05585683
-0.009746145
0.008286801
0.02088172
-0.03598256
-0.04107555
0.03770115
0.06245274
0.001510353
0.04047781
0.008266344
-0.001429014
0.05296456
0.05963356
0.02938051
-0.01135411
0.02202495
0.07435013
0.103104
0.07634694
-0.04762539
0.09889089
0.02515967
-0.02358063
0.07987796
0.03082159
-0.03521928
-0.0377859
0.06699819
-0.02527198
0.1097454
0.07466783
-0.07982528
0.08079026
0.04857508
-0.0381164
-0.07327344
-0.02874894
-0.01868439
-0.03067275
-0.009896336
0.0167198
0.04346322
0.05738719
0.0498583
0.03681875
0.0138865
0.04488555
-0.01871973
-0.07321253
-0.04894346
-0.02375085
-0.0302836
-0.07710578
-0.02520017
0.02380904
-0.01048306
-0.03842787
-0.02104321
-0.06056402
-0.0664001
-0.07398994
-0.04063432
-0.04392519
0.02806736
0.07083881
0.02550212
0.05425707
0.09977214
-0.04300547
-0.09149072
0.006626552
0.002573523
0.08039702
0.04262222
0.02284828
0.06194942
0.02595887
-0.02880393
-0.004407176
0.004206939
0.05964968
0.04047426
-0.001009609
0.01864423
0.02329594
-0.005311168
0.005716608
0.03620453
0.04685305
0.0005428992
0.001138344
-0.002175578
-0.0001458912
-0.0001776343
-0.0002364512
0.001897603
0.002416827
0.000227635
0.00382629
-0.08310255
-0.03564881
-0.001739654
0.02528862
0.05483447
0.04206329
0.06454763
0.04247265
-0.07748944
-0.0104191
0.01793933
-0.03611968
0.006096668
0.02241058
-0.0346944
-0.02133079
0.04233891
-0.01382811
0.03172316
-0.113965
0.02831892
0.05128063
-0.03550226
0.06885916
0.1008156
0.04781106
-0.01212623
0.06712054
-0.04861162
-0.04337903
0.07079749
0.04752862
0.02561451
0.07136331
0.05462226
-0.04549884
0.02857679
-0.0355042
-0.07510722
-0.03936692
-0.008503653
-0.08685158
-0.02676438
-0.01865496
0.038384
0.02709991
0.08347896
0.02413637
0.01987395
0.03145417
-0.03538965
0.0001232364
0.002702378
0.0105376
0.0398904
0.0005690705
-0.003207498
0.02207242
0.05188109
0.007954014
0.02276821
0.07393166
-0.007518386
0.08488258
0.04812141
0.02288047
0.08262758
0.04868627
-0.0004888938
0.04491622
-0.01431621
-0.02952843
0.02826806
-0.003668382
-0.02213064
0.005514758
-0.01900936
-0.08415441
-0.07764794
0.05582402
0.04718301
0.01268572
-0.007111054
0.02602518
-0.02744131
-0.0392042
-0.02212565
0.01431639
-0.004949215
-0.03290082
-0.0368858
-0.05478856
0.0174908
0.02354769
0.01817039
-0.04028
-0.07145693
-0.02270083
0.01828586
0.04400465
0.03058827
-0.02582145
0.009383797
0.07908638
-0.02582061
0.01320303
0.08169363
-0.01974801
0.0276126
0.02694824
-0.0401863
-0.03504909
0.02497111
-0.03911564
-0.07809103
0.01606544
-0.0697659
-0.03127887
-0.01964754
-0.07785923
-0.05377155
0.03942158
-0.09100416
-0.070162
0.02910595
-0.01167466
-0.02235851
-0.01728415
-0.05550762
-0.04465806
-0.05114402
-0.0005090873
0.004315022
0.01654212
0.00269317
0.002029008
-0.002356324
0.002635015
-0.001169924
0.001181051
0.0004822477
-0.001540016
-0.001609537
-0.04025879
-0.06297602
-0.09774416
-0.05303857
0.04293215
-0.008657674
0.01770595
0.07432385
0.0273799
0.006416017
-0.009384759
0.04077901
-0.0455008
-0.04585723
0.0005387754
-0.04409255
-0.01653969
-0.0134331
-0.07195507
0.04740443
0.03157543
-0.1074808
0.006019802
0.06993368
-0.06671151
-0.005636854
0.06737815
-0.07224178
0.05362476
-0.02699693
-0.04408857
0.001956976
0.01291534
0.02147892
-0.01249637
-0.09548089
0.008288014
0.04711035
0.04526747
-0.02021554
0.01070539
0.02289036
-0.0006069292
0.0338626
0.02168445
-0.001977904
-0.01644362
-0.01840877
0.004831946
-0.008337712
-0.005694218
0.02058837
0.01608901
0.01411798
-0.0004286172
0.01103075
-0.02720493
-0.06547781
0.02112503
-0.02893076
-0.03656822
0.02975498
-0.03114887
0.04506984
-0.03949362
0.067131
0.05109765
-0.03462547
0.04429301
0.04274628
-0.0244524
0.007359321
0.06446421
0.06594586
-0.02468927
0.07900414
-0.03482819
-0.04576989
-0.05262621
-0.04752312
0.0490877
-0.02689357
-0.007429869
-0.01045811
-0.03191538
0.02753928
0.01771809
-0.02183477
-0.0002016029
-0.04609318
0.076543
-0.03666839
-0.06758677
-0.06530912
0.1190138
0.08344209
-0.05994533
0.1089657
0.007216841
-0.2110869
0.2785961
0.04499337
0.2831656
0.07858438
-0.02553137
0.161516
-0.006467919
-0.2274379
-0.3154323
-0.1847695
0.04464841
0.2501965
-0.1556115
-0.1484178
-0.02580582
0.1051911
-0.02186843
0.03688414
-0.05426696
-0.03614774
0.2118591
0.1440565
0.06965759
0.03336469
0.07116815
-0.1611932
0.06592476
0.07219784
0.07604773
-0.01322909
-0.09850383
-0.09546626
0.0892462
-0.006175546
-0.0306141
-0.0004431291
0.00077551
-0.001314772
0.001080316
-0.001213275
-0.001068518
1.70446e-05
-0.0006360495
-0.0003761709
0.06288061
-0.03019363
-0.04665851
0.08831608
0.04546769
-0.1325063
-0.1237841
0.03653167
-0.04113689
-0.1657185
0.2348764
-0.1090365
0.1331322
-0.122418
0.03738484
0.01346362
0.05919747
-0.004714681
-0.1343215
-0.005752266
-0.06481847
0.1409514
-0.005645078
0.03505928
-0.1014802
0.1482701
-0.06988428
-0.044967
-0.007399325
0.06337138
0.02568249
0.1125
0.006254151
-0.1531366
-0.008132432
-0.007124681
0.1228096
0.08604656
-0.01186725
0.3580851
-0.08113211
-0.3522498
0.1621871
0.07220899
-0.003155602
0.2981961
-0.04927747
-0.154606
-0.2228544
-0.06021624
-0.02788619
0.08464961
0.03785126
-0.03293254
-0.134197
0.0693616
0.04526639
-0.09359453
-0.3923515
0.03264622
0.1871938
0.06907657
0.02618928
-0.006585986
-0.04218515
-0.1051122
-0.163716
0.1292745
0.1627759
-0.0154376
0.02911611
0.01451882
-0.1872349
-0.1773936
-0.03322027
-0.1738294
0.1475215
0.2003763
-0.1277882
-0.1349669
0.2047142
0.3189449
0.08934353
-0.02048188
0.05467195
-0.0750742
0.06342531
-0.1002594
-0.1485876
-0.06569572
0.04773775
0.0746052
0.04886458
-0.01180021
-0.01114604
-0.09693441
-0.1580494
-0.1246313
-0.1625787
0.1096661
0.1616501
-0.1705555
0.09121396
-0.1363073
-0.2082716
0.006299717
-0.1305284
-0.02799189
0.02951622
0.04305218
0.01968415
0.008631623
0.006659936
0.02312456
0.03796113
-0.05987213
-0.05713596
0.1118567
0.1290421
0.1392383
0.08770806
0.02240904
0.06462993
-0.01802724
-0.1764469
-0.1212802
0.09469296
0.02669685
-0.03828092
0.008402196
-0.06877094
-0.07753357
-0.04670072
-0.02724054
-0.0146493
0.0007666988
-0.001906681
9.989553e-05
0.001074283
-0.0003548801
0.002693722
-0.000291538
-0.0009072369
0.001037489
0.1636461
-0.07293811
-0.2888496
-0.009907859
0.272429
-0.112435
0.04467836
0.2989618
0.1289838
-0.0692713
-0.01178253
-0.07556432
-0.02228737
-0.1573591
-0.03564672
-0.08541373
-0.1157684
-0.1221246
-0.1064392
-0.06476218
-0.1263953
-0.06042284
0.01942713
0.07749007
-0.05520014
0.07866615
-0.05807921
-0.1744512
0.1410043
-0.04863912
-0.1612589
0.3284615
0.1664719
4.3366e-05
0.0612981
0.1947882
-0.03100808
-0.02158838
0.001787712
-0.05685833
-0.1126304
0.1018908
0.01672422
0.07426085
0.222248
-0.007945978
-0.004289438
-0.06930301
0.06489886
0.1016068
-0.06298479
0.1147351
0.09498224
0.01454647
-0.04377113
-0.04523769
0.04458367
0.01435742
-0.1257033
0.131752
-0.01390497
-0.06188402
0.07622277
-0.02280291
0.006146611
0.21451
-0.2301635
-0.03240381
0.1356716
-0.100443
0.028389
0.01698707
-0.01871456
0.1078636
-0.1136136
0.1767863
0.1060482
-0.004861065
-0.1211032
-0.07581253
0.09281044
0.1687509
-0.1152465
0.01207677
0.04369035
0.02277148
0.1064802
0.03864149
0.1465803
0.1324473
0.03707151
0.01948702
0.008655105
-0.02827758
0.04892608
0.05372086
-0.04216817
0.0305572
0.0682932
-0.1165125
-0.06838746
-0.008125643
-0.02896589
0.0002318654
-0.02520965
0.02730174
0.0649743
-0.0118115
-0.08875252
-0.06420226
-0.06989983
0.005785069
0.03203386
-0.0658646
0.01654629
0.0283106
-0.006831532
-0.03071557
-0.03152194
0.04489566
-0.01585497
-0.003257809
0.02574779
-0.03049361
-0.0596113
-0.01496352
0.03677053
0.04241567
0.04496862
0.02616234
0.01738159
0.04661366
-0.02619231
-0.03530809
-0.01911493
0.001046827
-1.738447e-05
0.001350851
-0.0003171343
0.0003154803
-0.0008486435
0.0005895809
0.002056846
-0.0005504874
-0.01266227
0.071711
0.1531883
0.05503491
0.05791526
0.02432692
-0.006261555
-0.01192501
-0.05327591
-0.01959374
0.0311788
0.006707017
0.03086557
0.01084492
-0.01027812
0.006798369
-0.01385448
0.01340081
0.113075
-0.06070133
0.08283295
0.07360617
-0.1331042
0.03364027
0.1139558
-0.08460317
0.1048498
-0.07935284
-0.08842178
0.007302103
-0.009885468
-0.02479535
-0.0499631
-0.001810574
-0.05028366
-0.05688616
-0.01774524
-0.01597436
-0.06453583
0.04313618
0.004984791
-0.09398711
0.02890556
0.01726531
-0.1055189
0.01029482
0.07549649
-0.002919408
-0.01778344
0.01005993
-0.02530351
-0.008120206
0.05460034
0.009341189
-0.03544852
0.04688131
0.06324545
0.007341494
-0.002683967
-0.0308296
0.01480111
0.01483211
-0.01123683
0.01670223
-0.03361207
-0.0306038
0.01912806
0.03860465
0.02460312
0.00828808
0.05255035
0.01034577
-0.004102737
-0.09418578
-0.07338739
-0.006935073
-0.002653088
-0.08736708
0.09803828
-0.02767007
-0.00427542
0.02206071
0.02249405
0.004106157
0.04514204
0.009356229
0.01953268
0.02095238
-0.03490844
-0.003837521
-0.1297148
-0.07153694
-0.02495711
-0.07416447
-0.07524842
-0.04792822
-0.07741538
-0.06025024
-0.02851819
0.04627586
-0.01377974
-0.03807339
-0.01145498
-0.09796876
-0.03009491
0.06437905
0.01487574
-0.01251478
0.03168789
0.05821043
-0.06826358
-0.01354178
0.002424736
0.005618541
0.01558716
0.1570278
0.1432055
-0.007629531
-0.01453486
0.02525242
0.007421589
-0.09725174
-0.01667505
-0.02029329
-0.06344514
0.06901778
0.07949064
0.01701543
0.07694618
0.008596504
-0.02567696
-0.0008759719
-0.04365102
-0.001371293
0.1522771
-0.0007584459
-0.0004767628
-0.00281451
-0.0004712752
-0.001581131
0.001862312
-0.001619013
-0.001407488
-0.001024832
0.1344272
0.1347336
0.09111064
0.1045144
0.07489154
0.01303248
0.1603281
0.08249726
0.03407289
-0.003884848
-0.02863611
-0.01814239
0.06842044
0.02220827
0.03923921
0.02636523
0.03872611
-0.01619833
-0.1237276
-0.2053795
-0.140358
-0.2512664
-0.2816587
-0.1811664
-0.2905236
-0.264307
-0.1391468
-0.1021774
-0.2354115
-0.2516384
-0.206401
-0.3873654
-0.2896371
-0.1531814
-0.2328289
-0.2177149
0.03848103
-0.01485733
0.004531403
-0.03987622
0.01197485
0.03004869
0.06210565
0.01375727
0.02834007
-0.1210106
-0.1034178
-0.03935526
-0.01082227
-0.0131212
-0.06056993
-0.03178148
-0.02627749
-0.01227947
-0.001366537
0.02250117
-0.05730528
0.0481001
0.04436738
0.04542964
0.09707097
0.1221578
0.04485803
0.01316345
-0.03400062
-0.01743549
-0.02733697
-0.1290553
0.004029389
0.08007701
-0.06867418
-0.002890389
-0.03489029
0.08448274
0.04533513
-0.09194741
0.110645
0.08469799
0.09176076
0.1051576
0.1541247
-0.005824451
0.06590709
-0.02559424
0.02505351
0.08442272
0.03718473
0.0321188
0.09953652
0.01064767
-0.008006105
0.02827172
0.01956651
-0.01429765
0.02000797
0.001186017
-0.01649264
-0.03211706
-0.03688822
0.03662229
0.03092619
-0.03931835
0.0291749
0.007039298
-0.02943824
0.03782234
-0.0006441228
-0.04882907
-0.02588835
-0.031418
-0.01914526
-0.05009299
0.01764608
0.01151899
-0.01207351
0.003614292
0.006649347
0.08542874
0.0568184
-0.05629352
0.1219044
0.07917816
-0.03998899
0.1077354
0.06655343
-0.02344619
-0.01012466
-0.005704898
-0.005736346
0.004548368
-0.004959023
-0.01103691
0.007456692
0.006811464
0.0008184865
-0.0009868554
0.001289887
-0.002633522
-0.0005084431
0.0005729515
0.002096028
0.002681719
0.001362123
0.0009707966
-1.571099e-05
0.01949056
0.1191141
0.02438083
0.04465684
0.09805716
0.0131759
-0.01292925
0.03173821
0.003366192
0.01504449
-0.02669477
-0.002391097
0.01226445
0.001069144
0.002641197
0.03130943
0.03444593
0.04959127
-0.07969207
-0.09798485
0.08471003
-0.07650298
-0.0939502
0.08151226
-0.07349843
-0.1179462
0.04750094
0.06872091
0.02777173
0.04459425
0.04348728
0.04255353
0.020386
-0.06056548
0.02405083
0.02627921
-0.009802809
-0.008428646
0.03269513
-0.006181413
-0.01530176
0.02952222
-0.006459676
-0.03283365
-0.002857294
0.005136289
0.00234988
-0.004633737
0.008906981
0.004544644
-0.0244738
0.02508737
0.01172424
0.01234161
-0.04351093
-0.02302371
-0.01099779
-0.03468849
-0.02570372
0.02954908
-0.02610295
0.003309401
-0.009430928
-0.0116016
-0.1123988
0.009062749
0.04694301
-0.1298221
0.04874884
0.06307893
-0.01817997
-0.04726948
0.02226513
-0.02438656
-0.004359835
0.02856366
0.01095051
0.01660529
0.04674024
0.01169056
0.05188261
-0.0129851
-0.007248445
0.05777119
-0.03983445
-0.03984672
0.03546182
0.006104791
0.01241037
0.05504709
0.04466645
-0.0837097
-0.05609758
0.0386565
0.005040181
-0.0493164
-0.00594413
0.01305482
0.0252472
0.0001806076
0.03900816
-0.05723644
-0.1379709
-0.1168328
-0.06392567
-0.1216956
-0.1439678
0.009674429
0.02729177
0.03411436
-0.05474505
-0.06194422
-0.03391373
-0.09093339
-0.07058236
-0.05951695
0.01740862
0.04534388
0.06088494
-0.01772954
0.08187396
0.122168
0.002751535
0.1142686
0.0893352
-0.04672918
0.001805493
-0.02668011
0.06741099
0.067072
0.02728954
0.02194185
0.0359287
0.04009578
-0.0007259572
-0.0004660599
-0.00060101
0.001235153
0.001314083
-0.001116525
0.001439434
0.003010492
-0.0006044579
0.02416713
-0.06902102
-0.02846729
0.06383334
-0.0796172
-0.145487
-0.02109621
-0.1008348
-0.09457493
-0.03962068
-0.002948215
0.03711414
-0.01251218
0.05036135
0.08242334
-0.08323574
-0.05976256
-0.03905564
-0.0295602
-0.1105331
-0.01364042
0.01788771
0.02127881
0.03252072
0.1391568
0.1773949
0.2120048
0.05202865
-0.03287684
-0.04767446
-0.06732433
0.03622601
0.06084589
-0.1893146
0.02696576
0.2097233
-0.01682809
-0.009031425
-0.000129381
0.0156098
-0.0359696
-0.005949239
0.03632043
0.04137454
0.05173666
0.03893701
0.07502761
0.03668277
-0.003379668
0.01979344
0.01143833
-0.03683371
-0.07890344
-0.1168947
-0.01808118
-0.04516635
-0.01885555
-0.04974531
-0.01072183
-0.01930037
-0.0488838
0.02556335
0.02453137
-0.08908471
-0.009899824
0.02511348
-0.01093677
0.1323177
0.101786
0.05917976
0.2062367
0.1558355
-0.01000514
-0.1064687
-0.1318007
0.0364876
-0.01794722
0.008631827
0.1539263
0.1624781
0.1156645
0.01498701
-0.006513613
0.05050241
0.0630694
0.07003026
0.1092948
-0.03133421
0.0004114585
0.01160438
-0.002638123
-0.1610554
-0.02694652
0.009998202
0.2468019
0.03560913
0.08426865
0.01744588
0.05918632
-0.1365403
0.3945449
0.03138572
0.1680579
-0.1027873
0.09592675
0.01329089
-0.2076723
-0.02703799
-0.0330663
0.3950239
0.1529278
-0.06623735
-0.4723063
-0.09303878
0.2117799
0.09294158
-0.02553657
-0.1159416
-0.08072762
0.03997041
0.01363683
-0.05052683
0.08978118
-0.02788129
0.002208524
-0.00502229
-0.1435098
-0.1054758
-0.2091323
-0.05442531
-0.006330033
-0.03681216
0.0516602
-0.0222
-0.04372331
0.001238341
0.004015798
0.0001001448
0.002827383
-0.004976751
-0.003946875
-0.001932983
0.001342825
-0.003556781
-0.02332511
-0.004691681
0.08566646
-0.05158776
0.02748382
-0.06425104
-0.04281027
-0.03447537
-0.02691576
-0.2476943
-0.0400909
-0.379611
0.08991007
0.002670269
0.2979929
0.225726
0.106042
-0.008259795
0.04758725
-0.05125714
-0.04836405
0.06046339
-0.1021676
0.05061983
-0.04927398
0.1423443
-0.06422441
-0.01685915
0.172776
0.01887921
-0.08429936
-0.06692147
-0.0407057
0.06012783
-0.05661393
0.05287474
0.09286951
0.1590593
0.104847
-0.1360394
-0.2916657
-0.2185388
0.1342387
0.04945616
-0.08232458
0.06685966
-0.2508456
-0.1416478
-0.01878829
0.4018813
0.2159279
0.01727136
-0.0756632
-0.1339994
-0.03968477
0.1106516
-0.1419318
-0.1678141
-0.1490307
0.3573371
0.1374819
-0.01253559
-0.1320188
0.2644385
0.06222907
0.1990867
0.05373513
0.1256315
-0.004410519
-0.1424377
0.1401365
0.1114345
-0.04370658
0.01823613
-0.02705345
-0.1050816
-0.07486791
0.110978
-0.008332767
-0.0388655
-0.009471912
0.1681788
-0.2415752
-0.1598601
0.178047
0.1990431
0.1440457
0.08726215
0.1976459
0.02862672
0.06789307
0.03668755
0.01158139
0.005485813
0.01117721
-0.01116638
-0.02125143
-0.0279296
-0.06993716
-0.01164065
0.06994086
0.01828814
-0.07059232
-0.004076006
-0.008314572
-0.05154131
-0.0448362
0.05767563
-0.08236044
-0.05339056
0.03617085
-0.01486916
-0.04830826
0.009878741
-0.04862976
-0.04685317
0.01082753
-0.1274562
-0.04905536
0.0151855
-0.1906786
-0.1338622
-0.05924765
-0.1642682
-0.1417911
-0.02987154
0.04180968
-0.008766741
-0.0250753
-0.04362519
-0.04379473
-0.06767436
-0.01922989
-0.0113809
-0.00639311
-0.0007480667
2.478497e-05
-0.002888401
-0.001281422
-0.0006386183
-6.782881e-05
-0.0003241634
-0.0001988771
-0.00253878
-0.05085839
-0.0492131
0.0008810159
0.03555667
-0.04265705
-0.0258542
0.02556661
-0.0528902
-0.008928123
-0.02989909
-0.05107769
-0.05376178
-0.03826126
-0.06262998
-0.01591907
0.02693043
0.02168184
0.002848872
-0.03208794
-0.03894635
-0.1087951
-0.1673137
-0.1605109
-0.1694767
-0.06445143
-0.03965206
-0.174431
-0.08716797
-0.1580556
-0.1370369
-0.08351693
-0.1486947
-0.1218866
0.03266305
-0.08307297
-0.05254331
0.01798832
-0.003829186
0.007982235
-0.008076732
-0.06755981
0.008594488
-0.03053101
-0.04129762
0.04657922
-0.006271154
-0.09685946
0.002886371
0.005190655
0.003872702
0.03393725
0.01651225
-0.07079711
-0.005092381
-0.08377323
0.02730276
0.01192504
-0.1182923
0.01281706
0.02796357
-0.01677204
0.0539114
0.03801082
-0.08622453
-0.09528166
-0.1305373
-0.117742
-0.1366434
-0.0790023
-0.07271343
-0.1294202
0.00368366
0.115728
0.0225069
-0.1244611
0.04191426
-0.1864205
-0.2779732
-0.04968955
-0.1082986
-0.1451902
0.03788239
-0.09500178
-0.2116127
0.0009199262
-0.04134525
-0.04895739
-0.07303481
-0.06545915
-0.06802344
0.08205462
0.07807609
0.06625272
0.03545613
0.02701138
0.0333011
-0.01178608
-0.0229309
-0.01759288
0.003577632
0.02175473
-0.009211254
0.01460937
-0.006164291
0.01281028
-0.03363229
0.02328182
0.03768703
0.05686798
0.04925407
0.06596559
0.01148997
0.049732
0.008526589
-0.05684576
-0.0159026
0.02568574
-0.1045692
1.577777e-05
0.00292997
-0.08653288
-0.01731807
0.02652335
-0.1046812
-0.05318976
0.02452055
0.08724929
0.1204098
0.1279263
0.05493552
0.06690775
0.03973104
0.04274284
0.05925522
0.04833166
0.004891261
3.867056e-05
-0.001859324
-0.003744793
0.0002062996
-0.0004353305
0.0004673133
0.0004835463
-0.0005883053
-0.0009686569
-0.01036366
-0.06662714
0.02415038
-0.02473099
-0.01824804
0.0689336
0.03834197
-0.01444085
0.02928368
0.05251822
0.05040054
-0.08958244
-0.01719173
-0.01328451
-0.0646184
-0.004764237
0.01235744
-0.09845465
0.05921507
-0.03631496
-0.1056876
0.04976904
-0.02835057
-0.04421645
0.02584822
-0.05638405
-0.009275822
0.02817628
-0.01633158
0.002997736
0.05532433
0.004498831
-0.01181037
0.02703892
-0.01791185
0.02810065
0.04326753
0.04712819
-0.007511906
0.01753797
0.04163034
0.0008834353
0.01644311
0.02810656
-0.02130866
-0.03506042
-0.02607497
-0.0384708
-0.0275177
0.03183386
-0.007967244
0.01339855
0.02715443
0.02946339
0.03944818
-0.001628014
-0.03230117
0.02645714
-0.007580564
0.007148118
0.05765798
0.008736948
0.05071902
0.06858021
0.1201328
-0.01379567
-0.0522395
0.09133982
0.009850739
-0.01232372
0.09104933
0.09355018
0.04321403
0.03613591
0.1226696
0.003890165
-0.05970956
0.02508027
0.01254115
-0.09829285
-0.005026671
0.034154
-0.01030906
-0.1050652
-0.0416228
-0.05437516
-0.01353382
0.0284107
-8.767955e-05
