16 16 3
-0.0004054975
-0.01436238
-0.008782306
-0.004992838
0.02134875
0.01103763
-0.03095206
-0.01852816
-0.01572098
0.0006618677
-0.0001820726
-0.003515228
-0.002540771
-0.0005685634
-0.0001490661
-0.001064413
-0.003088939
0.0006645245
0.01236727
0.01476854
0.006025374
0.01745637
0.002461845
-0.001800489
0.002708804
0.003612107
0.04982805
-0.0009642509
-0.002308155
0.0005966745
0.001054941
0.0009673808
-0.0002866179
-0.001716336
0.003689437
0.0003013761
-0.001225912
0.02522389
0.01934525
-0.007206327
-0.02614579
-0.01327274
0.03290945
0.02430701
0.009682422
-0.0138451
-0.0118795
-0.009062204
0.01668112
0.009013791
0.00348693
-0.00819004
-0.00571366
-0.01105756
-0.01815704
0.007885806
0.02948946
-0.02518174
-0.005162476
0.03353681
0.01225742
-0.01924502
-0.003532531
-0.02812877
0.01523971
0.01885406
0.03232724
0.004811534
-0.01184347
0.01564519
0.0004330449
-0.03709207
0.04076335
0.01465284
-0.04071321
-0.04598168
0.08080543
-0.00221319
-0.005204684
-0.04467642
0.04842292
-0.005002998
0.008048154
0.01598975
0.01304027
-0.0008899578
-0.03410268
0.01724632
-0.02700343
0.01916754
0.04000364
0.02495296
0.01533375
0.03424507
0.02705953
-0.01199626
-0.03133392
-0.003598504
0.02925742
-0.001739575
-0.006205658
-0.03918006
-0.0252874
-0.003744082
0.01928923
-0.003525817
-0.01037002
-0.03701194
-0.02406451
-0.006514117
0.03323214
0.01934787
-0.02769494
-0.05791746
0.01819344
0.001899151
-0.03608657
-0.0009168899
0.0005394469
-0.0007836003
0.002739586
0.00210471
0.00283282
-0.002135615
0.002200384
0.0001399661
-0.01876634
-0.02435326
-0.03012647
-0.02329094
0.01088521
-0.03809947
0.002521391
0.01526025
0.003548314
0.06367836
-0.05068291
-0.02589225
0.03170666
0.06471197
-0.03957966
-0.05941977
0.01483128
0.0113675
-0.03993598
-0.04502486
-0.04046487
-0.1394759
-0.1702612
-0.0881568
-0.1154117
-0.1694413
-0.1170074
-0.001732383
-0.0001370745
-0.001327744
0.0009844474
-0.0003801172
-0.000324532
-0.0006884079
-6.782528e-05
0.0001694804
-0.08619361
-0.1044698
-0.04010038
-0.059883
-0.209749
-0.201909
-0.1014162
-0.2014822
-0.2814788
-2.039588e-05
0.00205179
-0.0008548492
0.0003491755
-0.00022939
0.001283425
0.00169887
-0.002863044
0.00143565
0.02506308
-0.04620439
-0.04983112
0.03854132
-0.03387528
-0.1441119
0.05096762
-0.02070516
0.008874682
-0.01724744
0.01884213
0.1147526
-0.1108203
-0.03224064
0.06045504
-0.05194406
0.02822658
0.09750546
0.1069257
0.1592549
0.01358164
0.1077674
0.2428297
0.05915754
0.1149001
0.1367234
0.1383542
-0.1341788
-0.1178966
0.07515119
-0.1061845
-0.02164646
0.1169908
-0.001356242
-0.04462975
0.104835
0.05053651
0.1427789
0.03756825
0.2038097
0.2342596
0.148854
0.1736828
0.279368
0.08745692
-0.06216765
-0.1451669
-0.008275514
-0.04463331
-0.1293118
-0.09271546
-0.05979151
-0.1069827
-0.03747297
-0.2121195
-0.2256081
-0.1150161
-0.170022
-0.1381888
0.01544191
-0.175618
-0.2560011
-0.1535082
-0.1166878
-0.08456682
-0.06459676
-0.1022496
-0.1646099
-0.1065222
-0.04810096
-0.1295494
-0.1078779
0.06996895
0.1155438
0.1354274
0.1238921
0.1410832
0.2045109
0.172652
0.2029902
0.2050934
0.002934908
-0.001113235
-0.0003330174
0.0009910421
-0.002187236
-0.003680391
-0.001598596
0.001365196
0.0003421291
-0.06668124
-0.01538721
-0.01281544
-0.06987793
0.119494
-0.01349963
0.03971059
0.05855399
-0.07136529
0.08804123
0.02692476
-0.02346528
0.1698901
0.2052128
0.1098937
0.2164819
0.144359
0.1566582
0.122179
0.2561627
0.06488542
0.06969006
0.09280346
0.1584724
0.1288474
0.2594645
0.2629793
0.0008934565
-0.00242411
0.0004422676
0.0005062408
0.002283542
0.000760879
0.002221566
0.0006812082
0.0004212441
-0.06278406
0.164991
0.2866704
0.07193885
0.3965347
0.2062543
0.008484936
0.1889039
-0.0251169
-0.002671645
0.001356433
2.566648e-05
0.001995247
0.0006629361
0.0002952133
0.0004679404
-0.001410737
-0.001528459
-0.1668895
0.05460529
0.1766388
-0.07368919
0.01146506
0.0809129
0.05552725
0.1879448
0.2412595
0.02839979
0.07638567
0.001810865
-0.02263716
-0.02589738
-0.1104384
0.01145664
0.02715584
-0.07821605
-0.01337844
-0.01879902
-0.02252926
0.09336399
-0.07717755
0.16239
0.09281825
0.1517944
0.2010132
0.0137754
0.02436357
-0.03364186
0.1594617
0.1170744
0.01908464
0.1380519
0.1959622
0.02412123
-0.06812111
0.0577643
-0.04776759
-0.009602831
0.05319127
0.09156533
-0.0294413
0.0150575
0.100422
0.1041165
0.09248728
0.3764476
0.1442152
0.3035601
0.3400095
0.09970192
0.1758821
0.04595657
-0.008881995
-0.0005995464
-0.1273912
0.09577522
0.1697587
0.03971216
-0.05244927
0.01576923
-0.1286147
0.06455155
0.1597652
0.1174558
-0.02459145
-0.04510945
-0.02239241
0.07278644
0.0791519
0.08397847
-0.08002805
-0.06866275
0.06758545
0.1376493
0.02522944
0.009758025
0.1533544
0.1846468
0.1698521
0.001380595
0.001981491
-0.0006833186
-0.002657842
0.0009474769
-0.0006739385
-0.001732946
0.00218167
0.000982047
-0.03257575
0.01903638
0.01384175
0.07896046
0.06791807
0.04880675
-0.02374492
-0.2238811
0.1420003
0.1214896
0.008904428
-0.0680131
0.02242782
0.1441915
-0.009928301
0.01623839
0.1047963
0.05523954
-0.07657741
-0.05018306
-0.05506632
-0.06386608
-0.08804421
-0.03463591
-0.04010968
-0.1021038
0.0109444
0.003812633
-0.001628607
-0.0003014542
0.002630777
0.002886992
0.0004934549
0.001392526
-0.0003092195
0.0002587061
0.01558517
-0.02493447
0.0443809
0.0646918
0.1279922
0.1461384
0.09263003
0.1642688
0.05390369
-0.001188247
-0.001008151
-0.004126922
0.0002248333
-0.00216019
0.0007285597
-0.0004084944
0.001142452
0.0008962257
-0.07805159
-0.1883216
-0.1107986
-0.2181593
-0.1986146
-0.1842162
-0.09310369
-0.11604
-0.1719242
-0.1014038
-0.1608722
-0.1130189
-0.1472602
-0.1846687
-0.1280383
-0.1265363
-0.1783445
-0.1222111
0.1012602
0.08536903
-0.07557707
0.1157365
0.1510193
0.10105
0.1189618
0.2074826
0.1302103
-0.02697643
0.04053207
0.06508227
-0.01892738
0.1291631
0.1543028
-0.1086969
0.003677179
0.1124617
-0.01052536
-0.003703127
0.04150897
0.08306102
0.06028377
0.1102617
0.08007617
0.1040943
0.1066598
-0.01544699
0.06834476
0.04143683
0.06371854
0.1391435
0.2388722
0.03464952
0.1680231
0.1992585
-0.1521461
-0.07103935
-0.05477759
-0.1321636
-0.1207251
-0.1145885
-0.1706746
-0.1815362
-0.0899433
-0.06693634
-0.02646269
0.001624765
-0.09523085
-0.07566572
-0.1520623
-0.123564
-0.06123357
-0.07938456
0.003491884
-0.01404934
-0.08356329
-0.03462635
0.06521823
0.01788744
-0.1100706
-0.04311789
0.01473726
-0.00249241
-0.00032471
-0.001124029
0.0005199924
0.003147085
-0.0005695326
-0.001500041
-0.002182394
0.00491044
-0.03317287
-0.05201287
-0.06155387
0.04510502
0.00320513
-0.04306259
0.1145673
0.0742795
-0.04042033
-0.09497242
-0.0388441
-0.05963886
0.0002543703
0.01792814
0.1479175
0.01823087
-0.01769453
0.04801467
0.08689459
0.01315198
-0.02529915
-0.02165116
-0.04107548
0.05836987
0.01368927
0.1016714
0.07247307
0.002081563
0.00156292
-0.0009525719
-0.0001840943
0.002766469
0.0001951652
0.002275023
0.0009019944
0.001356501
-0.01940573
0.03178803
0.02730454
0.08997608
0.081236
-0.04614256
0.05056161
-0.1204408
-0.02980698
-0.0004921507
-0.0004244378
0.0009984327
0.001658489
-6.189346e-05
0.0003154821
-0.001025265
0.0004704969
0.001231552
0.04713657
0.02137987
0.0602849
0.03642265
0.02611413
-0.1161171
-0.03096063
-0.08519942
-0.002647049
0.008062051
0.03497417
0.06529471
-0.01291466
0.01489393
0.05095498
0.03724622
0.06076219
0.07832025
0.03749576
-0.09981161
-0.06459907
0.002519054
0.009557078
-0.09489504
-0.03520208
-0.004052515
0.006102742
0.01738956
-0.07269321
0.03706418
-0.01375832
0.05916489
0.08557566
0.07886532
0.1156451
0.1559181
-0.03327939
-0.02198963
0.06561869
-0.01272182
-0.09333225
0.1016043
0.09530509
-0.07868987
-0.09789281
-0.01365957
-0.06528554
-0.1187005
-0.07642733
0.1096811
-0.05860739
0.1393535
0.05139745
-0.08528586
0.01332002
-0.02975153
-0.0703891
0.02660111
0.02905263
0.03341789
0.01983218
-0.06464828
-0.05514664
0.06472429
0.0882775
0.1277071
-0.02980907
-0.1082276
-0.1026708
0.009837304
0.06215579
0.09060552
0.0346782
-0.07835105
-0.09010565
-0.04329878
0.06655121
-0.01637165
-0.07164101
0.03424633
0.1169422
-0.002272773
-0.002440226
0.001036698
-0.000718315
0.002920706
0.0004756173
0.002968423
0.001413067
0.002446041
0.05233477
-0.0169194
0.06800654
-0.01961636
-0.009354381
0.005943204
0.0150618
-0.07305723
-0.0021407
-0.008009468
0.04415043
-0.001126994
-0.115311
-0.02699067
0.06009031
-0.03281295
-0.1470196
-0.001959142
0.07122854
0.0768235
0.07370076
0.0179522
0.09674022
0.02233582
0.00136248
0.0680278
0.00670922
-0.0004241343
0.001353567
0.002137702
0.0002277805
0.0002270588
-0.000162274
6.356785e-05
0.002357282
-0.002544518
0.0516094
0.05575464
-0.06346183
0.07963958
0.07744826
0.09832365
0.08210114
0.1483166
0.08777964
0.00053376
-0.000745162
-0.001833666
0.004509536
-0.001657385
-8.608078e-05
-0.001343968
-0.00062737
0.000337177
-0.05403864
0.03202949
0.047336
-0.002173963
0.08589733
0.1730699
0.04063395
0.1499797
0.2528811
-0.01189673
0.04211112
-0.03676332
0.08686099
0.1595174
0.09698187
0.1066496
0.16696
0.119882
-0.04133089
-0.034793
-0.08199554
-0.02363358
-0.109308
-0.1272085
-0.08598251
-0.05449474
-0.1194181
0.1161639
0.1038323
0.03977668
0.1949631
0.223422
0.1656761
0.1151817
0.1781927
0.1604486
0.01122296
-0.0485316
0.02470318
0.01260782
-0.08800381
-0.05848599
-0.03449197
-0.08646712
-0.08170398
-0.007177845
0.02563894
-0.05308499
-0.1122072
-0.08545846
-0.141081
-0.09615429
-0.1839155
-0.1158855
0.09319655
0.2421324
0.1945941
0.2069546
0.369378
0.3134476
0.09388822
0.1372595
0.1984243
0.1014688
0.1328879
0.219572
0.1689199
0.2201753
0.2841771
0.1409019
0.2360309
0.238131
0.1137383
0.08847284
0.04562449
0.1430972
0.1080517
0.09886535
-0.06493847
0.06760441
0.00515666
0.001762938
0.002092158
0.0008359918
-0.003060521
-0.0002454217
0.001106354
0.0001079125
0.000632213
-0.00286636
-0.01153649
0.04155751
-0.01611155
-0.01910676
-0.0149199
0.04507041
-0.04418411
0.02998627
0.04339823
0.01256992
0.03092586
0.0613914
-0.01351795
0.01416495
-0.0295618
-0.06676307
-0.07972742
-0.04665945
-0.1636297
-0.130327
-0.0563946
-0.168635
-0.08644739
-0.1083918
-0.1434891
-0.1308185
-0.1004697
-0.002037616
0.001761912
0.0008960119
0.002862867
-0.0003349942
-0.004981964
-0.001281713
0.001407788
-0.0001677598
0.04628053
0.007840814
-0.08641695
0.003882789
-0.0987394
-0.0396481
0.05499722
0.05285085
-0.01753302
-0.0009569838
0.000103347
-0.004941755
-0.001936937
0.0004363834
-0.001795406
-0.0006249082
0.000636223
0.0005429181
-0.03217317
-0.0713238
-0.04356731
-0.00402232
-0.1044304
0.007673309
0.01830773
-0.01262641
-0.07237025
0.004041751
0.03117307
0.03543208
-0.009375948
0.02203447
0.02973062
-0.02763617
0.001497135
0.002168229
0.03589893
-0.04034032
0.07830045
0.0726719
-0.0006751608
0.02982459
0.1066241
0.03002908
-0.009934999
-0.0165166
-0.006694455
0.04961772
-0.2310797
-0.1815694
-0.1460424
-0.1889904
-0.1985633
-0.162573
0.01953913
0.05673893
0.1494428
0.1214719
0.08193451
0.1240754
0.04233221
0.1047442
0.1001955
0.06350333
0.1359209
-0.04214165
0.1563187
0.1283017
0.03041759
0.1419569
0.1618205
0.1348183
-0.03903859
0.02757417
0.003600648
-0.07794595
-0.1124265
-0.05712857
-0.1152213
-0.09982534
-0.03957776
-0.0242341
0.0289212
0.03196389
-0.1587207
-0.05496514
-0.04167391
-0.1322288
-0.1033093
-0.09163917
-0.0320697
-0.06410413
-0.1221163
-0.05109801
-0.005312002
-0.09707654
-0.1065649
-0.1121632
-0.0614867
0.002089613
-0.0022173
0.002272482
-0.0006998735
0.001012789
0.0006713609
0.003080512
0.00227618
0.0002137688
-0.01276063
0.0001200564
0.04032727
-0.01095614
-0.01580282
0.08792265
-0.03547088
0.09590568
-0.08894765
-0.02119154
0.0316394
0.04522633
0.02796163
-0.02517473
0.08832628
0.1137425
0.150397
0.110158
0.05767911
0.0647425
0.03753552
-0.1261618
0.01326855
-0.1003462
0.02088694
0.01940948
-0.04210591
0.0006397146
-0.001892538
0.003447324
-0.0009448527
-0.0002127705
0.0006690422
-0.001749885
-0.0008872351
-0.00102637
0.04855261
-0.003438002
-0.09722681
0.07510117
-0.2155786
-0.04072863
-0.2020289
0.003011285
0.0308783
0.001331543
0.0004840145
0.0008047403
-0.001632227
0.0002692014
0.001700702
-0.0008746139
-0.003036827
0.0002501881
0.2326115
0.2646817
0.06968654
0.1250581
-0.0652979
0.168871
0.08138622
0.281427
0.09774556
0.005174707
-0.03161322
-0.02417032
-0.0447185
-0.04781005
-0.1320828
0.03412855
-0.01048612
-0.06732548
-0.2198565
0.1812328
-0.02941218
-0.160604
0.3621368
0.1113002
0.108845
0.1616055
0.1431476
0.08699441
0.08516002
-0.02050524
0.1242952
0.09331167
-0.1754631
0.004988358
-0.001481991
-0.1071972
-0.0003025355
-0.01162756
-0.03892022
-0.03945401
0.1628415
-0.02984045
-0.2743439
0.2080005
0.09745339
-0.1493353
0.07649206
-0.2145902
0.1559649
0.05824853
-0.01696476
0.1410843
0.05655976
0.1324666
0.120827
0.300577
0.2745268
0.3332045
0.2416606
0.1446844
-0.104983
0.1541011
0.117684
0.1881036
0.1236933
0.04767
-0.02652431
0.1705286
0.1415197
0.1528945
0.1834619
0.1073418
-0.1706526
-0.07397057
-0.08411381
-0.08385558
-0.2095412
-0.07334652
-0.05539119
0.02852283
-0.1061841
0.0001714269
0.000577058
0.003531477
0.00119297
-0.0005583242
6.279804e-05
0.001335659
-0.003071094
0.002078095
-0.01973021
0.1309131
-0.1489684
0.1643007
0.1717821
-0.02579547
-0.3203259
0.2367933
-0.3146282
-0.06653151
-0.1212937
0.0133053
0.1077276
0.171235
0.06790406
-0.130704
0.1862823
0.1108453
0.008559368
-0.09036665
-0.1402873
0.07225092
-0.01814637
-0.1576981
0.09338581
0.09072419
-0.1136681
-0.002790951
-5.205351e-05
0.0007099279
-0.0004020322
-0.0008458009
-8.861586e-05
0.001793545
-0.002264636
-0.002388641
0.2092462
-0.004132163
-0.1818932
0.09058285
0.08052006
-0.07045414
0.1100997
0.3220536
0.05513206
-0.0005503611
-0.002351115
0.0005961615
-6.09843e-05
0.001783397
-0.001784214
-0.0008876067
0.0003608792
0.002952198
0.02551288
0.09354225
0.0461343
-0.0525076
0.1503736
0.09983295
-0.1816107
0.09857375
0.04695605
0.0319523
-0.00424591
-0.01904514
0.05010185
0.03518172
-0.05801494
0.02015914
0.01743111
-0.0556242
-0.0387097
-0.01458381
0.006896882
-0.1227142
-0.09511229
-0.06181877
-0.1301838
0.02850244
-0.1105226
0.1326534
0.01360595
-0.1244654
0.2346664
0.1427771
-0.2058772
0.1682696
0.07347795
-0.1621214
-0.1265456
-0.02874647
0.043644
-0.1434267
0.1489862
-0.01042203
-0.1053978
0.1409833
-0.1288565
0.04178293
-0.07297372
-0.2923379
0.1359584
-0.1559092
-0.07432429
-0.003663684
-0.02466784
0.03640914
0.06174241
0.02621044
-0.2058298
0.03437615
0.1043261
-0.2379493
0.07614419
0.1738404
-0.1679242
-0.03350386
-0.03474943
-0.08410581
0.03632943
0.08697534
-0.2151694
0.02552777
0.09637884
-0.154045
-0.04027546
0.06160145
0.0837337
0.2085265
0.08475969
0.1082299
0.09897518
-0.06644093
-0.09853561
-0.00170833
0.003054406
-0.00168791
0.0007826622
0.001312519
0.002326966
0.00296367
-0.002259088
-0.001701168
0.09701078
0.05038187
-0.1292885
0.06899906
0.1153065
-0.1577294
0.02870046
0.1141308
-0.140395
-0.05769045
0.02855903
0.0396647
-0.04046399
-0.0888623
0.08009237
-0.03679856
0.05289504
-0.1089593
-0.04089025
-0.0225814
-0.001338783
0.00746182
0.02267383
0.02975564
0.009147253
0.02695119
0.01779779
0.001549668
-0.002102136
-0.0006230379
0.0003843802
-0.001938203
-0.003123925
-0.001061452
-0.004214737
0.0006972087
0.1526329
0.002006234
0.01601567
-0.003510647
-0.0520743
-0.01196562
0.07643778
0.04009167
0.04683093
-0.002930118
0.0007190616
-0.001067737
0.002549386
-0.0003688106
-0.0007148444
-0.002183581
0.001513249
0.002715379
0.001586189
-0.04992135
-0.06409601
-0.07131939
-0.0007951537
-0.003671561
-0.008806671
0.01306215
-0.0005814824
-0.05704098
-0.05057834
-0.03060455
0.03644937
0.03973077
0.04249446
0.03102892
0.02483159
0.04117662
0.05235028
0.01488368
-0.04630035
0.03080016
0.03565879
-0.002633102
0.02943791
0.01724172
-0.006424964
-0.01749506
-0.002243607
0.001588788
0.0007239122
-0.004346505
-0.009066242
-0.1023681
-0.08739031
0.005457428
-0.07017813
-0.009974701
0.1137142
0.01194505
-0.03534281
-0.0143307
0.02633775
0.03791979
-0.05571056
0.08990464
0.06995304
-0.0418539
0.07077264
-0.03324454
-0.006017066
-0.0004248919
-0.06013332
-0.05827094
0.01419468
0.07551561
0.07192437
-0.03945813
-0.009747751
0.05037226
-0.008829979
-0.03717999
-0.005604451
-0.04250509
-0.04589831
0.002343168
-0.0136536
0.03155451
0.006474046
-0.02614209
-0.01780661
-0.02150354
0.0004680913
0.008112361
-0.08052409
0.01516959
0.07963103
0.0429886
-0.04917097
-0.04608995
-0.02084495
-0.001886665
0.0003101831
-5.172012e-05
0.003965152
-0.001879489
0.002036162
0.0008032551
-0.001676087
-0.001108777
-0.003774388
0.01058722
0.03328914
-0.0547808
-0.01206892
0.006818649
0.004732485
0.02118041
-0.02319777
0.01229498
0.04983459
0.1055847
-0.06800596
-0.06927813
0.0841854
0.06667478
-0.03120616
-0.09672746
0.004994074
0.04146475
-0.01338359
0.141832
0.1184023
0.1361728
0.09231356
0.04560917
0.04760281
-0.004902103
0.00191335
-3.071177e-05
-0.0007595933
-0.005002968
-0.001366914
0.0005858924
0.00228044
-0.001114097
0.009475277
0.05238789
0.1188241
0.07451104
0.1459999
0.2264393
0.06388393
0.2346103
0.2325961
0.0001907514
4.62046e-05
0.0003089675
0.001383005
-0.002478973
-0.001664207
-0.0007823351
0.003366703
1.670962e-05
-0.01120451
0.03572626
-0.02533562
0.07083441
0.1122954
0.1196035
-0.01855341
0.07926945
0.03228879
0.0578425
-0.04196571
-0.005661294
0.006277743
-0.04569358
-0.02825033
-0.08574619
-0.1006397
-0.004902593
-0.09792764
-0.1429715
-0.07042833
-0.1076723
-0.1093508
-0.1403047
-0.07063059
-0.0238167
0.05638814
-0.04330868
-0.05516243
-0.1106369
-0.1426446
-0.1920384
-0.1416328
-0.1964658
-0.1651533
0.001577417
0.01311423
-0.1204024
-0.1509463
-0.03216332
-0.2199497
-0.1902059
-0.03678861
-0.1754447
-0.1969985
0.1278332
0.3574663
0.2329936
0.2859689
0.3346384
0.3497479
0.1868825
0.2741779
0.2728802
-0.07728553
-0.09490651
-0.158593
-0.0514899
-0.1742653
-0.09519074
-0.1839279
-0.1213445
-0.02405964
-0.06902683
-0.1516004
-0.1263106
-0.1142681
-0.1006261
-0.07546482
-0.1266427
-0.154467
-0.09936003
-0.1466261
-0.190621
-0.1560004
-0.1408014
-0.2171478
-0.2677014
-0.2170219
-0.1306447
-0.1282458
0.0008914569
0.0006272927
-0.002912934
-0.001124082
-0.001217567
0.002059187
4.705035e-05
0.002283508
-0.0009163097
0.0004876404
-0.0167744
-0.02337156
0.05653192
-0.02712836
0.05699708
0.003585807
-0.08802287
0.01265832
0.09413776
0.0003040466
0.006814204
-0.05888007
-0.09361713
-0.03647668
-0.09540179
-0.09826963
-0.0507671
0.0359708
-0.003111684
-0.002263794
-0.04990934
-0.04642683
-0.0560831
0.008967858
0.0219516
0.04644234
-0.002662808
-0.003155998
0.0005604354
0.004266528
0.0003395041
7.469067e-05
0.002413579
-0.001528228
-0.0007332973
-0.07108255
-0.01863571
-0.04300588
0.06394497
0.001188381
0.02362582
-0.01243156
0.01475245
-0.05446707
-0.0009578156
-0.002619914
0.001934749
0.001531378
-0.000162216
-0.002635633
-0.001454639
0.0002791972
-0.001756935
-0.003911463
0.06497288
0.04373227
0.06577317
-0.01982399
-0.003621524
-0.01739279
-0.002367787
-0.009702341
-0.01872351
0.006883908
0.009447739
-0.04725007
-0.04006993
-0.03661105
-0.007577276
0.01670031
0.02510925
-0.000705893
-0.008189343
0.02344377
-0.01570537
-0.04915146
0.002835895
0.006751929
-0.02755636
-0.02075506
0.0180179
0.02153332
0.003473541
-0.07973278
-0.04336389
-0.02451417
0.0246674
0.04144954
0.03067258
0.03157954
-0.0347393
-0.0409225
0.03999371
0.02980307
0.003555
-0.02402434
0.02791885
0.0002057064
-0.01589864
0.02077991
-0.01175059
-0.01533289
0.01239348
0.02980082
0.01240001
0.08345958
0.07245982
-0.04080738
-0.05038356
-0.04166974
-0.00340964
-2.607994e-06
0.02517576
0.09985497
0.124313
0.1112534
0.007874385
0.03014997
0.002372563
0.01107236
-0.001465622
-0.01033268
-0.05583881
-0.068714
-0.01809644
-0.06125803
0.01403813
0.02496275
-0.05557228
-0.09564812
-0.04775834
-0.0047523
-0.0342149
-0.01483339
-0.0003199948
0.001231549
0.0002941597
0.0001312129
0.0002595728
0.003930361
-0.0008565067
-0.003025546
0.004446296
-0.01693044
-0.003476266
0.006118598
0.02693198
0.02401271
0.04347754
-0.07621476
0.01550573
-0.01369908
-0.03534141
-0.06444454
-0.01223069
0.05956578
0.00156105
-0.04743997
0.02562176
0.009604064
0.004177622
-0.04865053
-0.05983987
-0.03671852
-0.04842488
-0.0856998
-0.09401796
-0.09117716
-0.1210981
-0.08023798
0.002919421
0.004396936
0.002275678
-0.003555217
-0.001050028
0.002188226
-0.002530157
-8.647661e-05
-0.001666082
-0.08775634
-0.1509783
-0.1392072
-0.151463
-0.1456145
-0.1862785
-0.0602991
-0.02242441
-0.1240686
-0.001062599
0.002040533
0.001689895
-0.001056208
-0.002640953
-0.001330825
-0.0005453494
-0.000782205
-0.001908167
-0.02476188
-0.02403651
-0.0008946455
-0.02435876
0.01194459
-0.01275965
-0.01508997
-0.01689733
-0.05632862
0.05181474
0.0550369
0.01639619
0.02950385
-0.002304492
-0.02951108
-0.04007296
-0.005939573
-0.02818346
-0.0492779
-0.08322798
-0.08370811
-1.088876e-05
0.01866897
-0.06419047
0.0164495
0.04629838
0.0456176
0.03625441
0.000988399
-0.04570422
0.02583533
-0.009413076
-0.0878508
-0.01512454
0.06157393
0.02222831
0.06526423
0.024081
-0.01929999
-0.01898984
0.02164977
0.05040174
-0.08216067
0.04141321
0.01329223
0.03904492
0.04640561
0.001763022
0.06713057
-0.01443631
-0.01250012
0.1465754
0.1175827
0.07515641
0.02286012
0.03976605
0.00120035
0.005555117
-0.02462341
-0.03716164
-0.02500137
-0.02643486
0.0009441584
0.01799603
0.005823623
-0.02793359
0.06374118
0.04615718
0.05199229
-0.0714968
-0.09582973
-0.09923916
-0.07885053
-0.03931889
-0.03452514
-0.03785901
-0.05702969
-0.02065064
-0.0484271
-0.03695742
-0.07443946
0.0001218093
0.003782958
-0.001519774
0.0010738
-0.003981233
-0.000772436
-0.001939263
0.0004480988
-0.001775165
0.01102666
-0.01933877
-0.0774311
0.02604079
0.03943001
-0.04746093
0.0745747
0.03362785
-0.03276662
0.01187208
0.02480534
-0.009016155
0.006547939
0.0796121
0.0378407
-0.08904848
0.04294714
0.06628322
-0.06329129
-0.1127486
-0.09823275
-0.09996051
0.07436419
-0.03467975
0.01264131
-0.07554729
-0.01144669
0.004511326
-0.0003220664
-0.00102828
0.001471165
-0.0004671672
-0.0009023591
-0.001481157
-0.0002181122
0.001002897
0.05131675
0.009399629
-0.02846821
0.02483382
-0.1318741
0.3269263
0.07877637
0.1418259
0.2244066
0.002183295
-0.003725225
1.513651e-05
-0.001125454
0.0002813547
-0.0002125001
0.002971106
0.0003808033
-0.001014899
-0.009998884
-0.001459911
-0.1586727
-0.08833256
0.2589237
0.2693461
-0.006049193
0.1248975
-0.07089625
0.01283914
0.05164629
-0.008738944
0.007578371
0.0508907
-0.02337911
-0.02796131
0.05486416
-0.008748334
-0.02004618
-0.07588616
-0.1790118
0.01325185
0.05442154
-0.03633794
-0.004026793
-0.07048104
0.03952928
0.08688825
0.079441
-0.01320827
0.06419703
0.03281692
-0.09831782
-0.1941604
-0.09438585
-0.008048845
0.1042057
-0.0981015
0.2479819
0.2954218
0.307068
-0.03716187
-0.03742227
0.3209185
0.2628366
-0.0481739
0.2278304
-0.0469183
0.1687123
-0.1490606
0.3329135
0.07203519
0.02375061
0.2310897
0.04773643
0.2027079
0.08050086
-0.1631803
-0.185525
-0.07221152
0.03603843
0.2680188
0.237691
-0.05182424
-0.1173643
-0.02721439
0.1041828
0.1579541
0.3179241
-0.132374
-0.2090231
-0.1164736
0.05473508
0.2607658
0.008493962
0.07708184
0.3407651
0.3727555
0.08739404
0.07996558
0.08008814
-0.002513032
0.001283657
-0.0001267857
-0.0002940161
-0.002209487
0.001130838
-0.001332139
-0.001697562
-0.0002498089
-0.194224
-0.05914331
-0.179951
0.06225182
0.1707852
0.1431303
-0.1162924
0.3433477
-0.3164691
0.1394334
0.3056086
0.2616267
0.4549325
0.0700433
0.3817197
0.221336
0.3868358
0.170725
-0.04222513
0.001584029
0.06128012
0.01979569
0.1124689
-0.02447586
0.05308632
0.02321696
0.002524561
0.003371773
-9.233167e-05
0.0004236651
-0.0005093368
0.0007170018
-0.0001570874
-0.001731207
0.0002309199
-0.001962598
0.138108
0.07263808
0.05340663
0.1028935
-0.03983862
-0.04298774
-0.013339
0.05522216
0.0001612288
-0.002463633
0.001421037
-0.0003920862
-0.0001851581
-0.001988785
0.003074544
-4.931282e-05
0.001930973
-0.0001365045
0.01580019
0.06905605
0.01444746
0.1169686
0.1829261
0.2031646
0.06798054
0.1033927
0.1177177
0.09859306
0.1178163
0.08252858
0.08765662
0.176295
0.1511293
0.05482481
0.1224326
0.1522077
0.01036611
-0.04291501
0.07978828
-0.03736746
-0.07252199
-0.05136187
-0.08099537
-0.08345056
-0.02927771
0.2082727
0.1901911
0.1340581
0.2523064
0.2820187
0.29652
0.09471457
0.1303648
0.1090935
-0.05341924
0.06072432
0.01612837
-0.008170779
-0.1293502
-0.07597793
0.05420943
-0.05051194
-0.1367954
0.009024598
0.04811737
-0.1459194
-0.01651444
-0.08110545
-0.2192825
-0.1152561
-0.1487759
-0.09954896
0.02663404
0.1124185
0.03093348
0.1342085
0.1282294
0.1494139
0.06423823
0.03990771
0.004273668
0.1203799
0.02619362
0.03106873
0.1290567
0.1055192
0.1037475
0.07290013
0.01062959
-0.02194263
-0.002784157
-0.01387678
-0.09964611
-0.06830493
0.01404926
0.01214291
-0.1431904
-0.08432313
-0.006838774
0.001339432
0.0009841091
0.0003606243
0.0002344871
-0.002431369
-0.0004680093
-0.001294518
-0.001640114
0.003392611
0.03149829
0.03453874
0.07447163
-0.1242244
-0.06271582
0.03396776
-0.03073264
0.06098546
0.03396149
-0.1176617
-0.01644288
0.01164902
-0.2145955
-0.2330662
-0.04667685
-0.06043732
-0.160869
-0.1430316
0.02689613
-0.022447
-0.0001903473
-0.02911134
-0.09098908
-0.01574996
-0.02859292
-0.01122084
0.0591628
0.0004022682
0.001680658
-0.001566459
0.0004802519
0.001943922
-0.0001267468
0.002322076
-0.001969133
-0.00147545
-0.01356278
-0.01970188
-0.08852293
0.005013285
-0.005135958
0.02628026
0.05313187
0.06326219
-0.03995747
1.974667e-06
0.0003611812
-0.001556292
-0.003609822
0.003468154
-0.001294743
-0.0007094777
-0.002017844
-0.001551974
0.08236688
0.05235009
0.03240564
-0.04131279
0.03315287
0.05243443
0.01238809
-0.04926987
-0.02971134
0.02333044
0.02566358
0.05185364
0.00487632
-0.01273336
0.03265994
0.04840452
0.01668628
0.03195261
-0.0001368171
0.01792516
-0.04130892
-0.03957559
-0.003096543
-0.02509451
-0.02225075
-0.03610122
-0.02752139
0.001433401
0.02059149
0.05379314
-0.1297978
-0.115594
-0.03778525
0.04518769
0.04987182
0.05061787
-0.04483934
-0.1076212
-0.05972178
0.02622654
-0.01133433
-0.1090658
-0.04785709
0.04116709
-0.01041915
0.0375131
0.07258843
-0.02752191
-0.04402115
0.05541791
0.03481182
0.02660473
0.1033007
0.05428774
-0.04617465
-0.02011431
0.03179668
-0.05050334
-0.09185324
0.02717878
0.03114387
0.07095791
0.07590894
-0.01134963
-0.03684268
-0.0188248
-0.007399755
0.006779356
-0.04715366
-0.07744903
-0.1296013
-0.03926027
0.02058277
0.03102139
-0.01130829
-0.03961811
-0.09354889
-0.009357824
0.1047589
-0.02307744
-0.104212
-0.0005645978
0.001554564
0.002378076
-0.001711252
0.003723112
0.001123174
-0.00116404
0.00155313
0.0006478148
-0.02669757
0.01156341
-0.002094509
-0.01532461
0.02313351
0.03156067
-0.02281016
0.03986424
-0.01266573
-0.08442497
-0.03706156
0.02596693
0.1016976
-0.08070612
-0.0344895
0.1036063
0.07695191
0.007079598
