-2.576076e-01
-4.291974e-01
-2.843233e-01
-3.533956e-01
-2.010072e-01
-3.311270e-01
-2.853183e-01
-2.700444e-01
-5.978015e-01
-2.617604e-01
-3.752829e-01
-2.458471e-01
-3.741544e-01
-3.455023e-01
-1.399353e-01
-2.161558e-01
-3.067143e-01
-5.215058e-01
-2.627836e-01
-4.728011e-01
-3.496646e-01
-3.396095e-01
-2.108928e-01
-3.171404e-01
-4.498501e-01
-2.320040e-01
-3.152999e-01
-4.313473e-01
-5.642911e-01
-3.654374e-01
-4.586234e-01
-3.605839e-01
-3.516197e-01
-3.599000e-01
-3.748997e-01
-5.463165e-01
-3.953773e-01
-2.856991e-01
-5.793741e-01
-3.122271e-01
-1.911950e-01
-3.181257e-01
-5.928016e-01
-4.674383e-01
-5.447842e-01
-3.148026e-01
-3.969013e-01
-3.581238e-01
-4.560372e-01
-2.811719e-01
-2.786817e-01
-3.829575e-01
-3.222099e-01
-4.607269e-01
-4.528356e-01
-2.248989e-01
-2.769119e-01
-4.668278e-01
-1.299549e-01
-4.997610e-01
-3.912900e-01
-2.735243e-01
-3.205228e-01
-1.078835e-01
