4.409199e-01
4.551870e-01
4.309706e-01
5.513873e-01
3.794430e-01
4.868796e-01
4.330330e-01
4.908458e-01
4.142387e-01
4.664636e-01
2.756969e-01
3.095454e-01
4.839597e-01
5.139486e-01
4.918180e-01
4.794290e-01
4.305826e-01
4.413601e-01
2.938319e-01
4.791038e-01
3.623181e-01
4.934592e-01
6.967158e-01
4.083446e-01
4.338553e-01
3.661680e-04
3.846466e-01
4.286899e-01
2.263044e-01
4.532115e-01
4.956942e-01
3.948908e-01
4.247887e-01
4.186833e-01
4.374422e-01
4.238889e-01
4.532344e-01
4.181879e-01
6.250156e-01
4.561530e-01
5.450133e-01
4.654166e-01
3.896371e-01
3.967085e-01
5.209711e-01
5.560341e-01
3.912949e-01
4.977461e-01
3.548260e-01
4.575243e-01
6.291788e-01
4.120153e-01
5.048376e-01
4.318366e-01
4.536739e-01
3.797653e-01
4.567194e-01
1.992776e-01
4.072477e-01
3.971285e-01
4.311433e-01
2.038695e-01
3.708456e-01
4.061595e-01
