16 16 3
0.2293539
0.03943324
-0.02506938
0.1331864
0.07685157
-0.005056513
0.1508809
-0.005244463
-0.05397425
0.05119773
0.08002878
0.00506181
0.05734381
0.1711918
0.006268079
0.2338506
0.2645274
0.1448701
-0.07684013
-0.07299545
-0.1108423
0.06328716
0.06372488
0.04011303
0.04561784
0.05123108
0.07024848
0.05387433
-0.02268634
-0.1748422
-0.2585995
-0.2478527
-0.3428786
-0.2896336
-0.3478299
-0.3349458
0.06513533
0.003883477
0.1203143
-0.120909
-0.1033438
-0.09579843
-0.07672831
-0.05339931
-0.02428737
-0.09957007
-0.04165417
0.0655854
0.08057089
-0.0520885
0.06582016
0.1171221
0.03451642
0.05281498
-0.0819098
-0.09157709
-0.07740331
-0.09093753
-0.1577747
-0.1304632
-0.09929582
-0.144982
-0.0004082746
0.1259384
-0.05528534
0.02878094
-0.0522176
-0.2322565
-0.1353883
-0.08243898
-0.1642661
-0.07318118
0.02063959
-0.04223208
-0.005551069
-0.1653411
-0.2408755
-0.1870062
-0.08802564
-0.1464942
-0.0440755
0.08572623
0.002144173
0.004386411
0.02505256
0.0721053
0.04085824
-0.02955666
0.09782502
0.04435114
0.01776973
0.03505027
-0.01735485
-0.01710758
-0.01220434
0.009979501
-0.1046259
-0.004874918
-0.00754294
0.05759674
0.03919856
-0.05064185
0.002908144
-0.06134675
-0.06483652
0.1402512
0.07630683
-0.04006553
-0.001265087
0.000285345
0.001293077
0.0002078453
-0.0003108605
6.214e-06
-0.0005955449
-0.0011224
-0.0009232716
-0.04253984
-0.03627838
0.0917428
-0.2738847
-0.3547709
-0.1497166
-0.217219
-0.3458728
-0.2327229
0.07093361
-0.01754021
-0.03280958
0.03576865
0.1039833
0.05801513
0.01959157
0.06745093
-0.02664211
0.1813299
0.09559084
0.041441
0.003207827
-0.07239637
-0.05600588
-0.1150785
-0.07386567
-0.01048985
-0.06298412
-0.02643089
0.02454244
-0.0659685
-0.09575745
-0.05995851
-0.2289612
-0.2098455
-0.08341604
-0.1130166
-0.029476
0.02341767
-0.07050434
-0.02631724
0.03860798
-0.2092144
-0.1286433
-0.01020934
0.06674226
0.0363055
0.02464918
0.09182161
0.04774534
0.06305004
0.02047163
-0.01057739
-0.03166867
0.04409299
-0.06273604
-0.0839195
-0.05315987
-0.1101303
-0.175562
0.03799474
0.008749957
-0.04515849
0.02373651
0.09298351
0.0945572
0.1451826
0.2335729
0.1579576
0.1246822
0.09106024
0.1987754
0.04863157
0.04006213
-0.122407
-0.0152226
0.002936888
-0.08161189
0.04313867
0.04907227
0.09716503
-0.1633623
-0.1003211
-0.04093983
-0.1737495
-0.2077097
-0.02555936
-0.1206408
-0.2490829
-0.04746554
0.1301203
0.213646
0.04294568
0.1133876
0.2217026
0.133018
0.1740764
0.317971
0.2238279
-0.07492717
0.03699432
-0.03371408
0.1280813
0.08966619
0.09629001
0.1789305
0.1642528
-0.02896864
-0.04972183
0.06658053
0.0393112
-0.1738486
-0.1511502
-0.1242723
-0.1245383
-0.08475748
-0.07158252
-0.2086933
-0.1727587
-0.08769485
-0.07196587
-0.1837405
-0.1070081
-0.0342686
-0.03077964
-0.03809049
0.009668367
0.01971977
0.02391393
0.08241972
0.07465947
0.09404451
0.008334399
-0.01211735
0.003960149
0.0002995261
-0.001326879
-0.000823513
-0.0007408763
-0.0009759909
-0.0006054835
-0.0007989033
0.0008979064
-0.002633122
0.127118
0.2434804
0.1624954
0.1745142
0.2666196
0.2048342
0.2038267
0.1578688
0.1803993
-0.03754894
-0.06203467
-0.02694164
-0.09105365
-0.09032699
-0.05062336
-0.103225
-0.03149324
0.08502956
-0.0223065
-0.05127461
-0.06249768
-0.02247807
-0.07672714
-0.1100256
-0.03368967
-0.06876529
0.004191521
-0.1088639
0.1632647
0.08592995
0.09379765
0.2712343
0.01747009
0.06955281
-0.0699944
-0.162581
0.07126983
0.04036058
-0.06287654
0.07867553
0.05070794
-0.05371589
0.02029848
-0.02813889
-0.1206771
0.01762972
0.06462978
-0.01672122
0.05690144
0.0975124
0.03420351
-0.02610773
-0.02520237
-0.0933584
-0.0198749
-0.1329279
0.04250978
-0.01888775
0.05301078
-0.159373
-0.0163075
-0.07005951
-0.03789743
-0.04149277
-0.08978392
-0.06245269
0.02946884
-0.08195946
0.05043859
0.1237364
0.2443651
0.1974158
-0.06409065
0.05552338
0.004820228
-0.006579448
-0.0553686
-0.02967177
0.03337068
0.04451695
0.05225535
-0.02142184
0.023067
-0.1634188
-0.06256659
-0.03094941
0.05144175
0.05248147
0.06882232
0.0408814
0.003121982
-0.009794713
-0.03111655
0.01890266
0.01287635
0.06568147
0.09936099
0.1565257
0.09583702
-0.06151069
0.07491473
0.009928918
0.06762788
0.06109226
-0.002633963
0.0008716399
-0.01169511
0.003550047
0.1359474
0.06930976
0.0904579
0.0130315
-0.02712778
-0.08672088
-0.02179827
-0.08640258
-0.08845827
-0.1054774
0.01278822
-0.03277745
-0.06799971
0.02615981
-0.07202376
-0.02220411
-0.0267728
-0.05576714
-0.01036707
-0.02679631
-0.08299984
-0.04824715
-0.02446217
-0.002254421
-0.04084313
-0.009868363
-0.03723678
0.004292844
0.0003182128
-0.002192465
0.001286116
0.0002786865
0.001740119
-0.0005035113
0.0001897915
0.0006339086
-0.01462546
-0.003202443
-0.002686085
-0.05614797
0.00256855
-0.01584734
0.003674453
-0.01193863
0.08005308
0.1679517
0.1441088
0.05450164
0.1190932
0.1257468
0.06236425
-0.08363538
-0.008746359
-0.03620388
0.05901885
-0.06495859
-0.0646475
-0.04976799
-0.1768541
-0.1356897
-0.09402532
-0.1136034
-0.1854952
-0.02550448
0.001149564
0.05175401
0.04552006
0.04964196
0.04869373
0.06251173
0.03376103
0.0005845749
-0.118244
-0.06645241
0.02775872
-0.07827062
-0.0106047
0.05100298
0.01918082
0.07124771
0.1054699
-0.1731574
-0.1049828
0.01149749
-0.1783466
-0.1047369
-0.02794659
-0.08107948
-0.0203279
0.02275348
-0.03040694
0.06020747
0.002963784
0.1106658
0.3580088
0.2554053
0.1198822
0.3698967
0.3122933
0.1209858
0.1672894
0.1321473
-0.01347712
-0.06393125
-0.08319718
-0.07452095
0.005740802
0.03184643
-0.04197226
-0.173187
-0.02248149
-0.02251413
-0.1766794
-0.1013497
0.05845098
-0.1333793
-0.02155345
-0.04708303
0.05820504
0.06728372
-0.003810813
0.1371782
-0.0417531
0.07240205
0.1294854
-0.02672396
0.02215827
0.06387573
0.1277895
0.06354845
0.1951098
0.2832093
0.1059869
0.2276714
0.2518637
-0.09354129
-0.227825
-0.129957
-0.1679892
-0.1567471
-0.08724983
-0.18512
-0.1598171
-0.04843321
0.01763133
0.01681708
0.04963908
0.07566338
0.1155349
0.04669634
0.1201872
0.1629363
0.1843572
0.1654581
0.3062589
0.2767689
0.2618074
0.4790967
0.3117847
0.2716557
0.3060673
0.2145742
-0.05759804
-0.01459667
0.08120457
-0.08044217
-0.07089614
0.003564455
-0.04784671
-0.08349699
-0.006170698
0.0008994332
0.0001726643
0.0008181868
-0.003326312
-0.001973029
0.00131023
-0.003116648
0.002126066
0.001778344
-0.03976662
-0.01291106
0.07475223
-0.03256495
0.02530961
0.1265119
0.06784493
0.1761581
0.09501847
0.08237263
0.07511865
0.01477839
0.1022703
-0.02488483
-0.01673185
0.1107951
-0.08659637
-0.07443191
-0.05446288
0.05471897
0.04415003
0.1337984
0.1938466
0.192459
0.1449844
0.2175795
0.2150834
0.03367972
-0.01845151
-0.09444851
0.04555023
0.03467606
-0.01036292
0.06781669
-0.03091225
-0.05623251
-0.1038712
-0.02168741
0.02847095
-0.07792431
0.01215704
0.04560144
0.02459267
0.007489991
-0.02513476
-0.08080269
-0.04347872
0.03587319
-0.01816463
-0.02578411
0.01583452
-0.03124856
-0.05783158
-0.04612933
0.07248306
0.1723429
0.1852881
0.156318
0.2190021
0.1975877
0.1531417
0.1779289
0.1304721
-0.03613486
-0.01463348
0.06806616
-0.1151634
-0.1320874
-0.0542759
-0.07345317
-0.07788668
0.01183483
-0.02393229
-0.05257107
0.06047517
0.07089238
-0.01104069
0.09591585
0.1281169
0.06823536
0.00216194
-0.03153149
0.05719193
0.0274509
-0.06883164
0.07890888
-0.02882556
-0.02581995
-0.001239759
0.004234709
0.08103332
0.1079135
0.02837099
-0.07661819
0.03562897
0.06275061
0.0583401
0.06951445
-0.006714293
0.06464736
0.08657567
0.05440083
0.1737818
0.1657858
0.06026414
0.1545025
0.1349111
0.06245698
-0.1167874
-0.07545995
-0.04880275
-0.1808338
-0.14603
-0.1169632
-0.1300697
-0.1251966
-0.06024466
-0.0103226
0.03617168
0.06426008
-0.09967575
-0.06070745
0.0252166
-0.03177885
-0.01476117
0.05172025
0.1037158
0.05472271
-0.02504035
0.08467192
0.04819612
-0.004743898
0.05200544
-0.005985529
-0.07493624
-0.002771126
-0.0002355031
-0.0001544761
0.0003857495
0.0001746292
0.002736768
-0.001104704
-0.0006897741
0.0003499649
-0.05548704
-0.04518346
-0.07065926
-0.1282353
-0.02745265
0.1043119
-0.171627
-0.009240102
0.08438662
-0.02756623
-0.02964535
-0.04843773
-0.09884229
-0.2058973
-0.1682995
-0.1264411
-0.2614057
-0.2842107
0.1241191
0.1122701
0.06005976
0.0630025
0.05590771
0.02312418
0.008303786
-0.003242451
0.01206037
-0.0007720537
0.0523017
0.03801599
-0.02054596
0.003889384
0.06309865
0.007988426
0.0004901918
-0.05888371
0.03980938
0.05091687
0.09103566
0.09185808
0.1091631
0.1500269
0.0860974
0.1297242
0.1680268
-0.05154294
-0.102905
-0.06433862
-0.04678088
-0.0905093
-0.06672405
-0.04367171
-0.08148019
-0.07874526
0.1284335
0.04606738
0.2076728
0.07359146
0.1267502
0.1280003
-0.003731494
0.1068211
0.102776
-0.002497242
-0.08406711
-0.03323071
0.05506849
0.02023436
-0.07138423
-0.003240636
-0.01420989
0.08924829
-0.05149631
-0.02042476
-0.02185048
0.0007690237
0.02198809
-0.03097949
0.03092869
-0.02370668
0.002746203
0.03221512
0.02499697
0.02775741
0.01558177
-0.0419649
-0.0182282
-0.01545368
-0.06804379
0.01846338
-0.0146057
0.04101299
-0.02032294
0.03159206
0.04855623
-0.04744082
0.04237491
0.0912898
0.02732057
-0.006901793
-0.01720925
0.01968835
0.04670379
-0.04561468
-0.0528603
0.07334519
-0.03100115
-0.1164614
-0.06282251
-0.08508407
-0.04619132
-0.05177513
-0.05347396
-0.05039631
-0.07513121
-0.07307564
-0.04647497
-0.0553063
-0.02311243
-0.02994218
-0.02777644
0.0413694
-0.07784908
0.04285358
0.02163923
-0.08627933
-0.004552278
-0.0620553
-0.1273105
0.01561175
-0.03473613
-0.04879213
0.003162364
-0.03455488
-0.06282479
0.0035246
-0.001476767
0.001024786
9.454357e-06
0.004262373
-0.002040687
0.0007628558
0.001097974
0.0006403707
-0.01743566
0.07953127
0.03739373
0.02032361
-0.05113344
-0.0184684
0.01724904
0.009511597
-0.03165688
-0.1126546
-0.08489712
-0.04688458
-0.07965299
-0.04256565
-0.04266996
-0.02422488
0.03370325
0.03778454
-0.01280741
0.09605937
-0.007064325
-0.05335078
0.02763222
-0.0596817
-0.06167669
-0.008806567
-0.02641542
-0.03559561
0.007059863
-0.1148785
-0.05030022
-0.08458147
-0.08223633
-0.14974
0.01397426
0.01379314
-0.1240708
-0.08700706
-0.1015292
-0.1573824
-0.1861859
-0.1752687
-0.1142236
-0.1482976
-0.1230681
0.07176434
0.045325
-0.02876788
0.1066455
0.125257
0.03713027
0.1006034
0.1022418
0.0628036
0.003158783
-0.1054476
-0.09801909
0.07145803
-0.1200226
-0.06472056
0.1566126
-0.01323802
-0.005038834
-0.08191803
-0.07973698
-0.03343581
-0.1703429
-0.1390997
-0.1254672
-0.03738875
-0.03839263
-0.06659843
-0.06103894
0.008889714
-0.007803407
-0.08252145
-0.03279073
-0.03850395
-0.02399896
0.004165513
-0.05514094
0.01049755
-0.08821439
-0.1183923
-0.01410744
-0.08592276
-0.0821918
-0.04321157
-0.006843335
0.02926578
-0.06945343
-0.009246378
0.1899161
-0.04886462
-0.01445535
-0.03205811
0.1450038
0.03880816
-0.09250122
-0.02414529
-0.02244244
0.0562405
-0.1082287
-0.06006383
-0.00105455
-0.07312321
0.001147021
0.06291827
-0.04571872
-0.04954138
-0.05158489
0.01293149
-0.08823927
-0.08799151
-0.1171467
-0.1675584
-0.1373543
0.01703263
0.02762121
0.1160554
-0.01936834
0.03580232
0.1092464
0.07022262
0.0578539
-0.0284618
0.03152419
0.05427457
0.007679756
0.03266411
0.06475247
0.04171349
0.05396917
0.09355669
0.137281
-8.786259e-05
-0.001206962
0.0007887071
0.0002915847
0.001822392
0.0009302547
0.0002591093
0.0007021123
0.001130722
-0.02589558
0.03255026
0.06139125
-0.08270627
-0.04266421
0.02227462
0.02979079
-0.0718322
-0.04133059
-0.03319275
-0.05641805
-0.058205
-0.009769597
0.0199694
-0.007871348
0.02631151
0.01724516
-0.03944742
-0.1427256
-0.08804485
-0.0223553
-0.1781636
-0.0628009
-0.006034124
-0.0305471
0.004748016
-0.05458167
-0.1829776
0.05147811
0.07197795
0.3609452
-0.2179281
0.07915637
-0.1844861
0.01825632
0.09980895
0.1556695
0.1682336
0.07311244
0.1073667
0.01349174
-0.04708171
-0.05299174
-0.04426628
0.02423405
0.08295426
-0.08610706
-0.03127275
-0.009929183
-0.004484538
0.005562027
0.03077129
0.02249687
0.06310602
0.02043657
0.03881126
0.07831222
0.2672174
-0.1887615
0.1943943
0.104315
0.1852867
0.101245
0.06762704
-0.0004256888
-0.07413854
-0.0393533
-0.1104845
0.03283107
0.09861241
-0.05172581
0.06188432
0.009453883
0.3196759
-0.209704
-0.09569377
0.1678609
-0.1143494
-0.1671585
0.1037517
-0.1259474
0.03423758
-0.1236401
-0.2576674
0.0860668
-0.1659596
-0.00768271
-0.054894
0.07303502
0.03646303
-0.05076086
-0.0385339
-0.04389528
0.2345761
0.1507641
-0.12253
0.06779054
0.02812536
-0.08313858
-0.008848063
0.03398041
-0.03494266
0.1310253
-0.03140828
-0.01463973
0.0418584
0.006030498
-0.02048302
0.007991692
0.05178316
-0.01481771
0.132757
-0.08023069
0.01817275
-0.01426248
-0.1169321
-0.004961082
-0.01409516
0.09350961
0.1775936
0.1662505
0.05570982
0.08753586
0.0677023
-0.05432833
-0.05316839
0.04359585
-0.01456273
-0.06140509
0.05018486
0.02033576
-0.03605867
-0.04859857
-0.04786775
0.002836383
8.009325e-05
-0.002358937
-0.0009442444
-0.000973157
-0.0003926696
0.001772378
-0.001505743
-0.001490061
0.0004567759
-0.201146
-0.02002122
-0.06001516
0.06091716
0.02226562
-0.08246925
0.1859461
-0.0259511
-0.06337697
0.05006718
0.07749086
0.05934972
0.03475624
0.0299345
-0.0102148
-0.01807758
-0.1044563
-0.06242201
0.0281905
-0.04109811
-0.1353996
0.02833628
0.0223996
-0.0896974
0.04888122
0.03139506
-0.08131118
0.04195028
-0.00187562
-0.06526215
-0.1148016
-0.09241447
0.05763705
-0.1935941
0.1823359
-0.04517373
0.06433132
0.1164588
0.07718877
-0.04799751
-0.07573818
-0.02149973
-0.03414122
-0.06114957
0.01826293
0.08884259
0.06413153
0.07994273
0.08571998
0.07378635
0.03159594
0.03130194
0.05226541
0.07950471
-0.05527219
-0.1686696
-0.1235354
-0.1903296
-0.1239791
-0.09417053
0.03355742
0.001686804
-0.04199069
0.008856367
0.06581461
0.01314042
0.02497387
0.05488632
0.006098688
0.04012465
-0.00579985
-0.01707246
-0.15271
0.0858593
-0.1151113
-0.1662452
0.1689754
-0.1169408
-0.1027007
0.08680521
-0.150197
0.0004749738
-0.01284014
-0.142149
0.02770236
0.1181461
-0.09230207
0.2481476
0.1490578
0.006278773
-0.2452207
-0.09382106
0.01296702
-0.04793436
-0.1183994
-0.01410249
-0.04651561
0.1656858
-0.164165
-0.04331767
-0.01365187
0.007157193
-0.04885192
0.034361
-0.06092818
-0.05591453
0.04140193
-0.01203034
0.09611297
0.02057947
-0.1053706
0.1628353
-0.01610946
-0.03393
0.1169533
-0.02480756
-0.05725511
-0.02674532
-0.1243946
-0.08098052
-0.1268417
-0.09756852
-0.0573542
-0.04308956
-0.1469283
-0.05888115
-0.01177956
0.01961949
0.04453062
-0.0371234
-0.01202432
-0.03216682
0.01245698
0.004453273
0.02701943
-0.002280072
-0.0005720881
-0.002043966
-0.005176407
-0.0004933033
-0.001667517
-0.0006898812
0.0004592068
0.00143773
-0.05103306
0.02731216
0.1599237
-0.134064
0.0500592
-0.005426581
-0.05582288
0.01836094
-0.07959908
0.07618945
0.1061374
0.06135512
-0.05623968
-0.0702123
-0.03302913
-0.0918198
-0.1530792
-0.06856786
-0.01945544
-0.06936686
-0.09153406
-0.01323428
-0.06994025
-0.05594049
-0.02534472
-0.01770308
0.07100987
-0.09803545
0.002064215
0.06344824
0.01853875
0.09912912
0.1398603
-0.004840929
0.0721533
0.1096855
0.04272861
-0.01462959
0.06280103
-0.008382968
0.003242846
-0.02179074
0.02946155
0.08445417
0.008390918
0.15376
0.2087179
0.1110759
0.096287
0.1151816
0.05061336
-0.03748685
-0.07537666
-0.08551788
-0.09584079
-0.04518574
0.007109145
-0.217417
-0.2078009
-0.1397027
-0.1603368
-0.1939106
-0.0367454
-0.1314234
-0.1318388
-0.162694
0.001609458
0.03565399
0.04439906
0.03642913
0.1465074
0.04948194
0.05490851
-0.02529472
-0.04089464
0.01891595
-0.02355885
-0.0276671
-0.03922904
-0.05061879
0.0438092
0.08580478
-0.004103188
-0.1892096
0.04794012
-0.01055633
-0.01181197
-0.02189921
0.02034829
0.1064171
-0.0182287
-0.008448862
-0.06472248
-0.03289182
-0.0921806
-0.1411348
-0.01221675
-0.1234568
-0.005099581
-0.2112694
-0.1501144
-0.126589
-0.1736102
-0.2042447
-0.1332677
-0.131678
-0.1367239
-0.09876325
0.0883382
0.0918152
0.01343911
0.02711087
0.05301753
0.01498483
-0.08228546
-0.03290926
0.03100666
-0.0238423
-0.003336143
0.1451711
0.1521956
-0.02284534
-0.007825937
0.09006667
0.03949161
-0.01399821
-0.02124201
-0.01060175
-0.09340026
-0.04994058
-0.01868436
-0.01510221
-0.05460896
-0.1164821
-0.1232246
-0.0009636527
-0.0001251363
-0.001091263
-0.0006624661
0.001266529
0.001759846
0.001470175
0.0006924389
-0.000561712
0.1494127
-0.06460246
-0.03592229
0.05160184
-0.04956521
-0.1559087
-0.02277811
-0.07262613
-0.09262427
0.1082831
0.2479908
0.1877073
0.09308086
0.1118618
-0.02004332
-0.0176727
0.001816899
-0.121537
-0.1207199
0.0763313
0.1911374
-0.02131919
0.03368693
0.01605506
0.01639347
-0.04743256
-0.1441082
-0.01658234
0.06130623
0.03365558
-0.00906941
-0.06735114
-0.05621303
-0.01196512
0.02660849
-0.03465024
-0.1124423
-0.1591271
-0.1445233
-0.01797117
-0.08161036
-0.1390873
-0.01770096
-0.1312372
-0.139786
-0.1505527
-0.1321788
-0.05088742
-0.06296401
-0.04763764
0.03412103
0.006124565
0.05779258
0.1320047
0.05751476
-0.05168817
-0.04492902
0.01820538
-0.1184621
-0.1487027
-0.1488765
-0.01941645
-0.04859699
0.03388959
0.1147337
0.06181054
0.007153508
0.0613805
-0.007467221
0.01068778
-0.05050973
0.04596823
0.01084973
0.07845601
-0.0315347
-0.009321688
0.003429049
0.04514467
-0.04631596
-0.008197761
-0.1064879
0.1065714
0.1624344
0.08310461
0.2886365
0.2700792
0.3073438
0.14662
0.2528169
0.2981735
-0.04906398
-0.1459059
-0.1538586
-0.2688578
-0.4554482
-0.3087354
-0.3558724
-0.4682815
-0.1843278
0.01454888
-0.06397367
-0.006086406
-0.02300841
-0.1641362
0.02828948
0.07280929
-0.1403937
0.01805829
0.09768438
0.2134913
0.04179773
0.1350455
0.2349846
0.0362744
0.03063066
0.2116875
-0.05494007
0.1146409
0.08627605
0.05729203
0.1123021
0.1359183
0.1358148
0.1909802
0.1589079
0.0008729821
-0.2169738
-0.1960084
-0.04990933
-0.1689357
-0.1452981
-0.05820412
-0.09300902
-0.04931473
0.005275947
-0.003735252
0.0009250321
-0.001563711
0.001690231
-0.003345404
0.003168984
0.001289497
-0.002505549
0.002744353
-0.1162782
-0.2835819
-0.1404842
-0.2351243
-0.4764988
-0.3466348
-0.2010712
-0.3294917
-0.1884517
-0.01224425
0.05475644
0.0944448
0.09785371
0.02440907
0.03340952
0.1148949
0.04650459
-0.09603103
-0.01891505
0.05780558
0.01589302
0.05908493
0.03849051
0.08293901
0.1221071
0.1043917
0.0606555
-0.037676
0.01883473
0.01592572
-0.03248987
-0.01832799
-0.007720745
-0.08622833
-0.06232692
0.08503763
-0.08584383
-0.1620562
-0.2212514
-0.1388104
-0.1226016
-0.2230433
-0.1291031
-0.1497634
-0.188061
-0.05826812
-0.165791
-0.148383
-0.1267778
-0.2065535
-0.1746896
-0.1053857
-0.1271838
-0.1516226
0.03776998
0.003906381
-0.004278508
-0.001516032
-0.09079163
0.01017218
0.01383711
-0.0847903
-0.09911374
-0.1156688
-0.1450461
-0.08125855
-0.1924006
-0.198232
-0.2413191
-0.1368342
-0.2154363
-0.08077436
-0.06349467
-0.003197361
0.09067941
-0.05085199
0.03293108
0.05961775
-0.02410371
0.04040367
0.08649392
-0.03720114
0.005308342
-0.08248539
-0.04804632
-0.1033804
-0.177138
-0.05983608
-0.2310797
-0.2397304
-0.1181826
-0.05906253
0.06478126
-0.1504555
-0.08015659
-0.01345187
0.01387921
0.003248267
0.04734194
-0.07821432
-0.08643217
-0.06116498
-0.1299608
-0.1695114
-0.1288938
-0.06667266
-0.1451575
-0.116275
-0.01063064
-0.1624538
-0.1910453
-0.0320555
-0.1066443
-0.172817
0.0292943
-0.03396038
-0.1104138
0.1227854
0.04344078
-0.08594479
0.1531478
0.003797246
-0.03223171
0.0770529
0.01298357
0.06322671
-0.02968224
-0.05581244
-0.1466912
-0.08387886
-0.04318138
-0.08180292
-0.09416349
-0.01093314
-0.07182647
0.001296724
-0.004092499
-0.00314638
0.0001352833
0.001700318
-0.003463731
0.002059336
-0.001853614
-0.0006601023
-0.01952572
0.004576264
0.07278989
-0.06390779
-0.1179367
0.06597405
-0.04576641
-0.06043693
0.01128316
0.05791372
0.06868977
0.1561002
-0.06165729
0.1109719
0.2501259
-0.03403116
0.2958112
0.4300352
0.06744395
-0.009132672
-0.004838306
-0.1452753
-0.1584537
-0.136717
-0.08047383
-0.1358545
-0.1109523
-0.08846185
-0.1094885
-0.09074596
-0.1831777
-0.2138309
-0.1568322
-0.04954233
-0.07850867
-0.09819053
0.06638233
0.06822827
-0.08130839
0.003513889
0.09576511
0.01294314
-0.1779741
-0.1425066
-0.06091757
0.06044542
0.06640685
0.008329161
0.03053848
0.08284193
0.0622005
0.0264818
0.08113206
0.05670868
-0.07400145
-0.07915689
-0.1889265
-0.07625798
-0.07418294
-0.1329568
0.003001001
0.09163716
0.07724578
0.05584441
0.03855028
0.0006549598
0.05928708
-0.01347803
-0.004009251
0.003866431
-0.1140809
-0.09485537
0.04359989
0.04925955
0.06193791
-0.03052746
0.02811636
0.1180799
-0.02219433
0.01210022
0.1095308
-0.1204898
-0.1831958
-0.1573261
-0.100675
-0.1929823
-0.2257129
-0.03308067
-0.2075632
-0.1854312
-0.04416312
-0.05393054
-0.1276658
-0.1266166
-0.07133859
0.09832834
-0.2026631
-0.07288121
0.05564523
-0.03382719
0.01498944
-0.02313815
-0.1463388
-0.07534061
-0.01777817
-0.01745442
-0.05103825
-0.1400513
-0.132076
-0.009477083
-0.002830587
-0.0285528
-0.01678034
-0.07088163
-0.01621828
-0.03678301
-0.08089327
0.06379915
-0.01130621
-0.07433286
0.06861279
0.1362696
0.04195458
0.01036259
-0.05394787
0.0913574
0.008282756
0.07949776
0.0722573
-0.01785906
0.04597671
0.07536535
-0.08459613
-0.09052275
-0.03982983
-0.0001687107
0.004150787
-0.002041936
-0.0003778532
-0.001612327
-0.001866898
-0.001784545
-0.0002539627
0.001235086
0.01294738
-0.1030534
-0.1943771
-0.002612003
-0.06325585
0.03190425
-0.06478904
-0.05354381
0.09003416
0.09005642
0.05419879
0.02476216
0.09701358
0.07670444
0.1074829
-0.00407656
0.02508014
0.1215072
0.1437901
0.008687243
0.03518899
0.04478004
-0.0432341
-0.05835453
-0.1206277
-0.1321538
-0.0776714
0.2543451
0.3948478
-0.04856629
0.02519262
-0.4330663
-0.02279139
0.04307314
0.4117547
0.05187734
-0.03574351
0.08291137
0.04750657
-0.08772465
-0.0547667
-0.05328009
-0.03514484
0.005975205
-0.01606955
-0.03753795
-0.07808704
-0.008433127
-0.01311355
0.101778
0.05149743
-0.04664448
0.03413536
0.01707913
0.02819042
0.08835999
-0.127818
0.1426579
-0.06984212
0.1209462
-0.06238687
0.0876844
-0.07197731
0.2994668
0.3230557
0.2731123
0.2173658
0.4349512
0.1588342
0.1920893
0.06460382
0.1375735
-0.04128398
0.0207872
-0.2578884
0.1237647
0.1959042
0.0726383
0.0140529
0.06809822
-0.1732522
0.1151119
0.01096333
0.07513488
0.02556072
0.06313027
0.01627339
0.04406268
0.07520844
-0.01113087
0.05017362
0.04656286
0.2750824
0.1475612
0.1995176
-0.1096798
-0.01015083
0.1300895
-0.1448603
0.08014508
0.1109305
0.03456192
-0.1451261
-0.05747748
0.02274123
-0.07457992
0.01019696
-0.03088767
-0.05004627
-0.04899457
-0.06980386
0.07469917
-0.06181903
0.0471434
0.06905257
-0.1630235
-0.1104573
-0.01722313
0.0507484
0.08904961
0.06610872
0.02838442
0.1596944
-0.02850955
-0.02515886
0.1313793
-0.07240551
-0.01514487
0.07911894
-0.06485179
-0.1193034
-0.07432153
0.06273201
-0.01750013
-0.002104989
0.0006197181
-0.0006305808
-1.370822e-05
2.369724e-05
-0.001279245
-0.001895925
-0.0006765236
-0.0007005327
0.0006847461
-0.1194492
0.231811
0.09956644
0.1654086
-0.03802367
0.1924132
0.02743016
0.06813046
-0.06246977
0.05284698
0.02563817
-0.07851691
0.08283391
0.06467979
-0.02107103
-0.004930591
-0.1237707
-0.129469
-0.003326152
-0.0761014
-0.1074312
0.04449629
-0.05760827
-0.004878999
-0.01198296
-0.03440675
0.0009874045
-0.0741163
-0.03683531
0.04102834
0.08565001
0.05620006
0.04368899
-0.01392793
0.01550229
-0.08148135
-0.06714005
0.0327757
0.008476828
-0.04820031
-0.003682801
0.01264286
-0.02230795
-0.04881303
-0.09392701
0.163434
0.082724
0.05903243
0.1322033
0.1035976
0.09131462
0.1050558
0.09438384
0.08994922
0.02382427
-0.2329353
-0.1013969
-0.2167467
-0.4065239
-0.2381161
-0.1044197
-0.2679158
-0.2349465
0.2247628
0.3643189
0.3224649
0.1282993
0.3028578
0.193656
0.05166069
0.2251997
0.1205593
-0.06001562
-0.07039446
-0.04225457
-0.03889964
0.004274311
0.04152132
-0.06735882
0.05531465
0.0006596752
0.05919916
-0.03647613
-0.1040321
0.03773422
-0.0526124
-0.106288
-0.0669131
-0.02300832
-0.1405491
-0.07363871
-0.1722366
0.1145162
-0.1560591
-0.2894441
-0.06105256
-0.1141486
-0.1077596
-0.07322622
-0.04157665
-0.2152129
-0.2005627
-0.2326036
-0.363803
-0.2750542
-0.256152
-0.2779208
-0.1320771
-0.01607721
0.1256604
0.01570043
-0.01357845
-0.07025557
-0.04652322
0.04021267
-0.03505872
-0.1162441
0.04359539
0.03718871
-0.01705195
0.01681183
-0.03935059
-0.08540897
0.0166407
-0.05847079
-0.01972519
-0.02835589
-0.07777335
-0.02106284
-0.05686538
-0.04658148
-0.04155011
-0.01572439
0.01176846
0.02645128
-0.0005468929
-0.0009847472
0.001365184
0.001560764
-0.001385159
-0.00286405
-0.004053247
0.0009441975
0.0008596919
-0.1147879
-0.04948553
0.0591629
-0.1153569
-0.2355938
-0.2650462
-0.04831873
-0.04672455
-0.04345987
0.08335219
0.0006544793
0.09228993
-0.05004662
-0.01863329
-0.02575514
-0.03249079
0.03258543
0.00599401
-0.1726321
-0.1438631
-0.1693343
-0.1882191
-0.1510619
-0.1372719
-0.1126289
-0.1231036
-0.0895999
0.03203401
0.008432827
-0.06306627
0.05544303
0.1024243
0.1058838
-0.08133783
0.03719895
0.04065885
0.02987417
0.1860466
0.05197095
0.1136108
0.2258656
0.07567349
0.1812452
0.2519104
0.1693137
0.03571128
0.1038576
0.0808465
0.1129374
0.1334524
0.08348767
0.1539012
0.168488
0.1354702
0.1162533
-0.02078126
0.05169562
0.01494422
-0.04013184
0.05451721
0.00953539
-0.03046148
0.04348119
-0.05395924
0.02928147
0.01235987
0.1471563
0.2096582
0.1972124
0.2338848
0.3193989
0.1862614
-0.09344277
0.02845573
0.05945499
-0.05486671
0.05434812
0.02626131
0.001555447
0.0704482
0.007104272
-0.05767992
-0.1076798
-0.1127505
-0.03750375
-0.0401159
-0.05015462
0.05607582
-0.002432454
-0.009598394
0.007293769
0.006217946
0.088346
0.1065005
0.09451514
0.1834395
0.04184303
0.1089872
0.04360059
0.007273631
-0.0420461
-0.0667854
0.03959043
0.0941314
-0.04159585
-0.06162955
0.1095522
0.07560968
0.007772682
0.001606358
0.0747597
0.1435834
0.1033788
0.1181054
0.1571399
0.1344069
0.03397962
-0.006737072
0.07330702
0.0599061
-0.03907591
0.001554993
0.07278162
0.01870088
0.06713462
0.05156524
0.1437257
0.191365
0.04097355
0.1481902
0.2117512
0.1273657
0.01314836
0.1313206
0.1062563
-0.001065706
0.002940559
-0.003847397
0.001574764
-0.0002103602
-0.0005914543
0.0008473907
-0.00118571
-0.0004525761
0.003075207
0.0424052
0.04025435
0.03896876
0.0502011
0.01812282
0.02747513
0.1143318
-0.0008600096
0.02286554
0.05281389
0.06498909
0.11799
0.253399
0.2763646
0.205066
0.4068194
0.4376183
-0.07085212
-0.0668991
-0.02468136
-0.0306938
-0.01995741
0.04254065
0.07345845
0.1054149
0.123549
