-4.539327e-01
-4.164173e-01
-3.965724e-01
-4.360670e-01
-3.153954e-01
-3.521016e-01
-3.133762e-01
-2.266829e-01
-4.071557e-01
-4.148965e-01
-2.072074e-01
-4.225110e-01
-2.753920e-01
-1.973295e-01
-1.753250e-01
-1.796169e-01
-1.253974e-01
-2.698388e-01
-3.353091e-01
-1.213497e-01
-4.586847e-01
-2.731787e-01
-3.667126e-01
-1.724164e-01
-3.226605e-01
-3.428055e-01
-8.990151e-02
-2.294711e-01
-3.526543e-01
-2.370186e-01
-3.376444e-01
-1.559568e-01
-1.144178e-01
-3.476909e-01
-2.038450e-01
-2.934752e-01
-3.423802e-01
-4.402836e-01
-2.736320e-01
-1.714340e-01
-2.562700e-01
-2.113192e-01
-3.986396e-01
-3.334914e-01
-2.795502e-01
-2.170307e-01
-3.443293e-01
-1.896163e-01
-1.492848e-01
-1.017538e-01
-2.334554e-01
-1.282286e-01
-3.575590e-01
-1.715962e-01
-4.749212e-01
-4.551141e-01
-1.325724e-01
-3.414198e-01
-2.126749e-01
-4.029905e-01
-2.033692e-01
-1.478049e-01
-3.088664e-01
-1.973967e-01
