6.894821e+00
9.919913e+00
5.938255e+00
8.104198e+00
1.089839e+01
5.470798e+00
2.987067e+00
3.346216e+00
9.714036e+00
4.938276e+00
6.260303e+00
4.536232e+00
3.978213e+00
5.833274e+00
3.876641e-04
7.868087e+00
4.956269e+00
5.026248e+00
3.144987e+00
5.288638e+00
6.011212e+00
4.341393e+00
5.648741e+00
5.213243e+00
4.465736e-04
4.175536e+00
4.597783e+00
5.044581e+00
5.240655e+00
5.008582e+00
2.959066e+00
6.880692e+00
5.880712e+00
5.939036e+00
7.242318e+00
4.878118e+00
5.957983e+00
6.696066e+00
5.867958e+00
6.369184e+00
4.704123e+00
4.562014e+00
8.061502e+00
4.580797e+00
3.568603e+00
6.904293e+00
4.375720e+00
5.484601e+00
5.861905e+00
3.497187e+00
1.174617e+01
4.206099e+00
5.652814e+00
4.032781e+00
4.683582e+00
4.590409e+00
4.645667e+00
5.531168e+00
4.272089e+00
5.029919e+00
6.531438e+00
4.932365e+00
6.658756e+00
4.429990e+00
