-3.456268e-01
-3.188511e-01
-5.332845e-01
-4.782219e-01
-3.580907e-01
-2.038792e-01
-4.158751e-01
-3.808109e-01
-3.157697e-04
-5.674183e-01
-2.363116e-01
-4.047955e-01
-3.619112e-01
-3.203453e-01
-5.263500e-01
-5.864254e-01
-1.509644e-01
-5.381744e-01
-4.583726e-01
-3.682860e-01
-6.570603e-01
-3.905101e-01
-4.935816e-01
-5.947374e-01
-4.235065e-01
-3.328030e-01
-5.805176e-01
-4.751716e-01
-4.247216e-01
-1.576103e-01
-3.912171e-01
-3.231719e-01
-4.779424e-01
-4.667296e-01
-5.572631e-01
-3.573086e-01
-3.007567e-01
-2.944638e-01
-4.838410e-01
-3.589667e-01
-3.640284e-01
-4.822406e-01
-4.546714e-01
-3.657630e-01
-1.269076e-03
-2.933092e-01
-4.844195e-01
-3.591746e-01
-3.190818e-01
-4.851732e-01
-1.836605e-01
-3.865813e-01
-5.186207e-01
-3.915351e-01
-1.265445e-01
-3.077518e-01
-3.768112e-01
-4.570345e-01
-2.769790e-01
-4.824952e-01
-3.790444e-01
-5.916375e-01
-5.453644e-01
-4.723864e-01
