3.180703e+00
4.694012e+00
6.240594e+00
4.170091e+00
5.633107e+00
4.322478e+00
6.746913e+00
4.605049e+00
3.928872e+00
4.220329e+00
3.448252e+00
3.257545e-04
6.835788e+00
6.239364e+00
4.014876e+00
3.638956e+00
4.287889e+00
3.144777e+00
5.780880e+00
3.160433e+00
3.546275e+00
6.694263e+00
7.167423e+00
3.141365e+00
4.349053e+00
5.469678e+00
4.707828e+00
3.894915e+00
6.342780e+00
4.365186e+00
7.811166e+00
6.034715e+00
6.085902e+00
4.359207e+00
4.915535e+00
5.373020e+00
4.504415e+00
3.614392e+00
9.353827e+00
4.430459e+00
4.233096e+00
3.633887e-04
5.327787e+00
3.137113e+00
4.039773e+00
6.152604e+00
4.865733e+00
4.332487e+00
5.875512e+00
4.714908e+00
6.569930e+00
7.808319e+00
4.650420e+00
4.856277e+00
3.679903e+00
3.970448e+00
4.187211e+00
3.720061e+00
4.112639e+00
3.070931e+00
4.418426e+00
5.655943e+00
4.181724e+00
4.686257e+00
