1.270528e-01
8.357800e-02
1.572189e-01
1.267838e-01
1.693580e-01
1.052659e-01
9.613359e-02
3.791553e-02
4.201538e-02
1.057553e-01
1.097676e-01
7.023440e-02
8.930366e-02
1.033329e-01
1.177474e-01
1.228132e-01
8.479963e-02
7.822924e-02
8.353605e-02
7.291317e-02
5.405740e-02
8.241537e-02
7.461748e-02
9.591980e-02
5.524127e-02
5.281211e-02
6.418440e-02
1.536480e-01
1.065425e-01
1.364468e-01
8.281500e-02
1.024020e-01
6.875183e-02
6.321967e-02
4.745794e-02
5.552450e-02
1.225648e-01
5.787979e-02
7.793064e-02
6.382653e-02
4.803040e-02
7.654495e-02
7.089951e-02
7.524516e-02
5.579728e-02
5.549389e-02
4.293548e-02
5.230023e-02
8.980691e-02
1.256237e-01
5.897791e-02
1.063520e-01
8.551906e-02
1.490729e-02
1.098016e-01
8.252910e-02
5.001491e-02
9.642070e-02
9.239265e-02
1.298412e-01
8.145150e-02
1.204908e-01
6.845803e-02
9.533193e-02
