3.990972e-01
4.673971e-01
5.383284e-01
3.953505e-01
4.523852e-01
4.913813e-01
5.059509e-01
4.632410e-01
4.742442e-01
4.236844e-01
4.141932e-01
1.592780e-06
4.895610e-01
5.742628e-01
4.324612e-01
4.602855e-01
4.961064e-01
4.434523e-01
4.664157e-01
4.645396e-01
4.121307e-01
5.243062e-01
4.597566e-01
3.957358e-01
4.392855e-01
5.000522e-01
4.736388e-01
4.044162e-01
5.115585e-01
4.844430e-01
5.230439e-01
4.943331e-01
5.138432e-01
3.979520e-01
4.502916e-01
4.437524e-01
4.351540e-01
4.322528e-01
5.643022e-01
4.389038e-01
3.967673e-01
2.609341e-05
4.887441e-01
4.018737e-01
4.267064e-01
5.169496e-01
4.685121e-01
4.833749e-01
5.021923e-01
4.165798e-01
5.033324e-01
5.740280e-01
4.372148e-01
5.043948e-01
5.066270e-01
4.744114e-01
4.441234e-01
4.399864e-01
4.330299e-01
3.709654e-01
5.187668e-01
4.410504e-01
4.364872e-01
4.087242e-01
