9.016260e-01
4.438581e-01
8.959229e-01
6.532006e-01
6.181473e-01
5.544313e-01
4.657882e-01
3.202969e-01
3.427674e-01
6.367603e-01
5.473921e-01
5.256737e-01
6.464597e-01
6.822132e-01
6.613871e-01
9.032397e-01
3.132475e-01
3.111473e-01
4.590763e-01
3.109084e-01
4.057263e-01
4.060115e-01
4.699289e-01
3.734590e-01
4.801275e-01
3.759854e-01
4.447843e-01
6.748174e-01
4.468225e-01
5.416408e-01
4.158787e-01
6.293305e-01
3.695237e-01
3.775038e-01
3.853096e-01
2.786469e-01
6.655170e-01
5.362400e-01
3.844999e-01
3.460004e-01
3.712115e-01
4.153095e-01
2.962111e-01
4.695366e-01
3.319079e-01
3.127250e-01
2.353715e-01
3.461039e-01
5.746590e-01
6.513208e-01
-5.013199e-01
6.454650e-01
-4.937738e-01
1.947939e-01
6.310473e-01
4.392606e-01
3.498961e-01
5.161223e-01
6.094909e-01
6.304059e-01
-4.143584e-01
6.593286e-01
5.015191e-01
5.538667e-01
