-8.051778e-01
-1.046629e+00
2.598761e-01
-1.206288e+00
5.088497e-01
-6.707252e-01
1.136501e+00
-1.103551e+00
-8.414154e-01
-2.338353e+00
-6.673393e-01
-2.145112e+00
-9.445993e-01
-9.862210e-01
-6.135169e-01
-1.102576e+00
-1.634801e+00
-1.373023e+00
-3.774483e-01
-1.365924e+00
-6.868902e-01
-2.817812e-01
-4.153447e-01
-5.402421e-01
-9.814363e-01
6.458344e-02
-1.478255e+00
-1.006022e+00
-8.700241e-01
-6.585721e-01
-8.562455e-01
9.773257e-01
-1.425158e-01
-8.881499e-02
-1.556024e+00
-2.165077e+00
-1.922966e+00
-6.354524e-01
1.802026e-01
-1.267608e+00
-6.252205e-01
9.880651e-02
-5.576336e-01
-6.226184e-01
-9.187288e-01
-1.282286e-01
-2.395525e+00
-1.199203e+00
-2.849707e+00
-2.808292e+00
9.550955e-02
-4.824432e-01
2.602896e-01
-1.110757e+00
3.369299e-03
-2.192043e+00
3.387240e-03
-1.017694e+00
-1.198308e+00
8.959602e-01
-1.607254e+00
-9.585059e-01
-7.612596e-01
1.763480e-01
