-3.094988e-01
-3.930999e-01
-1.337652e-01
-1.425005e-01
-4.234061e-01
-4.047028e-01
-2.200015e-01
-1.811737e-01
-1.420363e-01
-3.880455e-01
-8.754327e-02
-2.787755e-01
-3.140824e-01
-2.340113e-01
4.293087e-03
-4.256683e-02
-7.676122e-02
-1.700270e-01
-1.984177e-01
-6.756693e-02
-2.944750e-01
-4.255806e-02
-2.365491e-01
-1.709408e-01
-3.516329e-01
-2.914172e-01
-1.881170e-01
-2.811213e-01
-2.571649e-01
-3.217357e-01
-3.519476e-01
-1.653934e-01
-1.055136e-01
-3.405120e-01
-1.675658e-01
-2.781375e-01
-2.625539e-01
-3.104670e-01
-3.270196e-01
-1.698691e-01
-2.436540e-01
-1.490150e-01
-2.831503e-01
-1.906596e-01
-2.122748e-01
-1.443861e-01
-2.146865e-01
-1.650801e-01
-1.350749e-01
-3.048713e-02
-3.805186e-01
7.252961e-03
-4.597489e-01
-5.133983e-02
-2.294490e-01
-2.522492e-01
-2.777959e-01
-2.576227e-01
-1.325044e-01
-3.119938e-01
-1.651999e-01
-1.749577e-01
-1.785725e-01
-7.438984e-02
