3.808792e-01
3.199643e-01
3.439954e-01
4.353653e-01
3.599688e-01
4.333099e-01
3.717829e-01
3.815797e-01
4.360081e-01
3.748243e-01
4.004410e-01
4.005318e-01
3.620004e-01
3.853554e-01
3.168075e-01
4.346805e-01
3.578120e-01
4.015111e-01
3.664575e-01
3.564980e-01
3.516403e-01
3.600469e-01
2.908104e-01
3.820592e-01
3.710362e-01
3.991100e-01
3.218003e-01
4.337736e-01
3.416950e-01
4.167892e-01
3.856547e-01
4.514502e-01
3.942879e-01
3.728526e-01
4.033488e-01
4.018505e-01
4.501610e-01
3.743186e-01
3.820201e-01
4.230352e-01
4.002794e-01
3.927043e-01
4.036300e-01
3.567658e-01
4.125901e-01
4.255229e-01
4.285496e-01
3.089222e-01
4.319154e-01
3.728865e-01
3.606745e-01
3.784087e-01
3.889450e-01
3.632417e-01
3.636115e-01
3.809156e-01
3.544496e-01
4.036365e-01
3.816181e-01
4.128991e-01
3.675147e-01
4.941311e-01
3.431571e-01
4.717537e-01
