-5.595240e-01
4.178557e-02
-3.671039e-01
-9.291549e-01
-8.349780e-01
-1.273886e+00
-2.863569e-01
-6.511483e-02
-1.622813e-01
-2.232889e-01
-1.258770e+00
-6.149980e-01
-4.831313e-02
-7.688038e-01
-9.346142e-02
-9.938577e-01
1.373245e-02
-9.904809e-02
-6.778428e-01
-2.578275e-01
-2.487432e-01
-7.183463e-01
-3.050364e-01
-4.452730e-01
-6.395878e-01
-1.023814e+00
-8.240284e-01
-7.848543e-01
-1.058937e+00
-4.102883e-01
-6.174048e-01
-2.306160e+00
-5.674875e-01
-8.211603e-01
-7.319784e-01
-7.962735e-01
-9.504848e-01
-4.793040e-01
-1.770515e-01
-1.614187e+00
-7.665560e-02
-1.735112e-01
-8.797151e-02
5.747198e-01
-1.112564e+00
-5.896116e-01
-4.022223e+00
-2.164960e-02
-1.356980e+00
-7.256326e-01
-2.891071e-01
1.413565e-01
-7.085806e-01
2.484194e-02
-2.006671e-01
-5.887700e-01
1.733350e-01
-1.426033e+00
-5.414663e-01
-6.578844e-01
6.305941e-01
-2.189214e+00
-3.697071e-01
-9.695424e-01
