1.701779e-01
2.415841e-02
-3.185249e-02
1.612511e-02
1.684127e-01
1.822386e-01
8.988140e-02
-2.714021e-03
1.541161e-01
-3.652150e-02
-3.012310e-02
9.560464e-02
6.420882e-02
9.235313e-02
2.468769e-01
-2.100137e-02
-1.954269e-01
3.146710e-02
-4.213109e-02
-1.463949e-01
-1.137931e-01
-1.088125e-01
-4.968721e-02
4.217883e-02
9.986091e-02
4.641420e-03
-1.229098e-01
-3.472171e-01
-1.681386e-01
-6.048217e-02
-1.485175e-01
-1.530035e-01
-1.458522e-01
-1.762128e-01
-2.422084e-01
-1.503955e-01
-3.136373e-02
-3.298221e-02
-2.800029e-01
-1.910904e-01
-4.220670e-02
7.593493e-02
-2.657935e-03
2.310653e-01
-7.981515e-02
-1.195284e-01
-1.509151e-01
2.151480e-02
1.373610e-01
-1.202662e-02
1.974833e-02
-4.681840e-02
2.754392e-02
1.095798e-01
1.896104e-01
5.562223e-02
-5.067548e-02
-2.205103e-01
1.006185e-01
1.294814e-01
-4.125491e-03
2.146099e-01
-2.176991e-02
1.730177e-01
