16 16 3
0.05293724
0.04333147
0.01483387
0.03187385
0.02009559
0.008458684
0.03938701
0.06347837
0.08526494
-0.09868561
-0.0008937269
-0.02439365
-0.1011222
-0.06490054
-0.0523137
-0.03535173
-0.07445128
-0.1568972
-0.05699405
-0.001161223
-0.1656336
0.02520979
0.08574965
0.02283658
-0.07879607
0.1330342
0.1571145
-0.07420018
-0.07273097
-0.06859378
-0.07659407
-0.09988209
-0.09949494
-0.086059
-0.0668679
-0.0617445
-0.07461833
-0.1230359
-0.03150908
0.04739202
-0.04203473
-0.05628018
0.1687117
0.1801699
0.05549338
-0.07190633
-0.09531152
-0.06261152
-0.02873484
-0.08238506
-0.07921282
-0.06000942
-0.06680478
-0.1044401
-0.1178562
-0.2541185
-0.1839058
0.166966
-0.00218022
-0.1336152
0.254569
0.2399479
0.0905131
-0.04063751
0.1026639
-0.01624168
0.07936092
0.1126387
-0.002246105
-0.01362013
0.002871776
0.2007112
-0.07695296
0.02624693
0.04637524
-0.1298087
-0.0864113
-0.02100293
0.005646559
-0.02518471
0.01476782
0.05359574
0.09453879
0.1222874
-0.06717318
-0.1102624
-0.0716822
0.01710014
-0.01053418
-0.09272925
-0.07198811
-0.02717379
0.08016566
-0.04815207
-0.03031545
0.01410004
0.07128882
0.01434737
0.03039541
0.106737
0.1586325
0.1335771
-0.02531738
0.04875787
0.1112018
-0.1485765
-0.1050712
-0.04274857
0.1903935
0.09564169
0.03094785
0.08281063
0.08764448
0.04359493
-0.09465024
-0.04558448
0.01734797
-0.1052458
-0.1980758
-0.01935852
-0.2467497
-0.1593346
-0.1976744
-0.1718569
-0.2685999
-0.1678877
-0.1170511
-0.1231489
-0.04301739
-0.1203493
-0.1895743
-0.1491726
-0.0586339
-0.1637795
-0.1902938
-0.02117667
-0.01194159
-0.04758322
-0.09878007
-0.1010337
-0.1065079
-0.06743932
-0.0532914
-0.04938122
0.01359621
0.05317499
-0.03249317
-0.01611139
0.08360019
0.005786669
0.0784118
-0.006328183
-0.01052396
0.02939448
-0.04142646
-0.001369986
0.02906208
-0.03501992
0.1090461
0.1535614
0.05488768
0.1103324
0.0008756141
0.07532562
-0.06811922
-0.2135588
-0.3398077
-0.3043982
-0.2287041
-0.368515
-0.166253
-0.1610159
-0.07823878
-0.06233099
-0.1564661
-0.05734196
-0.01842666
-0.1699441
-0.08934774
-0.06796314
0.03546267
0.09523245
-0.06000225
0.01901935
0.09524964
-0.1095814
-0.09801616
-0.05535084
-0.02489552
-0.1307628
-0.1010718
0.01936249
-0.1379134
-0.04557519
0.04875178
-0.05407571
-0.02396671
-0.05326579
-0.01966051
-0.005867297
-0.05570537
0.0805423
0.05500751
-0.01036509
0.02622604
-0.01028636
0.004157372
-0.06046065
-0.05084364
-0.05392111
0.05885671
-0.2659779
0.08895047
-0.02734572
0.1630848
-0.1662606
0.1338408
-0.2770956
-0.1200977
-0.01843311
-0.2839676
0.1220793
-0.107474
0.2752676
-0.005813121
-0.1104909
0.1184864
-0.03901944
0.002089657
0.009897147
-0.1646171
0.04058742
-0.09315118
-0.1931796
-0.1336599
-0.119108
-0.1491681
-0.04782567
0.004927959
-0.09356323
-0.1677126
-0.1280636
-0.1171115
0.1197243
0.02926292
-0.06507768
0.0694188
-0.0478324
-0.0472922
-0.04423156
0.003016844
0.06081211
0.0552984
-0.07076218
0.04538975
-0.004890804
-0.02862388
0.09470444
0.1379676
0.1729008
0.1637295
-0.1083106
-0.03516512
-0.1414963
-0.1244385
-0.2219515
0.07974197
-0.3226244
-0.0717741
-0.08638407
0.04583693
-0.0164025
-0.1276161
0.1418563
0.05719498
-0.1741103
0.01593584
0.02686757
-0.2300042
0.06503464
0.07839569
0.01401439
-0.01149021
-0.04439784
-0.07044867
-0.03477004
-0.09585549
-0.02569719
-0.05611784
-0.0929717
-0.1267524
0.00779272
0.006990945
-0.108198
0.08643373
0.1208449
0.1284475
-0.09446201
-0.06698037
-0.05765684
-0.07761998
-0.03331852
-0.06774253
-0.07981484
-0.1173113
-0.1010021
-0.1619885
-0.2115488
-0.1127914
-0.1174204
-0.0867606
-0.02032388
-0.2374102
-0.314773
-0.1489505
0.009540662
-0.008375866
0.06009294
0.00544633
0.01376081
0.0597914
-0.0304687
-0.0008129034
0.05397939
0.0816633
-0.0545668
0.04016761
0.08024868
0.09222011
0.05229245
-0.1065522
-0.1381562
-0.00734528
-0.0984666
-0.09555549
-0.0825685
0.01301294
0.05575736
0.004185043
0.08807613
0.1169179
-0.01574569
0.103523
0.09651893
0.02251002
-0.006406965
-0.04673165
-0.07398787
-0.06245416
-0.008337941
-0.1615785
0.009199806
0.008547975
-0.1301977
-0.090711
-0.005464065
0.1246111
0.09700844
0.08291557
-0.2111829
-0.07298947
-0.02537059
0.182244
0.09062238
-0.1715626
0.003910579
0.03764949
0.1824824
-0.1420856
0.0169418
0.03758877
-0.04193877
-0.03217316
0.01175037
-0.02182906
-0.06285272
-0.1056782
-0.07702253
-0.009815893
-0.03230041
-0.006587829
-0.003232141
-0.04573097
0.03562358
-0.02284672
0.03563673
0.1111955
0.06114016
0.08004834
0.04042557
0.004751203
0.04961077
0.03651571
-0.01177744
-0.01216566
0.0005600267
0.08913717
0.07806864
0.04349905
0.03540507
0.05787381
0.05707543
0.1048127
0.1316673
0.08648834
-0.07710198
0.1588068
-0.04206403
-0.2610453
-0.470389
-0.3318303
-0.1464462
0.08475312
-0.07678422
0.00969654
0.03322179
-0.06717148
-0.03907353
-0.06676842
-0.1463516
-0.1000639
0.02878256
-0.1387605
-0.1330742
-0.1035701
-0.1238195
-0.03444434
0.01992293
0.01411517
-0.06356328
-0.03749981
-0.09490246
0.1486739
0.08765809
-0.02230162
0.05939575
0.06280088
-0.0979837
0.008079807
0.0614756
-0.029405
0.004895746
0.004188934
0.005878299
-0.02728957
0.009099889
-0.002838403
-0.01249476
-0.05232487
-0.02652696
0.05836327
0.04071834
-0.06874113
0.106599
0.02962181
-0.1035101
0.168085
0.1858161
0.1418844
-0.1927029
-0.09212868
-0.03927746
-0.1882851
-0.09386076
-0.01925303
-0.1423832
-0.06001315
0.02012848
0.1314415
-0.1118745
-0.1591924
0.1237851
-0.08394914
-0.179369
0.1188328
-0.05352755
-0.0926192
0.05469492
0.1478641
0.2089944
0.05932101
0.1198716
0.1702264
0.04563097
0.1127117
0.2166027
0.1092849
0.04311009
-0.1062907
0.1389924
0.0413942
-0.1055769
0.0922104
0.002494977
-0.1124035
-0.04150268
-0.08669797
0.01496494
-0.003648767
-0.1198851
0.1224422
0.08849166
0.02492287
0.051598
-0.1017842
-0.05711767
0.1439145
-0.09117844
-0.1313302
0.1747473
-0.0961059
-0.05821396
0.0790066
0.01323501
0.05122614
-0.0251832
0.02146782
0.02605685
-0.1138958
0.1033682
0.06355613
-0.09295261
-0.04075463
-0.03317744
-0.0214964
0.03590433
0.007865992
-0.05229256
0.008981637
-0.01214854
-0.0810364
0.04454613
-0.03771481
-0.06210031
0.05839176
-0.07096551
-0.07661993
0.07137191
-0.02771129
-0.05017108
-0.004345132
0.02056075
0.06778502
-0.04816764
0.05548171
0.1585209
-0.1031445
-0.004858776
0.09421129
0.0488384
-0.02560873
-0.03355265
-0.003243965
-0.04847299
0.175938
-0.01119482
-0.0001336713
-0.06160218
0.2058898
0.008399583
-0.06664443
0.2472998
0.00614647
-0.06672662
0.3014127
0.08220021
-0.02893234
0.0931249
0.002047291
-0.155321
0.1258499
0.01913136
-0.1035072
0.1468304
0.03664767
-0.01511976
0.003613503
0.02568052
-0.004038429
0.03483833
0.05133337
0.03036764
-0.01355425
0.005097928
-0.02086679
0.01103378
-0.04621096
-0.1013027
-0.02148806
-0.04328336
-0.09371573
-0.06738697
-0.050477
-0.07548048
-0.05726497
-0.003957632
-0.0197791
0.02471009
0.006844976
0.02117044
0.08827942
0.05846097
0.1105896
0.07992835
0.1135609
0.1174765
0.05339082
0.09902395
0.08866308
-0.03273309
0.01622761
0.02702296
-0.0004979412
0.04051565
0.03278937
0.1185583
0.1204107
0.06737333
0.0803799
0.04887302
-0.06291904
0.05831058
0.0647197
0.1194758
0.05499906
0.02382084
0.1286623
0.05772692
0.02449506
0.05776609
0.1031848
0.09178659
0.07821124
0.1691634
0.1051093
0.04322906
0.1698689
0.07603494
-0.01344656
-0.02270597
-0.00372122
-0.1572688
0.04962533
0.08941033
-0.006156682
-0.1295732
-0.003585828
-0.1159767
0.0266544
-0.00585175
-0.09698456
0.07969144
0.04398263
0.04834208
0.006318562
-0.01824963
-0.06226993
0.005795599
0.01362111
0.01965946
-0.08198859
-0.01173303
0.03393052
-0.008137819
0.02432502
0.05026393
-0.1649114
-0.05731673
-0.05094868
-0.05776444
-0.004029446
-0.04085536
0.01362312
0.002387529
-0.05897192
0.03062723
0.001097584
-0.04050034
-0.0365524
-0.05577744
-0.07432214
-0.05696238
-0.07669291
-0.08995637
0.00345478
0.01358322
-0.01286039
0.04510612
0.05752197
0.01024727
-0.04741124
-0.01095877
0.005739056
-0.06991634
-0.08039892
0.00126646
-0.02225855
-0.04363038
0.02580253
0.1746081
0.182595
0.2572184
0.01772171
0.04220643
0.06000766
0.04943498
0.08966333
0.08392999
0.04837909
0.04334514
0.01641303
-0.03889107
-0.07405525
-0.1166507
0.08074284
0.0236549
-0.01828203
0.07197633
0.0326971
-0.004647764
-0.001730005
-0.001308815
0.002349396
0.003731919
0.005088158
0.002214701
1.012917e-05
-0.002560088
-0.001202823
-0.003314938
0.001495003
-0.0008049014
0.002187324
0.0007377704
-0.001538981
0.0005904903
0.001770974
-0.003608594
7.380111e-05
0.00360385
0.002392118
-0.0006587476
0.0003434588
0.001192487
-0.002274481
0.0006673422
0.003132388
-0.0001334271
-0.0008361886
-0.0008304408
-0.002079261
-0.0005866758
-0.001103646
0.002131334
-0.0003825465
-0.001518242
0.0007913219
-0.001311203
0.002565984
-0.0003941874
8.52263e-05
0.0007562743
0.002541931
-0.001202681
0.002189429
-0.0001126345
-0.001130139
-0.001334851
0.001603812
-0.002139086
0.001577066
-0.0003082993
-0.0008211047
0.002989356
-0.003205226
-0.0009651977
0.002441357
0.001068381
0.0003974131
-0.003766381
-0.0003285973
0.0007429635
0.0005201285
-0.002444408
-0.0002544821
0.0006333666
9.159117e-05
-0.0003167794
-0.0009621248
4.968448e-05
-0.001596366
0.0006368876
-0.001224308
0.0005658114
0.00327915
0.00180391
-0.0004924191
-0.002063998
0.0006334478
-0.00163392
-0.000488102
-0.001920231
-0.001056834
-2.456597e-05
0.0009293074
-0.0005376716
-0.001392452
-0.0006049723
0.002412001
0.001169252
-0.002088894
0.001222789
-0.001065057
0.0004811008
0.0004469773
-0.002228293
0.001322773
0.002112099
0.0009268839
-0.0001469001
-0.002923191
0.002036506
-0.001012399
-0.00417732
-1.412911e-05
0.003436703
-0.00356865
0.00108523
-0.0003037252
0.002011926
-0.0007775547
-0.000725783
0.002749557
0.001112279
0.0006285943
0.001075132
-0.001282136
0.001552931
-0.001847394
-0.001452861
0.00287642
-0.001658309
0.0003019179
-0.0005244314
0.001578007
-0.001071146
-0.001407106
-0.0002199333
-0.0009951411
-0.00158245
-0.0008755217
-0.004743402
0.0005196474
0.001199794
-0.0008071389
0.0001600522
-0.0007805755
0.001208347
-0.002674979
0.003640321
-0.0008173047
-0.001575386
0.0003124192
6.762887e-05
0.01564592
-0.02697579
0.1068032
-0.07716895
0.01615031
0.1545729
-0.08204984
0.110052
0.1268532
-0.05954917
0.09503585
0.157322
-0.03433065
0.1134198
0.08045162
0.2181977
0.1689055
0.0444433
-0.04936608
-0.0002994199
-0.0887638
-0.01318068
-0.007345932
-0.08954034
-0.0727216
0.001258086
-0.1221924
-0.03738107
0.1042189
0.04486893
-0.02794137
-0.005624088
-0.08778057
-0.04841006
-0.1363015
-0.1910515
0.006442007
-0.160246
0.00762694
-0.1255384
-0.1028685
0.2300134
0.02190012
0.04878177
0.1663349
0.1022266
0.1159105
0.05893162
-0.008556124
-0.07330295
-0.03389489
-0.03260609
-0.06497858
0.07167952
0.3243968
0.2460896
-0.1135095
0.3232508
-0.07216438
-0.2204822
0.005549811
-0.3322899
-0.1059546
-0.02694106
0.1941961
0.06341077
0.08144213
0.0441746
-0.04803995
0.1434167
-0.1007581
-0.07125603
0.006580956
0.01312239
-0.1862166
0.1606904
-0.01749743
-0.1849353
0.06779233
-0.3034759
-0.150297
-0.3513725
-0.01975466
0.1789991
-0.1669174
0.2178734
0.09277132
0.07768246
0.2532774
-0.2310926
-0.1481019
-0.05571685
-0.1386991
-0.04053583
0.03878525
-0.01616273
-0.09788844
-0.02132144
-0.01613927
0.03858005
-0.06318232
0.02778404
0.01311395
0.009625294
0.09987252
-0.00405579
0.03218747
0.07975746
-0.0818474
-0.03675848
0.05160106
-0.08556296
0.04802405
0.1051095
-0.00773624
0.2003249
0.1240996
-0.09628897
0.08992381
0.01114832
0.1881585
0.1714579
-0.1594383
-0.06362087
-0.07055613
-0.06890673
0.01214561
-0.1767896
-0.07611353
-0.05005531
-0.1183695
0.005467243
-0.0837475
-0.02358498
0.1107926
-0.03296692
-0.08883984
-0.1206514
-0.1039504
-0.1858221
-0.05085124
-0.1052353
-0.1124878
0.1012311
-0.005139926
0.1004159
0.05073723
0.006158153
0.06643876
-0.03482068
0.011065
-0.05026368
-0.04466687
0.05576374
0.0345691
-0.02277694
-0.003112653
0.05233787
0.03221611
-0.02941003
-0.03488231
-0.002650728
-0.04078013
-0.1819335
-0.2321289
-0.09857188
-0.1496358
-0.1528546
0.1520158
0.09866486
0.08726432
-0.0505515
0.02134754
-0.000592529
-0.05516091
0.04819938
0.03486012
-0.08469167
0.004743125
0.01104946
-0.02047989
0.01664097
0.01133441
-0.09024087
-0.003847329
-0.01910436
0.09261417
0.05470217
-0.003751665
-0.0503194
0.001698982
-0.04132979
-0.09529687
-0.04574218
-0.09379764
-0.08580718
-0.06215161
-0.09003546
0.02081261
0.1255058
0.07291137
-9.380703e-05
0.06701368
-0.03644835
-0.08292647
0.08129506
-0.01226804
-0.001694036
0.01080573
0.05222436
0.03453228
-0.2588991
-0.05094508
-0.08743393
0.1699406
-0.07915518
0.08657589
0.0451075
0.05696448
0.07269002
-0.02657326
0.03810103
0.02230149
0.09556077
-0.09440107
0.07362749
0.03910044
-0.05254428
-0.003198833
-0.04094355
-0.05534992
0.02962879
0.02336292
0.03845698
0.0554867
0.05014093
0.1320443
0.08007869
0.1078139
0.126728
0.1154622
0.06863183
0.0273231
0.06880773
-0.04089961
0.006875651
0.04202234
-0.01404374
0.05376879
0.07465506
0.04570617
0.05396704
-0.02797239
-0.02032614
0.02744275
0.04827436
0.0517353
0.09659869
0.1319157
0.03860544
0.0413247
-0.2500596
-0.0391315
0.01879771
0.1064123
-0.1089628
0.05904541
-0.3922041
-0.09432168
-0.06906883
-0.09308681
-0.09377246
0.02639076
-0.06894599
-0.1380083
-0.06699146
-0.04611898
-0.1060329
-0.0686915
0.01781693
-0.008002328
-0.0471187
0.002264221
-0.0664962
-0.1011741
0.08011389
0.02818272
-0.105693
0.08953433
0.1601063
-0.04046388
-0.0324716
0.1904693
-0.1593923
-0.03604444
0.2316035
-0.03467292
0.1116843
0.109727
0.08480664
0.06421587
0.04733092
0.04051635
0.05228141
0.05749891
0.04810578
0.06878798
-0.1072397
-0.03624315
0.1088802
0.06279453
0.04331865
0.07584532
0.06915716
0.03781077
-0.1938433
-0.2203077
-0.2289969
-0.09357183
-0.1510248
-0.09918024
-0.09977654
-0.1888109
-0.1620996
0.1148723
0.05756763
-0.1032868
0.04156978
0.1117712
-0.08457544
-0.02363742
-0.04522298
-0.06029748
0.0238926
0.003137104
0.02769717
0.002597479
-0.002247925
0.05778441
-0.04900549
-0.03076778
-0.05908506
0.06732581
-0.08772062
0.1051507
0.06672212
-0.1347352
0.005961102
0.03674787
-0.05085231
-0.01149787
-0.02188525
-0.4749397
0.3212144
0.1928386
-0.6446791
0.6663845
0.1742016
-0.4911056
0.2112188
0.1266795
-0.5568399
0.2357895
0.4273089
-0.7425509
0.3668119
0.2158851
-0.4389259
0.001179236
-0.04429046
0.06807474
-0.0899716
0.006758363
0.08225217
-0.04595759
-0.06461731
0.003511851
-0.1006819
0.2032674
0.02522864
0.1035074
0.2071312
0.01348402
0.03056005
0.1462228
0.07399013
0.01491675
0.006374631
-0.1211371
-0.04993605
0.1147379
-0.03446457
0.04098466
0.1318963
0.01069513
-0.005421218
-0.02197115
-0.01086441
-0.04873476
0.03706728
0.01296718
0.003088511
0.03580029
0.04414525
0.06832139
-0.04264218
-0.07733053
0.01180855
0.2608479
-0.2628268
0.06632897
-0.1220915
0.05465432
-0.1041356
0.2506408
0.005991067
0.07164542
0.2169628
-0.002544488
-0.05793287
0.2471638
0.1088362
-0.01696405
-0.0140718
-0.04683927
-0.01458782
0.01475824
-0.002521081
0.02744495
0.04804046
-0.002064661
-0.01808476
-0.03275935
0.003977726
-0.02916674
-0.0888251
0.001905979
0.008792222
-0.06880276
0.02231355
0.0552503
-0.06206525
0.08455241
0.02945136
-0.04690728
0.06119112
0.05072853
-0.08814719
-0.1108624
-0.1211779
-0.05262707
-0.05251975
0.2101617
-0.1197761
-0.04203651
0.1587571
-0.04147331
-0.06385688
-0.04715984
0.0662915
-0.1323382
-0.1899346
0.0387021
-0.005810547
-0.09936114
0.02290521
0.1266551
-0.05087652
0.1248776
-0.03262024
-0.1979794
0.08583031
0.09048444
-0.08337007
-0.1027945
0.154541
0.0796651
-0.07593397
-0.1111963
-0.0640962
0.06324303
-0.1063302
-0.1441427
0.1279185
0.001185337
-0.1551876
-0.1010461
-0.3297582
-0.0918854
0.2115657
-0.1870684
-0.2574053
0.3735616
0.03549336
-0.277123
-0.07463705
0.06375083
0.2443081
-0.0336577
-0.1438454
0.2746369
0.01238038
-0.05931828
0.211808
-0.1405149
-0.1578182
0.07171196
-0.004266014
-0.1799029
-0.1449956
0.1458789
0.02693804
-0.2006187
-0.05535533
0.1686829
0.1732922
-0.3069726
-0.08674051
0.1629094
-0.1686527
-0.1403987
0.01435887
0.1104996
0.02879524
0.04109113
0.007667737
0.05474369
0.03731881
-0.05192438
0.09502344
0.07303292
-0.09709307
0.1496271
0.2756394
-0.2137935
0.01181479
0.2204151
-0.2035242
-0.1321139
0.06219802
0.04008194
0.1274803
-0.1016028
-0.04274611
0.2109844
0.003901504
-0.2180664
0.1220566
0.1540352
-0.04142515
-0.08708872
-0.01690756
0.1777583
-0.1228405
-0.1638505
0.2551147
0.05855263
-0.1810176
0.1012619
0.04876875
-0.02160492
0.0830018
0.03038492
-0.0253406
0.07699363
0.02390168
0.07209081
-0.01034373
-0.1335744
-0.1049971
0.04012049
-0.0647185
-0.0421013
0.01071974
-0.0842813
-0.09460076
0.08931748
0.1472134
0.1425989
0.0517414
0.08585554
0.02883015
-0.05910446
-0.003070701
-0.05881253
0.006153475
-0.02670998
0.01507009
0.07119683
0.00530407
0.01508114
0.004488374
0.007358143
0.001001809
0.09595769
0.1083482
0.04698889
-0.03018922
0.04943364
0.03109426
-0.1746034
-0.2296054
-0.2239991
-0.01308816
-0.0641408
-0.05369386
-0.01057095
-0.0817375
-0.06778048
0.01004937
-0.0433494
-0.04913486
0.03913143
0.03449425
-0.08286966
0.1034208
0.1052999
-0.06295168
0.02666068
-0.03491679
-0.137484
0.03281995
0.01245729
-0.004357031
-0.09824321
-0.05044489
-0.05226307
-0.06785148
-0.03771935
-0.08301596
-0.07894418
0.02372374
-0.07568821
-0.0216846
0.06657736
-0.0857399
0.04660201
0.06018046
-0.07108181
0.06868377
-0.1649022
-0.03639775
-0.3431238
0.009129634
0.02265164
-0.08849796
-0.0921681
-0.02015527
-0.08960809
-0.2049317
-0.06177151
-0.0007887392
-0.1459207
-0.1510071
-0.01183368
-0.1420148
-0.03856632
-0.02338771
0.04204532
0.0615174
-0.04810338
0.110448
0.112821
-0.1148001
-0.05999171
-0.03239332
-0.009581496
-0.0666186
-0.06283606
0.02884257
-0.02397743
0.01586659
0.05166247
0.04920376
0.02510806
0.009362692
0.04725144
0.03170383
0.06119994
0.05980872
0.002410152
0.05592335
0.06710206
0.005623707
-0.003028875
0.07827365
0.01649908
0.04684573
0.03218583
0.0787486
0.05628725
0.04719155
0.02421635
-0.06530521
0.02018639
-0.007606374
-0.06994676
-0.01710769
-0.2649891
-0.0990147
-0.1052012
-0.09253166
-0.004593919
0.07055455
0.07257171
0.08160342
0.0760726
0.04500928
0.0802188
0.1214129
0.02412002
-0.1022406
-0.08598591
-0.09842402
-0.01207751
0.05668583
-0.01757433
0.008600124
0.06314002
-0.01396306
-0.002296323
-0.01290301
-0.01245019
0.03830293
0.06064447
0.01986439
-0.01565422
0.02387429
-0.07175948
0.05255099
0.06150914
0.1028924
0.04878724
0.06111306
0.09117592
0.09591279
0.12207
0.06982364
-0.1025432
-0.2040113
-0.1916108
-0.1587898
-0.09644817
-0.1345086
-0.01283636
0.1097783
0.01862521
0.06831686
0.07973191
0.107131
0.01807665
0.07044828
0.04039124
0.03509779
0.01168956
0.009820939
0.01353626
0.02692538
0.09017315
-0.05357172
-0.07516265
0.05855427
0.03993503
0.0760984
0.07511241
-0.01477466
0.01970709
-0.05103707
-0.02840786
-0.01618515
-0.0589111
-0.06064385
-0.05380889
-0.0765541
0.04384814
0.008129094
-0.0137856
0.05760016
0.06027178
0.01789364
0.034483
0.03309789
0.06550071
0.1232374
0.1301882
0.02791066
0.03937129
-0.02374661
-0.1482272
0.0738031
0.03038443
-0.01476021
-0.02573168
-0.01328978
0.052948
0.06479989
0.1296934
-0.009137797
0.1925774
-0.08633984
-0.06595646
0.006301716
-0.06534385
-0.05160582
-0.007849406
-0.04522837
-0.09444809
-0.009264017
0.07486248
0.008098873
0.05030424
0.02389684
0.004548598
0.02218088
0.02208698
0.02788817
-0.0005114773
-0.003608281
0.04862782
0.02011973
0.06038718
0.03598976
0.02361402
0.01238796
-0.001163495
0.03021041
0.03680375
-0.005826341
-0.01610115
0.02382522
-0.1113003
0.0569838
0.03598322
-0.08627518
0.1761094
0.1386844
0.01354343
-0.2967749
-0.3279887
-0.2621334
0.01511519
0.1949238
-0.03698279
-0.2903097
-0.3509036
-0.1122814
-0.05949488
0.01469253
-0.009785136
-0.05308726
0.03071779
-0.009576553
-0.0509716
-0.02914139
-0.0310864
-0.06995356
0.006496249
0.02007047
-0.05303377
-0.02388101
-0.04253075
0.002837694
0.06825393
0.0484564
0.0528874
0.1131537
0.04202635
0.06818318
0.08682211
0.08396807
0.03938356
-0.006720718
0.04404547
-0.06961112
-0.1043436
-0.08808473
0.04020802
-0.01423766
-0.001286318
0.05791166
-0.01313482
-0.05661416
-0.08736093
-0.0453231
-0.08183806
-0.1181517
-0.04918454
0.02955323
0.07003652
-0.07814418
-0.03127762
-0.06869465
-0.03648896
-0.05886515
-0.07837161
-0.08008731
-0.0628532
-0.176871
-0.1203224
-0.0589293
-0.08767828
-0.1154013
-0.02160908
-0.0005161298
0.00722591
0.09075495
-0.009387076
-0.0788641
-0.05392491
0.02940536
0.06741128
0.05748817
-0.05156289
-0.01006384
0.001519219
-0.07610555
0.003708757
-0.005658854
-0.007350793
-0.03279677
-0.06967478
0.07616793
-0.01349009
-0.05005733
0.01594504
0.04656414
-0.006466986
0.06057765
-0.02463588
-0.08363308
0.04513229
-0.3648458
-0.0061285
-0.04310294
-0.1041157
-0.09744053
0.07105908
-0.1151939
0.03543691
0.2099919
0.0003287364
0.02771481
-0.06769531
0.1233289
-0.02393063
-0.02940385
0.03167632
0.01570147
-0.003214881
0.01622168
0.06970003
0.04895788
-0.05029827
-0.004833722
0.04008681
0.03056485
0.08688545
0.1262023
0.07635748
0.1085143
0.01632757
0.03344665
0.07494607
0.0323006
-0.02523231
0.01419146
0.04326364
0.01065773
0.04552916
-0.001640022
-0.03540308
-0.01536728
0.07733431
0.130218
0.1012048
0.08600827
0.06457657
0.06174342
0.05423145
0.02184119
0.06908558
-0.136834
-0.1029903
-0.05467531
0.1374628
-0.1870986
-0.2031884
-0.1458777
-0.07989878
0.03145128
0.1249101
0.02505458
0.008425106
0.07629257
0.0403875
0.03285539
0.02577479
0.04466477
0.08831976
-0.03294391
-0.0001322171
-0.01162933
-0.0989083
-0.03669305
0.03581305
-0.08948784
-0.05978628
-0.05014645
0.01681161
-0.1247644
0.1308597
0.1189857
-0.2079357
0.02397358
0.1727629
0.03026623
0.07872923
-0.1277297
-0.1451599
-0.1306043
-0.05888578
-0.02594416
-0.07198181
-0.07111669
0.02561953
-0.07729171
-0.04885509
-0.01488419
-0.1712708
0.03478087
0.06708777
-0.2733561
-0.07021848
0.1011762
-0.1855293
-0.03859244
-0.00277495
-0.1435928
0.00657625
0.0001875146
-0.07712005
0.009161348
-0.0528118
-0.08494931
-0.137404
-0.02801654
0.09001069
0.05641368
-0.08274043
0.04219999
0.09049932
-0.05193974
-0.1024569
0.1350166
0.1134316
0.1121378
0.1139426
0.07176276
0.1640131
0.05215227
-0.02376914
0.06645049
-0.009160645
0.02676563
0.003804943
-0.04309041
-0.04190341
0.04139905
-0.03617376
-0.06183813
0.05207737
-0.1298323
-0.01957557
-0.3494225
-0.1308469
0.2049418
0.03055279
-0.1143874
-0.2317199
0.1030618
-0.08006253
0.2555869
-0.1459029
-0.2152808
-0.006463032
0.1470556
-0.07645947
-0.4612547
0.2431945
0.05978769
-0.002283028
-0.04720574
0.1171033
0.05103473
-0.1934629
0.06906544
0.17957
-0.04990745
-0.0681855
-0.00767352
-0.03936981
-0.01614185
-0.1154095
-0.09276376
0.1612523
-0.03310617
-0.1061469
-0.01112974
-0.05102606
-0.04162044
0.02283162
-0.06202905
-0.1651537
0.2281615
0.08645555
-0.1263187
0.05220364
0.02735568
-0.02447669
0.01582346
0.04534416
-0.008302109
0.02179074
0.07240875
0.1307707
-0.06603414
0.05611234
-0.07084108
-0.3338893
-0.1505333
0.0641403
-0.04031362
-0.1504048
0.09526692
0.09403727
-0.008008076
0.1313517
0.03087207
-0.1454527
0.07328434
0.1029106
-0.1581888
-0.01720975
-0.001033889
-0.03534376
-0.08359125
-0.02944706
-0.08275274
-0.1364784
-0.007942643
-0.05958634
-0.1499185
0.003001859
0.1476177
0.1240054
0.02837532
0.02857341
-0.02895662
0.01701668
-0.01124687
-0.1146924
0.1005924
0.02669195
0.03478146
0.03095077
0.03259582
-0.01775972
0.07084805
0.005522375
-0.01248039
0.04443452
-0.0505956
-0.07842714
0.1442836
-0.07716502
-0.02337237
0.05992243
-0.07519935
0.07583293
-0.01334079
-0.07660282
-0.1117485
-0.03264645
-0.08256178
0.03983064
-0.101721
-0.02228655
-0.01374669
0.09428817
0.1516596
-0.08636281
0.2544695
0.07702004
-0.1138668
0.2189143
-0.08150304
-0.1522542
0.009932686
-0.05669965
-0.01717183
0.01568631
0.0194075
-0.01407823
0.03939637
0.01294692
0.01212232
-0.09057601
0.01287927
0.06769224
-0.2417902
0.05775211
0.1107296
-0.1715786
0.09101624
0.1124736
-0.09619249
-0.246242
0.3026593
-0.5203218
0.3661956
0.1182662
-0.2606074
0.3685939
-0.05064641
-0.07237476
-0.2608742
0.1395313
-0.370904
-0.09995832
0.2990523
-0.441076
0.02057
0.04674734
0.0271941
-0.01907534
-0.06223148
0.04632753
-0.03113597
-0.001158081
0.003026118
-0.03765946
0.1157186
0.1726724
0.01764982
-0.07420486
0.1449345
-0.01626532
-0.08042969
0.07707015
-0.05704006
-0.0747636
0.04526165
-0.01223448
0.01502689
0.04846126
0.04756856
0.06660029
0.07844095
0.100221
0.008739414
-0.01320842
-0.02029111
0.03968553
0.03974485
-0.01071131
0.1043901
-0.04021932
-0.04207228
0.002840441
0.0980882
-0.190267
-0.04925091
-0.1802057
0.06286296
0.1679895
-0.04101025
0.1785508
-0.1557441
0.01267424
0.03876607
0.2078398
-0.05691495
-0.002297506
0.1337432
0.03376343
0.04983672
0.1171333
-0.1034101
-0.06068986
0.03418541
-0.1448523
-0.03180748
0.05794612
-0.1426691
0.01725709
0.03663985
0.126848
0.1416938
0.1852759
0.08401651
0.08092425
0.08134029
0.09330912
0.04824727
0.04158898
0.01441276
-0.04512944
0.002968707
0.005663449
-0.00423741
0.07825976
0.008168204
0.003979415
0.06947357
-0.0612543
-0.06204869
-0.1334855
0.005147332
-0.003307186
-0.1961017
-0.038996
0.01504491
-0.1026477
-0.1205614
-0.08657866
-0.1379901
-0.03716842
-0.03971742
-0.0533426
-0.004838874
-0.07849
-0.07922696
-0.02777469
0.03455327
0.07288992
-0.005089238
0.04552703
0.05750006
0.08682435
0.1104173
-0.07138198
0.1008301
0.146121
0.04722009
0.05564423
0.07172196
0.02584746
-0.009226679
-0.03506237
-0.009305361
0.0587471
0.106099
0.1584213
0.1166393
0.0759467
0.06061346
0.1345212
0.02965842
-0.05727437
0.02110124
-0.09641485
-0.2282015
0.08189505
-0.221691
-0.09298591
-0.1681099
-0.05830362
0.2518566
0.05355217
-0.05240959
-0.1237125
0.04919315
-0.2336994
0.003818873
-0.01565664
-0.3189072
0.005243842
-0.07278387
-0.06973479
0.01960629
-0.05908225
0.02231976
0.0387596
-0.04540835
0.110521
0.1156946
-0.02409346
0.06322205
-0.03191178
0.009151996
-0.004080689
-0.0007292166
0.006779411
0.04390989
0.03728383
0.06131828
0.02146012
0.04403813
0.02461006
-0.07726357
-0.02826549
0.02753176
-0.1048444
-0.05948434
0.1369902
0.08522142
-0.05534723
0.1624003
0.08393433
-0.03669411
0.05563655
0.00627689
0.04736764
-0.1602777
-0.1425778
-0.2715511
-0.05920116
-0.1067372
-0.07152596
-0.2315917
-0.1887533
-0.006135775
0.1024323
0.05841327
0.1635471
0.02937637
-0.06301872
0.08648554
0.09538241
-0.07533678
0.008892468
-0.1011137
-0.06506858
-0.07093971
-0.06268842
-0.09543389
-0.06400315
-0.01449129
-0.01802468
-0.04955156
