5.761718e-01
5.186859e-01
4.713182e-01
5.133592e-01
4.671142e-01
4.380802e-01
4.950483e-01
3.765453e-01
3.852894e-06
4.943747e-01
3.790041e-01
4.378040e-01
4.529524e-01
5.206885e-01
4.574653e-01
4.408938e-01
3.932660e-01
4.565088e-01
4.836704e-01
5.028237e-01
5.101489e-01
4.533905e-01
4.816098e-01
5.771412e-01
4.467403e-01
4.414923e-01
5.111525e-01
4.791622e-01
4.627765e-01
3.866663e-01
4.791764e-01
4.719045e-01
4.613527e-01
4.559016e-01
5.663974e-01
4.348860e-01
4.082871e-01
4.132554e-01
4.249817e-01
4.637443e-01
4.988822e-01
4.777595e-01
4.981903e-01
5.142977e-01
1.974550e-04
5.094591e-01
4.710817e-01
4.925625e-01
4.509903e-01
4.509226e-01
5.191045e-01
4.948837e-01
4.915741e-01
4.474189e-01
5.645154e-01
4.690869e-01
3.915581e-01
5.497342e-01
4.807581e-01
4.855545e-01
4.326734e-01
4.867541e-01
5.423297e-01
4.683828e-01
