-1.029934e+00
-2.053370e+00
-1.223052e+00
6.685550e-01
-2.568202e-01
-8.241482e-01
-2.227029e+00
-3.011424e+00
-1.419566e+00
-3.965765e-01
8.603148e-01
1.088557e-02
-1.837435e+00
-2.537280e+00
1.138395e+00
1.298613e+00
4.665011e-01
-6.981779e-01
1.206819e+00
2.420834e-02
9.426696e-01
-1.617751e-01
-1.213830e-01
-1.971953e+00
1.044043e-01
-1.071511e+00
4.289755e-01
4.554826e-01
-7.826157e-02
-1.014741e+00
-1.724727e+00
-3.454869e-01
-7.664238e-01
-1.833109e-01
7.717979e-01
-1.297102e+00
-5.383357e-01
-1.224289e+00
1.135238e+00
-1.302731e+00
8.217539e-02
-1.876317e-03
-1.805582e+00
-5.542361e-01
2.283324e-01
-1.559210e+00
-9.232120e-01
-9.468536e-01
-4.933659e-01
-1.559768e+00
-1.149263e+00
-2.115752e+00
2.404297e-01
-8.038696e-01
-8.969195e-01
-7.239362e-01
-1.309986e+00
-7.590516e-01
2.723660e-01
7.570168e-01
-1.601220e+00
3.682905e-01
1.004889e+00
1.214616e+00
