3.199427e-01
4.850623e-01
2.038132e-01
4.989800e-01
1.530094e-01
-3.690731e-01
5.089882e-01
3.718465e-01
9.626110e-01
5.341383e-01
4.742452e-01
4.228165e-01
-2.743925e-01
5.398529e-01
4.167520e-01
7.045611e-01
9.036667e-01
4.961278e-01
3.775191e-01
3.470191e-01
4.193894e-01
-4.718323e-01
2.629228e-01
3.937761e-01
6.193494e-01
4.061102e-01
3.096524e-01
5.384935e-01
3.902865e-01
3.552078e-01
4.824761e-01
5.724261e-01
3.555279e-01
4.033924e-01
3.683635e-01
4.848041e-01
3.446267e-01
-2.241396e-01
4.550775e-01
1.893795e-01
3.431846e-01
2.714303e-01
6.793475e-01
1.955428e-01
4.428791e-01
5.074507e-01
3.359918e-01
6.336560e-01
6.587293e-01
4.873602e-01
5.047041e-01
7.768358e-01
4.821837e-01
3.985222e-01
6.916605e-01
5.556771e-01
7.550860e-01
9.037599e-01
2.804592e-01
4.300491e-01
6.315446e-01
6.626631e-01
4.663259e-01
5.012081e-01
