-1.120056e-01
-4.864051e-01
-4.586846e-01
-3.517491e-01
-2.016976e-01
-4.454087e-01
-3.200689e-01
-3.491711e-01
-5.519779e-01
-1.886763e-01
-3.423706e-01
-2.164754e-01
-4.068520e-01
-2.684039e-01
-2.344438e-01
-4.343568e-01
-2.614524e-01
-4.686522e-01
-3.146094e-01
-3.815458e-01
-3.408186e-01
-2.312475e-01
-3.807080e-01
-4.007685e-01
-3.315933e-01
-1.864486e-01
-3.791886e-01
-3.930722e-01
-4.816437e-01
-3.553623e-01
-3.855182e-01
-2.359452e-01
-3.759621e-01
-4.009082e-01
-2.951619e-01
-3.841919e-01
-3.834538e-01
-2.231471e-01
-4.323759e-01
-3.239228e-01
-3.108676e-01
-3.231881e-01
-4.677194e-01
-4.990577e-01
-3.971620e-01
-3.387799e-01
-3.791516e-01
-1.250083e-01
-3.145754e-01
-3.289508e-01
-2.871741e-01
-2.975833e-01
-3.281362e-01
-2.986745e-01
-4.335774e-01
-2.053300e-01
-4.906265e-01
-2.830519e-01
-2.945346e-01
-5.557891e-01
-4.624455e-01
-2.953327e-01
-2.770206e-01
-4.107913e-01
