-2.327909e-01
-2.822155e-01
-4.007431e-01
-4.006927e-01
-4.442152e-01
-3.322513e-01
-4.089823e-01
-3.424594e-01
-3.095509e-01
-4.071062e-01
-4.169351e-01
-3.270942e-01
-4.029951e-01
-3.634248e-01
-2.751310e-01
-3.923391e-01
-2.395746e-01
-3.936777e-01
-4.151943e-01
-3.098632e-01
-4.672895e-01
-2.819753e-01
-5.361940e-01
-4.051626e-01
-4.071113e-01
-2.714659e-01
-3.880510e-01
-3.764057e-01
-3.795808e-01
-4.192147e-01
-3.846902e-01
-5.148245e-01
-5.968215e-01
-3.789648e-01
-4.032201e-01
-2.066159e-01
-4.747936e-01
-3.953862e-01
-3.263557e-01
-4.359196e-01
-3.954648e-01
-4.520654e-01
-4.564173e-01
-3.492601e-01
-2.243980e-01
-3.738593e-01
-4.042861e-01
-5.601106e-01
-2.443664e-01
-3.211472e-01
-1.648748e-01
-4.332850e-01
-4.172055e-01
-5.256941e-01
-1.060106e-04
-3.062866e-01
-1.097689e-04
-3.739876e-01
-4.041560e-01
-4.414496e-01
-2.741769e-01
-2.699295e-01
-3.908812e-01
-3.793185e-01
