16 16 3
0.001278404
-0.00278367
0.00259185
-0.002023167
-0.001643859
-0.001375859
0.0009046548
-0.0007998726
-0.001102489
-0.03303119
0.01647084
-0.01162414
0.05078801
0.0233574
0.00963077
0.04123664
0.03550814
0.03348442
-0.08018913
-0.01823559
-0.1205277
-0.07112913
0.06314053
0.03189424
-0.02502058
0.1043029
0.05187253
-0.04502694
-0.008350248
0.001003004
-0.0660132
0.002778789
0.06973747
-0.03586566
0.0133044
0.05674576
0.04460552
0.05369509
0.03594248
0.06386437
0.103834
0.1307431
0.09613119
0.1489778
0.1671038
0.006539609
0.06825753
0.1002023
-0.0623965
-0.003802236
0.03114146
-0.07276583
-0.05710805
-0.01351696
-0.01502081
-0.01086056
-0.04514389
-0.1152127
-0.1253131
-0.1651299
-0.08207349
-0.06436603
-0.04971167
-0.008181022
-0.1037424
-0.1249859
-0.02824992
-0.0522122
-0.08188741
0.05340024
0.09374466
0.1139941
-0.05618809
-0.007259266
-0.03929075
-0.1032141
-0.1290928
-0.147198
-0.08351109
-0.1551685
-0.1486112
-0.01036619
-0.01022097
0.1099541
-0.001866211
-0.1114847
-0.01346235
0.02794576
-0.06455774
-0.02088834
0.003749973
-0.02516714
-0.01632377
0.01993064
-0.08467598
-0.0501647
-0.09296519
-0.1830024
-0.1181573
0.05185508
0.02235312
-0.004273513
0.01162178
-0.0314899
-0.01964399
-0.04035603
-0.07457346
-0.01909258
0.1247923
0.07154422
0.07265045
0.03956407
0.05343705
0.06116537
-0.07347208
-0.12129
-0.114066
-0.06604691
-0.1019481
-0.06244556
-0.03041908
-0.06951181
-0.05121926
0.04027811
-0.004128932
0.02579773
0.03421171
0.04481728
0.04476489
-0.06198366
-0.06980555
-0.06609464
-0.1147423
-0.1196094
-0.09372345
0.003852586
-0.005613516
0.00319432
0.08361079
0.1033754
0.04922555
0.1054788
0.06145347
0.005159567
-0.001871694
-0.0009027875
-0.003938483
-0.003802596
0.001040094
0.001617933
0.0009437721
2.804357e-05
0.0008475542
0.01290084
-0.01406991
0.02419415
-0.01154776
-0.05624526
-0.02548504
-0.006992417
-0.0636932
-0.07318666
0.04967542
0.01437319
0.006065167
-0.01990161
-0.06941134
0.01686142
0.02915885
-0.03230679
0.07196075
0.07232225
0.08751673
-0.07243961
0.03548927
0.099455
-0.03288357
0.01921105
0.0681942
-0.04227013
0.002954728
0.01586838
0.01906359
0.01828579
0.0262022
0.01897237
0.00796166
0.01385768
0.01596104
-0.08034682
-0.04188558
-0.06245859
-0.03504322
-0.007831473
-0.02518976
-0.07955557
-0.07511785
-0.05964781
-0.05150315
-0.0100325
-0.04760734
-0.07025356
-0.02581864
-0.05686694
-0.03787104
0.01820788
-0.02031322
-0.04177866
-0.05274547
-0.03081335
-0.03767745
-0.03520207
-0.02145216
0.0118053
0.02474954
0.03585392
-0.01974475
0.01403932
0.09051957
0.09034078
0.1204974
0.1542355
0.08061922
0.1235022
0.1706524
-0.06263404
0.03266667
0.01160199
0.01517886
-0.001885927
-0.003659798
0.04137975
0.0568573
0.03232016
-0.07914886
0.01187801
0.002117403
-0.0519546
-0.03753398
-0.02031801
0.002418912
-0.08314582
-0.1196951
0.08600214
0.06835134
-0.033476
-0.01229799
-0.01098329
-0.05440303
-0.09315823
-0.08329171
-0.04925046
-0.06948713
-0.08059173
-0.06177448
-0.05185391
-0.04222404
-0.06408548
0.03469743
0.01818074
-0.02329458
0.01212278
0.02278367
-0.0007507288
0.009344341
-0.008236709
0.003834128
-0.006770089
-0.02734253
0.01975589
0.008520368
0.09376101
0.04599004
-0.02518389
0.01436314
0.0261126
0.01039219
-0.02789811
0.004290077
0.03010534
-0.009563514
-0.05470625
-0.00626836
0.03958655
-0.03207669
-0.0536447
-0.04382079
-0.0960599
0.0003752933
-0.0003587002
0.00192775
0.0007536107
-0.0001387024
7.524932e-05
0.001927702
-0.00259043
0.0002471323
-0.02750493
0.04158385
-0.03742799
-0.02393523
-0.06043278
-0.03443903
-0.04615952
-0.151808
0.04129813
-0.2022663
-0.2252511
0.1701583
0.07974551
0.2847546
-0.02044888
0.005984012
0.1909425
0.0204476
0.09656058
-0.13814
-0.06470229
0.05638814
-0.09927035
-0.05485265
-0.0008454018
0.03207065
0.04517684
-0.006338889
0.01200585
0.03713568
-0.03230109
0.006712296
-0.0007964358
-0.02045619
0.01502638
-0.01387603
0.06204473
0.08393753
-0.01274856
0.06702867
0.0663825
0.03033782
-0.01093884
-0.04837337
-0.00995757
-0.04669122
-0.1762922
-0.06237215
0.005003049
-0.06647199
0.0655155
0.1132271
0.02446914
0.05702623
-0.1245472
0.08069129
0.08452452
0.150775
-0.06367317
-0.156267
0.1517385
0.006203004
-0.229323
0.07649706
0.03294143
-0.1599241
-0.07667334
-0.06322263
0.001885451
-0.01343069
0.02625639
0.1774132
-0.1436653
0.2551034
-0.1655658
-0.1205248
-0.04613627
-0.0950866
0.1082734
-0.03894114
0.04726267
0.1168865
0.075871
-0.1609604
-0.02864086
-0.1953994
-0.1164979
0.02251609
-0.1706668
0.06113876
-0.1464188
-0.1026162
-0.1991329
0.0002764582
0.007181381
-0.05535024
0.08679891
0.1546466
0.03567087
-0.229358
-0.507305
-0.5786844
0.1847095
0.3181428
0.3618584
0.06414568
0.08102093
0.06427095
-0.06889516
0.1587159
0.2462228
-0.1114629
-0.004511607
0.1761266
-0.005254291
0.1098798
0.1052774
-0.1252769
-0.1455273
-0.2059479
0.1783533
0.2155027
0.1289084
-0.08516749
0.02533134
-0.04467414
-0.07778738
0.08634353
0.185328
0.06697038
-0.04119783
-0.07587753
-0.02411966
-0.03270104
-0.07774457
0.00177454
-0.003803269
0.0009037828
0.002176036
0.001707754
0.000963597
-0.0007267625
-0.001617026
0.0004888414
-0.06905492
0.007878726
0.01077608
0.1742662
0.1670427
0.1141637
0.2602741
0.3615957
0.1255047
0.03761008
-0.1219534
0.06427623
-0.1384623
-0.1353763
0.2312718
-0.1314027
0.009152022
0.08412334
0.04121244
0.06463263
-0.1482697
0.135945
0.098518
-0.1713793
0.0693639
-0.08466966
-0.1857124
-0.02066093
-0.04398637
-0.02353223
-0.03361288
-0.04638068
-0.01204364
0.01839214
0.009686358
0.05554149
-0.04960003
-0.1178845
0.0368245
-0.07383762
-0.1634689
0.0057391
-0.1201021
-0.2419296
-0.06971169
-0.07114756
-0.1223811
-0.06579117
0.0150935
-0.09061307
-0.03072971
-0.05625854
-0.1059276
-0.01575111
-0.1239482
-0.0282987
-0.0338159
-0.2354125
-0.02356964
0.1020599
-0.2230101
0.07204659
0.1497566
-0.07874258
-0.06917127
-0.1639579
-0.002550206
-0.04736593
-0.1595523
-0.03529845
-0.0900953
-0.235723
-0.05566774
-0.0315048
0.005555911
-0.001612288
0.1146228
-0.117033
0.1134431
-0.005515891
-0.0348485
-0.05768012
0.02529771
0.008991968
0.1621468
0.133129
-0.1441789
0.1487593
0.04946757
-0.1762675
-0.08484808
-0.009388658
-0.04277637
-0.1603752
0.04419871
0.05163454
-0.1037439
0.0185817
0.04163804
0.04445405
0.01909233
-0.01314178
0.06271864
-0.04864526
-0.1304817
0.03253274
-0.1148819
0.02281934
-0.007003008
-0.07250944
-0.005598759
-0.002235731
-0.0956302
-0.01031146
-0.0189372
-0.04947413
0.06498969
0.04008051
8.595434e-05
-0.01364654
-0.01076619
-0.0550047
0.01532611
0.0208712
-0.09505759
-0.06297255
0.05782185
0.0424443
-0.1627933
-0.02055902
-0.007618451
-0.0184596
-0.02156899
0.03979584
-0.0310533
-0.001857801
-0.0008121073
-0.004443171
0.000137789
0.0005924216
0.002652513
0.0008115213
0.001121907
0.001980646
-0.1062856
0.1436955
0.063991
-0.01844352
0.1432251
0.08134191
0.006758022
0.1731707
0.06474791
-0.06205155
-0.04910673
-0.1860181
0.04246291
0.1266685
0.05777527
0.06840903
0.02286595
0.09074115
0.01203187
0.08249714
0.03167689
0.01331896
0.08181894
-0.0004366593
0.0949868
0.01512715
-0.04510222
0.01027351
0.0505364
0.1218319
-0.06612667
-0.003044039
0.06960068
-0.09031849
-0.03669139
0.03600249
-0.188529
0.1914701
0.0588508
-0.1411167
0.1862499
0.09648313
-0.1733452
0.1584255
0.03898913
-0.2124473
-0.1633427
-0.07267968
-0.04951258
0.05921883
0.06751218
0.07944071
0.2378737
0.2322137
-0.08373532
-0.05111026
-0.05294142
0.1723191
0.1732447
0.03781038
0.1314055
0.1463525
0.09036336
-0.1287331
0.06756292
0.1397662
-0.2060108
0.1197062
0.2142265
-0.1433271
0.1595667
0.2465142
0.002268774
0.01213054
0.05030381
-0.02925293
-0.09733078
0.03456421
0.004586284
0.05786772
0.07535717
-0.08484565
-0.02076395
0.05795536
-0.2347355
-0.1153894
-0.05583237
-0.1487729
0.07877138
0.005926336
0.1587045
-0.009692963
-0.02391782
0.04828659
-0.1259692
-0.05535624
0.05012153
-0.07173081
0.01567432
-0.09459717
-0.1325923
-0.007835438
-0.04763088
0.09759616
0.05173782
-0.01804253
-0.008661244
-0.002988256
0.04235757
-0.1090816
-0.1794235
-0.01901664
-0.1819141
-0.1842751
-0.03272003
-0.1192334
-0.1514205
-0.0369121
-0.04092896
-0.008406552
0.01118249
-0.03795193
0.0383529
-0.1127972
-0.1891805
-0.01162406
0.03465259
-0.01791568
-0.04071255
0.1602155
0.1079694
-0.08473441
0.01374322
-0.07801078
-0.1193556
-5.536578e-05
-0.00143378
0.00247757
0.0009771398
0.0005246563
0.002120276
0.00339589
0.0004559371
0.001936462
-0.06554617
-0.1257674
0.09937514
0.09772554
0.03580266
0.1670509
0.1810683
0.1011222
0.1819306
0.02340869
0.1077298
-0.04601916
0.1577242
0.03808217
0.04403537
0.04840202
0.01892399
0.1298491
0.04190866
-0.05163102
-0.03844879
0.04321266
-0.008729221
-0.04054189
0.04630376
0.04934406
0.05004129
0.02848896
-0.007443585
0.005028211
-0.01593432
-0.05968509
-0.04934319
-0.04364973
-0.06481926
-0.07381673
0.06409706
-0.01488348
0.2248436
0.1449227
0.1028623
0.2915121
0.07736071
0.02406043
0.1674182
0.0005962849
0.04347861
0.01162244
-0.0440421
0.04867129
-0.0003309787
-0.01042682
-0.01502288
-0.03545147
-0.01683312
-0.02887548
-0.02727206
-0.05079738
-0.03753326
0.05949285
-0.02410166
0.07951872
0.1465215
-0.01352663
-0.01303448
-0.01544842
0.04989062
0.05283267
-0.001070298
0.09726938
0.06591951
0.003446193
0.03796436
-0.105534
0.05398764
0.03786333
-0.05192443
0.0361829
-0.003158771
0.02968099
0.07480419
0.02868877
-0.02576964
0.05930537
0.1309528
0.03585992
0.08706102
0.1627335
0.1129289
0.05828508
0.008577353
0.01438547
-0.01513624
-0.01142115
0.02600221
0.02330783
-0.02233178
0.05129984
0.02242254
-0.00366743
0.01510513
0.1290218
0.05832495
0.1253125
0.1444576
-0.1701507
-0.1665065
-0.1023424
-0.09845073
-0.09528132
-0.0790184
-0.06958918
-0.003730176
0.01266179
-0.01695762
0.1033214
0.123291
0.03061803
0.04442247
-0.02915004
0.04979955
0.03073468
-0.0295482
-0.03026654
0.008426874
-0.0484399
-0.03777969
-0.01095706
-0.03705815
-0.03317628
-0.06598368
-0.04371452
-0.04691263
-0.01783177
-0.01376249
-0.0009520669
-0.001005196
-0.001334423
0.0004828227
7.948642e-05
0.0007203015
0.003413898
-0.00116908
-0.0002836875
0.007404812
-0.06962416
-0.01409088
0.04602364
0.02963058
0.03542916
0.06192214
0.1108238
0.1053158
0.03855062
0.03295273
-0.1223648
0.01018569
-0.0151112
0.008517116
0.02104467
-0.009241208
0.101819
0.2648355
-0.03522841
-0.2186019
0.2766604
0.03914569
-0.3119256
-0.05780073
0.07557175
-0.08338805
-0.1916404
-0.1162072
-0.1386757
-0.2145148
-0.121216
-0.1622356
-0.149244
-0.08148059
-0.0553777
0.01544259
0.02811879
0.1130141
0.0164733
0.01776929
0.0329889
0.02182651
0.00722594
0.02997475
-0.02158485
0.003763002
-0.04794227
-0.0405611
-0.04762546
-0.05951831
-0.003553378
-0.02490052
-0.1050926
-0.1470217
-0.1102685
-0.08087084
-0.3060785
-0.1690403
-0.07701172
-0.1302762
-0.06161216
-0.05167179
0.04421239
-0.008749442
0.05878665
-0.05167999
-0.08738273
0.001817235
-0.06083459
-0.002160731
-0.01313401
0.03856507
0.06009992
0.09697983
-0.07089169
0.06721365
0.07682072
-0.1467395
-0.04504924
-0.04944576
0.02174252
-0.1118284
-0.1442646
0.1188413
0.1883155
-0.05634972
0.1035282
0.3278477
0.08198709
0.1148127
0.06310337
-0.04265611
0.3240994
0.3712931
-0.05066609
0.3030272
0.3850247
0.01466378
-0.06178973
-0.05153577
-0.05018914
-0.08272938
-0.2140854
-0.1457589
-0.07675365
0.003422235
0.177302
-0.1257227
-0.1469209
-0.01650628
-0.1724624
-0.01804514
0.1180245
-0.08433176
0.04748593
0.07596474
0.05089108
-0.1794013
-0.2278931
0.1493564
0.07333741
-0.07436734
0.07582466
0.2853895
0.1699299
0.3077779
0.04572952
-0.3089381
0.1851882
-0.09228729
-0.3578574
0.08082411
0.06849601
-0.130298
0.0002839471
-0.0006676677
-0.003017716
0.001102739
0.001939393
-0.001557372
-0.001315833
-0.0003859575
0.005992121
0.1215758
-0.182083
-0.1836095
0.1299116
-0.1118716
-0.04199321
0.1675745
-0.07536534
0.01378165
0.05590432
-0.161101
-0.0785355
0.5966567
-0.6593332
0.05343011
-0.01110155
-0.1085789
0.0832395
0.04067994
-0.01645374
-0.08576237
0.03623043
0.07452109
-0.04050517
-0.04379287
-0.0815676
-0.1228357
0.05350285
-0.04961251
-0.07618424
0.06037207
-0.0602357
-0.1476646
0.1683624
0.08273409
0.02960649
0.09944828
-0.1485631
0.03205565
0.003958392
-0.2066335
0.02499104
-0.007925296
-0.3018657
-0.002373016
-0.1484418
-0.02604814
0.01925745
-0.1433631
-0.02568984
-0.1283211
0.07229839
-0.08724894
-0.2474978
-0.002597004
0.2414521
-0.001148518
-0.0727573
-0.000948174
0.1126283
0.05016994
0.1168047
0.0921415
-0.2722334
-0.2233697
-0.06151354
-0.007310311
-0.1330828
-0.07490831
0.002322519
-0.2370044
-0.1802575
0.1054329
-0.1729646
0.03578486
-0.323439
0.6613725
0.05589067
-0.370391
0.08585897
-0.2115756
-0.4627886
0.06306115
-0.009649394
-0.231479
0.276954
0.1760908
-0.184166
0.08184694
-0.09515512
0.1373785
-0.2628075
0.1656215
0.1181473
0.01566862
-0.03435026
0.1278252
-0.05833949
-0.05349478
0.1980192
-0.2706693
0.02480121
0.213198
0.4015428
-0.3258428
-0.006655739
-0.153122
0.0156543
0.08057716
0.1639059
-0.05850708
-0.1108756
0.2339633
-0.1675625
-0.02050848
-0.1547243
0.00547158
0.08752248
-0.1357504
-0.02360369
0.07248286
0.02337255
-0.01533222
0.01024535
0.03358778
-0.1246452
0.06690828
0.1087132
0.005033716
-0.01851453
-0.2040146
-0.02054549
0.09689976
0.06351339
0.09626506
-0.000454542
-0.001284868
-0.002481878
-0.003298501
-0.0009326006
-9.520028e-06
-0.002076893
0.0004688817
0.001824288
-0.2014015
-0.3818426
-0.1083733
-0.05233757
-0.255696
0.004886426
0.0172599
-0.1534292
0.1334234
-0.0926789
-0.2641227
-0.13213
-0.04431609
-0.4380161
0.4126598
-0.1638115
-0.2815307
-0.02462556
-0.131418
0.05821495
0.04720519
-0.01460839
0.01395597
0.003888374
0.07048883
-0.111555
-0.08921889
0.143434
0.06126482
0.06625575
0.07485052
0.001093126
-0.00665152
0.05658835
0.009855447
0.02920217
0.002024196
-0.3119535
0.09833078
0.001284562
-0.2992405
0.07885751
0.1239896
-0.3316658
0.05930223
0.03863056
0.06177546
-0.2234756
-0.05347301
0.06809872
-0.05308294
-0.0931557
-0.1331034
0.09917811
0.01694646
0.1195494
0.137981
-0.1429275
0.1833259
0.1998768
-0.1403951
0.05163312
0.09143637
0.1874567
-0.07980601
-0.108263
0.02864052
-0.1134809
-0.1426449
0.1161495
-0.08480628
-0.1219161
0.157732
-0.2310016
0.03436651
-0.1430445
0.4318229
-0.3277788
-0.02542175
0.2767026
-0.009539028
0.02434121
0.07183562
-0.1691831
0.04566841
0.1195649
-0.422183
0.06226702
-0.01129126
-0.1347509
0.01156961
-0.09630495
0.02652726
0.03908195
0.04168353
-0.02636886
-0.1022804
0.03959297
0.1141393
0.08587855
0.04511175
-0.03820129
-0.1025172
0.06134235
0.1928584
-0.07653853
-0.03822917
0.1611716
0.05906523
-0.04060643
0.07279886
-0.002387813
0.2140071
-0.1012587
-0.09603073
0.0255275
0.01532843
0.1321458
0.05767774
0.03618864
0.0744931
0.04921889
0.08245028
0.02772585
-0.0281841
-0.0803964
0.06417646
0.06142209
-0.01178464
0.08516033
0.1095767
0.1267157
0.01414983
-0.03176749
0.04285952
0.001072426
0.0003640055
-8.035079e-05
-0.001109585
-0.0006670125
-0.004445341
-0.00253827
-0.001493869
0.002437465
0.1481573
0.1789194
-0.05108343
0.04909894
0.07147206
-0.1043457
-0.007489403
-0.01956478
-0.1085427
-0.03671059
0.04592066
-0.007011352
0.006998247
0.01482592
0.02964201
-0.02132715
-0.02631306
-0.01244134
-0.08121657
-0.1000749
-0.02037068
-0.245335
0.000268782
0.275185
-0.2136213
0.1038899
0.3829797
-0.06789295
-0.004021783
0.01723983
0.0402527
0.06426
0.0608067
0.0615954
0.06854078
0.0642318
0.1586665
0.1811772
-0.08844814
0.1041691
0.1048645
-0.08724633
0.07140397
0.08962937
-0.05657695
-0.1543974
-0.1315139
-0.08880123
-0.04175989
-0.03426041
-0.051495
0.09303842
0.1326449
0.04300716
-0.1181423
-0.04610089
0.004691413
0.03641472
-0.02861188
-0.1543556
0.09586033
-0.05784207
-0.2307018
-0.1769201
-0.2132532
-0.03710373
-0.09573198
-0.133954
0.01328658
-0.04575453
-0.07195682
0.10814
-0.02913522
-0.05669576
-0.06365798
-0.006920279
-0.02399433
0.08542406
0.08630278
-0.02862843
-0.09494868
0.1047671
0.2528488
0.02834792
0.05896563
0.1379773
0.04549851
0.005377717
-0.05032641
-0.03980284
0.07571853
0.07461234
-0.1750285
0.02231053
0.01810328
-0.04611295
-0.1288662
-0.1073603
-0.02232043
-0.1352156
-0.1591438
-0.0740789
-0.05177835
0.1478389
0.172586
0.131035
0.1672105
-0.02482358
0.1219255
0.2065906
0.2640304
0.08249245
0.1251193
0.03525553
0.06490207
-0.08116135
-0.1738986
-0.07265453
0.09669841
0.1275673
-0.06377045
0.09556539
0.1259658
-0.03527255
-0.02791918
-0.0126429
-0.215233
-0.1241236
0.01748814
-0.2013182
0.03676813
0.1400062
-0.1668017
0.1222928
0.2234367
-0.001760384
-0.0006064569
0.0003449036
-0.002974887
-0.0006309347
0.001904582
0.001536433
-0.0005804494
0.002800305
-0.1214712
-0.04654042
0.0410392
-0.0808092
-0.05227255
0.02772722
-0.1364045
-0.1140817
0.03669741
-0.05992449
0.06141507
-0.001435685
0.04517332
0.05589318
0.1018664
-0.01016081
0.05598339
-0.006645878
-0.00458018
0.05471156
0.1104695
0.00851803
0.08256491
0.1227209
-0.01781687
0.08085706
0.07998725
0.04601936
0.02824215
0.06557371
0.01734823
0.01602662
0.04754093
-0.02943564
-0.03115418
-0.01545133
-0.1955692
-0.06075855
0.05243739
-0.1709771
-0.09780612
0.02269366
-0.1648537
-0.1284088
-0.02728749
0.006061025
-0.09359423
-0.150897
-0.04217819
-0.01119367
-0.004006271
-0.05066783
0.05287607
0.03481565
0.06765959
0.02918163
-0.03553584
0.1530072
0.09702034
0.1310753
0.08104726
0.01770105
0.005902667
-0.01431744
0.02121588
-0.1102432
-0.07160835
0.0135715
-0.01106333
-0.07784807
0.05621821
0.06965898
-0.04249946
-0.08331894
0.02177989
-0.08609588
-0.001109764
0.0145554
-0.06533057
-0.005567433
-0.0611508
-0.02740568
-0.06956211
0.01290324
-0.1072674
-0.1027183
-0.09741912
-0.1011045
-0.091029
-0.01014486
0.02303326
-0.09524649
-0.1154848
0.07069337
-0.002447636
-0.005159332
0.08663112
-0.01028792
-0.04578304
-0.002310017
-0.07612994
0.02417548
-0.06709269
0.003136667
0.1119385
-0.01188287
0.01820905
0.09265469
0.02422863
-0.02220193
0.001309309
0.02645045
0.06842487
-0.0117979
0.1604981
0.1390205
0.05968095
-0.01144711
-0.1190468
-0.1312244
-0.0434857
-0.05622834
-0.01757688
0.06683226
0.07662579
0.1185638
0.09497547
0.04037252
0.0181679
0.1229038
-0.003761654
-0.00390979
0.01794382
-0.06059376
-0.04797775
-0.0005618358
-0.0006406495
-5.877422e-05
-0.0009787133
0.001013306
-0.001805429
0.0002251535
0.003107731
0.0037432
-0.05343765
-0.1061836
-0.05761013
-0.07669005
-0.1812061
-0.102427
-0.09172329
-0.2434515
-0.1675699
-0.004320775
-0.01310627
0.05101762
0.01737984
0.02147536
0.06462949
-0.04835733
0.05570453
0.09989168
-0.08270162
-0.1484881
-0.110065
-0.0401244
-0.09989725
-0.06680624
0.01242444
-0.03613666
-0.08191043
-0.0941763
-0.006857438
0.06011854
-0.09287488
-0.01523716
0.09186283
-0.08620124
-0.0281854
0.04106953
0.1259313
0.006571984
-0.05854174
0.1271238
-0.02667475
-0.08218486
0.08093559
-0.1105665
-0.150324
-0.05392321
-0.06390656
-0.09491304
-0.11852
-0.1135639
-0.09023853
-0.1460373
-0.1449687
-0.1140621
0.05129194
-0.01498178
-0.1031062
0.04820463
0.02267561
-0.07120442
-0.005560542
-0.02897486
-0.075537
-0.07472835
-0.09202404
-0.09585361
-0.1158756
-0.1487645
-0.1878825
-0.1267485
-0.1551932
-0.1312504
0.01577642
0.05622225
-0.02147206
0.05084493
0.09154021
-0.02757465
0.1557704
0.1275609
-0.02038984
-0.03641428
0.04371016
-0.05302766
-0.05892273
-0.06650845
-0.1882741
-0.08561928
-0.1041363
-0.09005851
-0.1063996
-0.0171013
0.08200683
-0.1766801
0.03208124
0.1570407
-0.1171909
0.07679292
0.2572624
0.01888993
-0.04444362
-0.1903098
0.02861088
-0.07625557
-0.1909851
0.130832
-0.02218852
-0.03924961
0.006601967
-0.03855142
-0.07165133
-0.009543643
-0.03336184
-0.02678084
0.07228295
0.0278217
0.06569985
-0.1157712
-0.1199495
-0.08288711
-0.119712
-0.06551594
-0.02674064
-0.08553571
0.0136249
0.08273236
-0.04658071
-0.03796704
-0.01117994
-0.04740401
-0.01437698
0.05554638
-0.02021825
0.01035139
0.08459327
0.0009240571
0.001285093
-0.001619416
0.000771283
-0.001567693
-0.00183483
-0.001896017
-0.001803054
-0.001919258
0.03110968
0.09650534
0.08105867
0.03928033
0.1275381
0.1033656
0.08162566
0.08645389
0.1213682
0.0508303
-0.05265214
-0.03697067
-0.06105846
-0.03680327
-0.1166287
0.03087779
0.1241724
-0.05300743
-0.1008861
0.04613391
0.2509649
-0.05802094
0.01857166
0.09822096
-0.04566155
-0.01405613
-0.09181391
0.1234272
0.07554021
0.09426851
0.06609556
0.007251138
0.04745876
-0.02732049
-0.03163154
0.01961839
-0.007981641
-0.0559019
-0.03316939
0.09202644
0.04084659
0.07806793
0.07018079
0.02430611
0.04302874
-0.08986159
-0.06176663
-0.05680231
0.004110567
0.006171404
0.003853968
0.023545
0.02230091
0.009700843
-0.1466133
-0.09947582
-0.04742252
-0.1789474
-0.06697034
0.09174567
-0.0876101
-0.005825249
0.1196997
-0.03791133
-0.03914849
-0.1156985
-0.01497602
0.006750514
-0.07062145
-0.05935188
-0.01969323
-0.1041401
0.0372026
0.02988202
-0.006899131
-0.0002842369
0.02755033
-0.01209447
0.04965818
-0.03480069
0.03238
-0.005858305
-0.01808185
0.0532288
0.06818742
-0.07104317
-0.05942503
0.1057407
-0.008501077
-0.009107659
-0.05708362
-0.07629339
0.03257876
-0.05815497
-0.1367563
-0.06254007
0.05363075
-0.007419251
0.03902782
-0.1116255
0.02884853
-0.06064048
-0.06477063
-0.1189926
-0.2319517
-0.08459993
-0.1827875
-0.2399064
0.03941631
0.03037794
-0.06995591
-0.02639737
0.02946329
0.0419999
-0.02302017
0.02813711
0.05233188
-0.0180601
0.009811316
0.04269211
0.05917006
0.06107371
0.04277596
0.136604
0.0846272
0.05612949
-0.09689899
0.051439
0.1360029
-0.1678873
-0.06825211
0.04424291
-0.1714584
-0.1048549
-0.06723566
-0.001881968
-0.001765416
-0.001085933
0.0003388109
-0.002489956
-0.0006202274
0.001351536
0.001167287
-0.0004962618
0.04611226
-0.04018131
0.07981727
-0.001876701
-0.1076194
0.01257911
0.08206761
-0.007079586
0.1059147
0.06556445
0.2748037
-0.05876017
0.0548379
-0.2673263
0.3537578
-0.06662238
0.04697665
-0.111155
-0.005327448
-0.06910885
0.02287632
0.05122585
0.1056857
0.04102329
-0.02105089
-0.08318105
0.05660651
0.05249357
-0.01184903
-0.00675818
0.04731485
-0.04743359
-0.06385522
0.03319402
-0.03483652
-0.0621173
0.02813863
-0.1350198
0.09323047
0.04165905
-0.2643142
0.0179114
0.06069548
-0.2755665
-0.02806684
-0.04608011
0.09193962
-0.007894916
-0.01104697
0.06849338
-0.0514095
0.04554555
-0.2009147
0.04355952
0.1494884
-0.05193842
-0.05326795
-0.1269248
0.08493178
0.2313648
-0.04143824
-0.0005840308
-0.03119663
0.03619237
-0.02840094
-0.04173374
-0.07879368
-0.09607166
-0.07152046
-0.03125985
-0.07365333
0.06483728
0.1049137
-0.3447309
0.1582825
-0.1269504
0.3258034
-0.1827896
-0.2601716
-0.06664968
-0.0539039
-0.0466408
0.08047317
-0.05471009
-0.01216053
0.211124
0.04734964
-0.1120355
0.001105227
0.003529473
0.01777372
-0.01920497
0.08934081
0.1776454
0.3408769
-0.0602792
0.02144298
0.09638947
-0.06161989
0.02747381
0.229102
0.4201013
-0.3140247
-0.4636939
-0.4014183
-0.04182475
-0.00397526
0.2062254
0.08199301
-0.2047749
0.1261692
0.09970677
0.4606725
0.06764948
0.1219943
0.06526318
0.1492232
0.1495851
0.09218401
0.01392774
-0.2027029
-0.0250718
-0.05011565
-0.1152744
0.07032946
0.01881852
0.1671882
-0.04559065
-0.1315159
-0.05903529
0.09772196
0.1855245
0.05168215
-0.005566015
0.02712251
0.001479202
0.002915781
0.001094932
0.002122487
-0.003713838
0.001997329
-0.00133751
0.0004945968
-0.001006872
-0.1260979
-0.1404751
-0.06444225
-0.0838371
-0.134473
-0.07809758
-0.002362656
-0.04155549
-0.05436446
0.09659795
0.06849544
0.02369373
0.07767027
0.05177918
0.04574025
-0.03511145
0.02111536
0.106069
-0.2575592
-0.3097213
-0.1846803
-0.2097781
-0.2794617
-0.142526
0.00485456
-0.1854207
-0.1318125
-0.04851582
-0.01961205
0.001115943
-0.01534334
-0.01796476
0.0415332
-0.0280479
-0.009817061
0.05794045
-0.1145593
-0.1982449
-0.1014979
0.1071611
-0.01123296
0.08019479
-0.03696325
-0.1432525
-0.07103156
0.01189274
0.05786103
0.005615824
-0.08400631
0.0305397
-0.03370619
-0.1385199
-0.1115124
-0.09405903
0.05809278
-0.1384461
-0.2567222
0.04233702
-0.1393036
-0.160588
-0.1855655
-0.1517345
-0.04522712
-0.1491217
-0.2265202
-0.08333063
-0.1515281
-0.3167467
-0.1751491
-0.1285145
-0.3364623
-0.2651339
0.01265751
-0.1429614
0.04453536
0.009211119
0.01059636
-0.168999
-0.01528454
0.1031433
-0.03009436
-0.03480351
-0.0410591
-0.1180923
0.02721101
-0.02974293
-0.190938
0.03504254
-0.01599208
-0.1355664
0.05078331
0.008820852
0.05312746
-0.07270179
-0.02874953
0.007269952
-0.1737591
-0.08052118
-0.06209721
-0.1039587
0.05945337
0.06014636
-0.005960374
0.05578466
0.02084982
0.05423306
0.1836078
0.114972
0.08901159
-0.01819779
0.02478961
0.1878112
0.1387254
0.01495992
0.02457547
0.07987244
0.1181913
0.06030274
0.06862819
0.06150439
0.008217505
0.02452026
-0.007734956
-0.04494239
-0.009199756
0.02388902
-0.03084218
0.01854712
-0.04514198
0.007166948
0.07957743
0.04982413
-0.04993963
-0.007124673
0.03379802
0.001546435
-0.00045878
0.00059577
-0.0003933418
0.002144574
0.002185045
0.00318191
-0.001792334
-0.001580828
-0.07798372
-0.1071031
0.005388005
-0.04656939
-0.1018555
-0.005876257
-0.03706043
-0.1327342
-0.009150588
-0.03129567
-0.08765666
0.01414723
-0.02372623
0.03036271
0.03733488
0.006790849
-0.01609004
-0.007818011
0.03825456
0.05490303
-0.03519869
0.1076073
0.06718937
-0.06523109
0.1843416
0.1079142
-0.04433342
-0.07051969
0.01994251
0.01251643
-0.1034788
0.0365685
0.04210413
-0.09044038
0.03972486
0.06258608
0.004918696
-0.125508
0.03110917
-0.01330103
-0.1613919
0.004128548
0.03843484
-0.107161
0.06462337
0.0121066
0.01996568
-0.01884808
0.0812417
0.135576
0.05547908
0.0719367
0.1319296
0.09187747
0.007146596
0.0257996
0.1107803
0.05694944
0.07722289
0.07606891
0.03090827
0.07947897
0.06254967
0.08340517
0.07580113
0.04735674
-0.01263385
0.003624601
0.002625125
-0.02743702
0.001407675
0.009872663
-0.0993784
-0.01022964
0.06613168
-0.001600299
-0.0230383
0.02304506
0.08038267
-0.02482682
-0.08496442
0.04325228
-0.05111843
-0.0886974
0.04998313
-0.04357881
-0.06950116
0.03403104
-0.07023611
-0.0809596
-0.1862473
-0.1241898
-0.06183244
-0.01492086
0.08191449
0.1839791
-0.04192807
0.1264128
0.1887574
0.1665704
0.09221383
0.04582151
0.1946996
0.1049308
0.003539694
0.1524929
-0.02000594
-0.07652293
0.04410745
0.07477981
0.1679104
-0.0828274
0.002746667
0.1518479
-0.1015496
0.01971642
0.08097711
0.04366216
0.08094886
0.1257468
0.09604628
0.151582
0.1846671
0.04582659
0.1951692
0.2301321
-0.03736043
-0.008079453
-0.01823858
-0.03329169
-0.02712658
-0.04472155
-0.03102737
0.02266223
0.0218739
