-7.070921e-02
-4.504328e-02
-6.553444e-02
-3.055362e-02
-1.993082e-02
-2.291319e-02
3.306474e-02
-1.311010e-01
3.285004e-01
3.054386e-02
-7.197427e-02
-1.234868e-01
6.169605e-02
-1.457603e-01
1.309990e-01
5.079063e-02
-3.538726e-01
-2.456623e-01
-1.594214e-01
-1.147151e-01
-2.743927e-01
1.760200e-01
-1.032473e-01
-1.252525e-01
6.659152e-02
-2.362640e-01
-1.799361e-01
-2.622693e-01
-1.308179e-01
-2.418650e-01
-1.466645e-01
-2.902939e-01
-1.945309e-01
-8.776038e-02
3.879466e-02
-2.911924e-01
5.517127e-03
1.315311e-02
-2.644897e-01
-9.617711e-02
-1.163984e-01
-3.118319e-02
-8.771951e-02
-8.613290e-02
-1.056015e-01
-8.468694e-02
-1.509404e-01
3.150760e-03
5.514577e-02
1.203691e-02
-1.850350e-01
3.094246e-01
-1.614315e-01
-4.673564e-02
-1.789690e-01
-1.051331e-01
-1.976354e-01
-1.380364e-01
-6.660505e-02
-2.202981e-01
-5.538425e-02
-1.608308e-01
-9.392332e-03
5.586356e-02
