4.604368e+00
3.543988e+00
3.465256e+00
3.435810e+00
5.296542e+00
4.680270e-04
4.331130e+00
4.577410e+00
4.707596e+00
5.846560e+00
3.981494e+00
4.543588e+00
3.231213e+00
5.362135e+00
6.244607e+00
5.024736e+00
4.372045e+00
3.913057e+00
5.374432e+00
4.883489e+00
4.982619e+00
4.289488e+00
3.650269e+00
4.014309e+00
2.850881e+00
4.720678e+00
4.563437e+00
2.986674e+00
3.783554e+00
4.404334e+00
4.349136e+00
6.158334e+00
3.855212e+00
5.545433e+00
4.799615e+00
3.566405e+00
5.350275e+00
4.421213e+00
4.873363e+00
4.516943e+00
3.558181e+00
4.549228e+00
5.267394e+00
2.934814e-04
5.370535e+00
1.958790e+00
4.202800e+00
3.969804e+00
3.081503e+00
3.423589e+00
3.852607e+00
3.347650e+00
5.651767e+00
4.913605e+00
4.843111e+00
4.536296e+00
5.050527e+00
3.498889e+00
4.440328e+00
5.005842e+00
4.153495e+00
3.693738e+00
4.057722e+00
4.301806e+00
