1.218636e-03
1.793720e-01
3.633389e-03
-4.363230e-01
-2.578330e-01
-4.716397e-01
1.075099e-01
-3.133332e-01
-6.869106e-01
2.875431e-01
-1.394270e-01
-2.481763e-01
-4.045144e-01
-9.268426e-02
-7.186347e-02
-1.463695e-04
5.650746e-01
-7.548068e-02
-3.147967e-01
-2.436888e-01
-3.713422e-01
-1.663139e-01
8.294160e-02
5.485165e-02
-4.048673e-01
2.689178e-01
-5.989293e-03
6.213346e-01
7.716928e-02
-5.049357e-01
7.671779e-02
1.872409e-01
-2.565925e-01
-1.207029e-03
6.103480e-02
-4.320682e-01
-3.798580e-01
-3.354412e-01
-7.039001e-01
-4.792727e-01
1.139195e-01
2.334339e-01
3.206930e-01
-2.295368e-01
9.231621e-02
-5.979954e-01
-3.622978e-01
-6.821062e-02
-2.539082e-01
-7.606627e-01
-1.268623e-01
1.667178e-01
1.180945e-01
2.570372e-02
-2.336710e-01
6.084132e-01
1.041897e-01
2.640679e-01
-7.877537e-01
-3.089441e-01
-4.434796e-01
-1.219790e-01
-3.748282e-01
-2.638218e-01
