5.500581e-01
5.656150e-01
5.795847e-01
5.210583e-01
5.072935e-01
5.289510e-01
4.800341e-01
4.460624e-01
5.608298e-01
5.746408e-01
6.016473e-01
5.083480e-01
4.686947e-01
4.803144e-01
4.087464e-05
5.781006e-01
5.766137e-01
5.395938e-01
4.593711e-01
5.123394e-01
4.664044e-01
5.638781e-01
5.156125e-01
5.361302e-01
1.223893e-04
5.467024e-01
5.422742e-01
5.286406e-01
5.385579e-01
5.315884e-01
4.492697e-01
5.106197e-01
5.329446e-01
5.613777e-01
5.846707e-01
5.571125e-01
4.601546e-01
5.803089e-01
5.373855e-01
4.831396e-01
5.508949e-01
5.234017e-01
5.230888e-01
5.191564e-01
4.822858e-01
5.225462e-01
5.397949e-01
6.091140e-01
5.195227e-01
4.163535e-01
6.677514e-01
5.450511e-01
5.649254e-01
5.509092e-01
5.225599e-01
5.192983e-01
5.023935e-01
6.274962e-01
4.774734e-01
5.109185e-01
4.425050e-01
5.118355e-01
4.781272e-01
5.028346e-01
