9.731493e-02
9.402523e-02
5.187006e-02
8.820497e-02
7.695256e-02
7.404865e-02
7.424100e-02
6.882712e-02
1.016863e-01
5.755193e-02
5.988387e-02
5.643365e-02
6.387326e-02
5.933393e-02
7.877030e-02
4.258726e-02
4.507484e-02
1.089793e-01
4.760044e-02
6.852760e-02
9.537756e-02
3.756586e-02
5.034595e-02
4.962223e-02
4.561159e-02
5.354835e-02
4.795113e-02
3.549313e-02
5.294548e-02
4.091489e-02
3.923422e-02
6.350250e-02
6.921820e-02
4.683707e-02
6.051814e-02
6.722795e-02
4.095040e-02
4.147626e-02
5.484666e-02
6.447495e-02
6.287707e-02
8.144224e-02
4.609151e-02
4.320204e-02
5.117126e-02
2.965351e-02
5.045298e-02
3.635438e-02
4.969306e-02
9.170068e-02
9.028061e-02
1.065125e-01
1.219111e-01
2.181978e-02
9.396068e-02
6.949946e-02
8.976239e-02
6.400736e-02
5.287253e-02
1.139181e-01
1.150110e-01
6.726792e-02
6.067418e-02
6.154000e-02
