2.018742e-02
4.938492e-02
1.661491e-02
3.947311e-02
1.304126e-02
2.989849e-02
4.213288e-02
1.770771e-02
1.259762e-01
5.259154e-02
2.550209e-02
2.286871e-02
9.907251e-03
3.968145e-02
2.602268e-02
5.659470e-02
5.959902e-02
3.725860e-02
2.678990e-02
1.798293e-02
3.970631e-02
2.200323e-02
1.381999e-02
3.818225e-02
3.501663e-02
1.864235e-02
1.925370e-02
2.851270e-02
2.044923e-02
1.593559e-02
2.930805e-02
3.784034e-02
2.313149e-02
2.159040e-02
1.349717e-02
4.133926e-02
1.199360e-02
7.945852e-03
2.383423e-02
7.551767e-03
1.787011e-02
1.974071e-02
4.218049e-02
7.747938e-03
2.701229e-02
1.916940e-02
2.226909e-02
4.037452e-02
5.676213e-02
2.464555e-02
3.773332e-02
4.210530e-02
4.722286e-02
2.662018e-02
6.581620e-02
6.220526e-02
7.969568e-02
1.020660e-01
1.759876e-02
4.110354e-02
5.466025e-02
5.557020e-02
3.311556e-02
3.646655e-02
