16 16 3
0.06572569
-0.009336423
-0.03034006
0.04717197
0.0212979
0.001185043
0.008870224
-0.08006058
-0.07928214
-0.002417081
0.0009901173
-0.003207216
-0.0005152449
0.001060008
-0.00195793
-0.0008671239
-0.001228764
-0.001996594
-0.1669055
-0.1403594
-0.1143865
-0.2675935
-0.2753726
-0.150524
-0.1814153
-0.2435119
-0.2001199
0.01487075
0.04856409
0.04444588
0.000428487
0.05972177
0.002942741
0.07599053
0.1036107
0.02942426
0.009525745
0.03715073
-0.01988373
-0.01075729
-0.01386439
-0.009920153
0.08074931
0.05452226
-0.00257914
-0.1546005
-0.06010977
-0.09360306
-0.09508621
0.05193477
0.1122841
-0.05183586
0.02607297
0.09684049
-0.02285252
0.01880261
0.1346082
-0.01684943
0.078327
0.1027898
-0.09839447
0.00785396
0.04441309
0.06441798
-0.01373235
-0.07617836
0.07906412
0.04532356
0.01174113
0.01937339
0.03120179
0.01421484
-0.001669232
1.044646e-05
-0.001342387
0.002121311
-0.004679987
-0.00158872
-1.976615e-06
-0.000405032
0.000824273
0.07340083
0.1621492
0.1420895
0.04413229
0.02439568
0.03149453
0.07213292
0.07056057
0.0286491
0.07067087
0.07767112
0.05165276
0.1126957
0.0395918
0.02889416
0.01352658
-0.0250138
0.01837555
-0.09571663
0.001628553
0.0557653
-0.1246927
-0.172119
-0.1526171
-0.1263878
-0.1725146
-0.1922009
-0.1456607
-0.07334244
-0.03161886
-0.1366902
-0.1674632
-0.1192925
-0.1113501
-0.1665253
-0.1639144
0.08686765
0.0799211
0.09652294
0.03338685
0.04886314
0.05756895
-0.03294959
-0.01452111
0.03331499
-0.03461856
0.03082888
-0.002812595
0.017122
0.03902265
0.08227154
0.01700672
0.02152991
0.0541364
0.04722878
0.04334345
0.08333906
0.08464421
0.09242503
0.1191198
0.03862252
0.04756216
0.03793313
0.06129641
0.08654054
0.001051826
0.08460765
0.07510155
0.04137258
0.0580901
0.08445419
0.01343226
0.003881415
-0.004864162
-0.001942469
0.002224693
0.002362489
-0.001099999
-0.001485053
-0.001238619
-0.001367996
-0.08363453
0.03037911
-0.05667943
-0.05692465
-0.05624355
-0.0258776
-0.04782652
-0.02771037
-0.07166201
-0.06321368
-0.05264576
-0.03377795
-0.1026715
-0.1132613
-0.03835869
-0.03431214
-0.01585757
-0.02397146
-0.0671122
-0.008321565
0.002340478
-0.06691356
-0.06600217
-0.1245033
-0.05761469
0.02906667
-0.01316385
-0.07087216
-0.1507829
-0.06252258
-0.1280992
-0.168826
-0.1345097
-0.09727956
-0.09713311
-0.05205097
0.1448972
0.0825453
0.04732389
0.2321148
0.2185077
0.06749725
0.007331787
0.1429944
0.01107873
-0.07620634
-0.1586715
-0.05414379
-0.1656052
-0.2196084
-0.1195808
-0.1058472
-0.1741073
-0.06081619
0.003664504
0.000350564
-0.000370735
-0.001604451
-0.0008003861
-0.0008631559
0.001753964
0.001546736
-0.001099186
-0.02707918
-0.01545519
-0.03804002
0.07468382
0.03368536
-0.01006243
0.0942281
-0.002997969
-0.02753401
0.04645322
0.03668762
0.05153531
-0.06455761
-0.05405141
-0.01396166
0.03096941
0.01535858
0.01248294
-0.1640393
-0.1207289
-0.06620111
-0.2265239
-0.4088453
-0.3017423
-0.2072566
-0.2888314
-0.2202669
-0.1026448
-0.1805446
-0.0635874
-0.1694039
-0.2715371
-0.2357416
-0.09247903
-0.2354278
-0.2059816
-0.04010073
-0.04488022
0.02607517
-0.02175335
-0.01060256
-0.02236219
-0.04521462
-0.05080864
-0.07031144
0.1834998
0.04115158
-0.09414589
0.05940391
0.05845024
-0.043618
0.09522111
0.07622346
0.07060939
0.01036491
-0.03158285
0.06887071
0.01933107
-0.01763752
0.009726665
-0.06213741
-0.09847431
-0.02680979
-0.04808987
0.007004463
-0.1259008
-0.0234535
0.03320125
0.09332892
0.1183604
0.09972196
0.07137967
0.004884657
-0.004139765
0.003869471
-0.002666269
0.0001823044
-0.001507945
0.001800019
-0.001522395
-0.00345351
-0.01818758
-0.08775364
-0.04607223
-0.1032727
-0.05995952
-0.1467491
-0.1088421
-0.1233939
-0.1159434
0.06691267
0.02807623
-0.03726646
-0.01966515
0.02108597
-0.00468467
0.1292677
0.1149038
0.01140467
-0.02146647
-0.04415653
-0.03736505
-0.01064144
-0.03310804
-0.06435873
0.07449283
-0.0387437
-0.04309444
-0.01775053
0.07740309
-0.02675987
0.0246528
0.06181366
0.03442062
0.03017738
0.001665932
0.06754763
-0.05285435
0.01769016
0.04522748
-0.111149
0.01269339
0.01922348
0.007161855
-0.03216507
-0.03628995
0.08200255
0.05093898
-0.03381983
0.09816663
0.1215406
0.1122785
-0.001763121
0.06409334
0.0218231
-0.00398563
0.0004331597
-0.00104213
-0.001096276
-0.0009455491
-0.0004823158
-0.001834609
-0.00137114
0.0009713886
-0.04545843
0.04528296
-0.02826948
0.1215921
0.1390119
0.1474057
0.2976139
0.2343902
0.1332201
-0.01468764
0.08383729
0.006810275
-0.03587282
0.09630724
0.03522406
-0.01892209
0.01548041
0.00727459
0.0973797
0.2199748
0.244269
0.1327925
0.3520202
0.4585675
0.1347882
0.237335
0.341488
-0.03454611
0.2676112
0.05036378
0.1114725
0.2371623
0.1672852
0.1823535
0.1264344
-0.031676
-0.05999261
-0.04171149
-0.02302515
-0.06820057
-0.01752376
-0.1128888
0.05547944
0.01949195
0.02976719
0.0762271
0.007929027
0.09452371
0.17959
0.1265308
0.1497762
0.08048274
0.06628709
0.03867689
-0.03512663
0.09347814
-0.04695521
0.02388114
0.04777938
0.02491954
0.04016346
0.1057191
-0.02839151
-0.01836141
-0.09629005
0.02092936
-0.1289647
-0.1656176
-0.197097
-0.09314882
-0.141389
-0.05993984
0.003096261
0.0002051185
0.0008858973
0.0006730743
0.002994525
0.0007633006
-0.002420857
0.003309577
-0.001467527
-0.04064577
0.1188103
0.1735427
0.008018262
0.3510039
0.3392633
0.03132441
0.3182788
0.2939634
0.06569384
0.06790932
0.04602499
-0.0077815
-0.01173581
0.06327308
-0.02955976
-0.06171127
0.03609514
0.1235965
0.07977888
0.1723097
0.2755608
0.2196916
0.2564072
0.2516101
0.1751648
0.2305989
0.002511961
-0.01570733
-0.06234308
-0.002816755
-0.1260983
-0.1489685
-0.02246489
-0.1059707
-0.1337816
-0.06038184
-0.02403485
-0.09516088
-0.06354605
0.0728914
0.01645122
-0.04615542
0.0813714
0.1063993
-0.1016232
0.03140696
0.02871541
-0.08968527
0.03318589
-0.03913777
-0.05143337
-0.0372592
-0.05165807
0.001674313
-0.0007506888
0.002702725
-0.001942373
-0.0003240761
-0.0001921229
-0.0009819396
-0.002724429
0.0001051434
0.003812226
-0.04058059
-0.03641902
-0.07856568
-0.0924814
-0.02976067
-0.03047952
-0.0568925
-0.026487
-0.1283201
-0.07274161
-0.04515972
-0.1427337
-0.07561243
-0.01338061
0.02394296
0.1370042
0.06182183
-0.004757191
-0.05251668
-0.04261213
0.07989256
0.1652635
0.07352772
0.0850672
0.05344762
0.1705803
0.08883027
0.1137521
0.07521815
0.02547474
0.1288818
0.1479404
0.07760249
0.08942088
0.04445219
-0.008254016
-0.01017646
-0.02108287
0.004951084
-0.002688634
0.004149174
-0.1320678
-0.1318036
-0.1602716
-0.09726869
-0.06589581
0.01620889
-0.0497538
-0.0728646
-0.07905994
0.05369077
0.004698317
-0.02490633
0.08292225
0.1335608
0.1976527
-0.0249664
0.01708162
0.07555091
-0.03827754
-0.02252704
-0.04646161
0.00108888
0.05561301
0.03209427
-0.0002769539
0.008786201
0.01131799
0.03213273
0.06262294
0.06207944
-0.002383278
-9.606352e-05
-0.001945588
-0.004297646
-0.001572652
-0.001680096
-0.0001334177
0.001481954
-0.0001898388
-0.08270413
0.04431229
0.08083935
-0.006023917
0.04159146
0.09439928
-0.0376983
0.04771015
0.04129097
0.00563449
-0.02529829
-0.0156542
-0.01067313
-0.03926541
-0.05082506
0.003774507
-0.03351439
-0.04091118
0.0188456
0.05434369
0.02950031
0.02868442
0.06902947
0.01533747
-0.005803158
0.01345522
0.008010758
0.08363078
-0.03108495
0.03438191
0.008214376
-0.03378282
0.008140805
0.03040605
-0.02338321
-0.03135209
0.1058238
0.02158375
-0.04797976
0.1175851
0.03729183
-0.02123951
0.04511937
-0.004965738
-0.04641362
-0.07461028
-0.0199203
-0.02381864
-0.005287254
-0.008160101
0.002983999
0.01708948
-0.01380601
-0.006055282
-0.001041094
0.0003749562
0.002207149
0.002647401
0.001667161
0.001363067
-4.366174e-05
-0.0004309775
0.0003641527
-0.02426229
-0.04692051
-0.04558201
-0.02116128
0.01506705
-0.03307094
0.01464497
0.02169889
-0.01322603
-0.005431509
-0.01229275
-0.01333942
0.04134879
0.05579763
0.03301278
0.01558389
0.04554015
0.0301484
-0.02750502
-0.1457749
-0.05741396
-0.1165764
-0.001161332
0.09707998
0.01116581
0.1212805
0.01044413
-0.08635585
-0.01503939
0.05280858
0.004789829
0.02577262
-0.05793915
-0.005555137
-0.04823531
-0.1367608
0.03382898
0.03101717
0.03032962
0.01428047
0.008110174
0.01130481
-0.08352219
-0.1066936
-0.1121875
0.03841371
0.0284723
0.005089892
-0.06190867
-0.03319778
-0.04407197
-0.1024766
-0.09509803
-0.08096334
-0.02710018
-0.0403252
-0.003767991
-0.009991463
-0.003653528
0.02778965
-0.0006773294
-0.003538461
-0.03391308
0.03740602
-0.001211292
0.0006205583
0.009322786
0.02090476
0.02833872
0.0167412
-0.00347904
0.04648732
0.0007124204
-0.003519248
-0.0002107905
-0.00266946
0.001237505
0.0004346894
0.001096717
-0.0006444345
-0.001113038
-0.07878786
-0.07258599
-0.08164132
-0.05074954
-0.07932947
-0.01068093
-0.009334694
-0.07891689
-0.004647377
0.1150718
0.1019141
0.08101007
0.08346951
0.02650836
-0.02127808
0.03908253
0.04591664
-0.01213208
-0.005805842
-0.06215902
-0.0547359
0.02539212
-0.04427339
-0.05548877
-0.02330012
-0.07729664
-0.08437302
0.02432711
-0.001876319
-0.04335911
0.01676451
-0.02098597
-0.02810539
-0.1029089
-0.08928197
-0.03606933
-0.07229038
-0.01448329
-0.07782938
-0.1295837
-0.060975
-0.05810496
-0.08365829
-0.04760128
-0.02514617
0.03082995
-0.007170377
-0.02812921
0.004188577
-0.03160866
0.001892667
-0.04086361
-0.06281646
-0.08027402
-0.001152674
-0.0003099716
3.669065e-05
0.00108595
-0.001157269
-0.002665607
-0.001057585
0.0004359762
0.001155967
0.03059593
0.03641195
0.0522364
0.05398231
0.09832384
0.08032067
0.00372696
0.05352316
0.04991557
0.03655316
0.07705617
-0.008190244
0.09349643
0.150733
0.1147043
0.175112
0.1880109
0.09786233
-0.08634397
-0.07764954
-0.002893156
-0.07542173
0.02696658
-0.01149819
0.02012804
0.004890837
-0.05306051
-0.01530204
0.00618447
0.04842829
-0.03997182
-0.04943259
0.04448622
-0.07037096
-0.05034152
-0.04896271
0.0774884
0.1175842
0.08195928
0.1359666
0.1881488
0.214258
0.02714831
0.05022493
0.05864591
0.03379146
0.01726948
-0.034535
0.095183
0.09027325
0.04235698
0.1224861
0.05265414
0.04209661
0.1292528
0.202304
0.2006393
0.1709326
0.2308648
0.2300784
0.03878634
0.08087377
0.1135593
-0.08198025
-0.0552121
0.008028359
-0.01342094
-0.02885194
-0.097334
-0.009159003
-0.01332572
0.003381998
-0.003186494
0.001673599
0.003224149
0.000633741
0.0001284759
0.0003445329
-0.001569431
-0.0004645302
0.002671374
-0.03191772
-0.0275475
-0.001471905
-0.09004536
-0.04162954
-0.06925514
-0.1023336
-0.002537029
0.01290521
0.06584415
0.07585783
-0.004935344
0.0183609
-0.01279019
-0.1125179
0.0275872
0.08049392
0.046946
0.1226807
0.1538235
0.1129682
0.1512967
0.08346585
0.08899269
0.1096919
0.1184181
0.1105366
-0.08888156
-0.05627694
-0.02697638
-0.184773
-0.05167456
0.0182019
-0.2528248
-0.07768333
-0.1005208
-0.117975
-0.04296772
-0.1231204
-0.07978123
0.04497868
-0.08496497
-0.06570206
0.1213156
0.06968504
-0.1630693
-0.2021099
-0.2125082
-0.07461232
-0.1500284
-0.2100851
0.08905473
-0.001997133
-0.02984224
0.001131813
0.0005279468
5.196234e-06
-1.402318e-05
0.001609369
0.001617949
0.0003624799
-0.002554608
0.00211348
-0.01197206
-0.0359449
-0.07006315
-0.08725097
-0.03610514
-0.04271862
-0.001651184
0.02616284
0.05129981
-0.01794806
0.01172151
0.03984478
0.03627682
-0.01388407
0.03384922
-0.05839744
-0.05137588
-0.01377943
-0.03035965
-0.1048213
-0.06650846
-0.02568507
-0.1365944
-0.1096378
-0.03848728
-0.03169798
-0.1066848
-0.001261701
-0.08836722
-0.1210222
-0.06154328
-0.2241687
-0.1799357
-0.09280955
-0.2227831
-0.1394511
0.01518344
-0.0004069048
-0.03141636
-0.1123758
-0.1151262
-0.1295302
-0.2096847
-0.2178682
-0.2267143
-0.1021857
-0.09014992
-0.07843012
0.03461546
0.04318216
0.06977212
-0.06886649
-0.04938929
-0.02921277
-0.01807026
-0.03644664
-0.01940089
-0.125987
-0.1030946
-0.0912016
-0.09632424
-0.1390408
-0.1740315
0.0767545
-0.07703064
0.04871357
-0.009642816
0.2106362
0.02314703
0.1251016
-0.04941234
0.1126134
-0.007084345
-0.002372922
0.002416065
-0.00374828
0.002223068
0.001854065
-0.002056461
-0.001178615
0.003278068
-0.03056744
0.1843816
-0.02977889
0.0482704
0.2537518
0.04304525
0.1369156
0.1260438
0.02827541
0.02815468
0.1142958
0.06641667
-0.01846819
-0.0009470733
-0.07499237
0.04397324
-0.01489547
0.01018868
-0.1022368
-0.116308
0.2284946
0.1446135
-0.1244828
0.1994523
0.08398566
-0.1077857
0.08505227
0.1268848
0.3125673
0.03710711
0.03271653
0.06386542
-0.06974776
-0.08380952
0.05080511
-0.1387444
0.0559524
-0.03195487
0.07806139
0.2016305
0.08046851
0.0324067
0.02717897
0.1503678
0.1837749
-0.01658542
-0.02410852
0.0178747
0.01716561
0.08939885
0.1135889
0.1409018
0.1090011
0.1498216
-0.0007373556
-0.001788625
0.002586646
0.0006248223
0.001668239
0.0007189016
-0.003906638
-0.0007033949
0.0003016054
-0.03715258
0.06058222
-0.01641488
-0.1773328
0.003376171
0.05025573
0.08894826
0.04958224
-0.08296017
0.002798374
0.07458358
-0.02130456
-0.1103655
-0.07822859
0.08372702
0.05746036
0.01224387
0.1176423
-0.1570844
0.02505347
-0.08850986
0.148999
-0.02212053
-0.02632504
-0.1525209
0.06409869
-0.2612167
-0.06922828
-0.1472697
-0.03660859
-0.038587
-0.2681046
-0.1484663
-0.1658874
-0.06002386
-0.1607093
-0.06369711
-0.01625703
-0.01902951
0.03974429
-0.06171684
-0.07837491
-0.05356599
0.002646726
0.01265858
-0.02617205
-0.04670494
0.03946228
0.02543515
0.02670732
0.05933137
0.02222771
-0.02115783
-0.1064375
0.09605014
0.06745477
0.006288454
0.05835581
0.1181631
0.08577152
0.009747483
-0.03350715
-0.05708953
0.05038872
0.05638759
0.1171404
-0.1028912
0.01694247
-0.05279207
-0.05716645
-0.1051589
-0.102235
0.0001406448
0.0007163503
-0.0004337798
-5.744497e-05
0.0009448919
0.0009808765
0.00169236
-0.004934221
0.0005686093
-0.02731389
-0.1477095
0.1606418
-0.0007570045
-0.1778753
0.07043121
0.1008775
-0.06481398
0.06780173
0.128715
0.06570798
-0.08575924
0.0963316
0.01342191
-0.1534155
0.0348147
-0.05632907
-0.1148112
0.0271119
-0.2469638
-0.01376408
0.2097527
-0.01688683
0.04606412
-0.02909738
-0.1059316
0.02915843
0.0455385
0.05586356
-0.05574643
0.00484137
-0.0291006
-0.1212892
-0.07578495
-0.06710377
-0.110763
-0.05219596
0.07612019
-0.05380558
-0.01982804
-0.007474532
0.01751246
0.05557808
0.03939163
-0.01668971
0.06028692
-0.05390207
-0.03096711
-0.02992956
0.005534403
-0.01033577
-0.008022661
0.03868448
0.03922788
0.001667008
-0.0001043926
0.0002152185
0.0005981517
-0.0001396118
-0.0009555697
0.0009456911
-0.0008027607
0.001919139
0.1187247
-0.1176168
-0.06690362
-0.1151791
-0.2144853
-0.2474861
-0.04412268
-0.1119155
-0.008065063
0.07106776
0.06677049
0.01992519
0.2005847
0.2266017
-0.1050586
0.3027477
0.1281095
-0.2260004
0.2015963
-0.09468898
-0.09793609
-0.06128089
0.093627
-0.277698
-0.09304383
0.07038058
0.07300325
-0.02687092
-0.1317075
-0.1138879
0.07002384
0.02941967
-0.04173187
-0.09034195
0.05524527
0.03242836
0.1184849
0.08765657
0.04785241
0.1468935
0.07876129
0.07407464
0.07954031
0.05799477
0.01703198
-0.007283499
0.1355406
0.06904765
-0.02838992
0.07779475
0.04065486
0.01857109
0.04939681
0.02184684
0.0268937
0.03947973
-0.09498897
-0.02376072
-0.02103789
-0.07550193
-0.1479251
-0.08969133
-0.08935997
-0.07357766
-0.03151172
-0.0625222
-0.08364557
0.02360775
-0.01261211
-0.0369092
-0.009302724
0.04401262
0.001133178
0.002480045
0.001289611
0.0002612365
-0.001594889
0.0007394754
0.0006951974
-0.0007177227
-0.0001162292
-0.01549712
-0.1107072
-0.005775848
-0.08063362
-0.1525689
-0.04336198
-0.06035697
-0.02771305
0.04064853
-0.07619552
-0.07243736
0.0142097
-0.003193403
0.005265573
0.01892482
0.05183534
0.01825156
0.01117737
0.03329304
0.0482372
0.0413022
0.04230285
0.0441845
-0.01505896
0.1411909
0.08930488
0.1354077
0.01624301
-0.003740947
-0.04338716
0.01233474
-0.00378639
-0.04782291
-0.01595186
-0.07617743
-0.07501388
0.08037186
0.09489081
0.02429727
0.06292012
0.05781535
-0.03648565
0.09049688
0.1238369
0.01769934
0.1418702
0.1713926
0.1563438
0.09299473
0.06128697
0.07261779
0.09418641
0.1109525
0.06494661
9.458582e-05
-0.004442237
0.001037948
-0.002353959
0.0003542131
-0.0008217217
-0.0002680261
0.002434416
-0.001010539
-0.08462043
-0.05563683
-0.005888306
-0.08295935
0.001636366
-0.0117546
0.02837758
0.03774306
0.02624482
0.1484688
0.1397959
0.08675021
0.05484052
0.01875971
-0.01441055
-0.1058405
-0.09492256
-0.07625981
-0.2668254
-0.1771888
0.01800174
-0.1252496
-0.02598794
0.1037528
-0.01804821
0.05997233
0.05432598
-0.0028234
0.05007898
0.02299144
0.005800484
0.04870833
0.07175539
0.03000896
-0.04994019
-0.1267085
-0.04410511
-0.02958366
-0.008020019
-0.009637838
-0.002230381
0.02472588
0.06913234
0.06661449
0.06660639
-0.009008151
-0.02574637
-0.02268799
0.05254477
0.009983946
0.01691114
-0.08523211
-0.06542415
-0.07784882
-0.1011222
-0.1338332
-0.1369249
0.03707143
0.05629955
0.0231443
0.1722764
0.1908997
0.1291743
0.08601841
0.0519119
0.1293295
0.05245807
0.1593909
0.1455608
-0.01737004
0.06562431
0.09394766
0.0001658302
-0.002200534
0.002827809
0.0008863822
0.0002075073
-0.0004217185
-0.0001237642
-0.002535477
0.002760709
-0.07264286
-0.1240022
-0.0567801
-0.1188355
-0.0633323
-0.05276758
-0.1460538
-0.06326672
0.04705922
0.05729127
0.06234296
0.09805007
0.04189417
0.02560772
0.009690763
0.08765481
0.09569995
0.150649
0.01450049
0.1041784
0.02857587
-0.03142298
0.1087936
-0.01623789
0.06766879
0.1438536
0.08294019
0.07369588
0.1044948
0.04129304
0.09462284
0.09570824
0.0685378
0.05077225
0.0401163
0.00991928
-0.1540048
-0.1942509
-0.2283482
-0.2211528
-0.2576132
-0.2150615
-0.1458652
-0.1788469
-0.1570566
0.01767648
0.04951857
0.1256798
-0.003135575
0.1145757
0.1671863
0.0260505
0.06342688
0.0981074
-0.0003772115
0.002337889
0.001148586
0.0001201552
-5.068172e-05
-0.001154421
-0.00241089
-0.0002569686
-0.002758285
-0.007006697
0.0338124
0.02117297
-0.01488403
0.1072628
0.1349426
0.04054822
0.09366032
0.02583683
-0.1616123
-0.1879002
-0.09510955
-0.1046706
-0.1516625
-0.01571772
-0.01800217
0.01559229
0.04302581
0.03695121
0.05567911
0.08018578
0.08863527
0.0913697
0.1573182
0.1459596
0.2400241
0.09110159
0.09386098
0.108221
0.07269321
0.09559856
0.2483149
0.1920324
0.05299067
0.1992334
0.1904868
0.06725114
0.04830654
0.05906722
0.009744742
0.01122307
0.05707222
-0.1037668
-0.04485364
0.03352749
-0.1760209
-0.1709471
-0.06337061
-0.1347355
-0.1243779
-0.04631772
-0.1574243
-0.1131322
-0.02495994
-0.0458048
-0.1002441
-0.1453444
-0.1746707
-0.1966423
-0.1560967
-0.1211398
-0.1472597
-0.08393727
-0.03007525
0.04316371
0.00991957
-0.0456872
0.0560778
0.006097251
-0.01143645
0.01441794
0.04692411
-0.001259465
-0.001026724
-5.641381e-05
0.002463751
0.00340653
-0.000270091
-0.00155129
-0.0005107212
0.000337524
-0.06458126
-0.01612035
0.06110055
-0.04072649
-0.03801315
0.04526467
-0.06077333
-0.05544144
-0.04882323
0.02701163
-0.04442202
-0.01742886
-0.113642
-0.1698643
-0.1644501
-0.1053176
-0.1619984
-0.1409296
0.06978439
0.05519419
0.03570807
0.08461231
0.153793
0.1174449
0.1282004
0.2738256
0.2031363
-0.08436036
-0.04063572
0.01465234
-0.1092638
-0.05188119
0.07225849
-0.1055959
-0.03617568
0.07319158
0.01940832
-0.1134488
-0.08758759
0.04227409
-0.03428205
-0.07513674
0.03921202
-0.07042346
-0.1305114
-0.04735133
-0.1167903
-0.1201602
-0.07874926
-0.1258049
-0.1382117
-0.06746216
-0.0833623
-0.01705639
-0.003258437
8.110567e-05
-0.003247528
-0.00107201
-0.004986255
0.001126574
-0.001316167
-0.001169648
8.143677e-05
0.0146322
0.002353325
0.06138517
0.0007488863
-0.01279318
-0.00660532
-0.02101723
-0.03499499
-0.001737368
-0.03091717
-0.1092918
-0.03828486
-0.01957401
-0.02543311
-0.09692267
-0.03075743
-0.08033567
-0.04874091
0.03990851
-0.07408271
-0.1565485
-0.05186439
-0.0839208
-0.1155514
-0.08432088
-0.06386616
-0.02002667
0.03712961
0.01900097
-0.05194687
-0.07437714
-0.08473564
-0.08434463
-0.1200054
-0.1908801
-0.09188126
-0.02005786
-0.002479882
0.04444303
-0.05778625
-0.03307517
-0.04427327
-0.0946934
-0.1128514
-0.09645799
0.01311668
-0.1001169
-0.09765851
-0.04313091
-0.1018235
-0.1341937
-0.03952976
-0.0863606
-0.1033281
0.0004007271
0.008978874
0.02945362
0.05785915
0.06220759
0.0739108
0.005804783
-0.01222671
-0.04872424
-0.0298604
-0.06323648
0.02653121
-0.05818767
-0.06208353
-0.04391651
-0.05961993
-0.06582907
-0.05800943
0.001435869
-0.0004222371
0.0009463489
0.0002759272
0.001448602
-0.002241255
-0.0009059425
-0.0001800173
0.001409908
-0.03801132
-0.07286645
-0.1385096
0.01220909
-0.0509869
-0.07439167
0.001974391
0.09509875
0.0799308
-0.0003563607
0.06776098
0.04514721
0.05808626
0.05188224
0.05392536
0.02250457
0.02043705
0.001521842
-0.02917854
-0.07302549
-0.00246721
0.1212034
0.05027229
0.06289741
0.08792909
0.07821728
0.05422176
0.08706899
0.08404793
0.04608626
0.0944434
-0.02144146
0.008854058
0.01856798
-0.04754606
-0.04440583
0.09103053
0.0344618
-0.0001446217
0.02336353
-0.02920854
-0.03023598
0.04573787
0.02301933
-0.08632732
-0.001440117
-0.008921945
0.03161563
-0.1075143
-0.1067344
-0.063479
-0.06896745
-0.05333518
-0.0879387
0.002231789
0.003739558
0.0009284868
0.0008023355
0.0003790235
0.00107875
-0.005779835
0.001747926
-0.0009460659
-0.1492462
-0.08978369
-0.07193665
-0.07671285
-0.1081762
-0.143145
-0.04993602
-0.06092812
-0.1189198
-0.1009283
-0.1009183
-0.05269393
-0.02792438
-0.03062563
-0.03567134
-0.001702617
-0.03762445
-0.05365988
-0.1920957
-0.2594192
-0.2847215
0.0101609
-0.1121349
-0.1353654
0.005834596
-0.01051251
-0.1053141
-0.05617172
-0.2213387
-0.1127928
-0.0159339
-0.07317565
-0.1195961
-0.02275219
-0.04575288
-0.04275582
-0.04039268
-0.07601842
-0.09383467
0.01712351
0.03107914
0.02205518
0.07025852
0.07778598
0.07368977
0.0985797
0.08569952
0.02727348
0.04697391
0.1047485
0.05409029
0.03368499
0.06304447
0.02240564
0.1135831
0.05593207
0.01436198
0.07998235
0.1086539
0.09685156
0.04030059
0.06992986
0.0236074
0.08351836
-0.1081065
0.1901232
-0.06706391
0.09973255
-0.1237817
-0.06072227
-0.04061159
0.08322503
-0.001998846
-0.000268398
-0.002583901
-0.0001208052
0.001071464
0.0006253128
0.0007602088
-0.0006661664
0.001933962
-0.07415655
-0.02938633
-0.1283043
-0.02983827
0.1642794
-0.1012138
-0.08106709
-0.0394311
0.08769183
0.03204818
0.04306233
-0.04470158
0.01570663
-0.01882085
-0.03539273
-0.01619965
0.04771253
0.06941365
-0.01154562
0.08740716
0.09530973
0.03653643
0.1253413
0.05387505
0.06228542
-0.02436506
-0.06293529
0.05479607
-0.1154991
-0.1906278
-0.01834324
-0.03272682
-0.06560224
-0.08572529
-0.04206628
-0.07902237
-0.1010859
0.05418774
0.07844656
-0.0002966677
-0.02410738
0.08367245
-0.04052902
-0.02510467
0.0941798
0.06314702
0.01379752
0.1147225
-0.06312039
-0.02728323
-0.01961624
-0.01006081
0.04017483
0.02549434
0.002200081
0.002124568
-0.0006757401
0.0008327066
-0.002782574
0.0002149002
-0.001934292
0.003192106
0.0001331813
0.2371696
0.0259139
-0.02743238
0.01506653
0.1353596
-0.04487623
-0.06178217
0.05169571
0.1507688
0.007672785
0.02062266
-0.08680997
0.01509431
0.1011405
0.05458129
-0.02481238
0.04012651
-0.07681762
0.09222117
0.07778712
0.05647027
0.1689873
0.09036811
0.02952559
0.08055822
-0.03725152
-0.05181186
0.0058583
0.04687858
0.03286714
-0.1299357
-0.2456277
0.04313958
-0.1670032
-0.038844
-0.1253714
-0.1239189
-0.08293798
-0.1768983
-0.02288159
-0.08239755
-0.02170152
-0.0878822
0.0030935
-0.0768227
-0.01062466
0.01379633
-0.01123406
0.008541417
0.05668055
0.008023158
0.02890162
0.003061476
-0.0001508813
0.05331731
-0.0218251
0.0153175
0.03089094
0.09078591
0.01987481
-0.1179402
-0.1114193
0.0598976
0.002250022
0.1156163
0.09466691
0.140809
0.1210455
0.09724581
0.05874053
0.1104338
0.1009119
0.0006611041
-0.001186497
0.002757779
0.001544466
-0.0009838841
0.001662615
-0.001297037
-8.139171e-05
0.0006019365
-0.05905692
-0.2449705
-0.1633118
-0.1350335
-0.3031363
-0.2394736
-0.08039988
-0.298685
-0.1686521
0.09655106
0.1037071
0.07455198
0.1290859
0.1651484
0.05565044
0.08068288
0.1151127
0.07200252
-0.007825566
-0.06654158
-0.08461519
-0.1883412
-0.1474268
-0.1225145
-0.05283452
-0.02659629
0.02880777
-0.04235453
-0.009023952
-0.005601361
-0.09257968
-0.04967095
-0.04856148
-0.03512158
-0.09131341
-0.05019586
-0.1171024
-0.1051531
-0.1243483
-0.1478664
-0.1454255
-0.1668827
-0.05397956
-0.1293601
-0.116954
0.1594063
0.04346924
-0.04824913
0.1143933
-0.01292605
-0.08120403
0.02589342
-0.07180347
-0.09210562
-0.001778314
0.001742549
0.0007321293
0.0005037168
-0.001171279
0.002004391
0.0003888891
-2.99599e-05
0.0006307859
0.02145331
-0.0281804
-0.03106233
-0.0118482
0.03467009
-0.03002638
-0.004508759
-0.01497371
-0.01280455
0.0790014
0.04172026
0.02184891
0.07937256
0.05128011
0.0272503
0.003639716
0.01586829
-0.01448207
0.05428297
0.1123921
0.09504499
0.02451179
-0.03855076
-0.02556818
0.08765896
0.04749312
-0.03331719
0.0198065
-0.01726112
-0.01900756
-0.06510789
-0.09982943
-0.161948
-0.1390868
-0.09296947
-0.08938384
0.06586292
0.06061962
0.0324158
0.07917252
0.06963014
0.1003053
-0.005024259
0.02474289
0.0236268
0.1038546
0.09918832
0.1521833
0.04330721
0.101386
0.1454746
-0.1218121
-0.07767593
0.004114326
0.06766918
0.04138615
-0.01910128
0.1472755
0.1763578
0.1137765
0.03300918
0.1346063
0.1102803
-0.08173404
-0.02199184
-0.007653929
0.03902512
-0.02858171
0.02739022
0.07041045
-0.009755055
0.0364031
-0.002582008
-0.000827283
-0.003113519
-0.0003837467
-0.001485294
0.0008541922
-0.0009223763
0.0004731685
0.001460605
-0.09149283
-0.01796053
-0.008507187
-0.03174221
-0.04403614
0.09813904
0.1016182
0.01857331
0.1613028
-0.06218873
-0.03522024
-0.01335434
0.206546
0.1986857
0.08013261
0.1841099
0.1809596
0.06704625
-0.04436182
0.001056443
-0.02062014
-0.03004566
0.02422619
-0.1318445
0.04581639
0.01202572
-0.07444675
0.02954296
0.1371948
0.09057609
0.03785637
0.1046283
0.08708259
-0.03630565
0.0268587
-0.03096656
-0.01605368
0.04412561
-0.1435541
0.108527
0.1604507
0.07080441
0.1035316
0.1738123
0.02932858
0.08543027
0.1209661
0.06529234
0.1486973
0.2122497
0.1276633
0.06441519
0.1107237
0.05227694
-0.004443875
0.002456795
-0.0005857596
-0.004071917
0.001255612
0.00317422
-0.000885013
0.001410658
-8.236014e-05
0.02534419
0.03203088
0.08071022
0.07726926
0.1337599
0.1972668
0.1164464
0.1459614
0.09105993
-0.01337334
-0.03870255
-0.02856091
-0.1074015
-0.1022433
-0.1449384
-0.05553276
-0.1281627
-0.1367489
0.04148814
0.08191586
0.06968226
0.1414731
0.1162649
0.1274472
0.1914559
0.1098205
0.06288414
-0.03697301
-0.07470418
0.003671343
0.05212116
0.06114239
0.09112842
0.06447358
0.1220362
0.07371072
-0.03556231
-0.04086515
-0.06243664
-0.003370324
-0.006571644
-0.02067451
0.05323053
0.04824807
0.03175762
0.1293347
0.06959381
-0.03701614
0.2232516
0.1654718
0.07711966
0.143445
0.0748796
-0.01444468
0.02863505
0.01515105
-0.04842019
0.05406465
0.07218884
-0.01241948
0.03182223
0.03837955
0.005247186
