32 16 3
-0.02264596
-0.01642203
-0.02390653
-0.04548052
-0.03447468
-0.004729218
-0.01091074
0.04125312
0.09267525
0.01955336
-0.009437922
-0.03151673
0.001250729
-0.02859605
-0.06922373
-0.04951604
-0.1000678
-0.1125209
-0.07692657
-0.1003541
-0.09236135
-0.09353784
-0.07135946
-0.0515539
-0.01863121
0.0605492
0.07028013
0.04633991
0.0205544
0.07622445
-0.05667385
-0.03834264
-0.02287162
-0.06744154
-0.04428151
-0.03280414
-0.1579514
-0.1324703
-0.08327175
-0.1772741
-0.1466571
-0.1467099
-0.2487715
-0.2046946
-0.1723107
-0.02923335
0.03512295
0.1815339
-0.004724775
-0.0001239937
0.1656093
0.1162925
0.1273208
0.1793618
0.1174623
0.08727951
0.04598566
0.07930777
0.02482173
-0.05338737
-0.01398841
-0.0903398
-0.1490805
0.08405273
-0.01376901
0.008203431
0.07795352
-0.02246098
-0.08181296
-0.03712007
-0.08043873
-0.06087596
-0.05887559
-0.03732559
-0.08477786
-0.09697955
-0.002967231
-0.1026154
-0.04669971
-0.09076515
-0.05365082
-0.1304204
-0.2097363
-0.221161
-0.07875374
-0.1058176
-0.06230859
0.007809753
-0.01924311
-0.00376396
0.04261775
-0.01687489
0.07605339
0.06706769
-0.02230675
0.05468791
0.003047574
-0.0699605
-0.02484409
-0.04024225
-0.08510549
-0.1320999
-0.1088967
-0.08829896
-0.1258994
-0.09124941
-0.06955038
-0.05945938
-0.02933623
0.005830747
0.01683553
-0.03263855
0.01739471
0.05961864
0.07314319
0.1647583
0.1948374
-0.02045519
-0.01315387
0.0401754
0.01765526
0.03025519
0.05870242
0.01441081
-0.007310719
0.01001042
-0.1031876
-0.06759254
-0.03952072
-0.0003997128
0.008269498
0.06555888
0.03012347
0.03518192
0.08801892
0.01446177
0.01249009
0.09895233
-0.06651033
-0.09508041
-0.05517824
-0.1187361
-0.1631383
-0.1637454
0.1545262
0.04968662
-0.05220386
0.06678119
-0.08380256
-0.18475
0.1281081
-0.05385975
-0.1329289
-0.1195067
-0.1321076
-0.1486241
-0.1147919
-0.1100276
-0.1598379
-0.1932158
-0.1761372
-0.1855692
-0.1143327
-0.1038785
-0.07652341
-0.05207502
-0.0506263
-0.2282388
-0.1333991
-0.1711662
-0.2680649
-0.1005047
-0.04612878
0.04988981
-0.08277633
0.01425996
0.1329399
-0.1481636
-0.01847228
0.03195249
-0.1427277
-0.1469459
-0.06510711
-0.0835766
-0.04457616
0.05577944
-0.03692964
0.009918231
0.112262
0.1223171
0.01215685
-0.04802922
0.08025625
-0.02096602
-0.1743125
0.04565388
-0.09905832
-0.2104334
-0.04762396
-0.0825962
-0.1342276
0.04964526
0.006299566
-0.05636884
0.0520883
-0.004865472
-0.05726761
0.06297851
0.1229252
0.2164734
0.07999797
0.1786135
0.2295041
0.1353841
0.1199545
0.09006289
0.0487627
0.01922979
0.01454661
0.001397315
0.04789243
0.004529435
-0.04834349
-0.01395012
-0.02159357
0.006509393
-0.001187936
-0.09397601
-0.05075327
-0.0183287
-0.06930205
0.0300271
0.04030902
0.03056984
-0.1520949
-0.05520982
-0.06455252
-0.08110504
-0.001963458
-0.02335435
-0.04173225
-0.03746081
-0.04744931
0.02389834
-0.09793501
-0.2010577
0.0248025
-0.06972774
-0.2183214
-0.01350016
-0.05775668
-0.1608438
-0.05416102
-0.03230736
-0.0638623
-0.02922712
0.01712319
-0.02095975
-0.005762194
0.02474989
0.003962738
0.02494098
-0.03851243
-0.0008154596
-0.0453674
-0.1121158
-0.1867153
-0.0641294
-0.226756
-0.2134959
0.1241713
-0.0139085
-0.2093281
0.0884543
-0.03030325
-0.2999048
0.05536128
-0.1143795
-0.3405928
0.1228027
-0.01546024
-0.1563382
0.1727087
0.04446086
-0.1829592
0.06855137
-0.06814098
-0.2417756
-0.08060315
-0.1154407
-0.2038536
0.05563131
-0.008902223
-0.06744373
0.1192296
0.130634
0.06758807
-0.03078445
-0.0433982
-0.09429397
0.02359681
-0.06159767
-0.0981267
0.1018272
0.1116528
0.009284132
-0.01311016
0.02616657
-0.03057777
-0.001942629
0.09305402
0.1469625
-0.01118628
-0.04472673
0.1168842
0.003086416
0.04921444
0.122686
-0.05397123
0.008259208
0.1683034
-0.01672038
0.06822564
0.113705
-0.1596426
-0.08642859
0.08509273
-0.1712791
-0.1528152
-0.08448803
-0.08591746
-0.09213908
-0.07850979
0.05041539
0.1002921
0.1718433
-0.0672994
-0.05208146
0.08459845
-0.1042443
-0.1077681
-0.0789802
0.08735679
0.2648157
0.4384759
-0.07444217
0.04669325
0.377486
-0.2242831
-0.2300924
-0.04650563
0.08302635
0.09541477
-0.01776841
0.126142
0.0259759
0.06435817
0.03942487
0.1043835
0.04907723
-0.02834808
0.08889865
0.1444896
-0.08544337
-0.07111014
0.129452
-0.1023796
-0.07615988
-0.03924654
-0.0219024
-0.1478399
-0.2718889
0.09127605
0.09224933
0.01963439
0.08799051
0.2243797
0.4008057
0.003021363
-0.1096084
-0.03643578
0.004191808
-0.01795369
-0.08916228
-0.01338308
-0.1017122
-0.08290996
0.03349768
-0.08762082
-0.1796846
0.1469494
0.06528518
-0.04854316
0.2091426
0.1319607
0.05355716
-0.02397262
-0.1184042
-0.06986681
0.02306108
-0.03143847
-0.07602385
0.0952517
0.04478261
-0.03862435
0.01354291
0.08280491
0.0683988
0.008027613
-0.2132874
0.0890493
-0.07696741
-0.02985639
0.02625694
-0.0111033
-0.04121817
0.05445452
0.0763948
-0.08441085
0.003404746
0.09803129
-0.08885396
-0.09471446
-0.1202164
-0.002248304
0.1329665
-0.1411751
-0.0719642
0.06020079
-0.2147397
-0.09626012
0.007077123
0.02946202
0.03561326
0.1135132
-0.03106495
-0.07565436
-0.0123764
-0.04704731
-0.09707882
-0.101733
0.09685245
0.1722189
0.1476396
0.1335255
0.1386477
0.1579649
0.1862206
0.184585
0.1652452
-0.08444019
-0.3081638
-0.2560027
-0.1429318
-0.2577108
-0.3189317
-0.09829197
-0.3515452
-0.3532177
0.105341
0.08353809
0.03393737
0.06627971
0.04144443
0.08167318
0.1500291
0.1265828
0.169082
0.02747886
0.00574427
0.0524106
0.006086981
0.03896366
0.1113137
-0.0534245
-0.002651409
0.01568126
-0.190037
-0.2334268
-0.1765654
-0.1371667
-0.1604413
-0.2761635
-0.0729109
-0.1631432
-0.198641
-0.004868852
0.1609197
0.2732191
-0.009573076
0.09894965
0.2450914
-0.03334032
0.06318247
0.1855293
0.1321968
0.007485256
-0.0466066
0.05492887
-0.1071675
-0.1314937
0.08666182
-0.04674128
-0.06834269
0.08135007
0.02116561
-0.06258612
0.1366937
0.01279683
-0.04570841
0.07440348
0.06702079
0.04483571
0.04395667
-0.04016999
-0.09052911
-0.03493597
-0.01912224
-0.06994823
-0.0762964
-0.0710462
-0.09610397
0.1394057
0.08319218
0.00687406
0.1260342
0.1271815
0.06923246
-0.0005712809
0.03859989
0.07411856
-0.07640107
0.02329383
0.07652257
-0.02032979
0.07553405
0.09108949
-0.03479021
0.05800293
-0.002268898
-0.05441947
-0.07731568
-0.07161464
-0.04346514
-0.02163392
-0.04203363
0.01706359
-0.03360516
-0.0706948
-0.008751643
-0.0956936
-0.044551
-0.05517219
-0.08061999
-0.220679
-0.02439225
-0.1470059
-0.1239756
-0.0716268
-0.05801774
0.006687055
-0.06768804
-0.01499414
-0.03919794
-0.1030545
-0.1016138
-0.09880455
0.01324132
-0.1601644
-0.1890191
0.05831551
-0.02166812
-0.1221117
0.07026895
-0.02183798
-0.06991657
-0.08597345
-0.09603094
-0.04919074
-0.09647688
-0.05879719
-0.0445746
-0.07658911
-0.06548315
-0.04930481
0.07477753
0.1005783
0.04958272
0.01398289
0.07222482
0.02037641
-0.0219144
0.008246287
-0.001367637
-0.1044607
-0.0607479
0.09097984
-0.02501043
0.03573038
0.1067653
0.05039386
0.02004799
0.02178195
-0.07164796
0.1348238
0.02776573
-0.04836506
0.208364
0.1320175
-0.09363978
0.1368738
0.1195434
-0.08853631
0.03858979
0.1315308
-0.08096997
0.06999198
0.2454136
-0.07229438
0.1004071
0.2540156
-0.08799629
-0.1331033
-0.1032237
-0.07979696
-0.05928551
-0.06670952
-0.01144964
0.02398171
0.04538077
-0.0056594
0.05109996
0.04305785
-0.01310184
0.02280124
-0.02172231
-0.03399254
-0.03109128
-0.001725562
0.1781846
0.112648
0.1051938
0.181621
0.001660244
0.1591891
0.1984048
0.1531368
0.1173902
-0.03392014
0.04317308
0.02406824
-0.0691009
0.1400327
-0.06081688
-0.1023395
-0.08680072
-0.1047257
0.09979283
0.09804745
0.2157847
0.09475984
0.05096431
0.1739888
0.09764748
0.04922782
0.05311635
-0.1397719
-0.06963112
-0.02663832
-0.0678951
-0.0161112
-0.003673511
-0.06590541
-0.01024232
0.09352072
0.1758098
0.08429302
-0.007488246
0.09399185
-0.0197805
-0.09288486
0.02376872
-0.08452458
-0.1487067
-0.07944541
-0.1131155
-0.02571884
-0.02100986
-0.1028483
-0.04920426
0.01759837
-0.06651104
-0.08842355
-0.01877668
-0.03485603
-0.09592967
0.03560293
0.1916428
-0.01927791
0.04321601
0.1045455
0.02605575
-0.06637838
-0.1048203
-0.1412458
0.02454042
0.01941534
-0.05167513
0.1482895
0.1610393
0.1015602
0.01284577
0.02651861
-0.01640937
0.06996181
0.03654523
0.069835
0.06240122
0.06505107
0.06020273
0.08328378
0.1362175
0.1494433
0.02767787
0.04502029
0.1198846
-0.05141561
-0.01308829
0.01874598
0.02593662
0.0601764
0.03470498
-0.03708325
-0.006661059
-0.009995294
-0.02446663
-0.02142986
-0.05063391
0.01104892
-0.03580453
0.0164722
-0.05104477
-0.037856
-0.02164474
0.00854121
0.05546353
0.0757242
0.1081853
0.05953425
-0.001759742
0.04356521
0.03585216
-0.03738997
0.05597202
0.01435805
-0.04887017
-0.008292622
0.08986685
0.08752131
0.00386901
0.1195197
0.08489174
0.02106972
0.105289
0.07119874
-0.1072277
-0.05575902
-0.03338806
-0.1207294
-0.04849853
-0.02259505
-0.04992664
0.0009040043
0.0137192
-0.08355451
-0.01699561
0.02072318
-0.1573424
-0.07018651
0.001324424
-0.114279
-0.06009964
0.009874591
0.06413131
0.06318276
-0.06358957
0.03536176
0.03758798
-0.08563916
0.09334523
0.05655246
0.03842675
-0.01200552
-0.0472922
-0.04441124
0.02908508
0.0188303
-0.01997535
0.02780476
0.01793557
-0.004566524
0.132055
0.02694933
-0.04307034
0.1071626
-0.023077
-0.07274675
0.06388177
-0.01064911
-0.03152247
0.02933773
0.02079286
0.01175985
0.02822171
0.02062921
0.0456874
0.01421868
0.03535306
0.1049611
-0.06650519
-0.131678
-0.01673642
-0.1015669
-0.162204
-0.06144702
-0.1014567
-0.1326737
-0.05489933
-0.01255409
-0.034426
-0.02139396
0.07902423
0.1380778
0.08888272
0.1181723
0.1763621
0.1386947
0.03788364
0.06461825
0.04680368
-0.05497939
-0.03339268
-0.0884056
0.04173148
-0.01193203
-0.0452044
-0.1210173
-0.07645049
-0.00398145
-0.1105842
-0.05739469
0.0009888919
-0.09233237
-0.0722499
0.00467744
-0.07759777
-0.09183123
-0.0414125
-0.009329898
-0.05653336
-0.02525354
0.02604138
-0.02907304
-0.04000324
0.13972
0.003623561
-0.1317595
0.1050112
0.02693087
-0.1010017
0.06564465
0.02467747
-0.09641214
-0.03353695
-0.1225286
-0.1518444
-0.05082193
-0.05498408
-0.09324765
-0.04681814
0.08284403
0.0503269
-0.1334877
-0.05938946
0.1302866
-0.2235608
-0.07011046
0.2055209
-0.1374831
0.009562441
0.09769611
-0.0680399
0.0223424
0.1170244
0.03758709
0.0205193
0.1113188
0.1816113
0.1549792
0.06338275
-0.004729148
0.06318016
0.09549315
-0.007612789
-0.003309614
0.05831463
-0.05931046
-0.06113691
0.03311955
-0.2089705
-0.08373217
0.1484112
-0.08177626
-0.007857396
0.1684124
-0.0330153
0.004988768
0.07982524
-0.1571067
-0.1895356
-0.01360085
-0.2159699
-0.1277432
0.04166541
-0.1806296
-0.07291858
0.00806016
-0.05200772
-0.1101877
0.003979386
-0.01148926
0.001531781
0.02732696
-0.04252636
-0.06456463
0.02084693
-0.05187516
-0.04031671
0.1356379
-0.04761399
-0.09719899
0.102219
-0.0006230295
0.09360152
-0.006455093
0.2394544
-0.05381101
-0.2630793
0.1082916
-0.06061706
-0.1865506
-0.09573842
-0.168019
-0.08334792
0.04672604
0.1085637
0.1124713
0.08201891
-0.02955728
-0.05565656
0.05175431
-0.09395523
-0.1709275
0.03731195
0.03823468
-0.04718243
-0.04397994
0.06902062
0.007633341
-0.04840875
0.07379346
0.07677136
-0.08249165
-0.05413191
0.04020829
0.06217439
0.05944565
0.01832615
0.1888334
0.01824145
-0.1143572
-0.120743
-0.007406271
0.07463463
-0.1376744
0.09530966
0.1935522
-0.002671934
0.06176853
0.08608536
0.1574134
-0.02170128
-0.02235197
0.0632372
-0.02672728
-0.07453195
-0.03798389
-0.1817557
-0.1633024
-0.07224178
-0.05932679
0.05172549
-0.01535803
-0.01518556
0.01076094
0.02557372
0.01167146
0.006851689
-0.2045622
-0.1836364
-0.1991462
-0.1935901
-0.1218366
-0.1965504
-0.1633244
-0.140716
-0.1569349
0.0470722
0.05455569
0.1066198
0.05947454
-0.0241382
-0.06594311
0.04495997
-0.03109015
-0.1346048
0.06166256
0.01336404
-0.02749095
0.08165664
0.03080053
0.05479822
-0.01327928
0.05378237
0.09258658
0.06747344
-0.0758369
-0.07480295
0.05248284
-0.08274033
-0.02060804
-0.02932489
-0.08256375
-0.09291307
-0.06618851
-0.03253295
0.01068198
0.01982372
0.02434567
0.1099395
0.05587313
0.04909169
0.1277061
-0.08317038
-0.2045384
-0.1931479
-0.05243034
-0.07710119
-0.08083662
0.09808757
0.072798
0.03510243
-0.1659324
-0.2174944
-0.1611268
-0.1723652
-0.1668179
-0.217242
-0.1752658
-0.2143784
-0.2275756
0.08914615
0.08601438
-0.006115466
0.09928961
0.1789037
0.02611382
0.02769755
0.07350988
-0.01404453
0.07519447
0.195449
0.2069408
0.04752143
-0.0177412
0.1997644
0.05212184
0.08079541
0.1550427
0.07669984
0.02498206
0.05530483
-0.01174559
-0.04378704
-0.02415279
-0.153774
-0.1773133
-0.1715926
0.05123778
0.0246693
-0.0548926
-0.04797965
0.02326507
0.01283128
-0.1787783
-0.1385366
-0.03751035
-0.0006264127
-0.00238244
0.03367032
-0.04481361
-0.01819699
-0.02182134
-0.06380536
-0.03963659
-0.03748797
-0.157265
-0.2165447
-0.1240039
-0.1372901
-0.197488
-0.1835514
-0.1060178
-0.1595887
-0.2146002
-0.001189423
0.02130759
-0.005905633
0.04470332
-0.02906954
0.04058937
0.02562179
0.1068723
0.1160966
0.06662042
0.1109223
0.09277274
0.04853345
0.08290976
0.05950595
-0.03875822
-0.04080382
0.0143651
-0.14161
-0.1414964
-0.1631061
-0.09969063
-0.1163577
-0.1422341
-0.02871125
-0.05299142
-0.06016953
0.07676768
0.08412572
0.07841436
0.1431273
0.1475161
0.1733187
0.1482717
0.2048327
0.2198019
0.1450829
0.07971602
0.01400578
0.2066466
0.04406808
0.1031714
0.2447875
0.2698496
0.2373377
0.01587
-0.06407597
-0.1009217
-0.01478625
-0.002679362
-0.03753003
-0.09920526
-0.1373369
-0.08624464
-0.1328339
0.08229064
0.1540293
-0.192753
0.0007757188
-0.01445039
-0.1253333
-0.06080604
-0.04708753
-0.05643828
0.006031301
0.002325568
-0.02597028
0.08547007
0.06142735
0.04473291
0.1625749
0.1107548
-0.09853946
-0.07271297
-0.008008143
0.002289325
-0.01020181
0.0267927
0.01231989
0.004326701
0.06736067
0.03283399
0.1016002
0.1053568
0.02253016
0.03613031
0.1319143
0.08482236
0.1434011
0.2135227
-0.02698107
-0.04067011
-0.03622728
-0.04988331
-0.04998868
0.02627042
0.005452758
0.005900825
0.04952662
-0.05406291
-0.06901355
-0.03059753
0.0003789051
-0.03398407
-0.01570485
0.09300881
0.04800562
0.03583268
-0.04072962
0.005043568
-0.02421467
0.01057904
0.05297731
-0.01444493
-0.009720375
0.07621372
0.074524
-0.1182126
0.02210878
0.06350698
-0.1351005
0.001551081
-0.00327692
-0.1553275
-0.0868297
-0.04285118
0.025103
0.0976835
0.0422838
0.03031078
0.058821
-0.007020376
0.03941194
0.0741494
-0.00952913
0.1058078
0.08186223
0.0872704
0.06387813
0.02977699
0.06101532
0.07126023
0.07044207
0.08575478
0.04749689
-0.003715826
-0.06991968
0.1983128
0.07779659
0.06037699
0.1066562
0.1963607
0.0911692
-0.07115357
-0.1119819
-0.198555
-0.01630378
-0.07944255
-0.1672593
0.0418535
0.02075839
-0.04288474
-0.1254549
-0.1507336
-0.1565385
-0.07009714
-0.10901
-0.1270153
0.05472037
0.06569027
0.04821444
-0.02789347
-0.01144351
0.003451972
-0.009994796
-0.04759503
0.0329425
0.05226189
0.04754206
0.0561713
0.06340761
-0.01307175
0.007624652
0.1128959
-0.08826117
-0.0967157
-0.03946699
-0.1484487
-0.1211349
-0.008873513
0.0962899
0.08157468
0.05644005
0.1131897
0.1253124
0.0906705
0.1856616
-0.01657546
0.2074401
0.1835135
0.0995109
-0.08339223
-0.06498164
-0.1134057
-0.270744
-0.1971106
-0.1437666
-0.02236688
-0.02814248
0.05440594
-0.1025515
-0.09345182
0.06484304
-0.1475164
-0.09532352
0.005069
0.126471
0.1413885
0.04651542
0.007529555
-0.06447057
-0.09208608
-0.0524458
-0.1272858
-0.1647023
-0.002858288
0.04193716
0.1286701
-0.0355749
-0.04023075
-0.01085377
-0.02163069
-0.060352
-0.06954859
-0.07350103
-0.08517678
-0.05940014
-0.09082922
-0.07881659
-0.1215145
-0.1471353
-0.08312257
-0.003926729
0.2330252
0.2269586
0.2007295
0.08617814
0.07375256
-0.006140944
-0.1379675
-0.08845685
-0.1366736
-0.1082015
-0.1294464
0.02724572
-0.02887432
0.009502561
0.1222116
0.08897858
0.1513614
0.07976581
-0.1440446
-0.1677176
-0.0707942
-0.2749763
-0.1805579
0.03777846
-0.1483492
-0.004258794
0.1334705
-0.1139461
-0.05991258
0.0557003
-0.09687184
0.00711965
0.04402
0.01384206
0.06290387
0.02077255
-0.01006304
-0.006607916
0.05219593
-0.03712526
-0.05103838
-0.09439392
-0.005109918
-0.01862444
-0.04380804
0.1039483
0.1175253
0.04212615
0.2033991
0.009484005
-0.1569991
-0.1173489
-0.1888391
-0.2191484
-0.2408993
-0.1810744
-0.04332339
-0.1337577
-0.04447611
0.07357771
0.01004592
0.08971752
0.1035572
-0.1217868
-0.06900009
-0.06735769
-0.03526025
-0.02365769
0.006467534
-0.02742078
-0.1005923
-0.0870428
-0.0665318
-0.08960827
-0.08161423
-0.08112296
-0.09848067
-0.1337052
-0.04567155
-0.05203737
-0.1247002
-0.02597102
-0.03928543
-0.03679658
0.05369242
0.01898147
0.002167571
0.0297497
-0.03265887
-0.07886438
-0.001771657
0.1191052
0.2454411
-0.1186531
-0.06033795
-0.02846304
-0.1765094
-0.1832018
-0.2499155
0.08142925
0.1054557
0.07934975
-0.04499412
0.02139066
0.009029316
-0.153843
-0.1041886
-0.04817654
0.08319873
0.07693756
0.142818
-0.004985225
0.04524064
0.1156653
-0.1061485
-0.1135519
-0.01951948
-0.1259495
-0.03920054
-0.02304446
-0.09447392
-0.06628248
-0.02465004
0.04759865
0.1521847
0.194142
-0.05744589
-0.03378878
-0.1093596
-0.002737464
0.06201079
-0.01147643
-0.07636162
-0.06836942
-0.08390451
0.03589282
0.1575926
0.1952105
-0.07404522
-0.02560893
0.02221611
-0.1539014
-0.1179089
-0.1915679
-0.04500085
-0.02096883
-0.08645222
-0.04848602
0.02122206
-0.08381744
-0.07942817
-0.08928011
-0.04102757
0.05903295
0.09206992
0.2017443
-0.05407771
-0.06937913
0.04653266
-0.1611042
-0.1480744
-0.1054268
0.01601586
-0.1104002
-0.1964896
0.08251758
0.02781474
-0.1257654
0.03138871
0.03731243
-0.02562201
-0.01633538
-0.04373822
-0.04731916
0.004433022
-0.00585659
-0.007964569
0.00299799
0.01357656
0.02134113
-0.07650355
-0.04954161
0.004470843
-0.0518351
-0.075453
-0.05931444
0.03366172
0.0267312
-0.0008613989
0.01305533
-0.01842104
0.01056956
0.04514656
-0.1003754
-0.02055767
0.04266239
0.05744383
0.1239512
-0.1127688
-0.1548927
-0.1907109
0.1242852
0.01786794
0.01530768
0.2563815
0.3038481
0.3010443
0.1009741
0.1146745
0.02321788
0.01814185
0.07317226
0.0796126
-0.1305408
-0.06228714
-0.03386866
0.07988348
0.1423251
0.1455471
0.1035108
0.06375707
0.0590484
0.06938637
0.05572686
0.05177335
-0.03551317
-0.06608103
-0.1305939
-0.03025933
-0.08801921
-0.1453607
0.01146797
-0.08882428
-0.1346309
0.05314133
0.0315754
0.01856325
0.0243372
0.03281554
0.1216724
0.02738241
0.1498652
0.1992983
-0.1958043
-0.1581296
-0.1184406
-0.2690055
-0.0858998
0.0116798
-0.1801268
-0.05217994
0.09844106
0.00388117
-0.03982352
-0.1089936
-0.04067687
-0.01054166
-0.04362983
-0.05600113
-0.01419511
-0.02947815
0.0623458
0.0002894086
-0.00127584
0.09311328
-0.004741916
0.01948979
0.07273635
-0.01287992
0.009363099
-0.02317321
-0.0422701
-0.07819977
-0.007437705
-0.05616974
-0.08819044
-0.02669578
-0.0742113
-0.06950375
-0.1021284
-0.203383
-0.1848791
-0.1024885
-0.1294442
-0.1195021
-0.02679918
-0.1150992
-0.02401651
-0.02734193
-0.1021342
-0.105432
-0.07516071
-0.01475921
-0.09231141
-0.09316231
-0.04895381
-0.04848139
0.03580818
0.06107434
0.08087492
0.04153073
0.06376173
0.08118529
0.06531551
0.06725915
0.08902441
0.114446
0.1873156
0.1661281
0.0928802
0.1314836
0.289327
-0.008597227
0.1569958
0.1568258
-0.1670796
-0.0686046
-0.008305832
-0.03253097
0.02236523
0.08612122
-0.00175539
0.04702552
0.08700753
-0.08896337
-0.03643209
0.01319368
-0.03280975
-0.02911157
0.009395039
0.1043424
0.03147976
0.01481578
-0.06402667
-0.1736183
-0.2081226
-0.02175291
-0.05029723
-0.2461638
0.0217737
-0.1337966
-0.1446852
0.07868487
0.06347148
0.03179828
0.1418697
0.02192797
-0.02437752
0.06702777
-0.04528246
-0.07690812
-0.09072533
-0.09743561
-0.1071058
-0.04065059
-0.0636865
-0.06458883
-0.0340768
-0.03632215
-0.04199095
-0.03279153
0.03470188
0.1475454
-0.08334348
-0.08477654
0.03776206
0.01672886
0.04053571
0.0904763
-0.292583
-0.2304569
-0.225086
-0.1830475
-0.1117488
-0.1322626
-0.1633345
-0.1658538
-0.1208318
0.001436772
-0.1106424
-0.1720127
-0.005819406
0.006263671
-0.1449365
-0.1654865
-0.2232648
-0.2197023
0.1070547
0.03014097
-0.1225905
0.06025687
0.06873994
-0.1258862
0.005230835
-0.0596527
-0.2322519
0.07318023
0.1009684
0.06683785
0.07569659
0.09411857
0.06469951
0.0497799
0.05466675
0.008067498
0.02791477
0.06002687
0.09335914
0.0158344
0.07611573
0.1018036
-0.002297831
0.02524671
0.06638006
-0.01117981
-0.01857841
0.03875101
-0.03648348
-0.02933452
0.008948542
-0.05480139
-0.01366816
-0.02418263
0.1253433
0.09010264
0.04996278
0.08747526
0.1473506
0.1601543
0.09557387
0.1062813
0.09334013
-0.001488554
0.006903486
0.08216073
-0.008454999
0.02963491
0.06276634
-0.03389919
-0.04890897
0.0404091
-0.04679795
-0.003172101
0.04367411
0.01580737
0.05756357
0.104172
-0.04445597
0.05402529
0.1019194
-0.07709496
-0.1439837
-0.2125829
-0.1091991
-0.09436953
-0.1460089
-0.1596114
-0.1677947
-0.1403622
-0.04147399
0.01774378
0.131121
-0.06570403
-0.04299955
0.07059622
-0.003724009
0.03298853
0.117461
-0.01200803
0.004981898
0.09512645
-0.01209212
0.004431694
0.1047324
0.03517289
0.01820083
0.09562419
-0.08266329
-0.109267
-0.1763314
-0.1594454
-0.005851318
-0.2352508
-0.2334335
-0.2624609
-0.2889735
-0.01347634
0.1349363
0.2091266
-0.05775591
0.02333875
0.1309585
-0.01434109
0.09510273
0.1558923
-0.02126373
-0.07033297
-0.0558218
-0.009017859
-0.05166933
-0.06774576
-0.01370089
-0.07894997
-0.1263807
0.129589
0.1677631
0.1163457
0.03766968
0.003636788
-0.02055527
-0.1014141
-0.2033075
-0.2071288
0.1294174
0.04608832
-0.03009251
-0.02671097
-0.06259739
-0.1642445
-0.05087152
-0.1106581
-0.1285771
-0.2359732
-0.1993973
-0.1683162
-0.08275742
0.03267903
0.1714541
0.165112
0.2369779
0.1368136
-0.2126682
-0.2418447
-0.1829608
-0.05721522
0.00613735
0.1401167
0.2279277
0.3293629
0.3485528
-0.1692378
-0.09365265
0.05284616
-0.1917235
-0.02167162
0.1770073
-0.01396448
0.160438
0.2981749
-0.03077076
-0.02613376
0.0384125
0.107265
0.05912141
0.07377503
0.1710067
0.06950843
0.03342434
0.1130475
0.1515717
0.1513168
0.01749318
0.02056516
-0.03910279
0.04472085
-0.02615412
-0.03803274
-0.07426496
-0.1460524
-0.07488234
-0.06912249
-0.06264284
0.09346385
-0.09933903
0.09309199
0.05256728
-0.09795198
-0.1305789
-0.0541226
-0.05612271
0.06961592
0.04219297
-0.005715987
0.003394718
-0.02059117
-0.05078568
-0.1290186
-0.03844967
-0.116946
-0.07139964
0.1357581
0.002414171
0.09226868
0.2568183
0.04552118
-0.003590961
0.03645385
-0.07001925
-0.05864339
0.1049549
-0.1097713
0.009059597
0.0924596
0.1438215
0.1517554
0.06516813
0.1177755
0.03402519
-0.08902557
0.1013502
-0.05142085
-0.09511324
-0.0001186871
0.113
0.1685183
0.08526209
0.06894464
0.04168946
0.09772252
0.02133926
-0.08914925
-0.02795517
-0.1355238
-0.009691694
0.005023845
0.08900731
-0.02594038
0.02747829
-0.06992275
-0.03766123
0.1754784
0.1393252
0.1487458
0.06120057
-0.03532159
-0.03673568
-0.0199732
-0.1956985
-0.1265366
-0.03616704
0.01428684
-0.01696947
-0.01436347
-0.03660429
-0.09986243
0.07073612
0.01572111
-0.07235218
-0.112335
-0.07382123
-0.07765336
-0.04742368
0.01865673
-0.0444971
-0.00713833
0.02407848
0.01298264
0.1158135
0.02885226
0.01712312
0.1131472
-0.003510931
-0.05616388
0.00801506
-0.07473372
-0.114267
0.06779884
0.05015067
0.01607436
0.1132026
0.121954
0.1779919
0.04009321
0.1183362
0.1699487
0.1552834
0.1312952
0.1358108
0.08931511
0.07862423
0.1136674
-0.01678757
0.03419534
0.01535609
-0.02301785
-0.1632606
-0.283479
0.07214873
-0.05773624
-0.1980014
0.08885303
0.05985545
-0.07127944
-0.0806063
-0.0679232
-0.04544192
-0.05199654
-0.00710001
-0.02420739
0.07908072
0.08200975
-0.0003084775
0.03535907
0.1221593
0.05877643
-0.008913278
0.005142962
-0.01045855
-0.05905596
-0.03653626
-0.034259
0.09433613
0.05275136
-0.02230587
0.1280348
0.03298539
0.08310166
-0.03711778
0.00638845
0.08356098
0.07274329
0.008206893
-0.01348602
0.07619987
-0.03836451
-0.07604284
0.1647493
0.08346012
-0.0438233
0.02249996
-0.03304165
-0.05959056
0.07105414
0.01590782
-0.005360552
0.04209869
0.02150711
-0.0518103
-0.1612364
-0.1145027
-0.005918329
-0.1622114
-0.08575754
0.09124006
-0.07920152
-0.01586473
0.1732581
0.04091862
0.1425801
0.2489984
-0.09249132
0.01296495
0.1492445
-0.1705615
-0.100791
0.06990651
-0.05770092
0.003580689
0.09161165
-0.08363553
-0.05300011
-0.02775026
-0.1571957
-0.130742
-0.0869381
0.07201317
0.01628269
-0.003282464
0.1703721
-0.00451986
-0.024537
0.1250343
0.1001344
-0.01586821
-0.07014434
-0.02302576
0.04820587
-0.08534457
0.01933913
0.007465644
-0.03265215
0.02264986
0.04271445
-0.1854343
-0.1652141
-0.17999
-0.1221436
-0.1138949
-0.1449136
-0.01019334
-0.05100671
-0.1332175
0.03615483
0.09174031
0.1556759
0.002607068
0.03003063
0.1772561
-0.07090858
0.004380137
0.1091542
0.02213394
0.04260193
0.03433931
0.08254713
-0.03846912
0.09998281
0.1022696
0.1426097
0.1559007
0.1103679
-0.002771227
0.002675466
0.05157609
-0.01273878
-0.07986276
-0.07465693
-0.1002977
-0.1525214
-0.04911246
-0.1569127
-0.2237148
0.01172036
-0.08157293
-0.323351
0.125572
0.04080816
-0.2386865
-0.1058204
-0.03235757
0.03535854
-0.08270655
-0.0108168
0.01333083
-0.05026605
-0.03537064
-0.05998217
-0.02617624
-0.02900434
-0.05767743
0.01422238
0.0230407
0.04244213
0.01542499
-0.01146351
-0.02272019
-0.07578965
0.01699385
-0.047865
-0.02142468
0.05950525
0.1111777
-0.02826249
0.09284913
0.1666471
-0.01165889
-0.1409418
-0.08203898
0.04688208
0.009662106
-0.08256824
0.1198108
0.1287978
0.008157034
0.04611259
-0.0511854
-0.04939956
0.05530762
-0.03715337
-0.09468008
0.06722863
-0.03083471
-0.1015738
-0.1024691
-0.0290701
-0.06060234
0.05838272
0.06034514
-0.0256986
0.08878941
0.09634447
-0.01358325
-0.1638747
-0.08258141
-0.07094463
-0.18394
-0.03619979
-0.07417248
-0.1297223
-0.09024363
-0.1132738
0.04360056
0.1286145
0.08689672
0.05006441
0.1355485
0.1683417
-0.0299135
0.09875572
0.2015832
0.02089631
-0.005580856
0.008854033
0.08478642
0.03343144
0.05130778
0.0816061
0.08062144
0.1464763
-0.02459697
0.05536081
0.01937926
0.08395017
-0.06226538
0.02120827
-0.04087451
0.154308
0.03389895
-0.03267017
0.2035449
0.242634
-0.07209203
0.04993716
0.229765
-0.1284757
-0.01542049
0.1654702
0.0182979
0.02269893
-0.01640906
0.02876144
0.01645761
0.0274518
-0.01351894
-0.05137838
-0.006874331
-0.08027697
-0.03296455
-0.05082478
-0.03604192
-0.03484061
-0.03640789
-0.03745683
-0.007366472
-0.0394674
-0.07850874
-0.007038609
0.02157393
-0.04416955
0.01317374
0.04016725
0.02950905
0.06735937
0.06229451
0.1262532
0.1384456
0.1141561
0.1271867
0.0001230224
0.05467928
0.1148135
0.03398428
0.002418871
-0.06678634
-0.09233781
-0.01649896
-0.02412308
-0.01756003
0.01874488
-0.04030203
-0.06861486
0.001920882
-0.2287682
-0.2141074
-0.2204744
-0.2579482
-0.1511002
-0.2079868
-0.2690422
-0.23166
-0.2298282
0.03717961
0.03547924
0.06079093
0.0583512
-0.004046346
0.03543499
0.04518831
-0.006866527
0.01960125
-0.09527243
0.005845104
-0.0180586
-0.07273069
-0.0485055
-0.04492907
-0.04039606
-0.04004601
-0.06040479
0.03700694
0.0006998943
0.1223418
0.01951666
-0.05070169
0.03534251
0.03600615
-0.05256743
-0.02307937
-0.07629918
-0.1267079
-0.1161344
-0.0815181
-0.005145717
-0.1547885
0.01543507
-0.1090064
-0.05195938
-0.03927322
-0.007199309
-0.03672712
-0.05739805
-0.03962577
-0.04317158
-0.06878445
-0.08666494
-0.06208415
0.07847361
0.08882732
-0.02163679
0.09706005
0.05874752
-0.00394478
-0.008900318
0.02143101
-0.01047202
0.09415734
0.07558973
0.07769414
0.1810156
0.1757658
0.2010288
0.1966281
0.2282419
0.2239827
-0.04738402
-0.037614
-0.00818211
-0.06048728
-0.06370277
-0.05464844
-0.04619594
-0.03415853
-0.05159287
-0.0292485
0.04242506
0.1882408
0.07909628
0.0231932
0.08876706
0.1076118
0.06914122
0.1328786
-0.06933804
-0.005623046
-0.09114236
-0.03292192
-0.05344208
-0.08407231
-0.06388357
-0.03905024
-0.07235146
0.04659501
0.005839676
-0.04116867
0.03629372
0.01980477
0.02386575
-0.009638061
0.01900262
0.05593224
-0.01904156
0.01158732
0.08302558
0.01461741
0.08996785
0.1589998
0.00681007
0.09162305
0.1415474
-0.1452268
-0.1420552
-0.01895647
-0.1165506
-0.1203605
-0.01726527
0.03006283
-0.06713399
-0.06947308
0.04078458
0.1174585
0.04568386
-0.01865704
0.09380915
0.1207578
-0.03793959
0.1601638
0.104098
0.07733669
-0.09269845
-0.2108559
0.1618515
-0.003869372
-0.08457346
0.1591347
-0.01290091
-0.08753011
0.08574925
0.02227384
-0.02568634
0.09317897
-0.02779164
-0.07176412
0.05881083
-0.08697397
-0.1178384
-0.1794139
0.0113509
0.1482258
-0.09981295
0.06692758
0.2113086
-0.12615
0.07985952
0.2491853
0.0513838
0.00504231
0.04703963
0.03056575
0.01279665
0.009511604
0.04574883
-0.04215219
-0.04023523
-0.119949
-0.09649696
-0.03174116
0.01656675
0.06162195
0.1375208
0.0480339
0.04028413
0.01274219
-0.003179669
0.03437502
0.1493652
-0.09408019
-0.0417113
0.1952616
-0.05665052
0.1178496
0.1904763
0.01076054
-0.06182583
0.003790656
0.01996718
0.001721443
0.0898881
0.006823254
-0.00229714
0.03831849
0.192793
0.04641857
-0.1536576
0.136723
-0.0799391
-0.1680889
0.09263413
0.01293801
-0.048691
0.04941317
-0.02473967
-0.03702027
-0.05629247
-0.0322233
-0.1107663
-0.02154136
0.00787358
-0.07631077
-0.135562
-0.01838522
0.1031665
-0.05238341
-0.005917236
0.08294737
-0.03559753
-0.07098357
0.02047652
-0.1272566
-0.07528054
-0.001428778
-0.06578923
0.1532685
0.1081981
0.03762017
0.06225746
0.06280293
-0.02292097
0.1023331
0.3339108
-0.1028251
0.06362064
0.2467461
-0.2539715
-0.1059573
0.06744236
-0.08599193
0.005555517
0.1311033
-0.07881261
0.02347047
0.1327234
-0.05390419
0.01470688
0.1092798
-0.1418109
-0.1404124
-0.1290177
-0.06135841
-0.06255145
-0.06510469
0.1247625
0.1045738
0.08248864
0.03890188
0.0001142336
0.01812615
0.1253786
-0.07520193
-0.06253291
0.2131864
-0.01294687
-0.1633278
-0.1168142
-0.1320392
-0.1595374
0.02545627
-0.02784335
0.0382564
0.1625507
0.2453693
0.2129114
0.2037473
0.1879274
0.1915412
0.08938693
0.08682504
0.1128354
-0.147653
-0.07538588
-0.06158995
0.02626434
0.06278487
0.06049399
-0.05978326
-0.03696943
0.053269
-0.1585856
-0.07669552
0.02392133
0.07762999
0.04266812
-0.01521626
0.1152447
0.06230393
0.03000946
0.06509882
0.09189453
0.03104937
-0.1003671
-0.01036254
0.01367597
-0.0917495
-0.02896747
-0.03509853
-0.04531256
-0.03738922
-0.1074643
0.04577462
-0.03453133
0.02476719
-0.001120209
0.02310084
-0.02014023
0.02936248
-0.03564275
-0.03194993
0.01871841
0.1852256
0.2043955
0.1585815
0.1140333
0.2027815
-0.05267396
0.05891405
0.005220194
-0.1248263
-0.09100938
-0.07491022
-0.0991599
-0.1028127
-0.05758334
0.07508362
0.07508251
0.06927376
0.08219322
0.0760527
0.08715291
-0.1028682
0.01577469
0.01586682
-0.2512819
-0.09059242
0.04151284
-0.08060067
-0.06530234
-0.03877049
-0.1252089
-0.1046752
-0.1358951
-0.07398465
-0.115684
-0.1581869
0.01713552
-0.04474396
0.07679327
-0.02924156
-0.03922004
-0.07832742
-0.02155394
-0.08961387
-0.09355636
-0.1813841
-0.1204204
-0.04173063
0.1670019
0.01476888
0.02689386
0.1755351
0.1772724
0.01545034
-0.06304795
-0.01893065
-0.03989206
-0.07082295
0.003077394
-0.08319166
0.07631393
0.1322244
0.09481752
-0.05466852
0.022568
0.04011056
-0.0620074
-0.02437205
-0.01760088
0.0156602
0.03657654
0.02114579
-0.06732634
-0.1291283
-0.0926685
-0.008590532
-0.06484106
-0.04222822
0.06910264
0.03392528
0.008731192
-0.02940718
0.0006858804
0.01909659
-0.001839371
0.0132932
0.04357392
0.02969655
0.02836326
0.09578626
0.2375656
0.281814
0.2371445
-0.0247814
0.09418503
0.144156
-0.3099581
-0.3389167
-0.1826952
0.06843737
0.05002423
-0.1139164
0.08923554
0.1763925
0.02234508
0.05720535
0.1557229
0.06498209
0.02109457
0.03525636
-0.1152886
0.1125811
0.1497958
0.01032802
0.08654391
0.1541906
0.04881578
0.05278043
0.06948598
0.05743036
0.04460733
0.04698327
0.05952601
-0.04731113
-0.004983611
0.05473402
-0.1254952
-0.09655712
-0.08699793
0.02380033
0.02444917
0.05263055
0.0565389
0.04558903
0.03912345
0.004290088
0.2031643
0.08334661
-0.01195537
0.07833669
0.2280768
-0.08859838
-0.0445434
0.03392855
-0.05990503
-0.1254245
-0.09696002
-0.0911819
-0.00837208
-0.09276368
0.0234832
-0.0191835
-0.1190855
-0.06734819
-0.05608028
-0.07714439
0.02606769
0.08803463
0.1089243
-0.04008962
0.08505152
0.1339968
-0.05818901
-0.07961491
-0.106047
0.003232964
-0.001507086
-0.0762997
0.02008266
0.03655967
-0.01376017
-0.0813558
-0.01007859
0.04810134
-0.009488356
0.02702913
0.08601155
0.05105333
0.05086333
0.07593579
0.04190655
0.1816137
0.2288869
-0.04812247
0.02502801
0.1330473
-0.04633789
-0.03544216
0.03453017
0.003245652
0.03566686
-0.04785999
-0.029411
0.04787103
0.02610762
-0.1438937
-0.06398918
-0.06481009
-0.08609772
-0.106914
-0.07351825
-0.04090557
-0.09466393
-0.08463574
0.0088853
-0.05545548
-0.0001627494
0.0165219
-0.006294229
-0.04298644
0.06502499
0.05454492
0.06327967
-0.02066761
-0.02285184
0.01164017
0.09466226
0.09737901
0.1078856
-0.02034389
-0.002404506
0.02641284
-0.1143116
-0.168246
-0.1265267
-0.04794953
-0.03771395
-0.02893806
-0.04922724
-0.06603921
0.05781392
-0.06899183
0.02992758
0.06820651
0.01682049
0.004253887
-0.08535141
0.02174026
-0.04436358
-0.02109059
0.1680048
0.1827159
0.08136125
-0.09980356
-0.1657997
-0.1632387
-0.006040719
-0.0007695683
-0.03001807
0.1621159
0.2416115
0.1807929
-0.007415772
-0.02358032
-0.04209176
0.04324013
0.02028155
-0.004981746
0.04361789
-0.01407075
-0.008107044
0.02456845
-0.007841666
-0.03484944
0.01317432
-0.02915983
-0.03367181
0.02842639
0.03614131
-0.03879087
0.02109285
-0.004653482
-0.01704661
-0.05613936
-0.05315095
0.0007921632
0.02632553
0.03819663
0.1150469
0.02805212
0.00867802
-0.03688363
-0.02969526
-0.04911482
-0.1365113
0.1475126
0.1940252
0.03496519
-0.015837
-0.09489315
-0.07976601
0.01249778
-0.1167592
0.07028351
0.02359808
0.1592853
0.2311481
0.07161655
0.1432977
0.1246651
-0.0484267
0.006499012
-0.04937447
-0.02763713
-0.05082718
-0.1167537
0.01944006
-0.01905238
-0.01583791
-0.0306217
0.0195361
-0.09785105
-0.05149584
-0.1015493
-0.1650425
0.03742702
0.07811122
0.06875237
0.04812751
0.05121487
0.07717343
-0.07692405
-0.09269512
-0.02872204
0.01238844
0.04407961
0.1052409
0.003820445
-0.03027054
0.03092496
-0.01433544
0.01180822
0.07450739
-0.1803163
-0.1689059
-0.1257601
-0.05599053
-0.1751007
-0.08511499
0.1052091
0.3105443
0.2683536
0.1381348
0.2104882
0.2587242
0.01382232
-0.003859091
0.0787335
-0.03791138
-0.05641944
0.01645623
-0.03823625
-0.06243585
-0.07402472
-0.05486881
-0.06506804
-0.07796881
0.06501381
0.04697144
0.01649456
-0.0845579
-0.07469646
-0.09682916
-0.2120193
-0.192432
-0.2518121
-0.2175981
-0.239614
-0.2770328
-0.01873216
0.07307443
0.1236177
0.01645933
0.08175027
0.03021065
0.06536213
0.03051972
-0.05909333
0.1337522
-0.002794237
-0.06734433
0.05266618
-0.03945729
-0.2012936
-0.06337672
-0.1561307
-0.1286584
-0.005768407
-0.1177316
-0.08210455
-0.06026786
-0.1717777
-0.05394131
-0.06424846
-0.1432009
-0.02129286
-0.03261851
-0.04391998
0.02879882
0.02408279
0.007260845
0.05105884
0.03553768
0.07038676
0.06963681
0.0216188
-0.0704245
-0.09606277
-0.09325209
-0.1242766
-0.2347087
-0.1005288
-0.1891211
-0.2025157
-0.09063199
-0.1197703
-0.05918378
-0.03757882
-0.0794092
-0.05151138
-0.04814794
-0.09252607
-0.07124849
0.007416286
0.04141723
-0.02736312
0.006175412
-0.03335418
0.04073858
-0.0006807662
0.07520059
0.08390401
0.02574869
-0.008680712
0.01638555
-0.04030174
-0.07265966
-0.03641612
-0.1016832
-0.07134724
-0.0706602
0.1089988
-0.03543251
-0.0972732
0.04638322
-0.03239913
-0.1389626
-0.02328857
-0.08371717
-0.177196
0.1057605
-0.03694264
-0.06377348
0.1810555
0.02734183
0.09050049
0.1232683
0.08740146
0.1334996
-0.01661651
0.03837902
0.08167481
0.01239891
0.04729748
0.05258788
0.08230082
0.1276981
0.09476542
0.005633847
-0.02796456
-0.08264276
-0.06242039
-0.06094311
-0.09862766
-0.1269585
-0.09709753
-0.1277426
0.07438989
0.0416292
0.1055058
0.04761847
-0.05342167
0.02759647
0.03091632
-0.08550381
-0.02089123
0.01112153
-0.01906514
-0.1374869
-0.04009172
-0.04668564
-0.1934359
-0.01686005
-0.08818036
-0.2124056
-0.2105403
-0.2309719
-0.1225499
-0.2108981
-0.2342957
-0.2175652
-0.224877
-0.2871681
-0.2593218
0.050648
0.08172846
0.09326939
0.008866566
-0.003014039
0.01273265
-0.05012698
-0.04708716
-0.04994924
0.08347511
0.06867985
0.03140673
-0.030546
0.004371056
0.052306
-0.02566025
0.01302451
0.07942276
0.05475703
0.1238883
0.1049545
0.1261211
0.1195384
0.1585281
0.1277203
0.1116163
0.05659227
-0.107974
-0.1085059
-0.1045808
-0.04947319
0.006451881
-0.07717237
0.0692417
0.12629
0.07104332
-0.01249845
0.006618414
0.0003324025
0.03456907
0.06319807
0.02920615
0.1149767
0.1214338
0.0838334
-0.07196455
-0.06800245
-0.07862784
-0.03952569
-0.025025
0.01095425
0.02486994
0.07875168
0.05296217
0.09259674
0.119131
0.1087599
0.06153313
0.09938186
0.1473708
-0.1095731
-0.07349156
0.04454372
0.01741163
-0.04459194
-0.08705921
-0.02182923
-0.08241218
-0.03768996
0.0477073
0.1015931
0.05282308
-0.02899203
-0.0712102
-0.1034004
-0.0608709
-0.1085571
-0.04279454
0.04187849
0.08205912
0.03004764
-0.06913848
-0.07884695
-0.05593414
0.04975964
0.0132797
0.04068727
0.2068927
0.1997573
0.1880762
0.0001243858
0.004842013
-0.04170252
0.03143327
0.03106036
-0.09891687
0.09968906
0.01380604
-0.1152283
0.1060792
0.08243417
0.04241334
-6.390558e-06
-0.04212038
-0.03929393
-0.1656114
-0.2312085
-0.2076665
-0.05499516
0.009281161
-0.04338113
-0.06766826
-0.0564542
-0.04602654
-0.07442852
-0.008936071
-0.009280773
0.01560094
-0.03350022
-0.03546152
-0.02325477
-0.01465482
0.001982161
0.01601592
0.1647038
0.1226716
0.08066459
0.03621327
0.006951734
0.08878366
0.01140063
0.01738376
0.09603043
0.06614865
0.01445911
-0.06411319
-0.06149232
-0.09085043
-0.01475367
-0.009072813
0.04422939
0.118845
0.1659568
0.1887724
-0.005822153
-7.622645e-05
-0.02901875
-0.1035786
-0.1063717
-0.1464653
-0.1393523
-0.1646387
-0.1874119
0.0397191
0.003245414
9.276007e-05
0.07290695
0.02007854
-0.00540389
0.04580746
-0.0180083
-0.03815955
0.070705
0.01146777
0.04002606
0.005873742
-0.01654366
0.07323823
0.05176011
0.06451625
0.05978812
-0.1255611
-0.1282999
-0.04878851
-0.2291048
-0.1252365
-0.09113006
-0.2426279
-0.1559138
-0.08212945
0.06326373
0.0246705
0.06691106
-0.01465478
-0.02679805
0.0255891
-0.0384196
-0.04901602
-0.04571415
0.01696175
0.005815675
0.0508467
0.02160887
-0.03134732
0.01735741
0.147464
0.1149448
0.08304005
0.1265269
0.01226829
0.009470804
0.146809
0.04275117
0.01531802
0.1501117
0.03906852
0.02276299
-0.003436669
-0.01839499
0.01727444
-0.007249069
-0.001052684
-0.02834704
0.08465984
0.02107527
0.04379538
0.05185988
0.0438365
0.05251392
-0.02767363
-0.01291773
0.03917258
-0.02897605
-0.04158291
-0.00753329
-0.1629387
-0.152981
-0.2271894
-0.1379523
-0.1185251
-0.1634122
-0.02526029
-0.03572528
-0.07273076
0.0378332
-0.002811688
0.05327
-0.03070026
-0.02905784
0.09782685
-0.01810801
0.00850122
0.09617224
0.05604278
0.02348413
-0.06347832
0.005097094
-0.0285989
-0.1285706
-0.04392353
-0.1231751
-0.1829266
-0.1409891
-0.1217327
-0.09742686
-0.08508085
-0.0889373
-0.1708869
-0.02415673
-0.08505207
-0.1514338
-0.01510887
0.04440615
0.1660459
-0.01688087
-0.03398192
-0.07900704
0.06044812
0.01781097
-0.02942255
0.1189018
0.0201429
-0.1274407
0.05050196
-0.07810304
-0.1869164
0.0572079
-0.06118183
-0.114189
-0.1420586
-0.1410457
-0.04081432
-0.09458921
-0.08170868
0.004924841
0.01336636
0.03837975
0.1260789
-0.1094219
-0.1432548
-0.1451182
-0.1109063
-0.1414224
-0.1467565
-0.1366271
-0.13024
-0.1171694
0.1118214
0.06435452
0.02136843
0.08469284
0.03132464
0.06105328
0.09387922
0.05354579
0.07449397
0.1199314
0.1010469
0.1056718
0.04654631
0.05396883
0.07328634
0.02181153
0.003607738
0.01523866
-0.09420663
-0.0968675
-0.08781807
-0.1231822
-0.08271924
-0.09088411
-0.1120572
-0.09743703
-0.06364305
0.004737491
0.03532698
0.01807997
0.03060689
0.0160937
0.005938411
-0.01253355
-0.01448703
-0.05390769
-0.05891699
-0.09876334
-0.07697479
-0.04305391
-0.06329003
-0.007820924
-0.03906995
-0.06995494
0.01139143
-0.01919677
-0.02377446
-0.03988657
0.02605467
0.02175276
-0.02182036
-0.01537485
0.003098525
-0.05887397
-0.06177253
-0.0928469
-0.1376421
-0.075256
-0.1262735
-0.1046193
-0.01009685
-0.03215118
-0.01511226
0.005269502
-0.009234657
-0.03763455
-0.01330574
-0.01914653
-0.01546356
-0.001300652
-0.02324159
0.006173559
0.01204165
-0.02140759
-0.00160258
-0.04534486
-0.03467125
-0.01090612
0.07957561
0.08092234
0.1078779
-0.1243804
-0.04256181
0.03024192
-0.06426529
-0.01922953
0.03800678
-0.002334754
0.006477132
0.01726261
0.1240933
0.1071643
0.08021336
0.0588275
0.03923666
-0.03581765
0.04083075
-0.01249384
-0.1227159
0.07771406
0.02522393
0.008173366
0.03404004
-0.03048241
-0.01797646
0.00241379
-0.09401531
-0.06062936
-0.104491
-0.1441467
-0.1430888
-0.2110554
-0.1982149
-0.2213558
-0.2194165
-0.2137537
-0.1026042
-0.03022839
-0.04565708
-0.03690185
-0.03158411
-0.03160783
-0.02907259
-0.02362736
0.003947586
0.01989362
-0.03422628
-0.0682303
-0.05774833
0.007747035
-0.02754244
-0.03299169
0.1041791
0.06892646
0.02535371
0.09993524
0.01225042
-0.04941521
0.002164612
-0.04413164
-0.0744919
0.05276201
0.01959131
-0.02558859
-0.1618601
0.006011515
0.2008058
-0.06241596
-0.01921694
0.1925188
0.01409431
0.08716684
0.146712
0.1219567
0.22369
0.09185807
-0.01456969
0.02056332
-0.01201737
-0.03145775
0.02769614
0.09894115
0.1192578
0.09638456
0.0120889
0.1207934
0.0317529
-0.06487233
0.09132149
0.008926021
-0.1288698
-0.06695758
-0.06648326
-0.0302881
-0.08059266
-0.1148136
-0.1158159
0.01600735
-0.01366028
-0.03439184
-0.1061186
-0.03199777
0.0175949
-0.1923442
-0.2081589
-0.1845331
-0.2022558
-0.255649
-0.2298373
-0.03448271
-0.1070763
-0.06325393
0.06264395
-0.03145579
-0.001224418
0.08417888
0.02541774
-0.01606474
-0.07300504
0.03746787
0.04966087
-0.1327171
-0.06930836
-0.05550903
-0.06596661
0.03609515
0.03994465
-0.04119977
0.06784991
0.03642186
-0.1210817
-0.008729314
-0.001911756
-0.1113729
-0.05695489
-0.09367535
0.03866131
-0.0596251
-0.0910378
-0.02657568
-0.05615757
-0.07128578
-0.04141898
-0.01770389
-0.01389795
0.2011332
-0.04317836
-0.1534494
0.201652
-0.03322729
-0.2037748
0.1055611
0.006356452
-0.06086875
-0.02726999
-0.07453508
-0.0869376
0.0708843
0.09283894
0.04051943
0.1343169
0.1856541
0.1432553
-0.03098862
0.09334075
0.06210567
-0.03413066
-0.004872378
0.03934756
-0.05977856
-0.007550993
0.02773423
-0.218243
-0.06071566
0.2171072
-0.2100044
-0.02532619
0.1342414
-0.185937
-0.2117778
-0.07857399
-0.09204382
-0.1300958
-0.05453374
-0.1150705
-0.08843271
-0.01813089
-0.133663
-0.1105398
-0.01121788
0.1763895
0.128241
0.07955647
0.1031396
0.01585709
-0.03609365
-0.06535953
-0.1822855
-0.2152286
-0.1112007
-0.09963713
-0.07391155
0.001723201
0.02299355
0.04480784
-0.01065173
-0.004354492
-0.003180464
-0.03829499
-0.07831192
-0.07165974
-0.03287508
-0.0642455
-0.1291887
-0.06789972
-0.1463898
-0.1884904
-0.010444
0.01710399
-0.1291512
0.07510346
0.07044186
-0.06595846
0.02973188
0.08982269
-0.05919465
-0.08795191
-0.09140476
-0.0998262
0.04949132
-0.005869292
0.07126437
0.1051056
0.0426724
0.08228563
-0.01981743
-0.06561012
-0.1587202
0.04052167
0.01136732
-0.05525204
0.1061227
0.06171753
0.007038476
0.1732565
0.2291166
0.1667551
0.07819413
0.1004823
0.0850763
-0.05157636
0.01454816
-0.001585911
-0.1388865
-0.07909937
-0.02790556
-0.1854187
-0.08892564
-0.02770082
-0.04921276
0.04296
0.08865295
-0.02092501
0.04351052
0.03053652
0.01288862
0.1045792
0.01744307
0.04908691
0.0868964
-0.05040813
0.03122597
0.1774876
0.1263989
0.07526171
-0.03027369
0.2184069
-0.001771102
0.1226969
0.07770589
0.02346937
-0.01175555
0.006203835
0.05066568
-0.007494105
-0.02544385
-0.1101931
-0.1966553
-0.1462508
-0.1025077
-0.1364824
-0.1905918
-0.07606205
-0.03462727
-0.08321212
-0.0305179
0.02769193
0.1023005
-0.164447
-0.1562098
-0.06880108
-0.1137069
-0.049767
-0.01909372
-0.1480069
-0.1180001
-0.06951319
-0.0709706
0.005901332
0.07889464
-0.02977914
-0.008669813
0.05586132
-0.004988339
0.01704129
0.05480019
0.04029125
0.03734225
-0.05593365
0.05710991
0.108395
-0.009416233
-0.01713832
-0.06013878
-0.1555941
0.07021602
0.08882143
0.04065675
-0.01088253
0.05778685
0.0117552
-0.1340939
-0.05254712
-0.02193704
0.1193195
0.1528004
0.1163087
-0.01755949
0.02058724
0.002839447
-0.1005906
-0.04378417
-0.02844752
-0.1516538
-0.09871673
0.06119914
-0.1494877
-0.1072188
0.1359747
-0.02726619
0.1117741
0.288085
-0.1348554
-0.08353229
-0.02859768
-0.1005415
-0.04732222
-0.05341124
-0.03334695
-0.07769813
-0.0999467
-0.1585065
-0.0506097
0.02178113
0.05211666
0.1265322
0.1169692
0.0009167212
0.05495932
-0.01857535
0.2981395
0.2288532
-0.08916629
0.215152
0.105991
-0.2013343
-0.008912764
-0.1005759
-0.257425
0.1234295
0.08502608
-0.04329769
0.07694831
0.01558841
-0.1371285
-0.03193838
-0.1492472
-0.1770404
-0.1119792
-0.01812853
0.01818795
-0.1127099
0.02118711
0.06641607
-0.009528483
0.1384831
0.08678174
0.003006337
0.003408985
-0.01354662
-0.06495984
-0.01324092
0.01885481
-0.0919622
0.03862293
0.05240615
-0.004834648
0.01651125
0.04565312
0.1208803
0.04480997
-0.01939435
0.01646475
-0.05713421
-0.04427073
0.06346148
-0.03711484
-0.1421776
-0.02997423
-0.0244437
-0.120632
-0.08497326
-0.09410624
-0.07631514
-0.08267818
0.03990913
0.08919808
0.01990185
0.03053025
0.102015
0.03901693
0.08245156
0.08321059
-0.08596011
-0.04690154
0.02072244
-0.1093412
-0.06636985
0.07026044
-0.06360909
-0.01729493
0.07420243
-0.1179102
0.0005276872
0.1359572
-0.1311337
0.01709674
0.1409449
-0.06261987
0.05375634
0.1536671
0.02705549
0.02520828
0.07696716
-0.03352846
-0.01316572
0.008382476
-0.193966
-0.1028315
-0.04140171
0.03256435
0.01656115
-0.01886041
-0.04183366
0.1005893
-0.08563008
-0.07204136
-0.0579674
-0.1769211
-0.3866518
-0.2205651
0.06741307
-0.3226059
-0.0817026
0.2205055
-0.04382564
0.2229345
0.467315
-0.09171532
0.07982075
0.1447108
-0.04847241
0.1098751
0.177592
-0.006636939
0.07156205
0.09127451
-0.1198588
-0.09066915
-0.1208011
-0.1164818
-0.09859633
-0.131067
-0.1042244
-0.07857991
-0.1257699
0.03232262
0.05768433
0.02997419
0.1346118
0.02878002
-0.009516939
0.2174512
0.08238547
-0.05008862
0.1029818
-0.00875284
-0.001346178
-0.06034474
-0.1499386
-0.05984667
-0.1014195
-0.1382096
0.005464889
-0.06765307
-0.09420004
-0.08898787
-0.1407307
-0.09881923
-0.03071803
-0.1383419
-0.115627
0.01573908
0.007127217
-0.05713318
-0.02513205
-0.03581845
-0.0724123
0.001410012
-0.0858572
-0.1200466
-0.02357595
-0.03128001
-0.1269878
-0.1203704
-0.0538051
-0.1094136
-0.0864668
-0.08133542
-0.09761664
-0.071998
0.01296841
0.04542589
0.0001978408
0.01678601
0.007232026
-0.0805987
0.01485164
-0.02184081
-0.1461663
-0.04780791
-0.1065863
-0.05768895
-0.2052376
-0.3065345
-0.2172616
-0.1825667
-0.2986437
-0.2424493
-0.01385212
-0.02368842
-0.04638404
-0.04211072
-0.01647475
-0.04295347
-0.04991405
-0.04038966
-0.01605647
-0.06691568
-0.05198407
-0.05227804
-0.1286911
-0.1025258
-0.1054674
-0.02241434
-0.02768488
-0.02063091
0.1505762
0.09014641
0.03691297
0.009681282
0.03416863
0.06409596
-0.145319
-0.04431909
0.08493913
-0.1574437
-0.1063896
-0.1203535
-0.1208579
-0.0657471
-0.1068889
-0.07631257
-0.04616931
-0.09821917
-0.117312
-0.1451507
-0.09852057
-0.05484009
-0.08863675
-0.06291518
0.0809624
-0.002063326
-0.06545421
-0.1275288
-0.1934614
-0.2370599
-0.05026982
-0.1090692
-0.1944664
-0.01789843
-0.05700241
-0.1294189
0.09993958
0.1001345
0.02937184
0.0497751
0.03392722
-0.03874559
-0.01523328
-0.02914863
-0.08581074
-0.01841716
-0.06280455
-0.03625249
-0.139824
-0.1227211
-0.08050355
-0.1973323
-0.188846
-0.07435517
0.07940059
0.05853162
0.06238161
0.06315444
0.01022888
-0.01952974
0.05931835
-0.003409561
-0.03463503
-0.07788627
0.1081258
0.2103556
-0.1694339
-0.02778441
0.1422602
-0.1269293
-0.06043589
0.008298798
0.09591161
-0.06454274
-0.3070585
0.2709564
0.05079406
-0.2873679
0.2750306
0.05739356
-0.1919235
-0.06073898
-0.0450083
-0.05238506
0.03527802
-0.04999035
0.00355098
0.05731362
-0.01049954
-0.01442452
-0.05183633
-0.03504588
0.02834933
-0.07313534
-0.02190514
0.006701605
-0.05789401
-0.009551437
-0.02075033
0.2133745
-0.0437755
-0.262984
0.2434146
-0.01360441
-0.2812929
0.1395359
-0.073688
-0.3089989
0.03514732
0.03618944
-0.01314513
-0.02295121
0.01781275
0.02456009
-0.04049772
-0.0173756
-0.03130078
0.0517149
0.04576915
-0.1142771
0.08464231
0.01882986
0.007975384
0.003376929
0.1886997
-0.05484619
0.2853389
0.1010728
-0.08811413
0.2631732
-0.2875099
-0.08657282
0.08189437
0.02750442
-0.116504
0.05800175
0.009141264
-0.1431571
0.1044261
0.06512152
-0.09698505
0.005039174
0.01067873
-0.09925712
-0.139089
-0.141758
-0.06784497
-0.0725007
-0.0172694
0.002387511
-0.06632886
-0.02412384
-0.0005178211
-0.01969681
-0.009424696
0.007180881
-0.001791177
-0.002589479
0.006752354
0.03370954
-0.004373203
0.01615374
0.09242455
0.02610339
-0.07500421
0.01872686
0.05663834
-0.04475173
-0.07688116
-0.01950196
-0.0513339
-0.002018911
-0.02744441
-0.1629654
0.157989
0.01242867
-0.1717453
0.2258091
0.1154823
-0.1877818
0.07274166
-0.07451501
-0.1231925
0.05450181
-0.004299907
-0.1807223
-0.04139113
-0.1924902
-0.2540731
0.1431814
-0.07747585
-0.2994222
0.2193324
0.002851991
-0.2240284
0.2263201
0.02020466
-0.1835192
-0.09857265
-0.09882749
-0.1174493
-0.02828202
-0.006668254
-0.007977858
0.0419367
0.05914143
0.03501246
0.008393625
0.0538226
-0.06131208
-0.01575763
-0.03452438
-0.07057034
-0.02961048
-0.02341317
-0.04614203
0.1077651
0.1112797
0.1274766
0.09362498
0.09601434
0.2766722
-0.1544141
-0.09459518
0.04076128
-0.01200033
0.0739426
0.05277363
-0.1235664
-0.03822161
-0.05235646
-0.07397176
-0.06615083
-0.1259409
-0.0003042552
-0.01162061
-0.03005714
-0.005340445
-0.05219432
-0.06148982
0.02659926
-0.002393634
-0.03943244
-0.06905656
-0.02541178
0.01460461
-0.05147883
-0.006298774
0.008195083
-0.03194418
0.02630383
0.0209874
-0.07464454
-0.1083261
-0.102682
0.02544556
-0.04240905
-0.1072222
0.1510562
0.1314495
0.07878562
-0.05396594
-0.0256798
-0.002138626
0.03587403
0.04422605
0.0949501
-0.06000273
-0.01539039
0.04836994
-0.01175029
-0.05197155
0.06537964
0.01284728
-0.007261821
0.04374491
0.04307771
0.05565576
0.01639184
0.05520215
0.030664
-0.005268906
0.1126499
0.08422275
0.08040126
0.08106271
0.06429994
0.08583878
-0.1072501
-0.1199028
-0.06420176
-0.070622
-0.07692935
-0.1352013
0.05876831
0.002525297
-0.05586477
-0.001865309
-0.04252364
-0.08880413
0.09315186
0.06299657
0.006178131
0.1008717
0.09225762
0.05706451
0.09861344
0.1126134
0.04116886
0.03971135
0.01739102
-0.01640746
-0.08359922
-0.09102633
-0.0993325
0.04969319
0.1365657
0.1490306
-0.1009655
-0.08485064
0.0601209
-0.2180963
-0.1766275
-0.1822392
-0.07148417
-0.1250962
-0.1362436
0.02454784
-0.07369397
-0.1072357
0.1244688
0.01907837
-0.06409577
-0.1211325
-0.151703
-0.1762591
0.009556004
-0.0276264
-0.038907
0.100179
0.08648416
0.08174377
0.09139992
0.01885397
-0.03724243
0.1555938
0.07133196
0.03911287
0.1145239
0.1027313
0.04990589
-0.006163209
0.08893795
0.1804711
-0.01066315
0.01977625
0.09422795
0.007707421
-0.008390195
-0.007728505
-0.05668176
-0.2154475
-0.1359528
-0.1205856
-0.1840051
-0.08657658
-0.1986309
-0.2555641
-0.1119316
-0.01009399
0.03202121
0.1032906
-0.03121533
0.01709584
0.07666344
-0.05705162
-0.06030681
-0.01341367
0.02664547
-0.02909741
-0.0083848
0.05576764
0.007205666
0.02952736
0.03610932
0.03275969
0.03817939
-0.00125568
0.001127491
0.04172022
0.006765614
-0.004184424
0.04543182
0.0098602
0.006375384
0.04233515
-0.07734032
-0.02743739
0.02662749
-0.05639736
-0.04027002
0.001579148
-0.002033543
0.01129136
0.06828381
-0.08247155
-0.05197724
-0.002969764
-0.1313097
-0.06768291
0.01728838
-0.08824528
-0.1132243
-0.06913778
0.09172825
0.03454666
0.01806156
0.1376946
0.0005178704
0.1052893
0.1763112
0.06736958
0.1365085
0.05385993
0.03094994
-0.04379946
0.04552858
0.05289451
-0.02706673
0.01037573
-0.01441181
-0.08883704
0.1114982
-0.07361721
-0.2049105
0.1441967
0.01093364
-0.1009453
0.04664766
-0.001944423
-0.01356089
-0.03373257
-0.01763791
-0.06257901
0.01813156
0.06885187
0.03885781
0.01761975
0.08694191
0.07157863
0.03686588
0.01483156
0.004930712
0.0002098511
-0.04380257
-0.05949778
-0.03608313
-0.09930391
-0.1269798
-0.1154622
0.008559759
0.1337849
-0.1687099
-0.006094161
0.1320079
-0.1922984
-0.1636068
-0.03723686
-0.008364258
-0.09716809
-0.1259474
0.07156564
-0.03668579
-0.07754982
0.1109774
0.04637164
-0.01399447
-0.01454669
-0.0006706043
0.0498951
-0.02379395
-0.03503692
0.001239168
0.01625618
0.008940533
0.08617528
