-4.279035e-05
9.508187e-01
4.449651e-04
9.375351e-01
9.472521e-01
9.216648e-01
1.210554e+00
9.807370e-01
9.538008e-01
8.298348e-01
1.021140e+00
8.294058e-01
9.419009e-01
8.988158e-01
9.046261e-01
6.396754e-05
-2.921362e-01
4.216177e-01
4.327825e-01
4.160397e-01
4.846643e-01
5.754774e-01
7.332057e-01
5.114433e-01
6.549613e-01
-5.560554e-01
6.535999e-01
-3.527208e-01
6.112530e-01
5.722879e-01
4.345908e-01
7.682348e-01
4.072791e-01
6.300926e-01
6.036831e-01
4.681581e-01
7.890067e-01
6.748827e-01
5.120276e-01
5.906216e-01
7.423188e-01
6.060826e-01
3.891849e-01
5.575677e-01
4.168073e-01
3.842330e-01
6.461821e-01
4.526205e-01
9.005290e-01
8.833789e-01
9.710868e-01
8.893705e-01
9.089222e-01
6.591600e-01
9.427250e-01
9.832278e-01
9.343849e-01
8.754002e-01
9.109203e-01
8.426667e-01
8.761621e-01
8.617550e-01
9.803132e-01
8.584754e-01
