-1.866143e+00
-2.991197e+00
1.984376e+00
-3.362811e-01
-3.160949e-01
-3.437217e-01
-8.521879e-01
1.287013e+00
-5.919361e-03
-1.311978e+00
-1.045184e+00
1.065248e+00
-5.028709e-01
-8.739430e-01
8.546636e-01
-3.503240e-01
-1.492280e+00
1.997906e+00
-1.481251e-01
-1.400146e+00
2.847890e-01
-7.924754e-01
3.646204e-01
-1.265436e+00
-1.277475e-01
-2.474258e+00
3.765750e-01
-3.751861e-01
-1.120716e+00
-9.562057e-01
-9.820906e-01
-1.060441e-01
1.372272e+00
1.084141e+00
-3.829432e-02
-1.433948e-01
-1.561084e+00
-1.642404e-01
-2.399071e-01
-1.634851e+00
4.249560e-01
3.042989e+00
-3.678916e-01
-1.299872e+00
-4.562160e-03
-3.591526e+00
3.230940e-01
-1.001107e+00
-3.901428e-01
4.726481e-01
-3.910867e+00
-1.480657e+00
4.926336e-01
-5.884383e-01
-6.860701e+00
-2.050618e+00
4.041726e-01
-1.020095e+00
-8.947522e-01
4.839962e-01
-1.406960e+00
-3.840335e-01
-3.742328e-01
-1.285133e+00
