6.271096e-01
6.413924e-01
4.300008e-01
6.839504e-01
4.876992e-01
5.454161e-01
4.554669e-01
5.642248e-01
6.076462e-01
4.478455e-01
3.689560e-01
5.005895e-01
5.032635e-01
4.431880e-01
5.230443e-01
4.429647e-01
2.901747e-01
6.038029e-01
2.844064e-01
4.612897e-01
6.909304e-01
3.194222e-01
3.738184e-01
3.357498e-01
4.856922e-01
4.705601e-01
4.621061e-01
-2.039705e-01
2.975556e-01
2.928911e-01
3.170545e-01
4.672095e-01
4.290962e-01
3.809868e-01
5.057223e-01
3.925682e-01
4.303204e-01
4.650462e-01
3.624884e-01
4.117199e-01
5.027282e-01
4.724301e-01
-3.287524e-01
3.649142e-01
4.275225e-01
2.735872e-01
3.911953e-01
2.536093e-01
3.502048e-01
6.043429e-01
6.779196e-01
6.367636e-01
6.931193e-01
3.204563e-01
5.791976e-01
5.080358e-01
7.416764e-01
5.098867e-01
4.068332e-01
6.616724e-01
6.601493e-01
5.051214e-01
5.531318e-01
5.288824e-01
