2.761096e-01
2.956154e-01
1.808389e-01
2.439611e-01
2.648533e-01
4.556969e-01
3.887359e-01
2.485243e-01
5.349174e-01
4.092029e-01
1.156982e-01
2.434855e-01
2.572550e-01
3.425029e-01
4.247328e-01
4.188415e-01
1.485764e-01
2.394387e-01
2.000294e-01
1.493496e-01
2.288053e-01
1.672417e-01
2.905582e-01
3.020170e-01
1.711568e-01
2.187371e-01
1.897449e-02
2.286409e-03
7.664237e-02
1.421737e-01
9.913597e-02
5.646092e-02
2.765521e-02
3.242274e-02
1.427573e-02
1.896387e-01
1.458366e-01
7.296897e-02
4.610829e-02
1.224923e-02
3.659471e-02
2.066144e-01
2.036443e-01
2.358846e-01
1.569525e-01
1.922174e-01
6.210059e-02
2.653626e-01
2.826274e-01
2.144867e-01
1.669374e-01
1.893960e-01
2.907538e-01
3.077178e-01
3.914763e-01
2.736080e-01
2.602117e-01
4.278091e-01
2.982889e-01
4.599046e-01
1.943411e-01
3.516444e-01
1.433423e-01
1.659900e-01
