8.105972e-01
3.070623e-01
3.318437e-01
-1.330007e-01
1.255107e-01
5.818722e-01
-6.702112e-01
-6.670229e-01
2.540450e-01
-6.137007e-01
-2.855684e-01
8.968328e-01
-4.437747e-01
-3.172394e+00
-2.057229e+00
-8.928662e-01
-3.509807e-01
2.478684e-01
4.732117e-01
-3.940202e-01
-7.688501e-02
-8.594201e-01
-9.627278e-01
-1.842826e-01
1.897037e-01
-8.416601e-03
1.891544e-02
6.358782e-01
3.983805e-01
5.352078e-01
8.273160e-01
2.362736e-01
2.901633e-01
6.517033e-03
6.342996e-02
-5.965972e-01
1.790928e-02
-4.797478e-01
-9.295568e-01
5.934258e-01
6.283998e-01
2.433377e-02
-7.458339e-01
-1.476682e-01
-1.332948e-01
-1.673433e+00
-1.018114e-01
-1.805581e-01
8.436292e-02
9.204879e-02
-1.338995e+00
-1.912987e-01
3.619882e-01
-3.412557e-02
5.127936e-02
6.126408e-01
-2.439181e-01
3.879162e-01
1.356743e-02
-1.946474e-01
6.221396e-02
-1.659868e-01
8.204005e-01
-9.117340e-02
