-9.650702e-02
-2.444566e-01
-9.022231e-02
-2.270195e-01
-1.345850e-01
-1.381300e-01
-1.482153e-01
-2.433086e-01
-1.640374e-04
-7.805824e-02
-2.581088e-01
-2.591355e-01
-7.930893e-02
-2.865015e-01
-1.997563e-01
1.275262e-02
-1.233244e-01
-7.420017e-02
4.890046e-02
-1.261014e-01
-1.152821e-01
-1.215469e-01
-2.220479e-01
-1.265386e-01
-1.764991e-01
-4.862250e-02
-1.719394e-01
2.336848e-01
-2.204341e-01
-1.518872e-01
-7.904644e-02
-1.869405e-01
-3.344133e-01
-2.331901e-01
-2.079199e-01
-3.317028e-01
-4.825095e-02
-2.903359e-02
-2.270814e-01
-2.934379e-01
-4.497044e-02
-2.323074e-01
1.209824e-02
-8.827423e-02
-1.518861e-01
-1.846467e-02
-2.325555e-02
-1.600096e-01
-1.979839e-01
-2.701800e-01
4.020409e-02
1.398167e-01
4.942319e-02
-4.280888e-02
-1.999418e-02
2.607055e-02
-7.455956e-02
-1.194804e-01
-1.239268e-01
-1.072482e-01
-2.403422e-01
-1.261203e-01
-7.588027e-02
2.814166e-02
