5.262186e-01
6.795557e-01
6.747288e-01
4.910315e-01
4.927260e-01
5.502769e-01
4.524012e-01
6.783686e-01
6.104943e-01
5.983727e-01
3.302130e-01
6.383983e-01
4.761932e-01
-3.816686e-01
5.395046e-01
6.157051e-01
-1.923711e-01
4.519683e-01
2.803505e-01
4.065866e-01
5.249172e-01
5.817651e-01
7.884679e-01
4.701750e-01
5.630436e-01
3.857773e-01
5.279720e-01
3.872818e-01
4.421547e-01
3.618792e-01
4.464792e-01
4.420835e-01
3.241034e-01
4.656374e-01
6.223629e-01
2.207110e-01
3.026691e-01
4.611405e-01
5.628042e-01
-3.650246e-01
-2.738881e-01
3.484856e-01
5.644536e-01
6.742972e-01
4.029945e-01
3.673937e-01
2.942957e-01
4.064481e-01
4.074524e-01
5.517137e-01
5.744560e-01
6.128776e-01
5.003462e-01
6.896048e-01
6.310965e-01
5.334038e-01
5.818062e-01
5.135086e-01
3.961610e-01
3.623647e-01
4.907112e-01
3.446304e-01
5.276610e-01
4.417478e-01
