6.250530e-01
5.910903e-01
5.658057e-01
6.025368e-01
6.540889e-01
5.766863e-01
6.711496e-01
5.305545e-01
6.956786e-01
6.511829e-01
5.830759e-01
6.047679e-01
6.049859e-01
6.258200e-01
6.167512e-01
5.344971e-01
5.862260e-01
7.755154e-01
5.666913e-01
6.582683e-01
7.053892e-01
5.528255e-01
6.638787e-01
6.065716e-01
6.760432e-01
4.372842e-01
6.202214e-01
7.261971e-01
6.527245e-01
5.129458e-01
6.982966e-01
4.927272e-01
6.663678e-01
5.778893e-01
4.864242e-01
5.883160e-01
6.566091e-01
7.718515e-01
6.336740e-01
7.544639e-01
6.260686e-01
6.758910e-01
5.982535e-01
7.164110e-01
5.352787e-01
5.698806e-01
6.425382e-01
5.481123e-01
5.709748e-01
6.547686e-01
5.206948e-01
6.136282e-01
6.847041e-01
6.189876e-01
5.952500e-01
4.949687e-01
7.022139e-01
6.784873e-01
6.616964e-01
6.247457e-01
6.684337e-01
5.806925e-01
7.265097e-01
6.463027e-01
