1.312221e-01
1.583503e-01
2.011795e-01
1.728464e-01
1.744148e-01
2.864222e-01
2.033418e-01
1.757616e-01
1.932333e-01
1.471499e-01
2.346936e-01
1.678613e-01
1.672929e-01
2.452323e-01
2.294432e-01
1.953632e-01
1.834508e-01
2.935237e-01
1.630543e-01
2.133460e-01
1.163676e-01
1.593919e-01
1.071420e-01
1.256015e-01
6.015785e-02
1.343119e-01
9.178875e-02
1.080301e-01
2.466885e-01
2.683243e-01
1.111532e-01
1.056416e-01
1.312967e-01
9.591120e-02
1.182541e-01
1.366914e-01
1.412158e-01
1.296370e-01
1.213639e-01
8.060221e-02
1.099857e-01
9.077372e-02
2.216202e-01
1.279087e-01
1.536763e-01
1.036653e-01
1.188084e-01
2.341383e-01
1.742067e-01
1.516924e-01
2.041285e-01
2.643591e-01
3.415497e-01
2.430045e-01
1.331690e-01
2.970356e-01
2.056508e-01
1.832993e-01
1.525760e-01
1.642266e-01
2.769281e-01
1.962181e-01
1.971508e-01
2.092701e-01
