먼저 ckks 경로를 옳게 설정하고,
Ckks 포함한 간단한 코드 후에 
아래실시 인듯...
같은 lattigo 라이브러리가 mbs 안에 동시에 두개 존재하면 안되는듯 

go mod init rotOptResnet
go mod tidy 


시간최적화 중 이슈!!
1. Mul 이 오래걸리길래 분석을 해보니 Rescale 과정이 오래걸리는 거였음!! 

//rot 각 level 개수 중복값 제거전. 
31
43
48
Total  122
230
26
48
Total  304

//중복값 제거 후 
21
15
24
Total  60
169
8
24
Total  201


[[-16384 -14400 -14336 -11264 -8258 -8225 -8192 -7232 -4096 4032 6144 7168 8190 8191 8192 11200 12288 14336 16320 16352 16384] [-8192 -4096 -2048 -1024 -32 -2 -1 1 2 32 64 1024 2048 4096 8192] [-132 -128 -124 -66 -64 -62 -33 -32 -31 -4 -2 -1 1 2 4 31 32 33 62 64 66 124 128 132]]
21
15
24
Total  60
[[-16384 -15457 -15393 -14433 -14369 -14336 -13409 -13345 -12385 -12321 -12288 -11363 -11362 -11331 -11299 -11298 -11297 -11267 -11264 -10339 -10338 -10307 -10275 -10274 -10273 -10243 -10240 -9315 -9314 -9283 -9251 -9250 -9249 -9219 -8291 -8290 -8259 -8227 -8226 -8225 -8195 -8192 -7267 -7203 -7200 -7168 -6243 -6179 -6176 -6144 -5219 -5155 -5152 -5120 -4195 -4131 -4128 -4096 -3168 -3136 -3104 -3072 -2144 -2112 -2080 -2048 -1120 -1088 -1056 -1024 -96 -64 -32 959 1023 1024 1983 2047 3007 3071 3072 4031 4095 4096 5023 5054 5055 5087 5118 5119 5120 6047 6078 6079 6111 6142 6143 6144 7071 7102 7103 7135 7166 7167 7168 8095 8126 8127 8159 8190 8191 9149 9183 9184 9213 9215 9216 10173 10207 10208 10237 10239 10240 11197 11231 11232 11261 11263 11264 12221 12255 12256 12285 12287 12288 13214 13216 13246 13278 13279 13280 13310 13311 13312 14238 14240 14270 14302 14303 14304 14334 14335 15262 15264 15294 15326 15327 15328 15358 15359 15360 16286 16288 16318 16350 16351 16352 16382 16383] [1 2 32 64 1024 2048 4096 8192] [-132 -128 -124 -66 -64 -62 -33 -32 -31 -4 -2 -1 1 2 4 31 32 33 62 64 66 124 128 132]]
169
8
24
Total  201
Resnet Created!
[-16384 -15457 -15393 -14433 -14369 -14336 -13409 -13345 -12385 -12321 -12288 -11363 -11362 -11331 -11299 -11298 -11297 -11267 -11264 -10339 -10338 -10307 -10275 -10274 -10273 -10243 -10240 -9315 -9314 -9283 -9251 -9250 -9249 -9219 -8291 -8290 -8259 -8227 -8226 -8225 -8195 -8192 -7267 -7203 -7200 -7168 -6243 -6179 -6176 -6144 -5219 -5155 -5152 -5120 -4195 -4131 -4128 -4096 -3168 -3136 -3104 -3072 -2144 -2112 -2080 -2048 -1120 -1088 -1056 -1024 -96 -64 -32 959 1023 1024 1983 2047 3007 3071 3072 4031 4095 4096 5023 5054 5055 5087 5118 5119 5120 6047 6078 6079 6111 6142 6143 6144 7071 7102 7103 7135 7166 7167 7168 8095 8126 8127 8159 8190 8191 9149 9183 9184 9213 9215 9216 10173 10207 10208 10237 10239 10240 11197 11231 11232 11261 11263 11264 12221 12255 12256 12285 12287 12288 13214 13216 13246 13278 13279 13280 13310 13311 13312 14238 14240 14270 14302 14303 14304 14334 14335 15262 15264 15294 15326 15327 15328 15358 15359 15360 16286 16288 16318 16350 16351 16352 16382 16383 1 2 32 64 2048 8192 -132 -128 -124 -66 -62 -33 -31 -4 -2 -1 4 31 33 62 66 124 128 132]
[0 1 6 5 7 6 3 7 6 6 5 2 8 8 6 7 7 6 5 3 9 9 7 8 8 7 6 4 8 8 6 7 7 6 5 7 7 5 6 6 5 4 2 8 7 5 3 8 7 5 3 7 6 4 2 6 5 3 1 5 3 4 2 5 3 4 2 4 2 3 1 3 1 2 3 2 1 4 3 4 3 2 3 2 1 6 5 4 5 4 3 2 7 6 5 6 5 4 3 7 6 5 6 5 4 3 6 5 4 5 4 3 6 6 5 5 4 3 7 7 6 6 5 4 6 6 5 5 4 3 5 5 4 4 3 2 8 6 6 7 6 5 5 4 3 8 6 6 7 6 5 5 4 7 5 5 6 5 4 4 3 2 6 4 4 5 4 3 3 2 1 2 2 1 2 2 3 2 3 3 3 3 3 1 2 1 1 3 3 3 3 3 2 3]
[1 0 5 4 6 5 2 6 5 5 4 1 7 7 5 6 6 5 4 2 8 8 6 7 7 6 5 3 8 8 6 7 7 6 5 7 7 5 6 6 5 4 2 8 7 5 3 9 8 6 4 8 7 5 3 7 6 4 2 6 4 5 3 6 4 5 3 5 3 4 2 4 2 3 4 3 2 5 4 5 4 3 4 3 2 7 6 5 6 5 4 3 8 7 6 7 6 5 4 8 7 6 7 6 5 4 7 6 5 6 5 4 7 7 6 6 5 4 8 8 7 7 6 5 7 7 6 6 5 4 6 6 5 5 4 3 9 7 7 8 7 6 6 5 4 9 7 7 8 7 6 6 5 8 6 6 7 6 5 5 4 3 7 5 5 6 5 4 4 3 2 3 3 2 3 3 4 3 4 4 4 4 4 2 3 2 2 4 4 4 4 4 3 4]
[6 5 0 1 1 2 5 2 3 2 3 6 3 2 5 4 3 2 6 5 4 3 6 5 4 3 7 6 5 4 7 6 5 4 8 5 4 7 6 5 4 8 7 4 5 4 6 5 6 5 7 6 7 6 8 5 6 5 7 3 5 4 6 4 6 5 7 4 6 5 7 3 5 4 3 4 5 4 5 5 6 7 5 6 7 2 5 4 3 6 5 6 3 6 5 4 7 6 7 4 7 6 5 8 7 8 4 7 6 5 8 7 7 4 5 8 6 7 8 5 6 9 7 8 9 6 7 10 8 9 8 5 6 9 7 8 4 4 6 5 4 5 7 6 7 5 5 7 6 5 6 8 7 5 5 7 6 5 6 8 7 8 4 4 6 5 4 5 7 6 7 7 5 7 6 8 6 5 6 5 6 3 5 7 6 5 7 4 6 7 8 7 6 7]
[5 4 1 0 2 1 4 3 2 3 2 5 4 3 5 3 2 1 5 4 5 4 6 4 3 2 6 5 6 5 7 5 4 3 7 6 5 7 5 4 3 7 6 5 4 3 5 6 5 4 6 7 6 5 7 6 5 4 6 4 5 3 5 5 6 4 6 5 6 4 6 4 5 3 3 3 4 4 4 5 5 6 5 5 6 3 5 4 2 5 4 5 4 6 5 3 6 5 6 5 7 6 4 7 6 7 5 7 6 4 7 6 7 3 4 7 5 6 8 4 5 8 6 7 9 5 6 9 7 8 8 4 5 8 6 7 5 5 6 4 3 4 6 5 6 6 6 7 5 4 5 7 6 6 6 7 5 4 5 7 6 7 5 5 6 4 3 4 6 5 6 6 4 6 5 7 7 6 7 5 6 2 4 6 5 4 6 3 5 6 7 8 7 8]
[7 6 1 2 0 1 4 1 2 2 3 6 4 3 6 5 4 3 7 6 3 2 5 4 3 2 6 5 4 3 6 5 4 3 7 5 4 7 6 5 4 8 7 5 6 5 7 4 5 4 6 5 6 5 7 6 7 6 8 4 6 5 7 3 5 4 6 4 6 5 7 4 6 5 4 5 6 3 4 4 5 6 5 6 7 3 6 5 4 7 6 7 2 5 4 3 6 5 6 3 6 5 4 7 6 7 4 7 6 5 8 7 8 5 6 9 7 8 7 4 5 8 6 7 8 5 6 9 7 8 9 6 7 10 8 9 5 5 7 6 5 6 8 7 8 4 4 6 5 4 5 7 6 5 5 7 6 5 6 8 7 8 5 5 7 6 5 6 8 7 8 8 6 8 5 8 7 6 7 6 7 4 6 8 7 6 8 5 7 8 9 8 7 8]
[6 5 2 1 1 0 3 2 1 3 2 5 5 4 6 4 3 2 6 5 4 3 5 3 2 1 5 4 5 4 6 4 3 2 6 6 5 7 5 4 3 7 6 6 5 4 6 5 4 3 5 6 5 4 6 7 6 5 7 5 6 4 6 4 5 3 5 5 6 4 6 5 6 4 4 4 5 3 3 4 4 5 5 5 6 4 6 5 3 6 5 6 3 5 4 2 5 4 5 4 6 5 3 6 5 6 5 7 6 4 7 6 8 4 5 8 6 7 7 3 4 7 5 6 8 4 5 8 6 7 9 5 6 9 7 8 6 6 7 5 4 5 7 6 7 5 5 6 4 3 4 6 5 6 6 7 5 4 5 7 6 7 6 6 7 5 4 5 7 6 7 7 5 7 4 7 8 7 8 6 7 3 5 7 6 5 7 4 6 7 8 9 8 9]
[3 2 5 4 4 3 0 5 4 6 5 2 7 7 5 6 6 5 4 2 6 6 4 5 5 4 3 1 7 7 5 6 6 5 4 8 8 6 7 7 6 5 3 8 7 5 3 7 6 4 2 8 7 5 3 9 8 6 4 6 4 5 3 5 3 4 2 6 4 5 3 6 4 5 4 3 2 3 2 4 3 2 5 4 3 7 6 5 6 5 4 3 6 5 4 5 4 3 2 7 6 5 6 5 4 3 8 7 6 7 6 5 7 7 6 6 5 4 6 6 5 5 4 3 7 7 6 6 5 4 8 8 7 7 6 5 9 7 7 8 7 6 6 5 4 8 6 6 7 6 5 5 4 9 7 7 8 7 6 6 5 4 9 7 7 8 7 6 6 5 4 5 5 4 1 4 6 5 6 6 6 6 6 4 5 4 4 6 6 6 6 6 5 6]
[7 6 2 3 1 2 5 0 1 1 2 5 4 3 6 5 4 3 7 6 4 3 6 5 4 3 7 6 3 2 5 4 3 2 6 4 3 6 5 4 3 7 6 5 6 5 7 5 6 5 7 4 5 4 6 5 6 5 7 5 7 6 8 4 6 5 7 3 5 4 6 4 6 5 5 6 7 4 5 3 4 5 4 5 6 3 6 5 4 7 6 7 3 6 5 4 7 6 7 2 5 4 3 6 5 6 3 6 5 4 7 6 8 5 6 9 7 8 8 5 6 9 7 8 7 4 5 8 6 7 8 5 6 9 7 8 6 6 8 7 6 7 9 8 9 5 5 7 6 5 6 8 7 4 4 6 5 4 5 7 6 7 5 5 7 6 5 6 8 7 8 8 6 8 6 7 7 6 7 6 7 4 6 8 7 6 8 5 7 8 9 8 7 8]
[6 5 3 2 2 1 4 1 0 2 1 4 5 4 6 4 3 2 6 5 5 4 6 4 3 2 6 5 4 3 5 3 2 1 5 5 4 6 4 3 2 6 5 6 5 4 6 6 5 4 6 5 4 3 5 6 5 4 6 6 7 5 7 5 6 4 6 4 5 3 5 5 6 4 5 5 6 4 4 3 3 4 4 4 5 4 6 5 3 6 5 6 4 6 5 3 6 5 6 3 5 4 2 5 4 5 4 6 5 3 6 5 8 4 5 8 6 7 8 4 5 8 6 7 7 3 4 7 5 6 8 4 5 8 6 7 7 7 8 6 5 6 8 7 8 6 6 7 5 4 5 7 6 5 5 6 4 3 4 6 5 6 6 6 7 5 4 5 7 6 7 7 5 7 5 6 8 7 8 6 7 3 5 7 6 5 7 4 6 7 8 9 8 9]
[6 5 2 3 2 3 6 1 2 0 1 4 3 2 5 4 3 2 6 5 4 3 6 5 4 3 7 6 4 3 6 5 4 3 7 3 2 5 4 3 2 6 5 4 5 4 6 5 6 5 7 5 6 5 7 4 5 4 6 4 6 5 7 5 7 6 8 4 6 5 7 3 5 4 5 6 7 5 6 4 5 6 3 4 5 2 5 4 3 6 5 6 3 6 5 4 7 6 7 3 6 5 4 7 6 7 2 5 4 3 6 5 7 4 5 8 6 7 8 5 6 9 7 8 8 5 6 9 7 8 7 4 5 8 6 7 5 5 7 6 5 6 8 7 8 6 6 8 7 6 7 9 8 5 5 7 6 5 6 8 7 8 4 4 6 5 4 5 7 6 7 7 5 7 7 6 6 5 6 5 6 3 5 7 6 5 7 4 6 7 8 7 6 7]
[5 4 3 2 3 2 5 2 1 1 0 3 4 3 5 3 2 1 5 4 5 4 6 4 3 2 6 5 5 4 6 4 3 2 6 4 3 5 3 2 1 5 4 5 4 3 5 6 5 4 6 6 5 4 6 5 4 3 5 5 6 4 6 6 7 5 7 5 6 4 6 4 5 3 5 5 6 5 5 4 4 5 3 3 4 3 5 4 2 5 4 5 4 6 5 3 6 5 6 4 6 5 3 6 5 6 3 5 4 2 5 4 7 3 4 7 5 6 8 4 5 8 6 7 8 4 5 8 6 7 7 3 4 7 5 6 6 6 7 5 4 5 7 6 7 7 7 8 6 5 6 8 7 6 6 7 5 4 5 7 6 7 5 5 6 4 3 4 6 5 6 6 4 6 6 5 7 6 7 5 6 2 4 6 5 4 6 3 5 6 7 8 7 8]
[2 1 6 5 6 5 2 5 4 4 3 0 6 6 4 5 5 4 3 1 7 7 5 6 6 5 4 2 7 7 5 6 6 5 4 6 6 4 5 5 4 3 1 7 6 4 2 8 7 5 3 8 7 5 3 7 6 4 2 6 4 5 3 7 5 6 4 6 4 5 3 5 3 4 5 4 3 5 4 4 3 2 3 2 1 6 5 4 5 4 3 2 7 6 5 6 5 4 3 7 6 5 6 5 4 3 6 5 4 5 4 3 6 6 5 5 4 3 7 7 6 6 5 4 7 7 6 6 5 4 6 6 5 5 4 3 9 7 7 8 7 6 6 5 4 10 8 8 9 8 7 7 6 9 7 7 8 7 6 6 5 4 8 6 6 7 6 5 5 4 3 4 4 3 3 2 5 4 5 5 5 5 5 3 4 3 3 5 5 5 5 5 4 5]
[8 7 3 4 4 5 7 4 5 3 4 6 0 1 2 1 2 3 3 5 1 2 3 2 3 4 4 6 2 3 4 3 4 5 5 2 3 4 3 4 5 5 7 1 2 4 6 2 3 5 7 3 4 6 8 3 4 6 8 4 6 5 7 5 7 6 8 6 8 7 9 5 7 6 6 7 7 7 8 7 8 8 6 7 7 3 4 5 4 5 6 6 4 5 6 5 6 7 7 5 6 7 6 7 8 8 5 6 7 6 7 8 4 5 5 5 7 7 5 6 6 6 8 8 6 7 7 7 9 9 6 7 7 7 9 9 4 5 6 5 6 6 7 8 8 5 6 7 6 7 7 8 9 6 7 8 7 8 8 9 10 10 5 6 7 6 7 7 8 9 7 8 7 9 8 8 6 7 7 6 7 6 5 7 7 8 9 7 6 8 9 7 8 8]
[8 7 2 3 3 4 7 3 4 2 3 6 1 0 3 2 1 2 4 5 2 1 4 3 2 3 5 6 3 2 5 4 3 4 6 3 2 5 4 3 4 6 7 2 3 4 6 3 4 5 7 4 5 6 8 4 5 6 8 4 6 5 7 5 7 6 8 6 8 7 9 5 7 6 5 6 7 6 7 6 7 8 5 6 7 2 3 4 3 4 5 6 3 4 5 4 5 6 7 4 5 6 5 6 7 8 4 5 6 5 6 7 5 4 5 6 6 7 6 5 6 7 7 8 7 6 7 8 8 9 7 6 7 8 8 9 3 5 5 4 5 6 6 7 8 4 6 6 5 6 7 7 8 5 7 7 6 7 8 8 9 10 4 6 6 5 6 7 7 8 8 7 7 9 8 8 7 7 8 5 6 5 6 8 6 7 9 6 7 7 8 8 8 9]
[6 5 5 5 6 6 5 6 6 5 5 4 2 3 0 2 3 4 1 3 3 4 1 3 4 5 2 4 4 5 2 4 5 6 3 4 5 2 4 5 6 3 5 3 3 5 4 4 4 6 5 5 5 7 6 5 5 7 6 6 4 6 5 7 5 7 6 8 6 8 7 7 5 7 4 5 5 5 6 5 6 6 4 5 5 5 2 3 5 3 4 4 6 3 4 6 4 5 5 7 4 5 7 5 6 6 7 4 5 7 5 6 2 6 6 3 5 5 3 7 7 4 6 6 4 8 8 5 7 7 4 8 8 5 7 7 6 7 4 6 7 7 5 6 6 7 8 5 7 8 8 6 7 8 9 6 8 9 9 7 8 8 7 8 5 7 8 8 6 7 5 6 8 7 6 6 5 6 7 4 5 7 6 5 5 6 7 8 7 6 7 6 7 8]
[7 6 4 3 5 4 6 5 4 4 3 5 1 2 2 0 1 2 2 4 2 3 3 1 2 3 3 5 3 4 4 2 3 4 4 3 4 4 2 3 4 4 6 2 1 3 5 3 2 4 6 4 3 5 7 4 3 5 7 5 6 4 6 6 7 5 7 7 8 6 8 6 7 5 6 6 6 7 7 7 7 7 6 6 6 4 4 5 3 4 5 5 5 5 6 4 5 6 6 6 6 7 5 6 7 7 6 6 7 5 6 7 4 4 4 4 6 6 5 5 5 5 7 7 6 6 6 6 8 8 6 6 6 6 8 8 5 6 6 4 5 5 6 7 7 6 7 7 5 6 6 7 8 7 8 8 6 7 7 8 9 9 6 7 7 5 6 6 7 8 6 7 6 8 7 7 7 8 8 6 7 5 4 6 6 7 8 6 5 7 8 8 9 9]
[7 6 3 2 4 3 6 4 3 3 2 5 2 1 3 1 0 1 3 4 3 2 4 2 1 2 4 5 4 3 5 3 2 3 5 4 3 5 3 2 3 5 6 3 2 3 5 4 3 4 6 5 4 5 7 5 4 5 7 5 6 4 6 6 7 5 7 7 8 6 8 6 7 5 5 5 6 6 6 6 6 7 5 5 6 3 3 4 2 3 4 5 4 4 5 3 4 5 6 5 5 6 4 5 6 7 5 5 6 4 5 6 5 3 4 5 5 6 6 4 5 6 6 7 7 5 6 7 7 8 7 5 6 7 7 8 4 6 5 3 4 5 5 6 7 5 7 6 4 5 6 6 7 6 8 7 5 6 7 7 8 9 5 7 6 4 5 6 6 7 7 6 6 8 7 7 8 8 9 5 6 4 5 7 5 6 8 5 6 6 7 9 9 10]
[6 5 2 1 3 2 5 3 2 2 1 4 3 2 4 2 1 0 4 3 4 3 5 3 2 1 5 4 5 4 6 4 3 2 6 5 4 6 4 3 2 6 5 4 3 2 4 5 4 3 5 6 5 4 6 6 5 4 6 4 5 3 5 5 6 4 6 6 7 5 7 5 6 4 4 4 5 5 5 5 5 6 4 4 5 2 4 3 1 4 3 4 3 5 4 2 5 4 5 4 6 5 3 6 5 6 4 6 5 3 6 5 6 2 3 6 4 5 7 3 4 7 5 6 8 4 5 8 6 7 8 4 5 8 6 7 5 5 6 4 3 4 6 5 6 6 6 7 5 4 5 7 6 7 7 8 6 5 6 8 7 8 6 6 7 5 4 5 7 6 7 7 5 7 6 6 8 7 8 6 7 3 5 7 6 5 7 4 6 7 8 9 8 9]
[5 4 6 5 7 6 4 7 6 6 5 3 3 4 1 2 3 4 0 2 4 5 2 3 4 5 1 3 5 6 3 4 5 6 2 5 6 3 4 5 6 2 4 4 3 5 3 5 4 6 4 6 5 7 5 6 5 7 5 7 5 6 4 8 6 7 5 9 7 8 6 8 6 7 5 4 4 6 5 6 5 5 5 4 4 6 3 4 5 2 3 3 7 4 5 6 3 4 4 8 5 6 7 4 5 5 8 5 6 7 4 5 3 6 6 2 4 4 4 7 7 3 5 5 5 8 8 4 6 6 5 8 8 4 6 6 7 8 5 6 7 7 4 5 5 8 9 6 7 8 8 5 6 9 10 7 8 9 9 6 7 7 8 9 6 7 8 8 5 6 4 5 7 6 5 5 6 7 8 5 6 7 6 4 4 5 6 7 6 5 6 6 7 8]
[3 2 5 4 6 5 2 6 5 5 4 1 5 5 3 4 4 3 2 0 6 6 4 5 5 4 3 1 7 7 5 6 6 5 4 7 7 5 6 6 5 4 2 6 5 3 1 7 6 4 2 8 7 5 3 8 7 5 3 5 3 4 2 6 4 5 3 7 5 6 4 6 4 5 4 3 2 5 4 5 4 3 4 3 2 5 4 3 4 3 2 1 6 5 4 5 4 3 2 7 6 5 6 5 4 3 7 6 5 6 5 4 5 5 4 4 3 2 6 6 5 5 4 3 7 7 6 6 5 4 7 7 6 6 5 4 8 6 6 7 6 5 5 4 3 9 7 7 8 7 6 6 5 10 8 8 9 8 7 7 6 5 9 7 7 8 7 6 6 5 4 5 5 4 3 3 6 5 6 6 6 6 6 4 5 4 4 6 6 6 6 6 5 6]
[9 8 4 5 3 4 6 4 5 4 5 7 1 2 3 2 3 4 4 6 0 1 2 1 2 3 3 5 1 2 3 2 3 4 4 2 3 4 3 4 5 5 7 2 3 5 7 1 2 4 6 2 3 5 7 3 4 6 8 5 7 6 8 4 6 5 7 5 7 6 8 6 8 7 7 8 8 6 7 7 8 8 7 8 8 4 5 6 5 6 7 7 3 4 5 4 5 6 6 4 5 6 5 6 7 7 5 6 7 6 7 8 5 6 6 6 8 8 4 5 5 5 7 7 5 6 6 6 8 8 6 7 7 7 9 9 5 6 7 6 7 7 8 9 9 4 5 6 5 6 6 7 8 5 6 7 6 7 7 8 9 9 6 7 8 7 8 8 9 10 8 9 8 10 7 8 7 8 8 7 8 7 6 8 8 9 10 8 7 9 10 8 9 9]
[9 8 3 4 2 3 6 3 4 3 4 7 2 1 4 3 2 3 5 6 1 0 3 2 1 2 4 5 2 1 4 3 2 3 5 3 2 5 4 3 4 6 7 3 4 5 7 2 3 4 6 3 4 5 7 4 5 6 8 5 7 6 8 4 6 5 7 5 7 6 8 6 8 7 6 7 8 5 6 6 7 8 6 7 8 3 4 5 4 5 6 7 2 3 4 3 4 5 6 3 4 5 4 5 6 7 4 5 6 5 6 7 6 5 6 7 7 8 5 4 5 6 6 7 6 5 6 7 7 8 7 6 7 8 8 9 4 6 6 5 6 7 7 8 9 3 5 5 4 5 6 6 7 4 6 6 5 6 7 7 8 9 5 7 7 6 7 8 8 9 9 8 8 10 7 8 8 8 9 6 7 6 7 9 7 8 10 7 8 8 9 9 9 10]
[7 6 6 6 5 5 4 6 6 6 6 5 3 4 1 3 4 5 2 4 2 3 0 2 3 4 1 3 3 4 1 3 4 5 2 4 5 2 4 5 6 3 5 4 4 6 5 3 3 5 4 4 4 6 5 5 5 7 6 7 5 7 6 6 4 6 5 7 5 7 6 8 6 8 5 6 6 4 5 5 6 6 5 6 6 6 3 4 6 4 5 5 5 2 3 5 3 4 4 6 3 4 6 4 5 5 7 4 5 7 5 6 3 7 7 4 6 6 2 6 6 3 5 5 3 7 7 4 6 6 4 8 8 5 7 7 7 8 5 7 8 8 6 7 7 6 7 4 6 7 7 5 6 7 8 5 7 8 8 6 7 7 8 9 6 8 9 9 7 8 6 7 9 8 5 6 6 7 8 5 6 8 7 6 6 7 8 9 8 7 8 7 8 9]
[8 7 5 4 4 3 5 5 4 5 4 6 2 3 3 1 2 3 3 5 1 2 2 0 1 2 2 4 2 3 3 1 2 3 3 3 4 4 2 3 4 4 6 3 2 4 6 2 1 3 5 3 2 4 6 4 3 5 7 6 7 5 7 5 6 4 6 6 7 5 7 7 8 6 7 7 7 6 6 7 7 7 7 7 7 5 5 6 4 5 6 6 4 4 5 3 4 5 5 5 5 6 4 5 6 6 6 6 7 5 6 7 5 5 5 5 7 7 4 4 4 4 6 6 5 5 5 5 7 7 6 6 6 6 8 8 6 7 7 5 6 6 7 8 8 5 6 6 4 5 5 6 7 6 7 7 5 6 6 7 8 8 7 8 8 6 7 7 8 9 7 8 7 9 6 7 8 9 9 7 8 6 5 7 7 8 9 7 6 8 9 9 10 10]
[8 7 4 3 3 2 5 4 3 4 3 6 3 2 4 2 1 2 4 5 2 1 3 1 0 1 3 4 3 2 4 2 1 2 4 4 3 5 3 2 3 5 6 4 3 4 6 3 2 3 5 4 3 4 6 5 4 5 7 6 7 5 7 5 6 4 6 6 7 5 7 7 8 6 6 6 7 5 5 6 6 7 6 6 7 4 4 5 3 4 5 6 3 3 4 2 3 4 5 4 4 5 3 4 5 6 5 5 6 4 5 6 6 4 5 6 6 7 5 3 4 5 5 6 6 4 5 6 6 7 7 5 6 7 7 8 5 7 6 4 5 6 6 7 8 4 6 5 3 4 5 5 6 5 7 6 4 5 6 6 7 8 6 8 7 5 6 7 7 8 8 7 7 9 6 7 9 9 10 6 7 5 6 8 6 7 9 6 7 7 8 10 10 2147483647]
[7 6 3 2 2 1 4 3 2 3 2 5 4 3 5 3 2 1 5 4 3 2 4 2 1 0 4 3 4 3 5 3 2 1 5 5 4 6 4 3 2 6 5 5 4 3 5 4 3 2 4 5 4 3 5 6 5 4 6 5 6 4 6 4 5 3 5 5 6 4 6 6 7 5 5 5 6 4 4 5 5 6 5 5 6 3 5 4 2 5 4 5 2 4 3 1 4 3 4 3 5 4 2 5 4 5 4 6 5 3 6 5 7 3 4 7 5 6 6 2 3 6 4 5 7 3 4 7 5 6 8 4 5 8 6 7 6 6 7 5 4 5 7 6 7 5 5 6 4 3 4 6 5 6 6 7 5 4 5 7 6 7 7 7 8 6 5 6 8 7 8 8 6 8 5 6 9 8 9 7 8 4 6 8 7 6 8 5 7 8 9 10 9 10]
[6 5 7 6 6 5 3 7 6 7 6 4 4 5 2 3 4 5 1 3 3 4 1 2 3 4 0 2 4 5 2 3 4 5 1 5 6 3 4 5 6 2 4 5 4 6 4 4 3 5 3 5 4 6 4 6 5 7 5 8 6 7 5 7 5 6 4 8 6 7 5 9 7 8 6 5 5 5 4 6 5 5 6 5 5 7 4 5 6 3 4 4 6 3 4 5 2 3 3 7 4 5 6 3 4 4 8 5 6 7 4 5 4 7 7 3 5 5 3 6 6 2 4 4 4 7 7 3 5 5 5 8 8 4 6 6 8 9 6 7 8 8 5 6 6 7 8 5 6 7 7 4 5 8 9 6 7 8 8 5 6 6 9 10 7 8 9 9 6 7 5 6 8 7 4 5 7 8 9 6 7 8 7 5 5 6 7 8 7 6 7 7 8 9]
[4 3 6 5 5 4 1 6 5 6 5 2 6 6 4 5 5 4 3 1 5 5 3 4 4 3 2 0 6 6 4 5 5 4 3 7 7 5 6 6 5 4 2 7 6 4 2 6 5 3 1 7 6 4 2 8 7 5 3 6 4 5 3 5 3 4 2 6 4 5 3 7 5 6 5 4 3 4 3 5 4 3 5 4 3 6 5 4 5 4 3 2 5 4 3 4 3 2 1 6 5 4 5 4 3 2 7 6 5 6 5 4 6 6 5 5 4 3 5 5 4 4 3 2 6 6 5 5 4 3 7 7 6 6 5 4 9 7 7 8 7 6 6 5 4 8 6 6 7 6 5 5 4 9 7 7 8 7 6 6 5 4 10 8 8 9 8 7 7 6 5 6 6 5 2 3 7 6 7 7 7 7 7 5 6 5 5 7 7 7 7 7 6 7]
[8 8 5 6 4 5 7 3 4 4 5 7 2 3 4 3 4 5 5 7 1 2 3 2 3 4 4 6 0 1 2 1 2 3 3 1 2 3 2 3 4 4 6 2 3 5 7 2 3 5 7 1 2 4 6 2 3 5 7 5 7 6 8 5 7 6 8 4 6 5 7 5 7 6 8 9 9 7 8 6 7 7 7 8 8 5 6 7 6 7 8 8 4 5 6 5 6 7 7 3 4 5 4 5 6 6 4 5 6 5 6 7 5 6 6 6 8 8 5 6 6 6 8 8 4 5 5 5 7 7 5 6 6 6 8 8 5 6 7 6 7 7 8 9 9 5 6 7 6 7 7 8 9 4 5 6 5 6 6 7 8 8 5 6 7 6 7 7 8 9 7 8 7 9 8 7 6 7 7 6 7 6 5 7 7 8 9 7 6 8 9 7 8 8]
[8 8 4 5 3 4 7 2 3 3 4 7 3 2 5 4 3 4 6 7 2 1 4 3 2 3 5 6 1 0 3 2 1 2 4 2 1 4 3 2 3 5 6 3 4 5 7 3 4 5 7 2 3 4 6 3 4 5 7 5 7 6 8 5 7 6 8 4 6 5 7 5 7 6 7 8 9 6 7 5 6 7 6 7 8 4 5 6 5 6 7 8 3 4 5 4 5 6 7 2 3 4 3 4 5 6 3 4 5 4 5 6 6 5 6 7 7 8 6 5 6 7 7 8 5 4 5 6 6 7 6 5 6 7 7 8 4 6 6 5 6 7 7 8 9 4 6 6 5 6 7 7 8 3 5 5 4 5 6 6 7 8 4 6 6 5 6 7 7 8 8 7 7 9 8 7 7 7 8 5 6 5 6 8 6 7 9 6 7 7 8 8 8 9]
[6 6 7 7 6 6 5 5 5 6 6 5 4 5 2 4 5 6 3 5 3 4 1 3 4 5 2 4 2 3 0 2 3 4 1 3 4 1 3 4 5 2 4 4 4 6 5 4 4 6 5 3 3 5 4 4 4 6 5 7 5 7 6 7 5 7 6 6 4 6 5 7 5 7 6 7 7 5 6 4 5 5 5 6 6 7 4 5 7 5 6 6 6 3 4 6 4 5 5 5 2 3 5 3 4 4 6 3 4 6 4 5 3 7 7 4 6 6 3 7 7 4 6 6 2 6 6 3 5 5 3 7 7 4 6 6 7 8 5 7 8 8 6 7 7 7 8 5 7 8 8 6 7 6 7 4 6 7 7 5 6 6 7 8 5 7 8 8 6 7 5 6 8 7 6 5 5 6 7 4 5 7 6 5 5 6 7 8 7 6 7 6 7 8]
[7 7 6 5 5 4 6 4 3 5 4 6 3 4 4 2 3 4 4 6 2 3 3 1 2 3 3 5 1 2 2 0 1 2 2 2 3 3 1 2 3 3 5 3 2 4 6 3 2 4 6 2 1 3 5 3 2 4 6 6 7 5 7 6 7 5 7 5 6 4 6 6 7 5 8 8 8 7 7 6 6 6 7 7 7 6 6 7 5 6 7 7 5 5 6 4 5 6 6 4 4 5 3 4 5 5 5 5 6 4 5 6 5 5 5 5 7 7 5 5 5 5 7 7 4 4 4 4 6 6 5 5 5 5 7 7 6 7 7 5 6 6 7 8 8 6 7 7 5 6 6 7 8 5 6 6 4 5 5 6 7 7 6 7 7 5 6 6 7 8 6 7 6 8 7 6 7 8 8 6 7 5 4 6 6 7 8 6 5 7 8 8 9 9]
[7 7 5 4 4 3 6 3 2 4 3 6 4 3 5 3 2 3 5 6 3 2 4 2 1 2 4 5 2 1 3 1 0 1 3 3 2 4 2 1 2 4 5 4 3 4 6 4 3 4 6 3 2 3 5 4 3 4 6 6 7 5 7 6 7 5 7 5 6 4 6 6 7 5 7 7 8 6 6 5 5 6 6 6 7 5 5 6 4 5 6 7 4 4 5 3 4 5 6 3 3 4 2 3 4 5 4 4 5 3 4 5 6 4 5 6 6 7 6 4 5 6 6 7 5 3 4 5 5 6 6 4 5 6 6 7 5 7 6 4 5 6 6 7 8 5 7 6 4 5 6 6 7 4 6 5 3 4 5 5 6 7 5 7 6 4 5 6 6 7 7 6 6 8 7 6 8 8 9 5 6 4 5 7 5 6 8 5 6 6 7 9 9 10]
[6 6 4 3 3 2 5 2 1 3 2 5 5 4 6 4 3 2 6 5 4 3 5 3 2 1 5 4 3 2 4 2 1 0 4 4 3 5 3 2 1 5 4 5 4 3 5 5 4 3 5 4 3 2 4 5 4 3 5 5 6 4 6 5 6 4 6 4 5 3 5 5 6 4 6 6 7 5 5 4 4 5 5 5 6 4 6 5 3 6 5 6 3 5 4 2 5 4 5 2 4 3 1 4 3 4 3 5 4 2 5 4 7 3 4 7 5 6 7 3 4 7 5 6 6 2 3 6 4 5 7 3 4 7 5 6 6 6 7 5 4 5 7 6 7 6 6 7 5 4 5 7 6 5 5 6 4 3 4 6 5 6 6 6 7 5 4 5 7 6 7 7 5 7 6 5 8 7 8 6 7 3 5 7 6 5 7 4 6 7 8 9 8 9]
[5 5 8 7 7 6 4 6 5 7 6 4 5 6 3 4 5 6 2 4 4 5 2 3 4 5 1 3 3 4 1 2 3 4 0 4 5 2 3 4 5 1 3 5 4 6 4 5 4 6 4 4 3 5 3 5 4 6 4 8 6 7 5 8 6 7 5 7 5 6 4 8 6 7 7 6 6 6 5 5 4 4 6 5 5 8 5 6 7 4 5 5 7 4 5 6 3 4 4 6 3 4 5 2 3 3 7 4 5 6 3 4 4 7 7 3 5 5 4 7 7 3 5 5 3 6 6 2 4 4 4 7 7 3 5 5 8 9 6 7 8 8 5 6 6 8 9 6 7 8 8 5 6 7 8 5 6 7 7 4 5 5 8 9 6 7 8 8 5 6 4 5 7 6 5 4 6 7 8 5 6 7 6 4 4 5 6 7 6 5 6 6 7 8]
[7 7 5 6 5 6 8 4 5 3 4 6 2 3 4 3 4 5 5 7 2 3 4 3 4 5 5 7 1 2 3 2 3 4 4 0 1 2 1 2 3 3 5 1 2 4 6 2 3 5 7 2 3 5 7 1 2 4 6 4 6 5 7 5 7 6 8 5 7 6 8 4 6 5 7 8 8 8 9 7 8 8 6 7 7 5 6 7 6 7 8 8 5 6 7 6 7 8 8 4 5 6 5 6 7 7 3 4 5 4 5 6 4 5 5 5 7 7 5 6 6 6 8 8 5 6 6 6 8 8 4 5 5 5 7 7 4 5 6 5 6 6 7 8 8 5 6 7 6 7 7 8 9 5 6 7 6 7 7 8 9 9 4 5 6 5 6 6 7 8 6 7 6 8 9 6 5 6 6 5 6 5 4 6 6 7 8 6 5 7 8 6 7 7]
[7 7 4 5 4 5 8 3 4 2 3 6 3 2 5 4 3 4 6 7 3 2 5 4 3 4 6 7 2 1 4 3 2 3 5 1 0 3 2 1 2 4 5 2 3 4 6 3 4 5 7 3 4 5 7 2 3 4 6 4 6 5 7 5 7 6 8 5 7 6 8 4 6 5 6 7 8 7 8 6 7 8 5 6 7 4 5 6 5 6 7 8 4 5 6 5 6 7 8 3 4 5 4 5 6 7 2 3 4 3 4 5 5 4 5 6 6 7 6 5 6 7 7 8 6 5 6 7 7 8 5 4 5 6 6 7 3 5 5 4 5 6 6 7 8 4 6 6 5 6 7 7 8 4 6 6 5 6 7 7 8 9 3 5 5 4 5 6 6 7 7 6 6 8 9 6 6 6 7 4 5 4 5 7 5 6 8 5 6 6 7 7 7 8]
[5 5 7 7 7 7 6 6 6 5 5 4 4 5 2 4 5 6 3 5 4 5 2 4 5 6 3 5 3 4 1 3 4 5 2 2 3 0 2 3 4 1 3 3 3 5 4 4 4 6 5 4 4 6 5 3 3 5 4 6 4 6 5 7 5 7 6 7 5 7 6 6 4 6 5 6 6 6 7 5 6 6 4 5 5 7 4 5 7 5 6 6 7 4 5 7 5 6 6 6 3 4 6 4 5 5 5 2 3 5 3 4 2 6 6 3 5 5 3 7 7 4 6 6 3 7 7 4 6 6 2 6 6 3 5 5 6 7 4 6 7 7 5 6 6 7 8 5 7 8 8 6 7 7 8 5 7 8 8 6 7 7 6 7 4 6 7 7 5 6 4 5 7 6 7 4 4 5 6 3 4 6 5 4 4 5 6 7 6 5 6 5 6 7]
[6 6 6 5 6 5 7 5 4 4 3 5 3 4 4 2 3 4 4 6 3 4 4 2 3 4 4 6 2 3 3 1 2 3 3 1 2 2 0 1 2 2 4 2 1 3 5 3 2 4 6 3 2 4 6 2 1 3 5 5 6 4 6 6 7 5 7 6 7 5 7 5 6 4 7 7 7 8 8 7 7 7 6 6 6 6 6 7 5 6 7 7 6 6 7 5 6 7 7 5 5 6 4 5 6 6 4 4 5 3 4 5 4 4 4 4 6 6 5 5 5 5 7 7 5 5 5 5 7 7 4 4 4 4 6 6 5 6 6 4 5 5 6 7 7 6 7 7 5 6 6 7 8 6 7 7 5 6 6 7 8 8 5 6 6 4 5 5 6 7 5 6 5 7 8 5 6 7 7 5 6 4 3 5 5 6 7 5 4 6 7 7 8 8]
[6 6 5 4 5 4 7 4 3 3 2 5 4 3 5 3 2 3 5 6 4 3 5 3 2 3 5 6 3 2 4 2 1 2 4 2 1 3 1 0 1 3 4 3 2 3 5 4 3 4 6 4 3 4 6 3 2 3 5 5 6 4 6 6 7 5 7 6 7 5 7 5 6 4 6 6 7 7 7 6 6 7 5 5 6 5 5 6 4 5 6 7 5 5 6 4 5 6 7 4 4 5 3 4 5 6 3 3 4 2 3 4 5 3 4 5 5 6 6 4 5 6 6 7 6 4 5 6 6 7 5 3 4 5 5 6 4 6 5 3 4 5 5 6 7 5 7 6 4 5 6 6 7 5 7 6 4 5 6 6 7 8 4 6 5 3 4 5 5 6 6 5 5 7 8 5 7 7 8 4 5 3 4 6 4 5 7 4 5 5 6 8 8 9]
[5 5 4 3 4 3 6 3 2 2 1 4 5 4 6 4 3 2 6 5 5 4 6 4 3 2 6 5 4 3 5 3 2 1 5 3 2 4 2 1 0 4 3 4 3 2 4 5 4 3 5 5 4 3 5 4 3 2 4 4 5 3 5 5 6 4 6 5 6 4 6 4 5 3 5 5 6 6 6 5 5 6 4 4 5 4 6 5 3 6 5 6 4 6 5 3 6 5 6 3 5 4 2 5 4 5 2 4 3 1 4 3 6 2 3 6 4 5 7 3 4 7 5 6 7 3 4 7 5 6 6 2 3 6 4 5 5 5 6 4 3 4 6 5 6 6 6 7 5 4 5 7 6 6 6 7 5 4 5 7 6 7 5 5 6 4 3 4 6 5 6 6 4 6 7 4 7 6 7 5 6 2 4 6 5 4 6 3 5 6 7 8 7 8]
[4 4 8 7 8 7 5 7 6 6 5 3 5 6 3 4 5 6 2 4 5 6 3 4 5 6 2 4 4 5 2 3 4 5 1 3 4 1 2 3 4 0 2 4 3 5 3 5 4 6 4 5 4 6 4 4 3 5 3 7 5 6 4 8 6 7 5 8 6 7 5 7 5 6 6 5 5 7 6 6 5 5 5 4 4 8 5 6 7 4 5 5 8 5 6 7 4 5 5 7 4 5 6 3 4 4 6 3 4 5 2 3 3 6 6 2 4 4 4 7 7 3 5 5 4 7 7 3 5 5 3 6 6 2 4 4 7 8 5 6 7 7 4 5 5 8 9 6 7 8 8 5 6 8 9 6 7 8 8 5 6 6 7 8 5 6 7 7 4 5 3 4 6 5 6 3 5 6 7 4 5 6 5 3 3 4 5 6 5 4 5 5 6 7]
[2 2 7 6 7 6 3 6 5 5 4 1 7 7 5 6 6 5 4 2 7 7 5 6 6 5 4 2 6 6 4 5 5 4 3 5 5 3 4 4 3 2 0 6 5 3 1 7 6 4 2 7 6 4 2 6 5 3 1 5 3 4 2 6 4 5 3 6 4 5 3 5 3 4 5 4 3 6 5 5 4 3 4 3 2 7 6 5 6 5 4 3 7 6 5 6 5 4 3 6 5 4 5 4 3 2 5 4 3 4 3 2 5 5 4 4 3 2 6 6 5 5 4 3 6 6 5 5 4 3 5 5 4 4 3 2 8 6 6 7 6 5 5 4 3 9 7 7 8 7 6 6 5 9 7 7 8 7 6 6 5 4 8 6 6 7 6 5 5 4 3 4 4 3 4 1 5 4 5 5 5 5 5 3 4 3 3 5 5 5 5 5 4 5]
[8 8 4 5 5 6 8 5 6 4 5 7 1 2 3 2 3 4 4 6 2 3 4 3 4 5 5 7 2 3 4 3 4 5 5 1 2 3 2 3 4 4 6 0 1 3 5 1 2 4 6 2 3 5 7 2 3 5 7 3 5 4 6 4 6 5 7 5 7 6 8 5 7 6 6 7 7 7 8 8 9 9 7 8 8 4 5 6 5 6 7 7 5 6 7 6 7 8 8 5 6 7 6 7 8 8 4 5 6 5 6 7 3 4 4 4 6 6 4 5 5 5 7 7 5 6 6 6 8 8 5 6 6 6 8 8 3 4 5 4 5 5 6 7 7 4 5 6 5 6 6 7 8 5 6 7 6 7 7 8 9 9 5 6 7 6 7 7 8 9 7 8 7 9 8 7 6 7 7 6 7 6 5 7 7 8 9 7 6 8 9 7 8 8]
[7 7 5 4 6 5 7 6 5 5 4 6 2 3 3 1 2 3 3 5 3 4 4 2 3 4 4 6 3 4 4 2 3 4 4 2 3 3 1 2 3 3 5 1 0 2 4 2 1 3 5 3 2 4 6 3 2 4 6 4 5 3 5 5 6 4 6 6 7 5 7 6 7 5 6 6 6 7 7 8 8 8 7 7 7 5 5 6 4 5 6 6 6 6 7 5 6 7 7 6 6 7 5 6 7 7 5 5 6 4 5 6 3 3 3 3 5 5 4 4 4 4 6 6 5 5 5 5 7 7 5 5 5 5 7 7 4 5 5 3 4 4 5 6 6 5 6 6 4 5 5 6 7 6 7 7 5 6 6 7 8 8 6 7 7 5 6 6 7 8 6 7 6 8 7 6 7 8 8 6 7 5 4 6 6 7 8 6 5 7 8 8 9 9]
[5 5 4 3 5 4 5 5 4 4 3 4 4 4 5 3 3 2 5 3 5 5 6 4 4 3 6 4 5 5 6 4 4 3 6 4 4 5 3 3 2 5 3 3 2 0 2 4 3 1 3 5 4 2 4 5 4 2 4 2 3 1 3 3 4 2 4 4 5 3 5 4 5 3 5 5 4 6 6 7 7 6 6 6 5 4 6 5 3 6 5 4 5 7 6 4 7 6 5 5 7 6 4 7 6 5 4 6 5 3 6 5 5 2 1 5 4 3 6 3 2 6 5 4 7 4 3 7 6 5 7 4 3 7 6 5 5 3 6 4 3 2 6 5 4 6 4 7 5 4 3 7 6 7 5 8 6 5 4 8 7 6 7 5 8 6 5 4 8 7 6 7 4 6 5 4 7 6 7 7 7 4 4 6 7 6 6 5 5 8 8 8 7 8]
[3 3 6 5 7 6 3 7 6 6 5 2 6 6 4 5 5 4 3 1 7 7 5 6 6 5 4 2 7 7 5 6 6 5 4 6 6 4 5 5 4 3 1 5 4 2 0 6 5 3 1 7 6 4 2 7 6 4 2 4 2 3 1 5 3 4 2 6 4 5 3 6 4 5 4 3 2 5 4 6 5 4 5 4 3 6 5 4 5 4 3 2 7 6 5 6 5 4 3 7 6 5 6 5 4 3 6 5 4 5 4 3 4 4 3 3 2 1 5 5 4 4 3 2 6 6 5 5 4 3 6 6 5 5 4 3 7 5 5 6 5 4 4 3 2 8 6 6 7 6 5 5 4 9 7 7 8 7 6 6 5 4 9 7 7 8 7 6 6 5 4 5 5 4 3 2 6 5 6 6 6 6 6 4 5 4 4 6 6 6 6 6 5 6]
[8 9 5 6 4 5 7 5 6 5 6 8 2 3 4 3 4 5 5 7 1 2 3 2 3 4 4 6 2 3 4 3 4 5 5 2 3 4 3 4 5 5 7 1 2 4 6 0 1 3 5 1 2 4 6 2 3 5 7 4 6 5 7 3 5 4 6 4 6 5 7 5 7 6 7 8 8 6 7 7 8 8 8 9 9 5 6 7 6 7 8 8 4 5 6 5 6 7 7 5 6 7 6 7 8 8 5 6 7 6 7 8 4 5 5 5 7 7 3 4 4 4 6 6 4 5 5 5 7 7 5 6 6 6 8 8 4 5 6 5 6 6 7 8 8 3 4 5 4 5 5 6 7 4 5 6 5 6 6 7 8 8 5 6 7 6 7 7 8 9 7 8 7 9 7 8 6 7 7 6 7 6 5 7 7 8 9 7 6 8 9 7 8 8]
[7 8 6 5 5 4 6 6 5 6 5 7 3 4 4 2 3 4 4 6 2 3 3 1 2 3 3 5 3 4 4 2 3 4 4 3 4 4 2 3 4 4 6 2 1 3 5 1 0 2 4 2 1 3 5 3 2 4 6 5 6 4 6 4 5 3 5 5 6 4 6 6 7 5 7 7 7 6 6 7 7 7 8 8 8 6 6 7 5 6 7 7 5 5 6 4 5 6 6 6 6 7 5 6 7 7 6 6 7 5 6 7 4 4 4 4 6 6 3 3 3 3 5 5 4 4 4 4 6 6 5 5 5 5 7 7 5 6 6 4 5 5 6 7 7 4 5 5 3 4 4 5 6 5 6 6 4 5 5 6 7 7 6 7 7 5 6 6 7 8 6 7 6 8 6 7 7 8 8 6 7 5 4 6 6 7 8 6 5 7 8 8 9 9]
[5 6 5 4 4 3 4 5 4 5 4 5 5 5 6 4 4 3 6 4 4 4 5 3 3 2 5 3 5 5 6 4 4 3 6 5 5 6 4 4 3 6 4 4 3 1 3 3 2 0 2 4 3 1 3 5 4 2 4 3 4 2 4 2 3 1 3 3 4 2 4 4 5 3 6 6 5 5 5 6 6 5 7 7 6 5 7 6 4 7 6 5 4 6 5 3 6 5 4 5 7 6 4 7 6 5 5 7 6 4 7 6 6 3 2 6 5 4 5 2 1 5 4 3 6 3 2 6 5 4 7 4 3 7 6 5 6 4 7 5 4 3 7 6 5 5 3 6 4 3 2 6 5 6 4 7 5 4 3 7 6 5 7 5 8 6 5 4 8 7 6 7 4 6 4 5 7 6 7 7 7 4 4 6 7 6 6 5 5 8 8 8 7 8]
[3 4 7 6 6 5 2 7 6 7 6 3 7 7 5 6 6 5 4 2 6 6 4 5 5 4 3 1 7 7 5 6 6 5 4 7 7 5 6 6 5 4 2 6 5 3 1 5 4 2 0 6 5 3 1 7 6 4 2 5 3 4 2 4 2 3 1 5 3 4 2 6 4 5 5 4 3 4 3 5 4 3 6 5 4 7 6 5 6 5 4 3 6 5 4 5 4 3 2 7 6 5 6 5 4 3 7 6 5 6 5 4 5 5 4 4 3 2 4 4 3 3 2 1 5 5 4 4 3 2 6 6 5 5 4 3 8 6 6 7 6 5 5 4 3 7 5 5 6 5 4 4 3 8 6 6 7 6 5 5 4 3 9 7 7 8 7 6 6 5 4 5 5 4 2 3 6 5 6 6 6 6 6 4 5 4 4 6 6 6 6 6 5 6]
[7 8 6 7 5 6 8 4 5 5 6 8 3 4 5 4 5 6 6 8 2 3 4 3 4 5 5 7 1 2 3 2 3 4 4 2 3 4 3 4 5 5 7 2 3 5 7 1 2 4 6 0 1 3 5 1 2 4 6 4 6 5 7 4 6 5 7 3 5 4 6 4 6 5 7 8 8 7 8 6 7 7 7 8 8 6 7 8 7 8 9 9 5 6 7 6 7 8 8 4 5 6 5 6 7 7 5 6 7 6 7 8 5 6 6 6 8 8 4 5 5 5 7 7 3 4 4 4 6 6 4 5 5 5 7 7 4 5 6 5 6 6 7 8 8 4 5 6 5 6 6 7 8 3 4 5 4 5 5 6 7 7 4 5 6 5 6 6 7 8 6 7 6 8 8 8 5 6 6 5 6 5 4 6 6 7 8 6 5 7 8 6 7 7]
[6 7 7 6 6 5 7 5 4 6 5 7 4 5 5 3 4 5 5 7 3 4 4 2 3 4 4 6 2 3 3 1 2 3 3 3 4 4 2 3 4 4 6 3 2 4 6 2 1 3 5 1 0 2 4 2 1 3 5 5 6 4 6 5 6 4 6 4 5 3 5 5 6 4 7 7 7 7 7 6 6 6 7 7 7 7 7 8 6 7 8 8 6 6 7 5 6 7 7 5 5 6 4 5 6 6 6 6 7 5 6 7 5 5 5 5 7 7 4 4 4 4 6 6 3 3 3 3 5 5 4 4 4 4 6 6 5 6 6 4 5 5 6 7 7 5 6 6 4 5 5 6 7 4 5 5 3 4 4 5 6 6 5 6 6 4 5 5 6 7 5 6 5 7 7 7 6 7 7 5 6 4 3 5 5 6 7 5 4 6 7 7 8 8]
[4 5 6 5 5 4 5 4 3 5 4 5 6 6 7 5 5 4 7 5 5 5 6 4 4 3 6 4 4 4 5 3 3 2 5 5 5 6 4 4 3 6 4 5 4 2 4 4 3 1 3 3 2 0 2 4 3 1 3 3 4 2 4 3 4 2 4 2 3 1 3 3 4 2 6 6 5 6 6 5 5 4 6 6 5 6 8 7 5 8 7 6 5 7 6 4 7 6 5 4 6 5 3 6 5 4 5 7 6 4 7 6 7 4 3 7 6 5 6 3 2 6 5 4 5 2 1 5 4 3 6 3 2 6 5 4 6 4 7 5 4 3 7 6 5 6 4 7 5 4 3 7 6 5 3 6 4 3 2 6 5 4 6 4 7 5 4 3 7 6 5 6 3 5 5 5 6 5 6 6 6 3 3 5 6 5 5 4 4 7 7 7 6 7]
[2 3 8 7 7 6 3 6 5 7 6 3 8 8 6 7 7 6 5 3 7 7 5 6 6 5 4 2 6 6 4 5 5 4 3 7 7 5 6 6 5 4 2 7 6 4 2 6 5 3 1 5 4 2 0 6 5 3 1 5 3 4 2 5 3 4 2 4 2 3 1 5 3 4 5 4 3 5 4 4 3 2 5 4 3 8 7 6 7 6 5 4 7 6 5 6 5 4 3 6 5 4 5 4 3 2 7 6 5 6 5 4 6 6 5 5 4 3 5 5 4 4 3 2 4 4 3 3 2 1 5 5 4 4 3 2 8 6 6 7 6 5 5 4 3 8 6 6 7 6 5 5 4 7 5 5 6 5 4 4 3 2 8 6 6 7 6 5 5 4 3 4 4 3 3 3 5 4 5 5 5 5 5 3 4 3 3 5 5 5 5 5 4 5]
[6 7 5 6 6 7 9 5 6 4 5 7 3 4 5 4 5 6 6 8 3 4 5 4 5 6 6 8 2 3 4 3 4 5 5 1 2 3 2 3 4 4 6 2 3 5 7 2 3 5 7 1 2 4 6 0 1 3 5 3 5 4 6 4 6 5 7 4 6 5 7 3 5 4 6 7 7 7 8 7 8 8 6 7 7 5 6 7 6 7 8 8 6 7 8 7 8 9 9 5 6 7 6 7 8 8 4 5 6 5 6 7 5 6 6 6 8 8 5 6 6 6 8 8 4 5 5 5 7 7 3 4 4 4 6 6 3 4 5 4 5 5 6 7 7 4 5 6 5 6 6 7 8 4 5 6 5 6 6 7 8 8 3 4 5 4 5 5 6 7 5 6 5 7 8 7 4 5 5 4 5 4 3 5 5 6 7 5 4 6 7 5 6 6]
[5 6 6 5 7 6 8 6 5 5 4 6 4 5 5 3 4 5 5 7 4 5 5 3 4 5 5 7 3 4 4 2 3 4 4 2 3 3 1 2 3 3 5 3 2 4 6 3 2 4 6 2 1 3 5 1 0 2 4 4 5 3 5 5 6 4 6 5 6 4 6 4 5 3 6 6 6 7 7 7 7 7 6 6 6 6 6 7 5 6 7 7 7 7 8 6 7 8 8 6 6 7 5 6 7 7 5 5 6 4 5 6 5 5 5 5 7 7 5 5 5 5 7 7 4 4 4 4 6 6 3 3 3 3 5 5 4 5 5 3 4 4 5 6 6 5 6 6 4 5 5 6 7 5 6 6 4 5 5 6 7 7 4 5 5 3 4 4 5 6 4 5 4 6 7 6 5 6 6 4 5 3 2 4 4 5 6 4 3 5 6 6 7 7]
[3 4 5 4 6 5 6 5 4 4 3 4 6 6 7 5 5 4 7 5 6 6 7 5 5 4 7 5 5 5 6 4 4 3 6 4 4 5 3 3 2 5 3 5 4 2 4 5 4 2 4 4 3 1 3 3 2 0 2 2 3 1 3 3 4 2 4 3 4 2 4 2 3 1 5 5 4 6 6 6 6 5 5 5 4 5 7 6 4 7 6 5 6 8 7 5 8 7 6 5 7 6 4 7 6 5 4 6 5 3 6 5 7 4 3 7 6 5 7 4 3 7 6 5 6 3 2 6 5 4 5 2 1 5 4 3 5 3 6 4 3 2 6 5 4 6 4 7 5 4 3 7 6 6 4 7 5 4 3 7 6 5 5 3 6 4 3 2 6 5 4 5 2 4 5 4 5 4 5 5 5 2 2 4 5 4 4 3 3 6 6 6 5 6]
[1 2 7 6 8 7 4 7 6 6 5 2 8 8 6 7 7 6 5 3 8 8 6 7 7 6 5 3 7 7 5 6 6 5 4 6 6 4 5 5 4 3 1 7 6 4 2 7 6 4 2 6 5 3 1 5 4 2 0 4 2 3 1 5 3 4 2 5 3 4 2 4 2 3 4 3 2 5 4 5 4 3 4 3 2 7 6 5 6 5 4 3 8 7 6 7 6 5 4 7 6 5 6 5 4 3 6 5 4 5 4 3 6 6 5 5 4 3 6 6 5 5 4 3 5 5 4 4 3 2 4 4 3 3 2 1 7 5 5 6 5 4 4 3 2 8 6 6 7 6 5 5 4 8 6 6 7 6 5 5 4 3 7 5 5 6 5 4 4 3 2 3 3 2 3 2 4 3 4 4 4 4 4 2 3 2 2 4 4 4 4 4 3 4]
[5 6 3 4 4 5 6 5 6 4 5 6 4 4 6 5 5 4 7 5 5 5 7 6 6 5 8 6 5 5 7 6 6 5 8 4 4 6 5 5 4 7 5 3 4 2 4 4 5 3 5 4 5 3 5 3 4 2 4 0 2 1 3 1 3 2 4 2 4 3 5 2 4 3 4 5 4 5 6 6 7 6 6 7 6 3 6 5 4 7 6 5 4 7 6 5 8 7 6 5 8 7 6 9 8 7 4 7 6 5 8 7 6 4 3 7 6 5 7 5 4 8 7 6 7 5 4 8 7 6 6 4 3 7 6 5 3 1 5 4 3 2 6 5 4 4 2 6 5 4 3 7 6 5 3 7 6 5 4 8 7 6 5 3 7 6 5 4 8 7 6 7 4 6 5 6 5 4 5 6 6 4 4 6 7 6 6 5 5 8 8 6 5 6]
[3 4 5 5 6 6 4 7 7 6 6 4 6 6 4 6 6 5 5 3 7 7 5 7 7 6 6 4 7 7 5 7 7 6 6 6 6 4 6 6 5 5 3 5 5 3 2 6 6 4 3 6 6 4 3 5 5 3 2 2 0 2 1 3 1 3 2 4 2 4 3 4 2 4 2 3 2 3 4 4 5 4 4 5 4 5 4 3 5 5 4 3 6 5 4 6 6 5 4 7 6 5 7 7 6 5 6 5 4 6 6 5 4 5 4 5 4 3 5 6 5 6 5 4 5 6 5 6 5 4 4 5 4 5 4 3 5 3 3 5 4 3 4 3 2 6 4 4 6 5 4 5 4 7 5 5 7 6 5 6 5 4 7 5 5 7 6 5 6 5 4 5 5 4 3 4 4 3 4 4 4 5 5 4 5 4 4 6 6 6 6 5 4 5]
[4 5 4 3 5 4 5 6 5 5 4 5 5 5 6 4 4 3 6 4 6 6 7 5 5 4 7 5 6 6 7 5 5 4 7 5 5 6 4 4 3 6 4 4 3 1 3 5 4 2 4 5 4 2 4 4 3 1 3 1 2 0 2 2 3 1 3 3 4 2 4 3 4 2 4 4 3 5 5 6 6 5 6 6 5 4 6 5 3 6 5 4 5 7 6 4 7 6 5 6 8 7 5 8 7 6 5 7 6 4 7 6 6 3 2 6 5 4 7 4 3 7 6 5 7 4 3 7 6 5 6 3 2 6 5 4 4 2 5 3 2 1 5 4 3 5 3 6 4 3 2 6 5 6 4 7 5 4 3 7 6 5 6 4 7 5 4 3 7 6 5 6 3 5 4 5 6 5 6 6 6 3 3 5 6 5 5 4 4 7 7 7 6 7]
[2 3 6 5 7 6 3 8 7 7 6 3 7 7 5 6 6 5 4 2 8 8 6 7 7 6 5 3 8 8 6 7 7 6 5 7 7 5 6 6 5 4 2 6 5 3 1 7 6 4 2 7 6 4 2 6 5 3 1 3 1 2 0 4 2 3 1 5 3 4 2 5 3 4 3 2 1 4 3 5 4 3 5 4 3 6 5 4 5 4 3 2 7 6 5 6 5 4 3 8 7 6 7 6 5 4 7 6 5 6 5 4 5 5 4 4 3 2 6 6 5 5 4 3 6 6 5 5 4 3 5 5 4 4 3 2 6 4 4 5 4 3 3 2 1 7 5 5 6 5 4 4 3 8 6 6 7 6 5 5 4 3 8 6 6 7 6 5 5 4 3 4 4 3 2 3 5 4 5 5 5 5 5 3 4 3 3 5 5 5 5 5 4 5]
[5 6 4 5 3 4 5 4 5 5 6 7 5 5 7 6 6 5 8 6 4 4 6 5 5 4 7 5 5 5 7 6 6 5 8 5 5 7 6 6 5 8 6 4 5 3 5 3 4 2 4 4 5 3 5 4 5 3 5 1 3 2 4 0 2 1 3 1 3 2 4 2 4 3 5 6 5 4 5 5 6 5 6 7 6 4 7 6 5 8 7 6 3 6 5 4 7 6 5 4 7 6 5 8 7 6 5 8 7 6 9 8 7 5 4 8 7 6 6 4 3 7 6 5 7 5 4 8 7 6 7 5 4 8 7 6 4 2 6 5 4 3 7 6 5 3 1 5 4 3 2 6 5 4 2 6 5 4 3 7 6 5 5 3 7 6 5 4 8 7 6 7 4 6 4 7 5 4 5 6 6 4 4 6 7 6 6 5 5 8 8 6 5 6]
[3 4 6 6 5 5 3 6 6 7 7 5 7 7 5 7 7 6 6 4 6 6 4 6 6 5 5 3 7 7 5 7 7 6 6 7 7 5 7 7 6 6 4 6 6 4 3 5 5 3 2 6 6 4 3 6 6 4 3 3 1 3 2 2 0 2 1 3 1 3 2 4 2 4 3 4 3 2 3 3 4 3 4 5 4 6 5 4 6 6 5 4 5 4 3 5 5 4 3 6 5 4 6 6 5 4 7 6 5 7 7 6 5 6 5 6 5 4 4 5 4 5 4 3 5 6 5 6 5 4 5 6 5 6 5 4 6 4 4 6 5 4 5 4 3 5 3 3 5 4 3 4 3 6 4 4 6 5 4 5 4 3 7 5 5 7 6 5 6 5 4 5 5 4 2 5 4 3 4 4 4 5 5 4 5 4 4 6 6 6 6 5 4 5]
[4 5 5 4 4 3 4 5 4 6 5 6 6 6 7 5 5 4 7 5 5 5 6 4 4 3 6 4 6 6 7 5 5 4 7 6 6 7 5 5 4 7 5 5 4 2 4 4 3 1 3 5 4 2 4 5 4 2 4 2 3 1 3 1 2 0 2 2 3 1 3 3 4 2 5 5 4 4 4 5 5 4 6 6 5 5 7 6 4 7 6 5 4 6 5 3 6 5 4 5 7 6 4 7 6 5 6 8 7 5 8 7 7 4 3 7 6 5 6 3 2 6 5 4 7 4 3 7 6 5 7 4 3 7 6 5 5 3 6 4 3 2 6 5 4 4 2 5 3 2 1 5 4 5 3 6 4 3 2 6 5 4 6 4 7 5 4 3 7 6 5 6 3 5 3 6 6 5 6 6 6 3 3 5 6 5 5 4 4 7 7 7 6 7]
[2 3 7 6 6 5 2 7 6 8 7 4 8 8 6 7 7 6 5 3 7 7 5 6 6 5 4 2 8 8 6 7 7 6 5 8 8 6 7 7 6 5 3 7 6 4 2 6 5 3 1 7 6 4 2 7 6 4 2 4 2 3 1 3 1 2 0 4 2 3 1 5 3 4 4 3 2 3 2 4 3 2 5 4 3 7 6 5 6 5 4 3 6 5 4 5 4 3 2 7 6 5 6 5 4 3 8 7 6 7 6 5 6 6 5 5 4 3 5 5 4 4 3 2 6 6 5 5 4 3 6 6 5 5 4 3 7 5 5 6 5 4 4 3 2 6 4 4 5 4 3 3 2 7 5 5 6 5 4 4 3 2 8 6 6 7 6 5 5 4 3 4 4 3 1 4 5 4 5 5 5 5 5 3 4 3 3 5 5 5 5 5 4 5]
[4 5 4 5 4 5 6 3 4 4 5 6 6 6 8 7 7 6 9 7 5 5 7 6 6 5 8 6 4 4 6 5 5 4 7 5 5 7 6 6 5 8 6 5 6 4 6 4 5 3 5 3 4 2 4 4 5 3 5 2 4 3 5 1 3 2 4 0 2 1 3 1 3 2 5 6 5 5 6 4 5 4 5 6 5 4 7 6 5 8 7 6 4 7 6 5 8 7 6 3 6 5 4 7 6 5 4 7 6 5 8 7 8 6 5 9 8 7 7 5 4 8 7 6 6 4 3 7 6 5 7 5 4 8 7 6 5 3 7 6 5 4 8 7 6 4 2 6 5 4 3 7 6 3 1 5 4 3 2 6 5 4 4 2 6 5 4 3 7 6 5 6 3 5 5 6 4 3 4 5 5 3 3 5 6 5 5 4 4 7 7 5 4 5]
[2 3 6 6 6 6 4 5 5 6 6 4 8 8 6 8 8 7 7 5 7 7 5 7 7 6 6 4 6 6 4 6 6 5 5 7 7 5 7 7 6 6 4 7 7 5 4 6 6 4 3 5 5 3 2 6 6 4 3 4 2 4 3 3 1 3 2 2 0 2 1 3 1 3 3 4 3 3 4 2 3 2 3 4 3 6 5 4 6 6 5 4 6 5 4 6 6 5 4 5 4 3 5 5 4 3 6 5 4 6 6 5 6 7 6 7 6 5 5 6 5 6 5 4 4 5 4 5 4 3 5 6 5 6 5 4 7 5 5 7 6 5 6 5 4 6 4 4 6 5 4 5 4 5 3 3 5 4 3 4 3 2 6 4 4 6 5 4 5 4 3 4 4 3 3 4 3 2 3 3 3 4 4 3 4 3 3 5 5 5 5 4 3 4]
[3 4 5 4 5 4 5 4 3 5 4 5 7 7 8 6 6 5 8 6 6 6 7 5 5 4 7 5 5 5 6 4 4 3 6 6 6 7 5 5 4 7 5 6 5 3 5 5 4 2 4 4 3 1 3 5 4 2 4 3 4 2 4 2 3 1 3 1 2 0 2 2 3 1 5 5 4 5 5 4 4 3 5 5 4 5 7 6 4 7 6 5 5 7 6 4 7 6 5 4 6 5 3 6 5 4 5 7 6 4 7 6 8 5 4 8 7 6 7 4 3 7 6 5 6 3 2 6 5 4 7 4 3 7 6 5 6 4 7 5 4 3 7 6 5 5 3 6 4 3 2 6 5 4 2 5 3 2 1 5 4 3 5 3 6 4 3 2 6 5 4 5 2 4 4 5 5 4 5 5 5 2 2 4 5 4 4 3 3 6 6 6 5 6]
[1 2 7 6 7 6 3 6 5 7 6 3 9 9 7 8 8 7 6 4 8 8 6 7 7 6 5 3 7 7 5 6 6 5 4 8 8 6 7 7 6 5 3 8 7 5 3 7 6 4 2 6 5 3 1 7 6 4 2 5 3 4 2 4 2 3 1 3 1 2 0 4 2 3 4 3 2 4 3 3 2 1 4 3 2 7 6 5 6 5 4 3 7 6 5 6 5 4 3 6 5 4 5 4 3 2 7 6 5 6 5 4 7 7 6 6 5 4 6 6 5 5 4 3 5 5 4 4 3 2 6 6 5 5 4 3 8 6 6 7 6 5 5 4 3 7 5 5 6 5 4 4 3 6 4 4 5 4 3 3 2 1 7 5 5 6 5 4 4 3 2 3 3 2 2 3 4 3 4 4 4 4 4 2 3 2 2 4 4 4 4 4 3 4]
[3 4 3 4 4 5 6 4 5 3 4 5 5 5 7 6 6 5 8 6 6 6 8 7 7 6 9 7 5 5 7 6 6 5 8 4 4 6 5 5 4 7 5 5 6 4 6 5 6 4 6 4 5 3 5 3 4 2 4 2 4 3 5 2 4 3 5 1 3 2 4 0 2 1 4 5 4 5 6 5 6 5 4 5 4 3 6 5 4 7 6 5 4 7 6 5 8 7 6 4 7 6 5 8 7 6 3 6 5 4 7 6 7 5 4 8 7 6 8 6 5 9 8 7 7 5 4 8 7 6 6 4 3 7 6 5 5 3 7 6 5 4 8 7 6 5 3 7 6 5 4 8 7 4 2 6 5 4 3 7 6 5 3 1 5 4 3 2 6 5 4 5 2 4 5 5 3 2 3 4 4 2 2 4 5 4 4 3 3 6 6 4 3 4]
[1 2 5 5 6 6 4 6 6 5 5 3 7 7 5 7 7 6 6 4 8 8 6 8 8 7 7 5 7 7 5 7 7 6 6 6 6 4 6 6 5 5 3 7 7 5 4 7 7 5 4 6 6 4 3 5 5 3 2 4 2 4 3 4 2 4 3 3 1 3 2 2 0 2 2 3 2 3 4 3 4 3 2 3 2 5 4 3 5 5 4 3 6 5 4 6 6 5 4 6 5 4 6 6 5 4 5 4 3 5 5 4 5 6 5 6 5 4 6 7 6 7 6 5 5 6 5 6 5 4 4 5 4 5 4 3 7 5 5 7 6 5 6 5 4 7 5 5 7 6 5 6 5 6 4 4 6 5 4 5 4 3 5 3 3 5 4 3 4 3 2 3 3 2 3 3 2 1 2 2 2 3 3 2 3 2 2 4 4 4 4 3 2 3]
[2 3 4 3 5 4 5 5 4 4 3 4 6 6 7 5 5 4 7 5 7 7 8 6 6 5 8 6 6 6 7 5 5 4 7 5 5 6 4 4 3 6 4 6 5 3 5 6 5 3 5 5 4 2 4 4 3 1 3 3 4 2 4 3 4 2 4 2 3 1 3 1 2 0 4 4 3 5 5 5 5 4 4 4 3 4 6 5 3 6 5 4 5 7 6 4 7 6 5 5 7 6 4 7 6 5 4 6 5 3 6 5 7 4 3 7 6 5 8 5 4 8 7 6 7 4 3 7 6 5 6 3 2 6 5 4 6 4 7 5 4 3 7 6 5 6 4 7 5 4 3 7 6 5 3 6 4 3 2 6 5 4 4 2 5 3 2 1 5 4 3 4 1 3 4 4 4 3 4 4 4 1 1 3 4 3 3 2 2 5 5 5 4 5]
[3 4 3 3 4 4 4 5 5 5 5 5 6 5 4 6 5 4 5 4 7 6 5 7 6 5 6 5 8 7 6 8 7 6 7 7 6 5 7 6 5 6 5 6 6 5 4 7 7 6 5 7 7 6 5 6 6 5 4 4 2 4 3 5 3 5 4 5 3 5 4 4 2 4 0 1 2 1 2 2 3 4 2 3 4 3 2 1 3 3 2 3 4 3 2 4 4 3 4 5 4 3 5 5 4 5 5 4 3 5 5 4 4 4 5 5 3 4 5 5 6 6 4 5 6 6 7 7 5 6 5 5 6 6 4 5 5 5 3 5 4 5 4 3 4 6 6 4 6 5 6 5 4 6 6 4 6 5 6 5 4 5 5 5 3 5 4 5 4 3 4 4 5 4 3 5 4 3 4 2 3 3 5 4 3 2 4 4 6 4 5 5 4 5]
[2 3 4 3 5 4 3 6 5 6 5 4 7 6 5 6 5 4 4 3 8 7 6 7 6 5 5 4 9 8 7 8 7 6 6 8 7 6 7 6 5 5 4 7 6 5 3 8 7 6 4 8 7 6 4 7 6 5 3 5 3 4 2 6 4 5 3 6 4 5 3 5 3 4 1 0 1 2 1 3 2 3 3 2 3 4 3 2 3 2 1 2 5 4 3 4 3 2 3 6 5 4 5 4 3 4 6 5 4 5 4 3 5 4 5 4 2 3 6 5 6 5 3 4 7 6 7 6 4 5 6 5 6 5 3 4 6 6 4 5 4 5 3 2 3 7 7 5 6 5 6 4 3 7 7 5 6 5 6 4 3 4 6 6 4 5 4 5 3 2 3 3 4 3 2 4 5 4 5 3 4 3 5 3 2 1 3 3 5 3 4 5 4 5]
[1 2 5 4 6 5 2 7 6 7 6 3 7 7 5 6 6 5 4 2 8 8 6 7 7 6 5 3 9 9 7 8 8 7 6 8 8 6 7 7 6 5 3 7 6 4 2 8 7 5 3 8 7 5 3 7 6 4 2 4 2 3 1 5 3 4 2 5 3 4 2 4 2 3 2 1 0 3 2 4 3 2 4 3 2 5 4 3 4 3 2 1 6 5 4 5 4 3 2 7 6 5 6 5 4 3 7 6 5 6 5 4 5 5 4 4 3 2 6 6 5 5 4 3 7 7 6 6 5 4 6 6 5 5 4 3 7 5 5 6 5 4 4 3 2 8 6 6 7 6 5 5 4 8 6 6 7 6 5 5 4 3 7 5 5 6 5 4 4 3 2 3 3 2 1 3 4 3 4 4 4 4 4 2 3 2 2 4 4 4 4 4 3 4]
[4 5 4 4 3 3 3 4 4 5 5 5 7 6 5 7 6 5 6 5 6 5 4 6 5 4 5 4 7 6 5 7 6 5 6 8 7 6 8 7 6 7 6 7 7 6 5 6 6 5 4 7 7 6 5 7 7 6 5 5 3 5 4 4 2 4 3 5 3 5 4 5 3 5 1 2 3 0 1 1 2 3 2 3 4 4 3 2 4 4 3 4 3 2 1 3 3 2 3 4 3 2 4 4 3 4 5 4 3 5 5 4 5 5 6 6 4 5 4 4 5 5 3 4 5 5 6 6 4 5 6 6 7 7 5 6 6 6 4 6 5 6 5 4 5 5 5 3 5 4 5 4 3 6 6 4 6 5 6 5 4 5 6 6 4 6 5 6 5 4 5 5 6 5 2 5 5 4 5 3 4 4 6 5 4 3 5 5 7 5 6 6 5 6]
[3 4 5 4 4 3 2 5 4 6 5 4 8 7 6 7 6 5 5 4 7 6 5 6 5 4 4 3 8 7 6 7 6 5 5 9 8 7 8 7 6 6 5 8 7 6 4 7 6 5 3 8 7 6 4 8 7 6 4 6 4 5 3 5 3 4 2 6 4 5 3 6 4 5 2 1 2 1 0 2 1 2 3 2 3 5 4 3 4 3 2 3 4 3 2 3 2 1 2 5 4 3 4 3 2 3 6 5 4 5 4 3 6 5 6 5 3 4 5 4 5 4 2 3 6 5 6 5 3 4 7 6 7 6 4 5 7 7 5 6 5 6 4 3 4 6 6 4 5 4 5 3 2 7 7 5 6 5 6 4 3 4 7 7 5 6 5 6 4 3 4 4 5 4 1 4 6 5 6 4 5 4 6 4 3 2 4 4 6 4 5 6 5 6]
[4 5 5 5 4 4 4 3 3 4 4 4 7 6 5 7 6 5 6 5 7 6 5 7 6 5 6 5 6 5 4 6 5 4 5 7 6 5 7 6 5 6 5 8 8 7 6 7 7 6 5 6 6 5 4 7 7 6 5 6 4 6 5 5 3 5 4 4 2 4 3 5 3 5 2 3 4 1 2 0 1 2 1 2 3 4 3 2 4 4 3 4 4 3 2 4 4 3 4 3 2 1 3 3 2 3 4 3 2 4 4 3 5 5 6 6 4 5 5 5 6 6 4 5 4 4 5 5 3 4 5 5 6 6 4 5 7 7 5 7 6 7 6 5 6 6 6 4 6 5 6 5 4 5 5 3 5 4 5 4 3 4 6 6 4 6 5 6 5 4 5 5 6 5 3 4 5 4 5 3 4 4 6 5 4 3 5 5 7 5 6 6 5 6]
[3 4 6 5 5 4 3 4 3 5 4 3 8 7 6 7 6 5 5 4 8 7 6 7 6 5 5 4 7 6 5 6 5 4 4 8 7 6 7 6 5 5 4 9 8 7 5 8 7 6 4 7 6 5 3 8 7 6 4 7 5 6 4 6 4 5 3 5 3 4 2 6 4 5 3 2 3 2 1 1 0 1 2 1 2 5 4 3 4 3 2 3 5 4 3 4 3 2 3 4 3 2 3 2 1 2 5 4 3 4 3 2 6 5 6 5 3 4 6 5 6 5 3 4 5 4 5 4 2 3 6 5 6 5 3 4 8 8 6 7 6 7 5 4 5 7 7 5 6 5 6 4 3 6 6 4 5 4 5 3 2 3 7 7 5 6 5 6 4 3 4 4 5 4 2 3 6 5 6 4 5 4 6 4 3 2 4 4 6 4 5 6 5 6]
[2 3 7 6 6 5 2 5 4 6 5 2 8 8 6 7 7 6 5 3 8 8 6 7 7 6 5 3 7 7 5 6 6 5 4 8 8 6 7 7 6 5 3 9 8 6 4 8 7 5 3 7 6 4 2 8 7 5 3 6 4 5 3 5 3 4 2 4 2 3 1 5 3 4 4 3 2 3 2 2 1 0 3 2 1 6 5 4 5 4 3 2 6 5 4 5 4 3 2 5 4 3 4 3 2 1 6 5 4 5 4 3 6 6 5 5 4 3 6 6 5 5 4 3 5 5 4 4 3 2 6 6 5 5 4 3 9 7 7 8 7 6 6 5 4 8 6 6 7 6 5 5 4 7 5 5 6 5 4 4 3 2 8 6 6 7 6 5 5 4 3 4 4 3 1 2 5 4 5 5 5 5 5 3 4 3 3 5 5 5 5 5 4 5]
[3 4 5 5 5 5 5 4 4 3 3 3 6 5 4 6 5 4 5 4 7 6 5 7 6 5 6 5 7 6 5 7 6 5 6 6 5 4 6 5 4 5 4 7 7 6 5 8 8 7 6 7 7 6 5 6 6 5 4 6 4 6 5 6 4 6 5 5 3 5 4 4 2 4 2 3 4 2 3 1 2 3 0 1 2 3 2 1 3 3 2 3 4 3 2 4 4 3 4 4 3 2 4 4 3 4 3 2 1 3 3 2 4 4 5 5 3 4 5 5 6 6 4 5 5 5 6 6 4 5 4 4 5 5 3 4 6 6 4 6 5 6 5 4 5 7 7 5 7 6 7 6 5 6 6 4 6 5 6 5 4 5 5 5 3 5 4 5 4 3 4 4 5 4 4 3 4 3 4 2 3 3 5 4 3 2 4 4 6 4 5 5 4 5]
[2 3 6 5 6 5 4 5 4 4 3 2 7 6 5 6 5 4 4 3 8 7 6 7 6 5 5 4 8 7 6 7 6 5 5 7 6 5 6 5 4 4 3 8 7 6 4 9 8 7 5 8 7 6 4 7 6 5 3 7 5 6 4 7 5 6 4 6 4 5 3 5 3 4 3 2 3 3 2 2 1 2 1 0 1 4 3 2 3 2 1 2 5 4 3 4 3 2 3 5 4 3 4 3 2 3 4 3 2 3 2 1 5 4 5 4 2 3 6 5 6 5 3 4 6 5 6 5 3 4 5 4 5 4 2 3 7 7 5 6 5 6 4 3 4 8 8 6 7 6 7 5 4 7 7 5 6 5 6 4 3 4 6 6 4 5 4 5 3 2 3 3 4 3 3 2 5 4 5 3 4 3 5 3 2 1 3 3 5 3 4 5 4 5]
[1 2 7 6 7 6 3 6 5 5 4 1 7 7 5 6 6 5 4 2 8 8 6 7 7 6 5 3 8 8 6 7 7 6 5 7 7 5 6 6 5 4 2 8 7 5 3 9 8 6 4 8 7 5 3 7 6 4 2 6 4 5 3 6 4 5 3 5 3 4 2 4 2 3 4 3 2 4 3 3 2 1 2 1 0 5 4 3 4 3 2 1 6 5 4 5 4 3 2 6 5 4 5 4 3 2 5 4 3 4 3 2 5 5 4 4 3 2 6 6 5 5 4 3 6 6 5 5 4 3 5 5 4 4 3 2 8 6 6 7 6 5 5 4 3 9 7 7 8 7 6 6 5 8 6 6 7 6 5 5 4 3 7 5 5 6 5 4 4 3 2 3 3 2 2 1 4 3 4 4 4 4 4 2 3 2 2 4 4 4 4 4 3 4]
[6 7 2 3 3 4 7 3 4 2 3 6 3 2 5 4 3 2 6 5 4 3 6 5 4 3 7 6 5 4 7 6 5 4 8 5 4 7 6 5 4 8 7 4 5 4 6 5 6 5 7 6 7 6 8 5 6 5 7 3 5 4 6 4 6 5 7 4 6 5 7 3 5 4 3 4 5 4 5 4 5 6 3 4 5 0 3 2 1 4 3 4 1 4 3 2 5 4 5 2 5 4 3 6 5 6 2 5 4 3 6 5 5 2 3 6 4 5 6 3 4 7 5 6 7 4 5 8 6 7 7 4 5 8 6 7 3 3 5 4 3 4 6 5 6 4 4 6 5 4 5 7 6 5 5 7 6 5 6 8 7 8 4 4 6 5 4 5 7 6 7 7 5 7 6 6 6 5 6 5 6 3 5 7 6 5 7 4 6 7 8 7 6 7]
[5 6 5 5 6 6 6 6 6 5 5 5 4 3 2 4 3 4 3 4 5 4 3 5 4 5 4 5 6 5 4 6 5 6 5 6 5 4 6 5 6 5 6 5 5 6 5 6 6 7 6 7 7 8 7 6 6 7 6 6 4 6 5 7 5 7 6 7 5 7 6 6 4 6 2 3 4 3 4 3 4 5 2 3 4 3 0 1 3 1 2 3 4 1 2 4 2 3 4 5 2 3 5 3 4 5 5 2 3 5 3 4 2 4 5 3 3 4 3 5 6 4 4 5 4 6 7 5 5 6 4 6 7 5 5 6 4 6 2 4 5 6 3 4 5 5 7 3 5 6 7 4 5 6 8 4 6 7 8 5 6 7 5 7 3 5 6 7 4 5 5 4 7 6 5 5 5 5 6 2 3 5 6 5 3 4 6 6 7 4 5 6 6 7]
[4 5 4 4 5 5 5 5 5 4 4 4 5 4 3 5 4 3 4 3 6 5 4 6 5 4 5 4 7 6 5 7 6 5 6 7 6 5 7 6 5 6 5 6 6 5 4 7 7 6 5 8 8 7 6 7 7 6 5 5 3 5 4 6 4 6 5 6 4 6 5 5 3 5 1 2 3 2 3 2 3 4 1 2 3 2 1 0 2 2 1 2 3 2 1 3 3 2 3 4 3 2 4 4 3 4 4 3 2 4 4 3 3 3 4 4 2 3 4 4 5 5 3 4 5 5 6 6 4 5 5 5 6 6 4 5 5 5 3 5 4 5 4 3 4 6 6 4 6 5 6 5 4 7 7 5 7 6 7 6 5 6 6 6 4 6 5 6 5 4 5 5 6 5 4 4 5 4 5 3 4 4 6 5 4 3 5 5 7 5 6 6 5 6]
[5 6 3 2 4 3 6 4 3 3 2 5 4 3 5 3 2 1 5 4 5 4 6 4 3 2 6 5 6 5 7 5 4 3 7 6 5 7 5 4 3 7 6 5 4 3 5 6 5 4 6 7 6 5 7 6 5 4 6 4 5 3 5 5 6 4 6 5 6 4 6 4 5 3 3 3 4 4 4 4 4 5 3 3 4 1 3 2 0 3 2 3 2 4 3 1 4 3 4 3 5 4 2 5 4 5 3 5 4 2 5 4 5 1 2 5 3 4 6 2 3 6 4 5 7 3 4 7 5 6 7 3 4 7 5 6 4 4 5 3 2 3 5 4 5 5 5 6 4 3 4 6 5 6 6 7 5 4 5 7 6 7 5 5 6 4 3 4 6 5 6 6 4 6 5 5 7 6 7 5 6 2 4 6 5 4 6 3 5 6 7 8 7 8]
[4 5 6 5 7 6 5 7 6 6 5 4 5 4 3 4 3 4 2 3 6 5 4 5 4 5 3 4 7 6 5 6 5 6 4 7 6 5 6 5 6 4 5 6 5 6 4 7 6 7 5 8 7 8 6 7 6 7 5 7 5 6 4 8 6 7 5 8 6 7 5 7 5 6 3 2 3 4 3 4 3 4 3 2 3 4 1 2 3 0 1 2 5 2 3 4 1 2 3 6 3 4 5 2 3 4 6 3 4 5 2 3 3 4 5 2 2 3 4 5 6 3 3 4 5 6 7 4 4 5 5 6 7 4 4 5 5 7 3 4 5 6 2 3 4 6 8 4 5 6 7 3 4 7 9 5 6 7 8 4 5 6 6 8 4 5 6 7 3 4 4 3 6 5 4 4 6 6 7 3 4 5 6 4 2 3 5 5 6 3 4 6 6 7]
[3 4 5 4 6 5 4 6 5 5 4 3 6 5 4 5 4 3 3 2 7 6 5 6 5 4 4 3 8 7 6 7 6 5 5 8 7 6 7 6 5 5 4 7 6 5 3 8 7 6 4 9 8 7 5 8 7 6 4 6 4 5 3 7 5 6 4 7 5 6 4 6 4 5 2 1 2 3 2 3 2 3 2 1 2 3 2 1 2 1 0 1 4 3 2 3 2 1 2 5 4 3 4 3 2 3 5 4 3 4 3 2 4 3 4 3 1 2 5 4 5 4 2 3 6 5 6 5 3 4 6 5 6 5 3 4 6 6 4 5 4 5 3 2 3 7 7 5 6 5 6 4 3 8 8 6 7 6 7 5 4 5 7 7 5 6 5 6 4 3 4 4 5 4 3 3 6 5 6 4 5 4 6 4 3 2 4 4 6 4 5 6 5 6]
[2 3 6 5 7 6 3 7 6 6 5 2 6 6 4 5 5 4 3 1 7 7 5 6 6 5 4 2 8 8 6 7 7 6 5 8 8 6 7 7 6 5 3 7 6 4 2 8 7 5 3 9 8 6 4 8 7 5 3 5 3 4 2 6 4 5 3 6 4 5 3 5 3 4 3 2 1 4 3 4 3 2 3 2 1 4 3 2 3 2 1 0 5 4 3 4 3 2 1 6 5 4 5 4 3 2 6 5 4 5 4 3 4 4 3 3 2 1 5 5 4 4 3 2 6 6 5 5 4 3 6 6 5 5 4 3 7 5 5 6 5 4 4 3 2 8 6 6 7 6 5 5 4 9 7 7 8 7 6 6 5 4 8 6 6 7 6 5 5 4 3 4 4 3 2 2 5 4 5 5 5 5 5 3 4 3 3 5 5 5 5 5 4 5]
[7 8 3 4 2 3 6 3 4 3 4 7 4 3 6 5 4 3 7 6 3 2 5 4 3 2 6 5 4 3 6 5 4 3 7 5 4 7 6 5 4 8 7 5 6 5 7 4 5 4 6 5 6 5 7 6 7 6 8 4 6 5 7 3 5 4 6 4 6 5 7 4 6 5 4 5 6 3 4 4 5 6 4 5 6 1 4 3 2 5 4 5 0 3 2 1 4 3 4 1 4 3 2 5 4 5 2 5 4 3 6 5 6 3 4 7 5 6 5 2 3 6 4 5 6 3 4 7 5 6 7 4 5 8 6 7 4 4 6 5 4 5 7 6 7 3 3 5 4 3 4 6 5 4 4 6 5 4 5 7 6 7 5 5 7 6 5 6 8 7 8 8 6 8 5 6 7 6 7 6 7 4 6 8 7 6 8 5 7 8 9 8 7 8]
[6 7 6 6 5 5 5 6 6 6 6 6 5 4 3 5 4 5 4 5 4 3 2 4 3 4 3 4 5 4 3 5 4 5 4 6 5 4 6 5 6 5 6 6 6 7 6 5 5 6 5 6 6 7 6 7 7 8 7 7 5 7 6 6 4 6 5 7 5 7 6 7 5 7 3 4 5 2 3 3 4 5 3 4 5 4 1 2 4 2 3 4 3 0 1 3 1 2 3 4 1 2 4 2 3 4 5 2 3 5 3 4 3 5 6 4 4 5 2 4 5 3 3 4 3 5 6 4 4 5 4 6 7 5 5 6 5 7 3 5 6 7 4 5 6 4 6 2 4 5 6 3 4 5 7 3 5 6 7 4 5 6 6 8 4 6 7 8 5 6 6 5 8 7 4 5 6 6 7 3 4 6 7 6 4 5 7 7 8 5 6 7 7 8]
[5 6 5 5 4 4 4 5 5 5 5 5 6 5 4 6 5 4 5 4 5 4 3 5 4 3 4 3 6 5 4 6 5 4 5 7 6 5 7 6 5 6 5 7 7 6 5 6 6 5 4 7 7 6 5 8 8 7 6 6 4 6 5 5 3 5 4 6 4 6 5 6 4 6 2 3 4 1 2 2 3 4 2 3 4 3 2 1 3 3 2 3 2 1 0 2 2 1 2 3 2 1 3 3 2 3 4 3 2 4 4 3 4 4 5 5 3 4 3 3 4 4 2 3 4 4 5 5 3 4 5 5 6 6 4 5 6 6 4 6 5 6 5 4 5 5 5 3 5 4 5 4 3 6 6 4 6 5 6 5 4 5 7 7 5 7 6 7 6 5 6 6 7 6 3 4 6 5 6 4 5 5 7 6 5 4 6 6 8 6 7 7 6 7]
[6 7 4 3 3 2 5 4 3 4 3 6 5 4 6 4 3 2 6 5 4 3 5 3 2 1 5 4 5 4 6 4 3 2 6 6 5 7 5 4 3 7 6 6 5 4 6 5 4 3 5 6 5 4 6 7 6 5 7 5 6 4 6 4 5 3 5 5 6 4 6 5 6 4 4 4 5 3 3 4 4 5 4 4 5 2 4 3 1 4 3 4 1 3 2 0 3 2 3 2 4 3 1 4 3 4 3 5 4 2 5 4 6 2 3 6 4 5 5 1 2 5 3 4 6 2 3 6 4 5 7 3 4 7 5 6 5 5 6 4 3 4 6 5 6 4 4 5 3 2 3 5 4 5 5 6 4 3 4 6 5 6 6 6 7 5 4 5 7 6 7 7 5 7 4 5 8 7 8 6 7 3 5 7 6 5 7 4 6 7 8 9 8 9]
[5 6 7 6 6 5 4 7 6 7 6 5 6 5 4 5 4 5 3 4 5 4 3 4 3 4 2 3 6 5 4 5 4 5 3 7 6 5 6 5 6 4 5 7 6 7 5 6 5 6 4 7 6 7 5 8 7 8 6 8 6 7 5 7 5 6 4 8 6 7 5 8 6 7 4 3 4 3 2 4 3 4 4 3 4 5 2 3 4 1 2 3 4 1 2 3 0 1 2 5 2 3 4 1 2 3 6 3 4 5 2 3 4 5 6 3 3 4 3 4 5 2 2 3 4 5 6 3 3 4 5 6 7 4 4 5 6 8 4 5 6 7 3 4 5 5 7 3 4 5 6 2 3 6 8 4 5 6 7 3 4 5 7 9 5 6 7 8 4 5 5 4 7 6 3 4 7 7 8 4 5 6 7 5 3 4 6 6 7 4 5 7 7 8]
[4 5 6 5 5 4 3 6 5 6 5 4 7 6 5 6 5 4 4 3 6 5 4 5 4 3 3 2 7 6 5 6 5 4 4 8 7 6 7 6 5 5 4 8 7 6 4 7 6 5 3 8 7 6 4 9 8 7 5 7 5 6 4 6 4 5 3 7 5 6 4 7 5 6 3 2 3 2 1 3 2 3 3 2 3 4 3 2 3 2 1 2 3 2 1 2 1 0 1 4 3 2 3 2 1 2 5 4 3 4 3 2 5 4 5 4 2 3 4 3 4 3 1 2 5 4 5 4 2 3 6 5 6 5 3 4 7 7 5 6 5 6 4 3 4 6 6 4 5 4 5 3 2 7 7 5 6 5 6 4 3 4 8 8 6 7 6 7 5 4 5 5 6 5 2 3 7 6 7 5 6 5 7 5 4 3 5 5 7 5 6 7 6 7]
[3 4 7 6 6 5 2 7 6 7 6 3 7 7 5 6 6 5 4 2 6 6 4 5 5 4 3 1 7 7 5 6 6 5 4 8 8 6 7 7 6 5 3 8 7 5 3 7 6 4 2 8 7 5 3 9 8 6 4 6 4 5 3 5 3 4 2 6 4 5 3 6 4 5 4 3 2 3 2 4 3 2 4 3 2 5 4 3 4 3 2 1 4 3 2 3 2 1 0 5 4 3 4 3 2 1 6 5 4 5 4 3 5 5 4 4 3 2 4 4 3 3 2 1 5 5 4 4 3 2 6 6 5 5 4 3 8 6 6 7 6 5 5 4 3 7 5 5 6 5 4 4 3 8 6 6 7 6 5 5 4 3 9 7 7 8 7 6 6 5 4 5 5 4 1 2 6 5 6 6 6 6 6 4 5 4 4 6 6 6 6 6 5 6]
[7 8 4 5 3 4 7 2 3 3 4 7 5 4 7 6 5 4 8 7 4 3 6 5 4 3 7 6 3 2 5 4 3 2 6 4 3 6 5 4 3 7 6 5 6 5 7 5 6 5 7 4 5 4 6 5 6 5 7 5 7 6 8 4 6 5 7 3 5 4 6 4 6 5 5 6 7 4 5 3 4 5 4 5 6 2 5 4 3 6 5 6 1 4 3 2 5 4 5 0 3 2 1 4 3 4 1 4 3 2 5 4 6 3 4 7 5 6 6 3 4 7 5 6 5 2 3 6 4 5 6 3 4 7 5 6 4 4 6 5 4 5 7 6 7 4 4 6 5 4 5 7 6 3 3 5 4 3 4 6 5 6 4 4 6 5 4 5 7 6 8 8 6 8 6 5 7 6 7 6 7 4 6 8 7 6 8 5 7 8 9 8 7 8]
[6 7 7 7 6 6 6 5 5 6 6 6 6 5 4 6 5 6 5 6 5 4 3 5 4 5 4 5 4 3 2 4 3 4 3 5 4 3 5 4 5 4 5 6 6 7 6 6 6 7 6 5 5 6 5 6 6 7 6 8 6 8 7 7 5 7 6 6 4 6 5 7 5 7 4 5 6 3 4 2 3 4 3 4 5 5 2 3 5 3 4 5 4 1 2 4 2 3 4 3 0 1 3 1 2 3 4 1 2 4 2 3 3 5 6 4 4 5 3 5 6 4 4 5 2 4 5 3 3 4 3 5 6 4 4 5 5 7 3 5 6 7 4 5 6 5 7 3 5 6 7 4 5 4 6 2 4 5 6 3 4 5 5 7 3 5 6 7 4 5 6 5 8 7 5 4 6 6 7 3 4 6 7 6 4 5 7 7 8 5 6 7 7 8]
[5 6 6 6 5 5 5 4 4 5 5 5 7 6 5 7 6 5 6 5 6 5 4 6 5 4 5 4 5 4 3 5 4 3 4 6 5 4 6 5 4 5 4 7 7 6 5 7 7 6 5 6 6 5 4 7 7 6 5 7 5 7 6 6 4 6 5 5 3 5 4 6 4 6 3 4 5 2 3 1 2 3 2 3 4 4 3 2 4 4 3 4 3 2 1 3 3 2 3 2 1 0 2 2 1 2 3 2 1 3 3 2 4 4 5 5 3 4 4 4 5 5 3 4 3 3 4 4 2 3 4 4 5 5 3 4 6 6 4 6 5 6 5 4 5 6 6 4 6 5 6 5 4 5 5 3 5 4 5 4 3 4 6 6 4 6 5 6 5 4 6 6 7 6 4 3 6 5 6 4 5 5 7 6 5 4 6 6 8 6 7 7 6 7]
[6 7 5 4 4 3 6 3 2 4 3 6 6 5 7 5 4 3 7 6 5 4 6 4 3 2 6 5 4 3 5 3 2 1 5 5 4 6 4 3 2 6 5 6 5 4 6 6 5 4 6 5 4 3 5 6 5 4 6 6 7 5 7 5 6 4 6 4 5 3 5 5 6 4 5 5 6 4 4 3 3 4 4 4 5 3 5 4 2 5 4 5 2 4 3 1 4 3 4 1 3 2 0 3 2 3 2 4 3 1 4 3 6 2 3 6 4 5 6 2 3 6 4 5 5 1 2 5 3 4 6 2 3 6 4 5 5 5 6 4 3 4 6 5 6 5 5 6 4 3 4 6 5 4 4 5 3 2 3 5 4 5 5 5 6 4 3 4 6 5 7 7 5 7 5 4 8 7 8 6 7 3 5 7 6 5 7 4 6 7 8 9 8 9]
[5 6 8 7 7 6 5 6 5 7 6 5 7 6 5 6 5 6 4 5 6 5 4 5 4 5 3 4 5 4 3 4 3 4 2 6 5 4 5 4 5 3 4 7 6 7 5 7 6 7 5 6 5 6 4 7 6 7 5 9 7 8 6 8 6 7 5 7 5 6 4 8 6 7 5 4 5 4 3 3 2 3 4 3 4 6 3 4 5 2 3 4 5 2 3 4 1 2 3 4 1 2 3 0 1 2 5 2 3 4 1 2 4 5 6 3 3 4 4 5 6 3 3 4 3 4 5 2 2 3 4 5 6 3 3 4 6 8 4 5 6 7 3 4 5 6 8 4 5 6 7 3 4 5 7 3 4 5 6 2 3 4 6 8 4 5 6 7 3 4 5 4 7 6 4 3 7 7 8 4 5 6 7 5 3 4 6 6 7 4 5 7 7 8]
[4 5 7 6 6 5 4 5 4 6 5 4 8 7 6 7 6 5 5 4 7 6 5 6 5 4 4 3 6 5 4 5 4 3 3 7 6 5 6 5 4 4 3 8 7 6 4 8 7 6 4 7 6 5 3 8 7 6 4 8 6 7 5 7 5 6 4 6 4 5 3 7 5 6 4 3 4 3 2 2 1 2 3 2 3 5 4 3 4 3 2 3 4 3 2 3 2 1 2 3 2 1 2 1 0 1 4 3 2 3 2 1 5 4 5 4 2 3 5 4 5 4 2 3 4 3 4 3 1 2 5 4 5 4 2 3 7 7 5 6 5 6 4 3 4 7 7 5 6 5 6 4 3 6 6 4 5 4 5 3 2 3 7 7 5 6 5 6 4 3 5 5 6 5 3 2 7 6 7 5 6 5 7 5 4 3 5 5 7 5 6 7 6 7]
[3 4 8 7 7 6 3 6 5 7 6 3 8 8 6 7 7 6 5 3 7 7 5 6 6 5 4 2 6 6 4 5 5 4 3 7 7 5 6 6 5 4 2 8 7 5 3 8 7 5 3 7 6 4 2 8 7 5 3 7 5 6 4 6 4 5 3 5 3 4 2 6 4 5 5 4 3 4 3 3 2 1 4 3 2 6 5 4 5 4 3 2 5 4 3 4 3 2 1 4 3 2 3 2 1 0 5 4 3 4 3 2 5 5 4 4 3 2 5 5 4 4 3 2 4 4 3 3 2 1 5 5 4 4 3 2 8 6 6 7 6 5 5 4 3 8 6 6 7 6 5 5 4 7 5 5 6 5 4 4 3 2 8 6 6 7 6 5 5 4 4 5 5 4 2 1 6 5 6 6 6 6 6 4 5 4 4 6 6 6 6 6 5 6]
[6 7 4 5 4 5 8 3 4 2 3 6 5 4 7 6 5 4 8 7 5 4 7 6 5 4 8 7 4 3 6 5 4 3 7 3 2 5 4 3 2 6 5 4 5 4 6 5 6 5 7 5 6 5 7 4 5 4 6 4 6 5 7 5 7 6 8 4 6 5 7 3 5 4 5 6 7 5 6 4 5 6 3 4 5 2 5 4 3 6 5 6 2 5 4 3 6 5 6 1 4 3 2 5 4 5 0 3 2 1 4 3 5 2 3 6 4 5 6 3 4 7 5 6 6 3 4 7 5 6 5 2 3 6 4 5 3 3 5 4 3 4 6 5 6 4 4 6 5 4 5 7 6 4 4 6 5 4 5 7 6 7 3 3 5 4 3 4 6 5 7 7 5 7 7 4 6 5 6 5 6 3 5 7 6 5 7 4 6 7 8 7 6 7]
[5 6 7 7 7 7 7 6 6 5 5 5 6 5 4 6 5 6 5 6 6 5 4 6 5 6 5 6 5 4 3 5 4 5 4 4 3 2 4 3 4 3 4 5 5 6 5 6 6 7 6 6 6 7 6 5 5 6 5 7 5 7 6 8 6 8 7 7 5 7 6 6 4 6 4 5 6 4 5 3 4 5 2 3 4 5 2 3 5 3 4 5 5 2 3 5 3 4 5 4 1 2 4 2 3 4 3 0 1 3 1 2 2 4 5 3 3 4 3 5 6 4 4 5 3 5 6 4 4 5 2 4 5 3 3 4 4 6 2 4 5 6 3 4 5 5 7 3 5 6 7 4 5 5 7 3 5 6 7 4 5 6 4 6 2 4 5 6 3 4 5 4 7 6 6 3 5 5 6 2 3 5 6 5 3 4 6 6 7 4 5 6 6 7]
[4 5 6 6 6 6 6 5 5 4 4 4 7 6 5 7 6 5 6 5 7 6 5 7 6 5 6 5 6 5 4 6 5 4 5 5 4 3 5 4 3 4 3 6 6 5 4 7 7 6 5 7 7 6 5 6 6 5 4 6 4 6 5 7 5 7 6 6 4 6 5 5 3 5 3 4 5 3 4 2 3 4 1 2 3 4 3 2 4 4 3 4 4 3 2 4 4 3 4 3 2 1 3 3 2 3 2 1 0 2 2 1 3 3 4 4 2 3 4 4 5 5 3 4 4 4 5 5 3 4 3 3 4 4 2 3 5 5 3 5 4 5 4 3 4 6 6 4 6 5 6 5 4 6 6 4 6 5 6 5 4 5 5 5 3 5 4 5 4 3 5 5 6 5 5 2 5 4 5 3 4 4 6 5 4 3 5 5 7 5 6 6 5 6]
[5 6 5 4 5 4 7 4 3 3 2 5 6 5 7 5 4 3 7 6 6 5 7 5 4 3 7 6 5 4 6 4 3 2 6 4 3 5 3 2 1 5 4 5 4 3 5 6 5 4 6 6 5 4 6 5 4 3 5 5 6 4 6 6 7 5 7 5 6 4 6 4 5 3 5 5 6 5 5 4 4 5 3 3 4 3 5 4 2 5 4 5 3 5 4 2 5 4 5 2 4 3 1 4 3 4 1 3 2 0 3 2 5 1 2 5 3 4 6 2 3 6 4 5 6 2 3 6 4 5 5 1 2 5 3 4 4 4 5 3 2 3 5 4 5 5 5 6 4 3 4 6 5 5 5 6 4 3 4 6 5 6 4 4 5 3 2 3 5 4 6 6 4 6 6 3 7 6 7 5 6 2 4 6 5 4 6 3 5 6 7 8 7 8]
[4 5 8 7 8 7 6 7 6 6 5 4 7 6 5 6 5 6 4 5 7 6 5 6 5 6 4 5 6 5 4 5 4 5 3 5 4 3 4 3 4 2 3 6 5 6 4 7 6 7 5 7 6 7 5 6 5 6 4 8 6 7 5 9 7 8 6 8 6 7 5 7 5 6 5 4 5 5 4 4 3 4 3 2 3 6 3 4 5 2 3 4 6 3 4 5 2 3 4 5 2 3 4 1 2 3 4 1 2 3 0 1 3 4 5 2 2 3 4 5 6 3 3 4 4 5 6 3 3 4 3 4 5 2 2 3 5 7 3 4 5 6 2 3 4 6 8 4 5 6 7 3 4 6 8 4 5 6 7 3 4 5 5 7 3 4 5 6 2 3 4 3 6 5 5 2 6 6 7 3 4 5 6 4 2 3 5 5 6 3 4 6 6 7]
[3 4 7 6 7 6 5 6 5 5 4 3 8 7 6 7 6 5 5 4 8 7 6 7 6 5 5 4 7 6 5 6 5 4 4 6 5 4 5 4 3 3 2 7 6 5 3 8 7 6 4 8 7 6 4 7 6 5 3 7 5 6 4 8 6 7 5 7 5 6 4 6 4 5 4 3 4 4 3 3 2 3 2 1 2 5 4 3 4 3 2 3 5 4 3 4 3 2 3 4 3 2 3 2 1 2 3 2 1 2 1 0 4 3 4 3 1 2 5 4 5 4 2 3 5 4 5 4 2 3 4 3 4 3 1 2 6 6 4 5 4 5 3 2 3 7 7 5 6 5 6 4 3 7 7 5 6 5 6 4 3 4 6 6 4 5 4 5 3 2 4 4 5 4 4 1 6 5 6 4 5 4 6 4 3 2 4 4 6 4 5 6 5 6]
[6 7 7 7 8 8 7 8 8 7 7 6 4 5 2 4 5 6 3 5 5 6 3 5 6 7 4 6 5 6 3 5 6 7 4 4 5 2 4 5 6 3 5 3 3 5 4 4 4 6 5 5 5 7 6 5 5 7 6 6 4 6 5 7 5 7 6 8 6 8 7 7 5 7 4 5 5 5 6 5 6 6 4 5 5 5 2 3 5 3 4 4 6 3 4 6 4 5 5 6 3 4 6 4 5 5 5 2 3 5 3 4 0 4 4 1 3 3 1 5 5 2 4 4 2 6 6 3 5 5 2 6 6 3 5 5 4 5 2 4 5 5 3 4 4 5 6 3 5 6 6 4 5 6 7 4 6 7 7 5 6 6 6 7 4 6 7 7 5 6 5 6 8 7 6 4 5 6 7 4 5 7 6 5 5 6 7 8 7 6 7 6 7 8]
[6 7 4 3 5 4 7 5 4 4 3 6 5 4 6 4 3 2 6 5 6 5 7 5 4 3 7 6 6 5 7 5 4 3 7 5 4 6 4 3 2 6 5 4 3 2 4 5 4 3 5 6 5 4 6 6 5 4 6 4 5 3 5 5 6 4 6 6 7 5 7 5 6 4 4 4 5 5 5 5 5 6 4 4 5 2 4 3 1 4 3 4 3 5 4 2 5 4 5 3 5 4 2 5 4 5 2 4 3 1 4 3 4 0 1 4 2 3 5 1 2 5 3 4 6 2 3 6 4 5 6 2 3 6 4 5 3 3 4 2 1 2 4 3 4 4 4 5 3 2 3 5 4 5 5 6 4 3 4 6 5 6 5 5 6 4 3 4 6 5 7 7 5 7 6 4 8 7 8 6 7 3 5 7 6 5 7 4 6 7 8 9 8 9]
[5 6 5 4 6 5 6 6 5 5 4 5 5 5 6 4 4 3 6 4 6 6 7 5 5 4 7 5 6 6 7 5 5 4 7 5 5 6 4 4 3 6 4 4 3 1 3 5 4 2 4 6 5 3 5 6 5 3 5 3 4 2 4 4 5 3 5 5 6 4 6 4 5 3 5 5 4 6 6 6 6 5 5 5 4 3 5 4 2 5 4 3 4 6 5 3 6 5 4 4 6 5 3 6 5 4 3 5 4 2 5 4 4 1 0 4 3 2 5 2 1 5 4 3 6 3 2 6 5 4 6 3 2 6 5 4 4 2 5 3 2 1 5 4 3 5 3 6 4 3 2 6 5 6 4 7 5 4 3 7 6 5 6 4 7 5 4 3 7 6 6 7 4 6 5 3 7 6 7 7 7 4 4 6 7 6 6 5 5 8 8 8 7 8]
[5 6 8 7 9 8 6 9 8 8 7 5 5 6 3 4 5 6 2 4 6 7 4 5 6 7 3 5 6 7 4 5 6 7 3 5 6 3 4 5 6 2 4 4 3 5 3 5 4 6 4 6 5 7 5 6 5 7 5 7 5 6 4 8 6 7 5 9 7 8 6 8 6 7 5 4 4 6 5 6 5 5 5 4 4 6 3 4 5 2 3 3 7 4 5 6 3 4 4 7 4 5 6 3 4 4 6 3 4 5 2 3 1 4 4 0 2 2 2 5 5 1 3 3 3 6 6 2 4 4 3 6 6 2 4 4 5 6 3 4 5 5 2 3 3 6 7 4 5 6 6 3 4 7 8 5 6 7 7 4 5 5 7 8 5 6 7 7 4 5 4 5 7 6 5 3 6 7 8 5 6 7 6 4 4 5 6 7 6 5 6 6 7 8]
[4 5 6 5 7 6 5 7 6 6 5 4 7 6 5 6 5 4 4 3 8 7 6 7 6 5 5 4 8 7 6 7 6 5 5 7 6 5 6 5 4 4 3 6 5 4 2 7 6 5 3 8 7 6 4 8 7 6 4 6 4 5 3 7 5 6 4 8 6 7 5 7 5 6 3 2 3 4 3 4 3 4 3 2 3 4 3 2 3 2 1 2 5 4 3 4 3 2 3 5 4 3 4 3 2 3 4 3 2 3 2 1 3 2 3 2 0 1 4 3 4 3 1 2 5 4 5 4 2 3 5 4 5 4 2 3 5 5 3 4 3 4 2 1 2 6 6 4 5 4 5 3 2 7 7 5 6 5 6 4 3 4 7 7 5 6 5 6 4 3 5 5 6 5 4 2 7 6 7 5 6 5 7 5 4 3 5 5 7 5 6 7 6 7]
[3 4 7 6 8 7 4 8 7 7 6 3 7 7 5 6 6 5 4 2 8 8 6 7 7 6 5 3 8 8 6 7 7 6 5 7 7 5 6 6 5 4 2 6 5 3 1 7 6 4 2 8 7 5 3 8 7 5 3 5 3 4 2 6 4 5 3 7 5 6 4 6 4 5 4 3 2 5 4 5 4 3 4 3 2 5 4 3 4 3 2 1 6 5 4 5 4 3 2 6 5 4 5 4 3 2 5 4 3 4 3 2 3 3 2 2 1 0 4 4 3 3 2 1 5 5 4 4 3 2 5 5 4 4 3 2 6 4 4 5 4 3 3 2 1 7 5 5 6 5 4 4 3 8 6 6 7 6 5 5 4 3 8 6 6 7 6 5 5 4 4 5 5 4 3 1 6 5 6 6 6 6 6 4 5 4 4 6 6 6 6 6 5 6]
[7 8 8 8 7 7 6 8 8 8 8 7 5 6 3 5 6 7 4 6 4 5 2 4 5 6 3 5 5 6 3 5 6 7 4 5 6 3 5 6 7 4 6 4 4 6 5 3 3 5 4 4 4 6 5 5 5 7 6 7 5 7 6 6 4 6 5 7 5 7 6 8 6 8 5 6 6 4 5 5 6 6 5 6 6 6 3 4 6 4 5 5 5 2 3 5 3 4 4 6 3 4 6 4 5 5 6 3 4 6 4 5 1 5 5 2 4 4 0 4 4 1 3 3 1 5 5 2 4 4 2 6 6 3 5 5 5 6 3 5 6 6 4 5 5 4 5 2 4 5 5 3 4 5 6 3 5 6 6 4 5 5 6 7 4 6 7 7 5 6 6 7 9 8 5 5 6 7 8 5 6 8 7 6 6 7 8 9 8 7 8 7 8 9]
[7 8 5 4 4 3 6 5 4 5 4 7 6 5 7 5 4 3 7 6 5 4 6 4 3 2 6 5 6 5 7 5 4 3 7 6 5 7 5 4 3 7 6 5 4 3 5 4 3 2 4 5 4 3 5 6 5 4 6 5 6 4 6 4 5 3 5 5 6 4 6 6 7 5 5 5 6 4 4 5 5 6 5 5 6 3 5 4 2 5 4 5 2 4 3 1 4 3 4 3 5 4 2 5 4 5 3 5 4 2 5 4 5 1 2 5 3 4 4 0 1 4 2 3 5 1 2 5 3 4 6 2 3 6 4 5 4 4 5 3 2 3 5 4 5 3 3 4 2 1 2 4 3 4 4 5 3 2 3 5 4 5 5 5 6 4 3 4 6 5 8 8 6 8 5 5 9 8 9 7 8 4 6 8 7 6 8 5 7 8 9 10 9 10]
[6 7 6 5 5 4 5 6 5 6 5 6 6 6 7 5 5 4 7 5 5 5 6 4 4 3 6 4 6 6 7 5 5 4 7 6 6 7 5 5 4 7 5 5 4 2 4 4 3 1 3 5 4 2 4 6 5 3 5 4 5 3 5 3 4 2 4 4 5 3 5 5 6 4 6 6 5 5 5 6 6 5 6 6 5 4 6 5 3 6 5 4 3 5 4 2 5 4 3 4 6 5 3 6 5 4 4 6 5 3 6 5 5 2 1 5 4 3 4 1 0 4 3 2 5 2 1 5 4 3 6 3 2 6 5 4 5 3 6 4 3 2 6 5 4 4 2 5 3 2 1 5 4 5 3 6 4 3 2 6 5 4 6 4 7 5 4 3 7 6 7 8 5 7 4 4 8 7 8 8 8 5 5 7 8 7 7 6 6 9 9 9 8 9]
[6 7 9 8 8 7 5 9 8 9 8 6 6 7 4 5 6 7 3 5 5 6 3 4 5 6 2 4 6 7 4 5 6 7 3 6 7 4 5 6 7 3 5 5 4 6 4 4 3 5 3 5 4 6 4 6 5 7 5 8 6 7 5 7 5 6 4 8 6 7 5 9 7 8 6 5 5 5 4 6 5 5 6 5 5 7 4 5 6 3 4 4 6 3 4 5 2 3 3 7 4 5 6 3 4 4 7 4 5 6 3 4 2 5 5 1 3 3 1 4 4 0 2 2 2 5 5 1 3 3 3 6 6 2 4 4 6 7 4 5 6 6 3 4 4 5 6 3 4 5 5 2 3 6 7 4 5 6 6 3 4 4 7 8 5 6 7 7 4 5 5 6 8 7 4 4 7 8 9 6 7 8 7 5 5 6 7 8 7 6 7 7 8 9]
[5 6 7 6 6 5 4 7 6 7 6 5 8 7 6 7 6 5 5 4 7 6 5 6 5 4 4 3 8 7 6 7 6 5 5 8 7 6 7 6 5 5 4 7 6 5 3 6 5 4 2 7 6 5 3 8 7 6 4 7 5 6 4 6 4 5 3 7 5 6 4 8 6 7 4 3 4 3 2 4 3 4 4 3 4 5 4 3 4 3 2 3 4 3 2 3 2 1 2 5 4 3 4 3 2 3 5 4 3 4 3 2 4 3 4 3 1 2 3 2 3 2 0 1 4 3 4 3 1 2 5 4 5 4 2 3 6 6 4 5 4 5 3 2 3 5 5 3 4 3 4 2 1 6 6 4 5 4 5 3 2 3 7 7 5 6 5 6 4 3 6 6 7 6 3 3 8 7 8 6 7 6 8 6 5 4 6 6 8 6 7 8 7 8]
[4 5 8 7 7 6 3 8 7 8 7 4 8 8 6 7 7 6 5 3 7 7 5 6 6 5 4 2 8 8 6 7 7 6 5 8 8 6 7 7 6 5 3 7 6 4 2 6 5 3 1 7 6 4 2 8 7 5 3 6 4 5 3 5 3 4 2 6 4 5 3 7 5 6 5 4 3 4 3 5 4 3 5 4 3 6 5 4 5 4 3 2 5 4 3 4 3 2 1 6 5 4 5 4 3 2 6 5 4 5 4 3 4 4 3 3 2 1 3 3 2 2 1 0 4 4 3 3 2 1 5 5 4 4 3 2 7 5 5 6 5 4 4 3 2 6 4 4 5 4 3 3 2 7 5 5 6 5 4 4 3 2 8 6 6 7 6 5 5 4 5 6 6 5 2 2 7 6 7 7 7 7 7 5 6 5 5 7 7 7 7 7 6 7]
[6 7 9 9 8 8 7 7 7 8 8 7 6 7 4 6 7 8 5 7 5 6 3 5 6 7 4 6 4 5 2 4 5 6 3 5 6 3 5 6 7 4 6 5 5 7 6 4 4 6 5 3 3 5 4 4 4 6 5 7 5 7 6 7 5 7 6 6 4 6 5 7 5 7 6 7 7 5 6 4 5 5 5 6 6 7 4 5 7 5 6 6 6 3 4 6 4 5 5 5 2 3 5 3 4 4 6 3 4 6 4 5 2 6 6 3 5 5 1 5 5 2 4 4 0 4 4 1 3 3 1 5 5 2 4 4 5 6 3 5 6 6 4 5 5 5 6 3 5 6 6 4 5 4 5 2 4 5 5 3 4 4 5 6 3 5 6 6 4 5 5 6 8 7 6 5 5 6 7 4 5 7 6 5 5 6 7 8 7 6 7 6 7 8]
[6 7 6 5 5 4 7 4 3 5 4 7 7 6 8 6 5 4 8 7 6 5 7 5 4 3 7 6 5 4 6 4 3 2 6 6 5 7 5 4 3 7 6 6 5 4 6 5 4 3 5 4 3 2 4 5 4 3 5 5 6 4 6 5 6 4 6 4 5 3 5 5 6 4 6 6 7 5 5 4 4 5 5 5 6 4 6 5 3 6 5 6 3 5 4 2 5 4 5 2 4 3 1 4 3 4 3 5 4 2 5 4 6 2 3 6 4 5 5 1 2 5 3 4 4 0 1 4 2 3 5 1 2 5 3 4 4 4 5 3 2 3 5 4 5 4 4 5 3 2 3 5 4 3 3 4 2 1 2 4 3 4 4 4 5 3 2 3 5 4 7 7 5 7 6 5 8 7 8 6 7 3 5 7 6 5 7 4 6 7 8 9 8 9]
[5 6 7 6 6 5 6 5 4 6 5 6 7 7 8 6 6 5 8 6 6 6 7 5 5 4 7 5 5 5 6 4 4 3 6 6 6 7 5 5 4 7 5 6 5 3 5 5 4 2 4 4 3 1 3 5 4 2 4 4 5 3 5 4 5 3 5 3 4 2 4 4 5 3 7 7 6 6 6 5 5 4 6 6 5 5 7 6 4 7 6 5 4 6 5 3 6 5 4 3 5 4 2 5 4 3 4 6 5 3 6 5 6 3 2 6 5 4 5 2 1 5 4 3 4 1 0 4 3 2 5 2 1 5 4 3 5 3 6 4 3 2 6 5 4 5 3 6 4 3 2 6 5 4 2 5 3 2 1 5 4 3 5 3 6 4 3 2 6 5 6 7 4 6 5 4 7 6 7 7 7 4 4 6 7 6 6 5 5 8 8 8 7 8]
[5 6 10 9 9 8 6 8 7 9 8 6 7 8 5 6 7 8 4 6 6 7 4 5 6 7 3 5 5 6 3 4 5 6 2 6 7 4 5 6 7 3 5 6 5 7 5 5 4 6 4 4 3 5 3 5 4 6 4 8 6 7 5 8 6 7 5 7 5 6 4 8 6 7 7 6 6 6 5 5 4 4 6 5 5 8 5 6 7 4 5 5 7 4 5 6 3 4 4 6 3 4 5 2 3 3 7 4 5 6 3 4 3 6 6 2 4 4 2 5 5 1 3 3 1 4 4 0 2 2 2 5 5 1 3 3 6 7 4 5 6 6 3 4 4 6 7 4 5 6 6 3 4 5 6 3 4 5 5 2 3 3 6 7 4 5 6 6 3 4 4 5 7 6 5 4 6 7 8 5 6 7 6 4 4 5 6 7 6 5 6 6 7 8]
[4 5 8 7 7 6 5 6 5 7 6 5 9 8 7 8 7 6 6 5 8 7 6 7 6 5 5 4 7 6 5 6 5 4 4 8 7 6 7 6 5 5 4 8 7 6 4 7 6 5 3 6 5 4 2 7 6 5 3 7 5 6 4 7 5 6 4 6 4 5 3 7 5 6 5 4 5 4 3 3 2 3 4 3 4 6 5 4 5 4 3 4 5 4 3 4 3 2 3 4 3 2 3 2 1 2 5 4 3 4 3 2 5 4 5 4 2 3 4 3 4 3 1 2 3 2 3 2 0 1 4 3 4 3 1 2 6 6 4 5 4 5 3 2 3 6 6 4 5 4 5 3 2 5 5 3 4 3 4 2 1 2 6 6 4 5 4 5 3 2 5 5 6 5 4 3 7 6 7 5 6 5 7 5 4 3 5 5 7 5 6 7 6 7]
[3 4 9 8 8 7 4 7 6 8 7 4 9 9 7 8 8 7 6 4 8 8 6 7 7 6 5 3 7 7 5 6 6 5 4 8 8 6 7 7 6 5 3 8 7 5 3 7 6 4 2 6 5 3 1 7 6 4 2 6 4 5 3 6 4 5 3 5 3 4 2 6 4 5 6 5 4 5 4 4 3 2 5 4 3 7 6 5 6 5 4 3 6 5 4 5 4 3 2 5 4 3 4 3 2 1 6 5 4 5 4 3 5 5 4 4 3 2 4 4 3 3 2 1 3 3 2 2 1 0 4 4 3 3 2 1 7 5 5 6 5 4 4 3 2 7 5 5 6 5 4 4 3 6 4 4 5 4 3 3 2 1 7 5 5 6 5 4 4 3 4 5 5 4 3 2 6 5 6 6 6 6 6 4 5 4 4 6 6 6 6 6 5 6]
[5 6 8 8 9 9 8 8 8 7 7 6 6 7 4 6 7 8 5 7 6 7 4 6 7 8 5 7 5 6 3 5 6 7 4 4 5 2 4 5 6 3 5 5 5 7 6 5 5 7 6 4 4 6 5 3 3 5 4 6 4 6 5 7 5 7 6 7 5 7 6 6 4 6 5 6 6 6 7 5 6 6 4 5 5 7 4 5 7 5 6 6 7 4 5 7 5 6 6 6 3 4 6 4 5 5 5 2 3 5 3 4 2 6 6 3 5 5 2 6 6 3 5 5 1 5 5 2 4 4 0 4 4 1 3 3 4 5 2 4 5 5 3 4 4 5 6 3 5 6 6 4 5 5 6 3 5 6 6 4 5 5 4 5 2 4 5 5 3 4 4 5 7 6 7 4 4 5 6 3 4 6 5 4 4 5 6 7 6 5 6 5 6 7]
[5 6 5 4 6 5 8 5 4 4 3 6 7 6 8 6 5 4 8 7 7 6 8 6 5 4 8 7 6 5 7 5 4 3 7 5 4 6 4 3 2 6 5 6 5 4 6 6 5 4 6 5 4 3 5 4 3 2 4 4 5 3 5 5 6 4 6 5 6 4 6 4 5 3 5 5 6 6 6 5 5 6 4 4 5 4 6 5 3 6 5 6 4 6 5 3 6 5 6 3 5 4 2 5 4 5 2 4 3 1 4 3 6 2 3 6 4 5 6 2 3 6 4 5 5 1 2 5 3 4 4 0 1 4 2 3 3 3 4 2 1 2 4 3 4 4 4 5 3 2 3 5 4 4 4 5 3 2 3 5 4 5 3 3 4 2 1 2 4 3 6 6 4 6 7 4 7 6 7 5 6 2 4 6 5 4 6 3 5 6 7 8 7 8]
[4 5 6 5 7 6 7 6 5 5 4 5 7 7 8 6 6 5 8 6 7 7 8 6 6 5 8 6 6 6 7 5 5 4 7 5 5 6 4 4 3 6 4 6 5 3 5 6 5 3 5 5 4 2 4 4 3 1 3 3 4 2 4 4 5 3 5 4 5 3 5 3 4 2 6 6 5 7 7 6 6 5 5 5 4 5 7 6 4 7 6 5 5 7 6 4 7 6 5 4 6 5 3 6 5 4 3 5 4 2 5 4 6 3 2 6 5 4 6 3 2 6 5 4 5 2 1 5 4 3 4 1 0 4 3 2 4 2 5 3 2 1 5 4 3 5 3 6 4 3 2 6 5 5 3 6 4 3 2 6 5 4 4 2 5 3 2 1 5 4 5 6 3 5 6 3 6 5 6 6 6 3 3 5 6 5 5 4 4 7 7 7 6 7]
[4 5 9 8 10 9 7 9 8 8 7 5 7 8 5 6 7 8 4 6 7 8 5 6 7 8 4 6 6 7 4 5 6 7 3 5 6 3 4 5 6 2 4 6 5 7 5 6 5 7 5 5 4 6 4 4 3 5 3 7 5 6 4 8 6 7 5 8 6 7 5 7 5 6 6 5 5 7 6 6 5 5 5 4 4 8 5 6 7 4 5 5 8 5 6 7 4 5 5 7 4 5 6 3 4 4 6 3 4 5 2 3 3 6 6 2 4 4 3 6 6 2 4 4 2 5 5 1 3 3 1 4 4 0 2 2 5 6 3 4 5 5 2 3 3 6 7 4 5 6 6 3 4 6 7 4 5 6 6 3 4 4 5 6 3 4 5 5 2 3 3 4 6 5 6 3 5 6 7 4 5 6 5 3 3 4 5 6 5 4 5 5 6 7]
[3 4 7 6 8 7 6 7 6 6 5 4 9 8 7 8 7 6 6 5 9 8 7 8 7 6 6 5 8 7 6 7 6 5 5 7 6 5 6 5 4 4 3 8 7 6 4 8 7 6 4 7 6 5 3 6 5 4 2 6 4 5 3 7 5 6 4 7 5 6 4 6 4 5 4 3 4 5 4 4 3 4 3 2 3 6 5 4 5 4 3 4 6 5 4 5 4 3 4 5 4 3 4 3 2 3 4 3 2 3 2 1 5 4 5 4 2 3 5 4 5 4 2 3 4 3 4 3 1 2 3 2 3 2 0 1 5 5 3 4 3 4 2 1 2 6 6 4 5 4 5 3 2 6 6 4 5 4 5 3 2 3 5 5 3 4 3 4 2 1 4 4 5 4 5 2 6 5 6 4 5 4 6 4 3 2 4 4 6 4 5 6 5 6]
[2 3 8 7 9 8 5 8 7 7 6 3 9 9 7 8 8 7 6 4 9 9 7 8 8 7 6 4 8 8 6 7 7 6 5 7 7 5 6 6 5 4 2 8 7 5 3 8 7 5 3 7 6 4 2 6 5 3 1 5 3 4 2 6 4 5 3 6 4 5 3 5 3 4 5 4 3 6 5 5 4 3 4 3 2 7 6 5 6 5 4 3 7 6 5 6 5 4 3 6 5 4 5 4 3 2 5 4 3 4 3 2 5 5 4 4 3 2 5 5 4 4 3 2 4 4 3 3 2 1 3 3 2 2 1 0 6 4 4 5 4 3 3 2 1 7 5 5 6 5 4 4 3 7 5 5 6 5 4 4 3 2 6 4 4 5 4 3 3 2 3 4 4 3 4 1 5 4 5 5 5 5 5 3 4 3 3 5 5 5 5 5 4 5]
[8 9 4 5 5 6 9 6 7 5 6 9 4 3 6 5 4 5 7 8 5 4 7 6 5 6 8 9 5 4 7 6 5 6 8 4 3 6 5 4 5 7 8 3 4 5 7 4 5 6 8 4 5 6 8 3 4 5 7 3 5 4 6 4 6 5 7 5 7 6 8 5 7 6 5 6 7 6 7 7 8 9 6 7 8 3 4 5 4 5 6 7 4 5 6 5 6 7 8 4 5 6 5 6 7 8 3 4 5 4 5 6 4 3 4 5 5 6 5 4 5 6 6 7 5 4 5 6 6 7 4 3 4 5 5 6 0 2 2 1 2 3 3 4 5 1 3 3 2 3 4 4 5 2 4 4 3 4 5 5 6 7 2 4 4 3 4 5 5 6 8 7 7 9 8 7 7 7 8 5 6 5 6 8 6 7 9 6 7 7 8 8 8 9]
[6 7 4 5 5 6 7 6 7 5 6 7 5 5 7 6 6 5 8 6 6 6 8 7 7 6 9 7 6 6 8 7 7 6 9 5 5 7 6 6 5 8 6 4 5 3 5 5 6 4 6 5 6 4 6 4 5 3 5 1 3 2 4 2 4 3 5 3 5 4 6 3 5 4 5 6 5 6 7 7 8 7 6 7 6 3 6 5 4 7 6 5 4 7 6 5 8 7 6 4 7 6 5 8 7 6 3 6 5 4 7 6 5 3 2 6 5 4 6 4 3 7 6 5 6 4 3 7 6 5 5 3 2 6 5 4 2 0 4 3 2 1 5 4 3 3 1 5 4 3 2 6 5 4 2 6 5 4 3 7 6 5 4 2 6 5 4 3 7 6 7 8 5 7 6 5 6 5 6 7 7 5 5 7 8 7 7 6 6 9 9 7 6 7]
[6 7 6 6 7 7 7 8 8 7 7 7 6 5 4 6 5 6 5 6 7 6 5 7 6 7 6 7 7 6 5 7 6 7 6 6 5 4 6 5 6 5 6 5 5 6 5 6 6 7 6 6 6 7 6 5 5 6 5 5 3 5 4 6 4 6 5 7 5 7 6 7 5 7 3 4 5 4 5 5 6 7 4 5 6 5 2 3 5 3 4 5 6 3 4 6 4 5 6 6 3 4 6 4 5 6 5 2 3 5 3 4 2 4 5 3 3 4 3 5 6 4 4 5 3 5 6 4 4 5 2 4 5 3 3 4 2 4 0 2 3 4 1 2 3 3 5 1 3 4 5 2 3 4 6 2 4 5 6 3 4 5 4 6 2 4 5 6 3 4 6 5 8 7 6 5 6 6 7 3 4 6 7 6 4 5 7 7 8 5 6 7 7 8]
[7 8 5 4 6 5 8 7 6 6 5 8 5 4 6 4 3 4 6 7 6 5 7 5 4 5 7 8 6 5 7 5 4 5 7 5 4 6 4 3 4 6 7 4 3 4 6 5 4 5 7 5 4 5 7 4 3 4 6 4 5 3 5 5 6 4 6 6 7 5 7 6 7 5 5 5 6 6 6 7 7 8 6 6 7 4 4 5 3 4 5 6 5 5 6 4 5 6 7 5 5 6 4 5 6 7 4 4 5 3 4 5 4 2 3 4 4 5 5 3 4 5 5 6 5 3 4 5 5 6 4 2 3 4 4 5 1 3 2 0 1 2 2 3 4 2 4 3 1 2 3 3 4 3 5 4 2 3 4 4 5 6 3 5 4 2 3 4 4 5 7 6 6 8 7 6 8 8 9 5 6 4 5 7 5 6 8 5 6 6 7 9 9 10]
[6 7 4 3 5 4 7 6 5 5 4 7 6 5 7 5 4 3 7 6 7 6 8 6 5 4 8 7 7 6 8 6 5 4 8 6 5 7 5 4 3 7 6 5 4 3 5 6 5 4 6 6 5 4 6 5 4 3 5 3 4 2 4 4 5 3 5 5 6 4 6 5 6 4 4 4 5 5 5 6 6 7 5 5 6 3 5 4 2 5 4 5 4 6 5 3 6 5 6 4 6 5 3 6 5 6 3 5 4 2 5 4 5 1 2 5 3 4 6 2 3 6 4 5 6 2 3 6 4 5 5 1 2 5 3 4 2 2 3 1 0 1 3 2 3 3 3 4 2 1 2 4 3 4 4 5 3 2 3 5 4 5 4 4 5 3 2 3 5 4 7 7 5 7 6 5 8 7 8 6 7 3 5 7 6 5 7 4 6 7 8 9 8 9]
[5 6 5 4 6 5 6 7 6 6 5 6 6 6 7 5 5 4 7 5 7 7 8 6 6 5 8 6 7 7 8 6 6 5 8 6 6 7 5 5 4 7 5 5 4 2 4 6 5 3 5 6 5 3 5 5 4 2 4 2 3 1 3 3 4 2 4 4 5 3 5 4 5 3 5 5 4 6 6 7 7 6 6 6 5 4 6 5 3 6 5 4 5 7 6 4 7 6 5 5 7 6 4 7 6 5 4 6 5 3 6 5 5 2 1 5 4 3 6 3 2 6 5 4 6 3 2 6 5 4 5 2 1 5 4 3 3 1 4 2 1 0 4 3 2 4 2 5 3 2 1 5 4 5 3 6 4 3 2 6 5 4 5 3 6 4 3 2 6 5 6 7 4 6 5 4 7 6 7 7 7 4 4 6 7 6 6 5 5 8 8 8 7 8]
[5 6 7 6 8 7 6 9 8 8 7 6 7 6 5 6 5 6 4 5 8 7 6 7 6 7 5 6 8 7 6 7 6 7 5 7 6 5 6 5 6 4 5 6 5 6 4 7 6 7 5 7 6 7 5 6 5 6 4 6 4 5 3 7 5 6 4 8 6 7 5 8 6 7 4 3 4 5 4 6 5 6 5 4 5 6 3 4 5 2 3 4 7 4 5 6 3 4 5 7 4 5 6 3 4 5 6 3 4 5 2 3 3 4 5 2 2 3 4 5 6 3 3 4 4 5 6 3 3 4 3 4 5 2 2 3 3 5 1 2 3 4 0 1 2 4 6 2 3 4 5 1 2 5 7 3 4 5 6 2 3 4 5 7 3 4 5 6 2 3 5 4 7 6 5 4 7 7 8 4 5 6 7 5 3 4 6 6 7 4 5 7 7 8]
[4 5 6 5 7 6 5 8 7 7 6 5 8 7 6 7 6 5 5 4 9 8 7 8 7 6 6 5 9 8 7 8 7 6 6 8 7 6 7 6 5 5 4 7 6 5 3 8 7 6 4 8 7 6 4 7 6 5 3 5 3 4 2 6 4 5 3 7 5 6 4 7 5 6 3 2 3 4 3 5 4 5 4 3 4 5 4 3 4 3 2 3 6 5 4 5 4 3 4 6 5 4 5 4 3 4 5 4 3 4 3 2 4 3 4 3 1 2 5 4 5 4 2 3 5 4 5 4 2 3 4 3 4 3 1 2 4 4 2 3 2 3 1 0 1 5 5 3 4 3 4 2 1 6 6 4 5 4 5 3 2 3 6 6 4 5 4 5 3 2 5 5 6 5 4 3 7 6 7 5 6 5 7 5 4 3 5 5 7 5 6 7 6 7]
[3 4 7 6 8 7 4 9 8 8 7 4 8 8 6 7 7 6 5 3 9 9 7 8 8 7 6 4 9 9 7 8 8 7 6 8 8 6 7 7 6 5 3 7 6 4 2 8 7 5 3 8 7 5 3 7 6 4 2 4 2 3 1 5 3 4 2 6 4 5 3 6 4 5 4 3 2 5 4 6 5 4 5 4 3 6 5 4 5 4 3 2 7 6 5 6 5 4 3 7 6 5 6 5 4 3 6 5 4 5 4 3 4 4 3 3 2 1 5 5 4 4 3 2 5 5 4 4 3 2 4 4 3 3 2 1 5 3 3 4 3 2 2 1 0 6 4 4 5 4 3 3 2 7 5 5 6 5 4 4 3 2 7 5 5 6 5 4 4 3 4 5 5 4 3 2 6 5 6 6 6 6 6 4 5 4 4 6 6 6 6 6 5 6]
[8 9 5 6 4 5 8 5 6 6 7 10 5 4 7 6 5 6 8 9 4 3 6 5 4 5 7 8 5 4 7 6 5 6 8 5 4 7 6 5 6 8 9 4 5 6 8 3 4 5 7 4 5 6 8 4 5 6 8 4 6 5 7 3 5 4 6 4 6 5 7 5 7 6 6 7 8 5 6 6 7 8 7 8 9 4 5 6 5 6 7 8 3 4 5 4 5 6 7 4 5 6 5 6 7 8 4 5 6 5 6 7 5 4 5 6 6 7 4 3 4 5 5 6 5 4 5 6 6 7 5 4 5 6 6 7 1 3 3 2 3 4 4 5 6 0 2 2 1 2 3 3 4 1 3 3 2 3 4 4 5 6 2 4 4 3 4 5 5 6 8 7 7 9 7 8 7 7 8 5 6 5 6 8 6 7 9 6 7 7 8 8 8 9]
[6 7 5 6 4 5 6 5 6 6 7 8 6 6 8 7 7 6 9 7 5 5 7 6 6 5 8 6 6 6 8 7 7 6 9 6 6 8 7 7 6 9 7 5 6 4 6 4 5 3 5 5 6 4 6 5 6 4 6 2 4 3 5 1 3 2 4 2 4 3 5 3 5 4 6 7 6 5 6 6 7 6 7 8 7 4 7 6 5 8 7 6 3 6 5 4 7 6 5 4 7 6 5 8 7 6 4 7 6 5 8 7 6 4 3 7 6 5 5 3 2 6 5 4 6 4 3 7 6 5 6 4 3 7 6 5 3 1 5 4 3 2 6 5 4 2 0 4 3 2 1 5 4 3 1 5 4 3 2 6 5 4 4 2 6 5 4 3 7 6 7 8 5 7 5 6 6 5 6 7 7 5 5 7 8 7 7 6 6 9 9 7 6 7]
[6 7 7 7 6 6 6 7 7 8 8 8 7 6 5 7 6 7 6 7 6 5 4 6 5 6 5 6 7 6 5 7 6 7 6 7 6 5 7 6 7 6 7 6 6 7 6 5 5 6 5 6 6 7 6 6 6 7 6 6 4 6 5 5 3 5 4 6 4 6 5 7 5 7 4 5 6 3 4 4 5 6 5 6 7 6 3 4 6 4 5 6 5 2 3 5 3 4 5 6 3 4 6 4 5 6 6 3 4 6 4 5 3 5 6 4 4 5 2 4 5 3 3 4 3 5 6 4 4 5 3 5 6 4 4 5 3 5 1 3 4 5 2 3 4 2 4 0 2 3 4 1 2 3 5 1 3 4 5 2 3 4 4 6 2 4 5 6 3 4 6 5 8 7 5 6 6 6 7 3 4 6 7 6 4 5 7 7 8 5 6 7 7 8]
[7 8 6 5 5 4 7 6 5 7 6 9 6 5 7 5 4 5 7 8 5 4 6 4 3 4 6 7 6 5 7 5 4 5 7 6 5 7 5 4 5 7 8 5 4 5 7 4 3 4 6 5 4 5 7 5 4 5 7 5 6 4 6 4 5 3 5 5 6 4 6 6 7 5 6 6 7 5 5 6 6 7 7 7 8 5 5 6 4 5 6 7 4 4 5 3 4 5 6 5 5 6 4 5 6 7 5 5 6 4 5 6 5 3 4 5 5 6 4 2 3 4 4 5 5 3 4 5 5 6 5 3 4 5 5 6 2 4 3 1 2 3 3 4 5 1 3 2 0 1 2 2 3 2 4 3 1 2 3 3 4 5 3 5 4 2 3 4 4 5 7 6 6 8 6 7 8 8 9 5 6 4 5 7 5 6 8 5 6 6 7 9 9 10]
[6 7 5 4 4 3 6 5 4 6 5 8 7 6 8 6 5 4 8 7 6 5 7 5 4 3 7 6 7 6 8 6 5 4 8 7 6 8 6 5 4 8 7 6 5 4 6 5 4 3 5 6 5 4 6 6 5 4 6 4 5 3 5 3 4 2 4 4 5 3 5 5 6 4 5 5 6 4 4 5 5 6 6 6 7 4 6 5 3 6 5 6 3 5 4 2 5 4 5 4 6 5 3 6 5 6 4 6 5 3 6 5 6 2 3 6 4 5 5 1 2 5 3 4 6 2 3 6 4 5 6 2 3 6 4 5 3 3 4 2 1 2 4 3 4 2 2 3 1 0 1 3 2 3 3 4 2 1 2 4 3 4 4 4 5 3 2 3 5 4 7 7 5 7 5 6 8 7 8 6 7 3 5 7 6 5 7 4 6 7 8 9 8 9]
[5 6 6 5 5 4 5 6 5 7 6 7 7 7 8 6 6 5 8 6 6 6 7 5 5 4 7 5 7 7 8 6 6 5 8 7 7 8 6 6 5 8 6 6 5 3 5 5 4 2 4 6 5 3 5 6 5 3 5 3 4 2 4 2 3 1 3 3 4 2 4 4 5 3 6 6 5 5 5 6 6 5 7 7 6 5 7 6 4 7 6 5 4 6 5 3 6 5 4 5 7 6 4 7 6 5 5 7 6 4 7 6 6 3 2 6 5 4 5 2 1 5 4 3 6 3 2 6 5 4 6 3 2 6 5 4 4 2 5 3 2 1 5 4 3 3 1 4 2 1 0 4 3 4 2 5 3 2 1 5 4 3 5 3 6 4 3 2 6 5 6 7 4 6 4 5 7 6 7 7 7 4 4 6 7 6 6 5 5 8 8 8 7 8]
[5 6 8 7 7 6 5 8 7 9 8 7 8 7 6 7 6 7 5 6 7 6 5 6 5 6 4 5 8 7 6 7 6 7 5 8 7 6 7 6 7 5 6 7 6 7 5 6 5 6 4 7 6 7 5 7 6 7 5 7 5 6 4 6 4 5 3 7 5 6 4 8 6 7 5 4 5 4 3 5 4 5 6 5 6 7 4 5 6 3 4 5 6 3 4 5 2 3 4 7 4 5 6 3 4 5 7 4 5 6 3 4 4 5 6 3 3 4 3 4 5 2 2 3 4 5 6 3 3 4 4 5 6 3 3 4 4 6 2 3 4 5 1 2 3 3 5 1 2 3 4 0 1 4 6 2 3 4 5 1 2 3 5 7 3 4 5 6 2 3 5 4 7 6 4 5 7 7 8 4 5 6 7 5 3 4 6 6 7 4 5 7 7 8]
[4 5 7 6 6 5 4 7 6 8 7 6 9 8 7 8 7 6 6 5 8 7 6 7 6 5 5 4 9 8 7 8 7 6 6 9 8 7 8 7 6 6 5 8 7 6 4 7 6 5 3 8 7 6 4 8 7 6 4 6 4 5 3 5 3 4 2 6 4 5 3 7 5 6 4 3 4 3 2 4 3 4 5 4 5 6 5 4 5 4 3 4 5 4 3 4 3 2 3 6 5 4 5 4 3 4 6 5 4 5 4 3 5 4 5 4 2 3 4 3 4 3 1 2 5 4 5 4 2 3 5 4 5 4 2 3 5 5 3 4 3 4 2 1 2 4 4 2 3 2 3 1 0 5 5 3 4 3 4 2 1 2 6 6 4 5 4 5 3 2 5 5 6 5 3 4 7 6 7 5 6 5 7 5 4 3 5 5 7 5 6 7 6 7]
[7 8 5 6 5 6 9 4 5 5 6 9 6 5 8 7 6 7 9 10 5 4 7 6 5 6 8 9 4 3 6 5 4 5 7 5 4 7 6 5 6 8 9 5 6 7 9 4 5 6 8 3 4 5 7 4 5 6 8 5 7 6 8 4 6 5 7 3 5 4 6 4 6 5 6 7 8 6 7 5 6 7 6 7 8 5 6 7 6 7 8 9 4 5 6 5 6 7 8 3 4 5 4 5 6 7 4 5 6 5 6 7 6 5 6 7 7 8 5 4 5 6 6 7 4 3 4 5 5 6 5 4 5 6 6 7 2 4 4 3 4 5 5 6 7 1 3 3 2 3 4 4 5 0 2 2 1 2 3 3 4 5 1 3 3 2 3 4 4 5 7 6 6 8 8 8 6 6 7 4 5 4 5 7 5 6 8 5 6 6 7 7 7 8]
[5 6 5 6 5 6 7 4 5 5 6 7 7 7 9 8 8 7 10 8 6 6 8 7 7 6 9 7 5 5 7 6 6 5 8 6 6 8 7 7 6 9 7 6 7 5 7 5 6 4 6 4 5 3 5 5 6 4 6 3 5 4 6 2 4 3 5 1 3 2 4 2 4 3 6 7 6 6 7 5 6 5 6 7 6 5 8 7 6 9 8 7 4 7 6 5 8 7 6 3 6 5 4 7 6 5 4 7 6 5 8 7 7 5 4 8 7 6 6 4 3 7 6 5 5 3 2 6 5 4 6 4 3 7 6 5 4 2 6 5 4 3 7 6 5 3 1 5 4 3 2 6 5 2 0 4 3 2 1 5 4 3 3 1 5 4 3 2 6 5 6 7 4 6 6 6 5 4 5 6 6 4 4 6 7 6 6 5 5 8 8 6 5 6]
[5 6 7 7 7 7 7 6 6 7 7 7 8 7 6 8 7 8 7 8 7 6 5 7 6 7 6 7 6 5 4 6 5 6 5 7 6 5 7 6 7 6 7 7 7 8 7 6 6 7 6 5 5 6 5 6 6 7 6 7 5 7 6 6 4 6 5 5 3 5 4 6 4 6 4 5 6 4 5 3 4 5 4 5 6 7 4 5 7 5 6 7 6 3 4 6 4 5 6 5 2 3 5 3 4 5 6 3 4 6 4 5 4 6 7 5 5 6 3 5 6 4 4 5 2 4 5 3 3 4 3 5 6 4 4 5 4 6 2 4 5 6 3 4 5 3 5 1 3 4 5 2 3 2 4 0 2 3 4 1 2 3 3 5 1 3 4 5 2 3 5 4 7 6 6 6 5 5 6 2 3 5 6 5 3 4 6 6 7 4 5 6 6 7]
[6 7 6 5 6 5 8 5 4 6 5 8 7 6 8 6 5 6 8 9 6 5 7 5 4 5 7 8 5 4 6 4 3 4 6 6 5 7 5 4 5 7 8 6 5 6 8 5 4 5 7 4 3 4 6 5 4 5 7 6 7 5 7 5 6 4 6 4 5 3 5 5 6 4 6 6 7 6 6 5 5 6 6 6 7 6 6 7 5 6 7 8 5 5 6 4 5 6 7 4 4 5 3 4 5 6 5 5 6 4 5 6 6 4 5 6 6 7 5 3 4 5 5 6 4 2 3 4 4 5 5 3 4 5 5 6 3 5 4 2 3 4 4 5 6 2 4 3 1 2 3 3 4 1 3 2 0 1 2 2 3 4 2 4 3 1 2 3 3 4 6 5 5 7 7 7 7 7 8 4 5 3 4 6 4 5 7 4 5 5 6 8 8 9]
[5 6 5 4 5 4 7 4 3 5 4 7 8 7 9 7 6 5 9 8 7 6 8 6 5 4 8 7 6 5 7 5 4 3 7 7 6 8 6 5 4 8 7 7 6 5 7 6 5 4 6 5 4 3 5 6 5 4 6 5 6 4 6 4 5 3 5 3 4 2 4 4 5 3 5 5 6 5 5 4 4 5 5 5 6 5 7 6 4 7 6 7 4 6 5 3 6 5 6 3 5 4 2 5 4 5 4 6 5 3 6 5 7 3 4 7 5 6 6 2 3 6 4 5 5 1 2 5 3 4 6 2 3 6 4 5 4 4 5 3 2 3 5 4 5 3 3 4 2 1 2 4 3 2 2 3 1 0 1 3 2 3 3 3 4 2 1 2 4 3 6 6 4 6 6 6 7 6 7 5 6 2 4 6 5 4 6 3 5 6 7 8 7 8]
[4 5 6 5 6 5 6 5 4 6 5 6 8 8 9 7 7 6 9 7 7 7 8 6 6 5 8 6 6 6 7 5 5 4 7 7 7 8 6 6 5 8 6 7 6 4 6 6 5 3 5 5 4 2 4 6 5 3 5 4 5 3 5 3 4 2 4 2 3 1 3 3 4 2 6 6 5 6 6 5 5 4 6 6 5 6 8 7 5 8 7 6 5 7 6 4 7 6 5 4 6 5 3 6 5 4 5 7 6 4 7 6 7 4 3 7 6 5 6 3 2 6 5 4 5 2 1 5 4 3 6 3 2 6 5 4 5 3 6 4 3 2 6 5 4 4 2 5 3 2 1 5 4 3 1 4 2 1 0 4 3 2 4 2 5 3 2 1 5 4 5 6 3 5 5 5 6 5 6 6 6 3 3 5 6 5 5 4 4 7 7 7 6 7]
[4 5 8 7 8 7 6 7 6 8 7 6 9 8 7 8 7 8 6 7 8 7 6 7 6 7 5 6 7 6 5 6 5 6 4 8 7 6 7 6 7 5 6 8 7 8 6 7 6 7 5 6 5 6 4 7 6 7 5 8 6 7 5 7 5 6 4 6 4 5 3 7 5 6 5 4 5 5 4 4 3 4 5 4 5 8 5 6 7 4 5 6 7 4 5 6 3 4 5 6 3 4 5 2 3 4 7 4 5 6 3 4 5 6 7 4 4 5 4 5 6 3 3 4 3 4 5 2 2 3 4 5 6 3 3 4 5 7 3 4 5 6 2 3 4 4 6 2 3 4 5 1 2 3 5 1 2 3 4 0 1 2 4 6 2 3 4 5 1 2 4 3 6 5 5 5 6 6 7 3 4 5 6 4 2 3 5 5 6 3 4 6 6 7]
[3 4 7 6 7 6 5 6 5 7 6 5 10 9 8 9 8 7 7 6 9 8 7 8 7 6 6 5 8 7 6 7 6 5 5 9 8 7 8 7 6 6 5 9 8 7 5 8 7 6 4 7 6 5 3 8 7 6 4 7 5 6 4 6 4 5 3 5 3 4 2 6 4 5 4 3 4 4 3 3 2 3 4 3 4 7 6 5 6 5 4 5 6 5 4 5 4 3 4 5 4 3 4 3 2 3 6 5 4 5 4 3 6 5 6 5 3 4 5 4 5 4 2 3 4 3 4 3 1 2 5 4 5 4 2 3 6 6 4 5 4 5 3 2 3 5 5 3 4 3 4 2 1 4 4 2 3 2 3 1 0 1 5 5 3 4 3 4 2 1 4 4 5 4 4 4 6 5 6 4 5 4 6 4 3 2 4 4 6 4 5 6 5 6]
[2 3 8 7 8 7 4 7 6 8 7 4 10 10 8 9 9 8 7 5 9 9 7 8 8 7 6 4 8 8 6 7 7 6 5 9 9 7 8 8 7 6 4 9 8 6 4 8 7 5 3 7 6 4 2 8 7 5 3 6 4 5 3 5 3 4 2 4 2 3 1 5 3 4 5 4 3 5 4 4 3 2 5 4 3 8 7 6 7 6 5 4 7 6 5 6 5 4 3 6 5 4 5 4 3 2 7 6 5 6 5 4 6 6 5 5 4 3 5 5 4 4 3 2 4 4 3 3 2 1 5 5 4 4 3 2 7 5 5 6 5 4 4 3 2 6 4 4 5 4 3 3 2 5 3 3 4 3 2 2 1 0 6 4 4 5 4 3 3 2 3 4 4 3 3 3 5 4 5 5 5 5 5 3 4 3 3 5 5 5 5 5 4 5]
[6 7 4 5 5 6 9 5 6 4 5 8 5 4 7 6 5 6 8 9 6 5 8 7 6 7 9 10 5 4 7 6 5 6 8 4 3 6 5 4 5 7 8 5 6 7 9 5 6 7 9 4 5 6 8 3 4 5 7 5 7 6 8 5 7 6 8 4 6 5 7 3 5 4 5 6 7 6 7 6 7 8 5 6 7 4 5 6 5 6 7 8 5 6 7 6 7 8 9 4 5 6 5 6 7 8 3 4 5 4 5 6 6 5 6 7 7 8 6 5 6 7 7 8 5 4 5 6 6 7 4 3 4 5 5 6 2 4 4 3 4 5 5 6 7 2 4 4 3 4 5 5 6 1 3 3 2 3 4 4 5 6 0 2 2 1 2 3 3 4 6 5 5 7 8 7 5 5 6 3 4 3 4 6 4 5 7 4 5 5 6 6 6 7]
[4 5 4 5 5 6 7 5 6 4 5 6 6 6 8 7 7 6 9 7 7 7 9 8 8 7 10 8 6 6 8 7 7 6 9 5 5 7 6 6 5 8 6 6 7 5 7 6 7 5 7 5 6 4 6 4 5 3 5 3 5 4 6 3 5 4 6 2 4 3 5 1 3 2 5 6 5 6 7 6 7 6 5 6 5 4 7 6 5 8 7 6 5 8 7 6 9 8 7 4 7 6 5 8 7 6 3 6 5 4 7 6 7 5 4 8 7 6 7 5 4 8 7 6 6 4 3 7 6 5 5 3 2 6 5 4 4 2 6 5 4 3 7 6 5 4 2 6 5 4 3 7 6 3 1 5 4 3 2 6 5 4 2 0 4 3 2 1 5 4 5 6 3 5 6 5 4 3 4 5 5 3 3 5 6 5 5 4 4 7 7 5 4 5]
[4 5 6 6 7 7 7 7 7 6 6 6 7 6 5 7 6 7 6 7 8 7 6 8 7 8 7 8 7 6 5 7 6 7 6 6 5 4 6 5 6 5 6 7 7 8 7 7 7 8 7 6 6 7 6 5 5 6 5 7 5 7 6 7 5 7 6 6 4 6 5 5 3 5 3 4 5 4 5 4 5 6 3 4 5 6 3 4 6 4 5 6 7 4 5 7 5 6 7 6 3 4 6 4 5 6 5 2 3 5 3 4 4 6 7 5 5 6 4 6 7 5 5 6 3 5 6 4 4 5 2 4 5 3 3 4 4 6 2 4 5 6 3 4 5 4 6 2 4 5 6 3 4 3 5 1 3 4 5 2 3 4 2 4 0 2 3 4 1 2 4 3 6 5 6 5 4 4 5 1 2 4 5 4 2 3 5 5 6 3 4 5 5 6]
[5 6 5 4 6 5 8 6 5 5 4 7 6 5 7 5 4 5 7 8 7 6 8 6 5 6 8 9 6 5 7 5 4 5 7 5 4 6 4 3 4 6 7 6 5 6 8 6 5 6 8 5 4 5 7 4 3 4 6 6 7 5 7 6 7 5 7 5 6 4 6 4 5 3 5 5 6 6 6 6 6 7 5 5 6 5 5 6 4 5 6 7 6 6 7 5 6 7 8 5 5 6 4 5 6 7 4 4 5 3 4 5 6 4 5 6 6 7 6 4 5 6 6 7 5 3 4 5 5 6 4 2 3 4 4 5 3 5 4 2 3 4 4 5 6 3 5 4 2 3 4 4 5 2 4 3 1 2 3 3 4 5 1 3 2 0 1 2 2 3 5 4 4 6 7 6 6 6 7 3 4 2 3 5 3 4 6 3 4 4 5 7 7 8]
[4 5 4 3 5 4 7 5 4 4 3 6 7 6 8 6 5 4 8 7 8 7 9 7 6 5 9 8 7 6 8 6 5 4 8 6 5 7 5 4 3 7 6 7 6 5 7 7 6 5 7 6 5 4 6 5 4 3 5 5 6 4 6 5 6 4 6 4 5 3 5 3 4 2 4 4 5 5 5 5 5 6 4 4 5 4 6 5 3 6 5 6 5 7 6 4 7 6 7 4 6 5 3 6 5 6 3 5 4 2 5 4 7 3 4 7 5 6 7 3 4 7 5 6 6 2 3 6 4 5 5 1 2 5 3 4 4 4 5 3 2 3 5 4 5 4 4 5 3 2 3 5 4 3 3 4 2 1 2 4 3 4 2 2 3 1 0 1 3 2 5 5 3 5 6 5 6 5 6 4 5 1 3 5 4 3 5 2 4 5 6 7 6 7]
[3 4 5 4 6 5 6 6 5 5 4 5 7 7 8 6 6 5 8 6 8 8 9 7 7 6 9 7 7 7 8 6 6 5 8 6 6 7 5 5 4 7 5 7 6 4 6 7 6 4 6 6 5 3 5 5 4 2 4 4 5 3 5 4 5 3 5 3 4 2 4 2 3 1 5 5 4 6 6 6 6 5 5 5 4 5 7 6 4 7 6 5 6 8 7 5 8 7 6 5 7 6 4 7 6 5 4 6 5 3 6 5 7 4 3 7 6 5 7 4 3 7 6 5 6 3 2 6 5 4 5 2 1 5 4 3 5 3 6 4 3 2 6 5 4 5 3 6 4 3 2 6 5 4 2 5 3 2 1 5 4 3 3 1 4 2 1 0 4 3 4 5 2 4 5 4 5 4 5 5 5 2 2 4 5 4 4 3 3 6 6 6 5 6]
[3 4 7 6 8 7 6 8 7 7 6 5 8 7 6 7 6 7 5 6 9 8 7 8 7 8 6 7 8 7 6 7 6 7 5 7 6 5 6 5 6 4 5 8 7 8 6 8 7 8 6 7 6 7 5 6 5 6 4 8 6 7 5 8 6 7 5 7 5 6 4 6 4 5 4 3 4 5 4 5 4 5 4 3 4 7 4 5 6 3 4 5 8 5 6 7 4 5 6 7 4 5 6 3 4 5 6 3 4 5 2 3 5 6 7 4 4 5 5 6 7 4 4 5 4 5 6 3 3 4 3 4 5 2 2 3 5 7 3 4 5 6 2 3 4 5 7 3 4 5 6 2 3 4 6 2 3 4 5 1 2 3 3 5 1 2 3 4 0 1 3 2 5 4 5 4 5 5 6 2 3 4 5 3 1 2 4 4 5 2 3 5 5 6]
[2 3 6 5 7 6 5 7 6 6 5 4 9 8 7 8 7 6 6 5 10 9 8 9 8 7 7 6 9 8 7 8 7 6 6 8 7 6 7 6 5 5 4 9 8 7 5 9 8 7 5 8 7 6 4 7 6 5 3 7 5 6 4 7 5 6 4 6 4 5 3 5 3 4 3 2 3 4 3 4 3 4 3 2 3 6 5 4 5 4 3 4 7 6 5 6 5 4 5 6 5 4 5 4 3 4 5 4 3 4 3 2 6 5 6 5 3 4 6 5 6 5 3 4 5 4 5 4 2 3 4 3 4 3 1 2 6 6 4 5 4 5 3 2 3 6 6 4 5 4 5 3 2 5 5 3 4 3 4 2 1 2 4 4 2 3 2 3 1 0 3 3 4 3 4 3 5 4 5 3 4 3 5 3 2 1 3 3 5 3 4 5 4 5]
[1 2 7 6 8 7 4 8 7 7 6 3 7 8 5 6 7 7 4 4 8 9 6 7 8 8 5 5 7 8 5 6 7 7 4 6 7 4 5 6 6 3 3 7 6 6 4 7 6 6 4 6 5 5 3 5 4 4 2 6 4 5 3 6 4 5 3 5 3 4 2 4 2 3 4 3 2 5 4 5 4 3 4 3 2 7 5 5 6 4 4 3 8 6 6 7 5 5 4 8 6 6 7 5 5 4 7 5 5 6 4 4 5 7 6 4 5 4 6 8 7 5 6 5 5 7 6 4 5 4 4 6 5 3 4 3 8 7 6 7 7 6 5 5 4 8 7 6 7 7 6 5 5 7 6 5 6 6 5 4 4 3 6 5 4 5 5 4 3 3 0 1 3 2 3 3 4 3 4 3 2 4 2 2 2 2 2 4 2 3 2 4 3 4]
[2 3 7 6 8 7 5 8 7 7 6 4 8 7 6 7 6 7 5 5 9 8 7 8 7 8 6 6 8 7 6 7 6 7 5 7 6 5 6 5 6 4 4 8 7 7 5 8 7 7 5 7 6 6 4 6 5 5 3 7 5 6 4 7 5 6 4 6 4 5 3 5 3 4 4 3 3 5 4 5 4 4 4 3 3 7 4 5 6 3 4 4 8 5 6 7 4 5 5 8 5 6 7 4 5 5 7 4 5 6 3 4 6 7 7 5 5 5 7 8 8 6 6 6 6 7 7 5 5 5 5 6 6 4 4 4 7 8 5 6 7 7 4 5 5 7 8 5 6 7 7 4 5 6 7 4 5 6 6 3 4 4 5 6 3 4 5 5 2 3 1 0 4 3 4 4 5 4 4 2 1 4 3 3 1 2 2 4 3 2 1 5 4 4]
[2 3 5 4 6 5 5 6 5 5 4 4 7 7 8 6 6 5 7 5 8 8 9 7 7 6 8 6 7 7 8 6 6 5 7 6 6 7 5 5 4 6 4 7 6 4 5 7 6 4 5 6 5 3 4 5 4 2 3 4 5 3 4 4 5 3 4 3 4 2 3 2 3 1 5 4 3 6 5 6 5 4 5 4 3 5 7 6 4 6 5 4 6 8 7 5 7 6 5 6 8 7 5 7 6 5 5 7 6 4 6 5 8 5 4 7 6 5 9 6 5 8 7 6 8 5 4 7 6 5 7 4 3 6 5 4 7 5 8 6 5 4 7 6 5 7 5 8 6 5 4 7 6 6 4 7 5 4 3 6 5 4 5 3 6 4 3 2 5 4 3 4 0 2 4 4 5 4 5 5 5 2 2 3 4 3 3 1 1 4 4 4 3 4]
[1 2 7 6 8 7 4 8 7 7 6 3 9 9 7 8 8 7 6 4 10 10 8 9 9 8 7 5 9 9 7 8 8 7 6 8 8 6 7 7 6 5 3 9 8 6 4 9 8 6 4 8 7 5 3 7 6 4 2 6 4 5 3 6 4 5 3 5 3 4 2 4 2 3 4 3 2 5 4 5 4 3 4 3 2 7 6 5 6 5 4 3 8 7 6 7 6 5 4 8 7 6 7 6 5 4 7 6 5 6 5 4 7 7 6 6 5 4 8 8 7 7 6 5 7 7 6 6 5 4 6 6 5 5 4 3 9 7 7 8 7 6 6 5 4 9 7 7 8 7 6 6 5 8 6 6 7 6 5 5 4 3 7 5 5 6 5 4 4 3 2 3 2 0 3 3 3 2 3 4 4 4 4 2 3 2 2 3 3 2 2 2 1 2]
[2 3 6 5 5 4 1 6 5 7 6 3 8 8 6 7 7 6 5 3 7 7 5 6 6 5 4 2 8 8 6 7 7 6 5 9 9 7 8 8 7 6 4 8 7 5 3 7 6 4 2 8 7 5 3 8 7 5 3 5 3 4 2 4 2 3 1 5 3 4 2 5 3 4 3 2 1 2 1 3 2 1 4 3 2 6 5 4 5 4 3 2 5 4 3 4 3 2 1 6 5 4 5 4 3 2 7 6 5 6 5 4 6 6 5 5 4 3 5 5 4 4 3 2 6 6 5 5 4 3 7 7 6 6 5 4 8 6 6 7 6 5 5 4 3 7 5 5 6 5 4 4 3 8 6 6 7 6 5 5 4 3 8 6 6 7 6 5 5 4 3 4 4 3 0 3 5 4 5 5 5 5 5 3 4 3 3 5 5 5 5 5 4 5]
[2 3 8 7 8 7 4 7 6 6 5 2 8 8 6 7 7 6 5 3 8 8 6 7 7 6 5 3 7 7 5 6 6 5 4 6 6 4 5 5 4 3 1 7 6 4 2 8 7 5 3 8 7 5 3 7 6 4 2 6 4 5 3 7 5 6 4 6 4 5 3 5 3 4 5 4 3 5 4 4 3 2 3 2 1 6 5 4 5 4 3 2 6 5 4 5 4 3 2 5 4 3 4 3 2 1 4 3 2 3 2 1 4 4 3 3 2 1 5 5 4 4 3 2 5 5 4 4 3 2 4 4 3 3 2 1 7 5 5 6 5 4 4 3 2 8 6 6 7 6 5 5 4 8 6 6 7 6 5 5 4 3 7 5 5 6 5 4 4 3 3 4 4 3 3 0 5 4 5 5 5 5 5 3 4 3 3 5 5 5 5 5 4 5]
[3 4 6 7 7 8 6 7 8 6 7 5 6 7 5 7 8 8 6 6 7 8 6 8 9 9 7 7 6 7 5 7 8 8 6 5 6 4 6 7 7 5 5 6 7 7 6 6 7 7 6 5 6 6 5 4 5 5 4 5 4 6 5 5 4 6 5 4 3 5 4 3 2 4 4 5 4 5 6 5 6 5 4 5 4 6 5 5 7 6 6 5 7 6 6 8 7 7 6 7 6 6 8 7 7 6 6 5 5 7 6 6 5 8 7 6 7 6 6 9 8 7 8 7 5 8 7 6 7 6 4 7 6 5 6 5 7 6 6 8 8 7 7 7 6 7 6 6 8 8 7 7 7 6 5 5 7 7 6 6 6 5 5 4 4 6 6 5 5 5 4 5 5 3 5 5 0 1 2 3 4 5 5 2 4 4 4 6 6 4 5 1 2 3]
[2 3 5 6 6 7 5 6 7 5 6 4 7 7 6 8 8 7 7 5 8 8 7 9 9 8 8 6 7 7 6 8 8 7 7 6 6 5 7 7 6 6 4 7 8 6 5 7 8 6 5 6 7 5 4 5 6 4 3 4 3 5 4 4 3 5 4 3 2 4 3 2 1 3 3 4 3 4 5 4 5 4 3 4 3 5 5 4 6 6 5 4 6 6 5 7 7 6 5 6 6 5 7 7 6 5 5 5 4 6 6 5 6 7 6 7 6 5 7 8 7 8 7 6 6 7 6 7 6 5 5 6 5 6 5 4 7 5 6 8 7 6 7 6 5 7 5 6 8 7 6 7 6 6 4 5 7 6 5 6 5 4 5 3 4 6 5 4 5 4 3 4 4 2 4 4 1 0 1 3 3 4 4 3 4 3 3 5 5 4 4 2 1 2]
[3 4 6 7 7 8 6 7 8 6 7 5 7 8 7 8 9 8 8 6 8 9 8 9 10 9 9 7 7 8 7 8 9 8 8 6 7 6 7 8 7 7 5 7 8 7 6 7 8 7 6 6 7 6 5 5 6 5 4 5 4 6 5 5 4 6 5 4 3 5 4 3 2 4 4 5 4 5 6 5 6 5 4 5 4 6 6 5 7 7 6 5 7 7 6 8 8 7 6 7 7 6 8 8 7 6 6 6 5 7 7 6 7 8 7 8 7 6 8 9 8 9 8 7 7 8 7 8 7 6 6 7 6 7 6 5 8 6 7 9 8 7 8 7 6 8 6 7 9 8 7 8 7 7 5 6 8 7 6 7 6 5 6 4 5 7 6 5 6 5 4 4 5 3 5 5 2 1 0 4 3 5 5 4 5 4 2 6 6 5 4 3 2 1]
[3 4 5 5 6 6 6 6 6 5 5 5 6 5 4 6 5 6 5 6 7 6 5 7 6 7 6 7 6 5 4 6 5 6 5 5 4 3 5 4 5 4 5 6 6 7 6 6 6 7 6 5 5 6 5 4 4 5 4 6 4 6 5 6 4 6 5 5 3 5 4 4 2 4 2 3 4 3 4 3 4 5 2 3 4 5 2 3 5 3 4 5 6 3 4 6 4 5 6 6 3 4 6 4 5 6 5 2 3 5 3 4 4 6 7 5 5 6 5 7 8 6 6 7 4 6 7 5 5 6 3 5 6 4 4 5 5 7 3 5 6 7 4 5 6 5 7 3 5 6 7 4 5 4 6 2 4 5 6 3 4 5 3 5 1 3 4 5 2 3 3 2 5 4 5 5 3 3 4 0 1 3 4 3 1 2 4 4 5 2 3 4 4 5]
[3 4 6 6 7 7 6 7 7 6 6 5 7 6 5 7 6 7 6 6 8 7 6 8 7 8 7 7 7 6 5 7 6 7 6 6 5 4 6 5 6 5 5 7 7 7 6 7 7 7 6 6 6 6 5 5 5 5 4 6 4 6 5 6 4 6 5 5 3 5 4 4 2 4 3 4 4 4 5 4 5 5 3 4 4 6 3 4 6 4 5 5 7 4 5 7 5 6 6 7 4 5 7 5 6 6 6 3 4 6 4 5 5 7 7 6 6 6 6 8 8 7 7 7 5 7 7 6 6 6 4 6 6 5 5 5 6 7 4 6 7 7 5 6 6 6 7 4 6 7 7 5 6 5 6 3 5 6 6 4 5 5 4 5 2 4 5 5 3 4 2 1 5 4 5 5 4 3 3 1 0 4 3 4 2 3 3 5 4 3 2 5 4 4]
[3 4 3 2 4 3 6 4 3 3 2 5 6 5 7 5 4 3 7 6 7 6 8 6 5 4 8 7 6 5 7 5 4 3 7 5 4 6 4 3 2 6 5 6 5 4 6 6 5 4 6 5 4 3 5 4 3 2 4 4 5 3 5 4 5 3 5 3 4 2 4 2 3 1 3 3 4 4 4 4 4 5 3 3 4 3 5 4 2 5 4 5 4 6 5 3 6 5 6 4 6 5 3 6 5 6 3 5 4 2 5 4 7 3 4 7 5 6 8 4 5 8 6 7 7 3 4 7 5 6 6 2 3 6 4 5 5 5 6 4 3 4 6 5 6 5 5 6 4 3 4 6 5 4 4 5 3 2 3 5 4 5 3 3 4 2 1 2 4 3 4 4 2 4 5 5 5 4 5 3 4 0 2 4 3 2 4 1 3 4 5 6 5 6]
[3 4 5 4 6 5 6 6 5 5 4 5 5 6 6 4 5 5 6 6 6 7 7 5 6 6 7 7 5 6 6 4 5 5 6 4 5 5 3 4 4 5 5 5 4 4 6 5 4 4 6 4 3 3 5 3 2 2 4 4 5 3 5 4 5 3 5 3 4 2 4 2 3 1 5 5 4 6 6 6 6 5 5 5 4 5 6 6 4 6 6 5 6 7 7 5 7 7 6 6 7 7 5 7 7 6 5 6 6 4 6 6 6 5 4 6 7 6 7 6 5 7 8 7 6 5 4 6 7 6 5 4 3 5 6 5 6 5 7 5 5 4 7 7 6 6 5 7 5 5 4 7 7 5 4 6 4 4 3 6 6 5 4 3 5 3 3 2 5 5 2 3 2 4 5 5 5 4 5 4 3 2 0 4 4 4 4 3 1 5 4 6 5 6]
[1 2 7 6 8 7 4 8 7 7 6 3 7 8 5 6 7 7 4 4 8 9 6 7 8 8 5 5 7 8 5 6 7 7 4 6 7 4 5 6 6 3 3 7 6 6 4 7 6 6 4 6 5 5 3 5 4 4 2 6 4 5 3 6 4 5 3 5 3 4 2 4 2 3 4 3 2 5 4 5 4 3 4 3 2 7 5 5 6 4 4 3 8 6 6 7 5 5 4 8 6 6 7 5 5 4 7 5 5 6 4 4 5 7 6 4 5 4 6 8 7 5 6 5 5 7 6 4 5 4 4 6 5 3 4 3 8 7 6 7 7 6 5 5 4 8 7 6 7 7 6 5 5 7 6 5 6 6 5 4 4 3 6 5 4 5 5 4 3 3 2 3 3 2 3 3 2 3 4 3 4 4 4 0 2 2 2 4 4 3 4 2 3 4]
[2 3 6 5 7 6 5 7 6 6 5 4 7 6 5 6 5 6 4 5 8 7 6 7 6 7 5 6 7 6 5 6 5 6 4 6 5 4 5 4 5 3 4 7 6 7 5 7 6 7 5 6 5 6 4 5 4 5 3 7 5 6 4 7 5 6 4 6 4 5 3 5 3 4 3 2 3 4 3 4 3 4 3 2 3 6 3 4 5 2 3 4 7 4 5 6 3 4 5 7 4 5 6 3 4 5 6 3 4 5 2 3 5 6 7 4 4 5 6 7 8 5 5 6 5 6 7 4 4 5 4 5 6 3 3 4 6 8 4 5 6 7 3 4 5 6 8 4 5 6 7 3 4 5 7 3 4 5 6 2 3 4 4 6 2 3 4 5 1 2 2 1 4 3 4 4 4 4 5 1 2 3 4 2 0 1 3 3 4 1 2 4 4 5]
[1 2 5 4 6 5 4 6 5 5 4 3 8 7 6 7 6 5 5 4 9 8 7 8 7 6 6 5 8 7 6 7 6 5 5 7 6 5 6 5 4 4 3 8 7 6 4 8 7 6 4 7 6 5 3 6 5 4 2 6 4 5 3 6 4 5 3 5 3 4 2 4 2 3 2 1 2 3 2 3 2 3 2 1 2 5 4 3 4 3 2 3 6 5 4 5 4 3 4 6 5 4 5 4 3 4 5 4 3 4 3 2 6 5 6 5 3 4 7 6 7 6 4 5 6 5 6 5 3 4 5 4 5 4 2 3 7 7 5 6 5 6 4 3 4 7 7 5 6 5 6 4 3 6 6 4 5 4 5 3 2 3 5 5 3 4 3 4 2 1 2 2 3 2 3 3 4 3 4 2 3 2 4 2 1 0 2 2 4 2 3 4 3 4]
[1 2 7 6 8 7 4 8 7 7 6 3 9 9 7 8 8 7 6 4 10 10 8 9 9 8 7 5 9 9 7 8 8 7 6 8 8 6 7 7 6 5 3 9 8 6 4 9 8 6 4 8 7 5 3 7 6 4 2 6 4 5 3 6 4 5 3 5 3 4 2 4 2 3 4 3 2 5 4 5 4 3 4 3 2 7 6 5 6 5 4 3 8 7 6 7 6 5 4 8 7 6 7 6 5 4 7 6 5 6 5 4 7 7 6 6 5 4 8 8 7 7 6 5 7 7 6 6 5 4 6 6 5 5 4 3 9 7 7 8 7 6 6 5 4 9 7 7 8 7 6 6 5 8 6 6 7 6 5 5 4 3 7 5 5 6 5 4 4 3 2 2 3 2 3 3 4 3 2 4 3 4 4 2 3 2 0 4 4 4 3 4 3 2]
[3 4 4 3 5 4 6 5 4 4 3 5 7 6 8 6 5 4 7 6 8 7 9 7 6 5 8 7 7 6 8 6 5 4 7 6 5 7 5 4 3 6 5 7 6 5 6 7 6 5 6 6 5 4 5 5 4 3 4 5 6 4 5 5 6 4 5 4 5 3 4 3 4 2 4 3 4 5 4 5 4 5 4 3 4 4 6 5 3 5 4 5 5 7 6 4 6 5 6 5 7 6 4 6 5 6 4 6 5 3 5 4 8 4 5 7 5 6 9 5 6 8 6 7 8 4 5 7 5 6 7 3 4 6 4 5 6 6 7 5 4 5 6 5 6 6 6 7 5 4 5 6 5 5 5 6 4 3 4 5 4 5 4 4 5 3 2 3 4 3 4 4 1 3 5 5 6 5 6 4 5 1 3 4 3 2 4 0 2 3 4 5 4 5]
[3 4 6 5 7 6 6 7 6 6 5 5 6 7 7 5 6 6 6 6 7 8 8 6 7 7 7 7 6 7 7 5 6 6 6 5 6 6 4 5 5 5 5 6 5 5 6 6 5 5 6 5 4 4 5 4 3 3 4 5 6 4 5 5 6 4 5 4 5 3 4 3 4 2 6 5 4 7 6 7 6 5 6 5 4 6 7 7 5 6 6 5 7 8 8 6 7 7 6 7 8 8 6 7 7 6 6 7 7 5 6 6 7 6 5 6 7 6 8 7 6 7 8 7 7 6 5 6 7 6 6 5 4 5 6 5 7 6 8 6 6 5 7 7 6 7 6 8 6 6 5 7 7 6 5 7 5 5 4 6 6 5 5 4 6 4 4 3 5 5 2 3 1 3 5 5 6 5 6 5 4 3 1 4 4 4 4 2 0 4 3 5 4 5]
[3 4 7 6 8 7 6 8 7 7 6 5 8 7 6 7 6 7 5 6 9 8 7 8 7 8 6 7 8 7 6 7 6 7 5 7 6 5 6 5 6 4 5 8 7 8 6 8 7 8 6 7 6 7 5 6 5 6 4 8 6 7 5 8 6 7 5 7 5 6 4 6 4 5 4 3 4 5 4 5 4 5 4 3 4 7 4 5 6 3 4 5 8 5 6 7 4 5 6 8 5 6 7 4 5 6 7 4 5 6 3 4 6 7 8 5 5 6 7 8 9 6 6 7 6 7 8 5 5 6 5 6 7 4 4 5 7 9 5 6 7 8 4 5 6 7 9 5 6 7 8 4 5 6 8 4 5 6 7 3 4 5 5 7 3 4 5 6 2 3 3 2 4 2 5 5 4 4 5 2 3 4 5 3 1 2 4 3 4 0 1 3 3 4]
[3 4 8 7 9 8 6 9 8 8 7 5 9 8 7 8 7 8 6 6 10 9 8 9 8 9 7 7 9 8 7 8 7 8 6 8 7 6 7 6 7 5 5 9 8 8 6 9 8 8 6 8 7 7 5 7 6 6 4 8 6 7 5 8 6 7 5 7 5 6 4 6 4 5 5 4 4 6 5 6 5 5 5 4 4 8 5 6 7 4 5 5 9 6 7 8 5 6 6 9 6 7 8 5 6 6 8 5 6 7 4 5 7 8 8 6 6 6 8 9 9 7 7 7 7 8 8 6 6 6 6 7 7 5 5 5 8 9 6 7 8 8 5 6 6 8 9 6 7 8 8 5 6 7 8 5 6 7 7 4 5 5 6 7 4 5 6 6 3 4 2 1 4 2 5 5 5 4 4 3 2 5 4 4 2 3 3 4 3 1 0 4 3 3]
[3 4 7 8 8 9 6 8 9 7 8 5 7 8 6 8 9 9 6 6 8 9 7 9 10 10 7 7 7 8 6 8 9 9 6 6 7 5 7 8 8 5 5 7 8 8 6 7 8 8 6 6 7 7 5 5 6 6 4 6 5 7 5 6 5 7 5 5 4 6 4 4 3 5 5 5 4 6 6 6 6 5 5 5 4 7 6 6 8 6 6 5 8 7 7 9 7 7 6 8 7 7 9 7 7 6 7 6 6 8 6 6 6 9 8 6 7 6 7 10 9 7 8 7 6 9 8 6 7 6 5 8 7 5 6 5 8 7 7 9 9 8 7 7 6 8 7 7 9 9 8 7 7 7 6 6 8 8 7 6 6 5 6 5 5 7 7 6 5 5 4 5 4 2 5 5 1 2 3 4 5 6 6 2 4 4 4 5 5 3 4 0 1 2]
[2 3 6 7 7 8 5 7 8 6 7 4 8 8 7 9 9 8 7 5 9 9 8 10 10 9 8 6 8 8 7 9 9 8 7 7 7 6 8 8 7 6 4 8 9 7 5 8 9 7 5 7 8 6 4 6 7 5 3 5 4 6 4 5 4 6 4 4 3 5 3 3 2 4 4 4 3 5 5 5 5 4 4 4 3 6 6 5 7 6 5 4 7 7 6 8 7 6 5 7 7 6 8 7 6 5 6 6 5 7 6 5 7 8 7 7 6 5 8 9 8 8 7 6 7 8 7 7 6 5 6 7 6 6 5 4 8 6 7 9 8 7 7 6 5 8 6 7 9 8 7 7 6 7 5 6 8 7 6 6 5 4 6 4 5 7 6 5 5 4 3 4 3 1 4 4 2 1 2 4 4 5 5 3 4 3 3 4 4 3 3 1 0 1]
[3 4 7 8 8 9 6 8 9 7 8 5 8 9 8 9 10 9 8 6 9 10 9 10 2147483647 10 9 7 8 9 8 9 10 9 8 7 8 7 8 9 8 7 5 8 9 8 6 8 9 8 6 7 8 7 5 6 7 6 4 6 5 7 5 6 5 7 5 5 4 6 4 4 3 5 5 5 4 6 6 6 6 5 5 5 4 7 7 6 8 7 6 5 8 8 7 9 8 7 6 8 8 7 9 8 7 6 7 7 6 8 7 6 8 9 8 8 7 6 9 10 9 9 8 7 8 9 8 8 7 6 7 8 7 7 6 5 9 7 8 10 9 8 8 7 6 9 7 8 10 9 8 8 7 8 6 7 9 8 7 7 6 5 7 5 6 8 7 6 6 5 4 4 4 2 5 5 3 2 1 5 4 6 6 4 5 4 2 5 5 4 3 2 1 0]
Graph created!
MST sum is  845
MST created!
Mimum path to  4 : [0 1 4]
0 -16384 1
-16384 -14433 6
[1 -1 4 -4 16 -16 64 -64 256 -256 1024 -1024 4096 -4096 16384 -16384]

