=== convID : CONV1, Depth : 2, CipherLevel : 2 ~ 24, iter : 10 === 
2 0.505823725 
3 0.596787687 
4 0.695470962 
5 0.85958842 
6 1.115692823 
7 1.221109544 
8 1.348078089 
9 1.48827335 
10 1.742086548 
11 2.090169527 
12 2.224281171 
13 2.443550911 
14 2.545248654 
15 2.880056926 
16 3.356302644 
17 3.523378734 
18 3.72633227 
19 3.916309322 
20 4.25182575 
21 4.912945765 
22 4.991213113 
23 5.339636849 
24 5.510449845 
=== convID : CONV2, Depth : 2, CipherLevel : 2 ~ 24, iter : 10 === 
2 1.030010017 
3 1.22148032 
4 1.392013296 
5 1.647107475 
6 2.300821472 
7 2.546365359 
8 2.774814224 
9 3.053406327 
10 3.426085787 
11 4.287003114 
12 4.599897093 
13 4.872919665 
14 5.149417544 
15 5.667954551 
16 6.771019133 
17 7.182134848 
18 7.521095992 
19 7.898219143 
20 8.531995209 
21 9.765285035 
22 10.348030304 
23 10.775005697 
24 11.172680457 
=== convID : CONV3s2, Depth : 2, CipherLevel : 2 ~ 24, iter : 10 === 
2 1.881861109 
3 2.214766355 
4 2.580053373 
5 3.010706376 
6 4.22746297 
7 4.637713722 
8 5.151215818 
9 5.690799161 
10 6.395448521 
11 8.074331112 
12 8.531226604 
13 9.135798094 
14 9.830035054 
15 10.51129397 
16 12.641300755 
17 13.272406885 
18 14.056095617 
19 14.957538574 
20 15.892992756 
21 18.409508454 
22 19.292358922 
23 20.025242024 
24 20.990047493 
=== convID : CONV3, Depth : 2, CipherLevel : 2 ~ 24, iter : 10 === 
2 1.409705962 
3 1.674145274 
4 1.94703358 
5 2.2936879 
6 3.186661075 
7 3.513391694 
8 3.876130949 
9 4.224379434 
10 4.721921928 
11 6.069918949 
12 6.475641061 
13 6.923191054 
14 7.498460366 
15 7.920891941 
16 9.628255877 
17 10.159808811 
18 10.71967707 
19 11.187049563 
20 12.033488424 
21 14.128792735 
22 14.701986417 
23 15.322774478 
24 15.813099562 
=== convID : CONV4s2, Depth : 2, CipherLevel : 2 ~ 24, iter : 10 === 
2 2.67492732 
3 3.175430756 
4 3.780975805 
5 4.361277289 
6 6.211847251 
7 6.846227704 
8 7.511182006 
9 8.110240739 
10 8.939123277 
11 11.531564468 
12 12.516717553 
13 13.299141059 
14 14.12897856 
15 15.098597681 
16 18.157672182 
17 19.567650413 
18 20.195610974 
19 21.487154092 
20 22.779911734 
21 26.453661217 
22 27.8295796 
23 28.568274232 
24 30.154826182 
=== convID : CONV4, Depth : 2, CipherLevel : 2 ~ 24, iter : 10 === 
2 2.076010046 
3 2.476285981 
4 2.877171523 
5 3.367380757 
6 4.802070354 
7 5.306970698 
8 5.769752584 
9 6.298039426 
10 6.979574821 
11 8.979904591 
12 9.586356604 
13 10.415617267 
14 10.879397275 
15 11.87520653 
16 14.472284378 
17 15.277091766 
18 15.895875331 
19 16.620353042 
20 17.525703749 
21 20.741949668 
22 21.496047133 
23 22.538225027 
24 23.634151289 
