=== convID : CONV4s2, Depth : 2, CipherLevel : 2 ~ 24, iter : 10 === 
2 1.761884551 
3 2.112042478 
4 2.394773201 
5 2.821429881 
6 3.890897856 
7 4.326134972 
8 4.84297093 
9 5.288641994 
10 5.85084402 
11 7.290534581 
12 8.041980332 
13 8.550449644 
14 9.18076908 
15 9.80522413 
16 11.699073348 
17 12.256658893 
18 12.976869713 
19 13.825730943 
20 14.492494879 
21 16.811214604 
22 17.721404614 
23 18.408030815 
24 19.017492465 
=== convID : CONV4, Depth : 2, CipherLevel : 2 ~ 24, iter : 10 === 
2 1.181184028 
3 1.420213533 
4 1.660944977 
5 1.965405314 
6 2.625665443 
7 3.0477877 
8 3.334072126 
9 3.67234652 
10 4.110232875 
11 5.118141031 
12 5.52467278 
13 5.971491444 
14 6.329952622 
15 6.796525178 
16 7.996674456 
17 8.57395688 
18 9.181164735 
19 9.627826707 
20 10.393493881 
21 11.881199616 
22 12.455957989 
23 12.884049694 
24 13.464942627 
