=== convID : CONV4, Depth : 2, CipherLevel : 2 ~ 24, iter : 10 === 
2 1.240404385 
3 1.452693733 
4 1.669396077 
5 1.95932201 
6 2.627169981 
7 2.97930687 
8 3.293441145 
9 3.707058187 
10 4.132368603 
11 5.043698504 
12 5.621789468 
13 6.009597343 
14 6.367565237 
15 6.864131212 
16 8.03897059 
17 8.631366193 
18 9.12883613 
19 9.670404747 
20 10.238527129 
21 11.686381988 
22 12.366574465 
23 13.077296942 
24 13.51480841 
=== convID : CONV4, Depth : 3, CipherLevel : 2 ~ 24, iter : 10 === 
3 0.893981173 
4 1.053883879 
5 1.295527288 
6 1.621355735 
7 1.871394702 
8 2.174966852 
9 2.421292546 
10 2.764788681 
11 3.195903032 
12 3.600475029 
13 3.905201442 
14 4.183693716 
15 4.676213437 
16 5.160334917 
17 5.599537118 
18 5.968146626 
19 6.285058447 
20 6.839470012 
21 7.541420707 
22 7.971728921 
23 8.519473119 
24 8.902851745 
=== convID : CONV4, Depth : 4, CipherLevel : 2 ~ 24, iter : 10 === 
4 0.922053981 
5 1.178012189 
6 1.424185039 
7 1.614747274 
8 1.905800811 
9 2.167249164 
10 2.489495229 
11 2.813884141 
12 3.112221549 
13 3.460579149 
14 3.779519483 
15 4.198903245 
16 4.543162761 
17 4.877062775 
18 5.310602922 
19 5.826608783 
20 6.250314652 
21 6.738363904 
22 7.111770737 
23 7.569818794 
24 8.153845529 
