=== convID : CONV1, Depth : 2, CipherLevel : 2 ~ 24, iter : 10 === 
2 0.287081791 
3 0.331363001 
4 0.375437773 
5 0.505091447 
6 0.57799895 
7 0.655165298 
8 0.719652638 
9 0.809832483 
10 0.973094811 
11 1.087158294 
12 1.212319868 
13 1.280984572 
14 1.363140151 
15 1.600425842 
16 1.744459578 
17 1.8463358 
18 1.974578506 
19 2.073930525 
20 2.29819888 
21 2.526492018 
22 2.660369424 
23 2.752792809 
24 2.870232649 
=== convID : CONV2, Depth : 2, CipherLevel : 2 ~ 24, iter : 10 === 
2 0.796220309 
3 0.969591719 
4 1.101686625 
5 1.303528543 
6 1.755166993 
7 1.985548124 
8 2.170325835 
9 2.387602434 
10 2.7310919 
11 3.367701667 
12 3.556275035 
13 3.878826156 
14 4.08070083 
15 4.475989931 
16 5.249747891 
17 5.552897546 
18 5.841805621 
19 6.19336981 
20 6.683336476 
21 7.532699288 
22 8.000203683 
23 8.218172075 
24 8.57733033 
=== convID : CONV3s2, Depth : 2, CipherLevel : 2 ~ 24, iter : 10 === 
2 1.474659943 
3 1.745757151 
4 2.023051319 
5 2.394289427 
6 3.287756191 
7 3.700189606 
8 4.017890418 
9 4.462114296 
10 4.996846064 
11 6.196826491 
12 6.644889491 
13 7.140154111 
14 7.691930273 
15 8.312274552 
16 9.853798321 
17 10.461759571 
18 11.015019805 
19 11.566739491 
20 12.259934072 
21 14.271972744 
22 14.846028386 
23 15.425430715 
24 16.15033814 
=== convID : CONV3, Depth : 2, CipherLevel : 2 ~ 24, iter : 10 === 
2 0.967076334 
3 1.166226015 
4 1.361755073 
5 1.614438826 
6 2.146277268 
7 2.458828746 
8 2.711768109 
9 2.969193623 
10 3.33859586 
11 4.139220714 
12 4.457606402 
13 4.760985952 
14 5.081619834 
15 5.61391012 
16 6.536414278 
17 6.940607597 
18 7.320490313 
19 7.70553645 
20 8.271255625 
21 9.5149691 
22 9.998823378 
23 10.502353587 
24 10.935668893 
=== convID : CONV4s2, Depth : 2, CipherLevel : 2 ~ 24, iter : 10 === 
2 1.757221957 
3 2.077998063 
4 2.423963679 
5 2.843572654 
6 3.86907416 
7 4.344601403 
8 4.775712432 
9 5.291109337 
10 5.901146113 
11 7.371165396 
12 7.887230151 
13 8.492358608 
14 9.121637418 
15 9.734120264 
16 11.598081198 
17 12.356255931 
18 13.049659339 
19 13.6323425 
20 14.571095313 
21 16.789240891 
22 17.7179428 
23 18.551428608 
24 19.219819006 
=== convID : CONV4, Depth : 2, CipherLevel : 2 ~ 24, iter : 10 === 
2 1.196786921 
3 1.420515332 
4 1.694568588 
5 1.99541816 
6 2.658695349 
7 3.073583637 
8 3.35715663 
9 3.697801686 
10 4.19455018 
11 5.154411938 
12 5.589243016 
13 5.961882803 
14 6.378333512 
15 6.958072216 
16 8.129982241 
17 8.816152833 
18 9.074738789 
19 9.681852857 
20 10.340831487 
21 11.697822145 
22 12.414975514 
23 13.165501286 
24 13.522804494 
