=== convID : CONV1, Depth : 2, CipherLevel : 2 ~ 24, iter : 10 === 
2 0.277545443 
3 0.321380729 
4 0.366158711 
5 0.50417379 
6 0.57201045 
7 0.652469392 
8 0.718326806 
9 0.806582379 
10 0.970310184 
11 1.103809495 
12 1.214637395 
13 1.300783608 
14 1.382862444 
15 1.59048506 
16 1.742482209 
17 1.861308894 
18 1.988448645 
19 2.050396159 
20 2.315198472 
21 2.530244876 
22 2.659468355 
23 2.724692163 
24 2.837782295 
=== convID : CONV2, Depth : 2, CipherLevel : 2 ~ 24, iter : 10 === 
2 0.709261574 
3 0.861048787 
4 0.986257332 
5 1.176320129 
6 1.551369768 
7 1.774331974 
8 1.946497729 
9 2.134783361 
10 2.443048979 
11 2.935892999 
12 3.246134903 
13 3.428727041 
14 3.657237986 
15 4.045485968 
16 4.680566096 
17 4.967837012 
18 5.260094859 
19 5.557269636 
20 5.951664934 
21 6.708428894 
22 7.073918714 
23 7.328658028 
24 7.618935024 
=== convID : CONV2, Depth : 3, CipherLevel : 2 ~ 24, iter : 10 === 
3 0.672519531 
4 0.779966479 
5 0.980895138 
6 1.189586168 
7 1.395790315 
8 1.609042019 
9 1.741150566 
10 2.020449536 
11 2.30970183 
12 2.561710866 
13 2.783291211 
14 3.005283646 
15 3.341911615 
16 3.625311015 
17 3.999188543 
18 4.233706786 
19 4.484564094 
20 4.90953116 
21 5.284697243 
22 5.739188335 
23 6.02341967 
24 6.319452478 
=== convID : CONV2, Depth : 4, CipherLevel : 2 ~ 24, iter : 10 === 
4 0.732828927 
5 0.955832874 
6 1.151618848 
7 1.327088003 
8 1.469729164 
9 1.645914975 
10 1.930867193 
11 2.195354363 
12 2.412453066 
13 2.641231761 
14 2.881401679 
15 3.210215445 
16 3.52560484 
17 3.8098997 
18 3.999590395 
19 4.334071326 
20 4.683779438 
21 5.081618089 
22 5.387422 
23 5.597775432 
24 5.972672402 
=== convID : CONV3s2, Depth : 2, CipherLevel : 2 ~ 24, iter : 10 === 
2 1.483654525 
3 1.785170687 
4 2.056572701 
5 2.391906205 
6 3.270980286 
7 3.647192122 
8 4.10373586 
9 4.483172245 
10 4.924698595 
11 6.188779436 
12 6.695970604 
13 7.171850487 
14 7.675929704 
15 8.278080903 
16 9.886194414 
17 10.431047042 
18 10.957692715 
19 11.567960065 
20 12.304944354 
21 14.18459394 
22 14.816065048 
23 15.338562278 
24 16.177997267 
=== convID : CONV3s2, Depth : 3, CipherLevel : 2 ~ 24, iter : 10 === 
3 1.289038627 
4 1.523599275 
5 1.804538637 
6 2.321225558 
7 2.678727947 
8 3.023170827 
9 3.350344038 
10 3.724761935 
11 4.44059092 
12 4.943110864 
13 5.294109915 
14 5.617212519 
15 6.159013794 
16 7.124098415 
17 7.628817629 
18 8.128502743 
19 8.47863107 
20 9.196888101 
21 10.290463028 
22 10.803542856 
23 11.429143178 
24 11.74526381 
=== convID : CONV3s2, Depth : 4, CipherLevel : 2 ~ 24, iter : 10 === 
4 1.299094374 
5 1.577760051 
6 1.98480494 
7 2.293357712 
8 2.579843517 
9 2.895563222 
10 3.312103822 
11 3.824091794 
12 4.178890465 
13 4.662692085 
14 5.05784332 
15 5.467464359 
16 6.065618838 
17 6.649522277 
18 7.080573247 
19 7.58900302 
20 8.046679577 
21 8.789328141 
22 9.423249076 
23 9.939032396 
24 10.486899045 
=== convID : CONV3s2, Depth : 5, CipherLevel : 2 ~ 24, iter : 10 === 
5 1.540964237 
6 1.878162881 
7 2.186236682 
8 2.499841855 
9 2.803102526 
10 3.259281359 
11 3.67553622 
12 4.087567259 
13 4.465545864 
14 4.855147923 
15 5.377074996 
16 5.912620465 
17 6.381652249 
18 6.794489964 
19 7.270183071 
20 7.925459665 
21 8.615856979 
22 9.107167074 
23 9.501769976 
24 10.028323832 
=== convID : CONV3, Depth : 2, CipherLevel : 2 ~ 24, iter : 10 === 
2 0.930522367 
3 1.113838686 
4 1.282984444 
5 1.567858188 
6 2.027118798 
7 2.328206157 
8 2.575647792 
9 2.871964742 
10 3.194021356 
11 3.940645791 
12 4.289449529 
13 4.664016907 
14 4.951958457 
15 5.277365197 
16 6.290515035 
17 6.736978467 
18 7.092818525 
19 7.39156193 
20 7.998629485 
21 8.914691415 
22 9.506781676 
23 9.896809791 
24 10.354522556 
=== convID : CONV3, Depth : 3, CipherLevel : 2 ~ 24, iter : 10 === 
3 0.807242875 
4 0.92234226 
5 1.15468722 
6 1.464276947 
7 1.655120048 
8 1.88052104 
9 2.081595595 
10 2.413010759 
11 2.813610341 
12 3.084001954 
13 3.362857624 
14 3.628941639 
15 3.962721005 
16 4.422522353 
17 4.83071617 
18 5.195775469 
19 5.432948572 
20 5.814304124 
21 6.436407071 
22 6.847434961 
23 7.141876665 
24 7.489422918 
=== convID : CONV3, Depth : 4, CipherLevel : 2 ~ 24, iter : 10 === 
4 0.829200538 
5 1.046766561 
6 1.262889615 
7 1.442332879 
8 1.648182897 
9 1.893615339 
10 2.182416995 
11 2.427403656 
12 2.667474358 
13 2.929610126 
14 3.197333934 
15 3.574793532 
16 3.915720051 
17 4.197306465 
18 4.535735576 
19 4.857055697 
20 5.320668792 
21 5.729183323 
22 6.036370404 
23 6.395749746 
24 6.851866238 
=== convID : CONV4s2, Depth : 2, CipherLevel : 2 ~ 24, iter : 10 === 
2 1.587049136 
3 1.906500783 
4 2.197015181 
5 2.623845885 
6 3.52330362 
7 3.948315198 
8 4.450271601 
9 4.855728039 
10 5.411796057 
11 6.719976814 
12 7.292465644 
13 7.797650269 
14 8.334034739 
15 9.024245758 
16 10.575317885 
17 11.305216738 
18 11.854892109 
19 12.603655545 
20 13.306849843 
21 15.234812881 
22 16.103189763 
23 16.888954603 
24 17.479866269 
=== convID : CONV4s2, Depth : 3, CipherLevel : 2 ~ 24, iter : 10 === 
3 1.337471975 
4 1.589504018 
5 1.94706086 
6 2.316214742 
7 2.851890179 
8 3.263723794 
9 3.576075433 
10 4.03919343 
11 4.578157909 
12 5.335522215 
13 5.792640898 
14 6.200814684 
15 6.819296041 
16 7.495536825 
17 8.204558246 
18 8.815291905 
19 9.412394303 
20 9.988092341 
21 10.767988616 
22 11.666095125 
23 12.486974152 
24 13.043289343 
=== convID : CONV4s2, Depth : 4, CipherLevel : 2 ~ 24, iter : 10 === 
4 1.427319476 
5 1.684904892 
6 2.082926668 
7 2.394124713 
8 2.76619931 
9 3.147264343 
10 3.534872826 
11 4.083477 
12 4.475472095 
13 5.025382563 
14 5.48886335 
15 5.949775985 
16 6.48653086 
17 7.07589722 
18 7.589921637 
19 8.125024808 
20 8.774725613 
21 9.408614826 
22 9.95806292 
23 10.7743046 
24 11.431986451 
=== convID : CONV4s2, Depth : 5, CipherLevel : 2 ~ 24, iter : 10 === 
5 1.574395965 
6 1.966895394 
7 2.263107256 
8 2.583985079 
9 2.863396513 
10 3.311209072 
11 3.890148264 
12 4.235803254 
13 4.58904877 
14 5.043786437 
15 5.563746671 
16 6.202668988 
17 6.624524163 
18 7.02698341 
19 7.53776251 
20 8.191336221 
21 8.93975325 
22 9.469937528 
23 10.054061102 
24 10.568182065 
=== convID : CONV4, Depth : 2, CipherLevel : 2 ~ 24, iter : 10 === 
2 1.208764779 
3 1.448120493 
4 1.678149421 
5 2.012740905 
6 2.694187822 
7 3.070614164 
8 3.395036006 
9 3.703046419 
10 4.127223257 
11 5.094115866 
12 5.50871219 
