5.764053e-01
7.361093e-01
7.178460e-01
6.648359e-01
6.145341e-01
6.516906e-01
5.798038e-01
6.245174e-01
6.432925e-01
6.372370e-01
6.644429e-01
6.498234e-01
6.291317e-01
5.723996e-01
6.036690e-01
6.505092e-01
7.579303e-01
6.613514e-01
6.737151e-01
6.454458e-01
6.909695e-01
6.823455e-01
7.155638e-01
6.717162e-01
6.891047e-01
8.018691e-01
7.084617e-01
6.517814e-01
6.704484e-01
6.797079e-01
6.079862e-01
7.027480e-01
5.616151e-01
7.605669e-01
7.635918e-01
5.831797e-01
6.277742e-01
7.995906e-01
6.265562e-01
5.913553e-01
6.356506e-01
6.031286e-01
5.839477e-01
6.681632e-01
6.459002e-01
6.352124e-01
6.284248e-01
6.369758e-01
5.790566e-01
6.714119e-01
6.286630e-01
7.073234e-01
6.906676e-01
7.140126e-01
7.061880e-01
6.707936e-01
5.934151e-01
6.781738e-01
5.600148e-01
8.037124e-01
5.685309e-01
6.305048e-01
6.716986e-01
6.322095e-01
