-1.048619e-01
-2.435893e-01
-5.713005e-02
-3.188204e-01
-9.438237e-02
-1.319301e-01
5.803785e-02
-1.039366e-01
-1.579271e-01
6.736840e-02
-6.894918e-02
-1.573538e-01
-5.197487e-01
-1.968557e-01
-1.256666e-01
-3.272173e-01
-2.355306e-01
-1.919349e-01
-2.050081e-01
-2.034733e-01
3.059185e-02
-1.443380e-02
-3.240193e-01
-2.489604e-01
-3.328438e-01
-3.785759e-01
-1.558046e-01
-2.040762e-01
-2.009210e-01
-2.419629e-01
-2.830257e-01
-2.573144e-01
-2.526618e-01
-4.637786e-02
-1.952700e-01
-2.242968e-01
-2.174731e-01
9.440697e-02
-4.100257e-01
-1.942029e-01
-2.053961e-01
-2.971030e-01
-9.052604e-02
-2.448118e-02
-2.525010e-01
-3.638897e-01
-2.434549e-01
-3.128441e-01
-1.167835e-01
-6.357040e-02
-3.156211e-01
-1.626225e-01
-3.877580e-01
-2.670839e-01
-8.432863e-02
-4.406896e-01
-2.032606e-01
-9.778408e-02
-2.372596e-01
-1.038009e-01
6.519558e-02
-3.534400e-01
-7.036629e-02
-2.480615e-01
