-4.220327e-02
-4.910955e-02
-2.072119e-01
-2.399421e-01
-1.817810e-01
-7.223758e-02
-7.813331e-02
-3.619275e-02
-3.975115e-02
-1.157224e-01
-9.561974e-02
1.397669e-01
-1.362288e-01
-3.010567e-01
-6.748161e-02
-2.923357e-01
1.429596e-02
-2.291017e-01
-6.292477e-02
-2.953162e-01
-2.148147e-01
-1.604395e-01
-5.907663e-02
1.635306e-02
4.043351e-02
-1.839487e-01
-1.590559e-01
-2.379428e-01
-2.502382e-01
-3.885900e-01
1.496767e-02
1.339287e-02
-1.136955e-02
-1.202902e-01
-3.053220e-01
5.636430e-02
-1.207954e-01
1.754568e-02
-1.445783e-01
1.480429e-02
-1.317487e-02
-2.750194e-01
-3.563822e-01
-1.463871e-01
1.234989e-01
-3.876492e-02
-1.380160e-02
-2.390543e-01
-2.636207e-01
-2.718992e-01
7.895522e-03
-1.030905e-01
-3.632931e-01
-1.289667e-01
-2.172115e-01
-2.962863e-01
-3.386517e-01
8.379956e-02
-4.666581e-02
-1.036797e-01
-7.627208e-02
-1.522580e-01
-4.823830e-02
-1.610869e-01
