7.744709e-01
8.509347e-01
7.865040e-01
1.006386e+00
1.097511e+00
1.150702e+00
9.485253e-01
7.676041e-01
9.531535e-01
8.547809e-01
7.206854e-01
7.301946e-01
9.403779e-01
8.776845e-01
7.509122e-01
8.733959e-01
6.770859e-01
8.864629e-01
8.057878e-01
6.310152e-01
8.696606e-01
8.093130e-01
7.017063e-01
6.035324e-01
9.374957e-01
7.997419e-01
6.587513e-01
1.001127e+00
8.072267e-01
9.982803e-01
9.977959e-01
7.099298e-01
8.198603e-01
5.989805e-01
7.128611e-01
5.727631e-01
7.051241e-01
6.283664e-01
6.929845e-01
7.886232e-01
8.480804e-01
7.500658e-01
6.362771e-01
7.075464e-01
8.814440e-01
6.101764e-01
6.495510e-01
7.699178e-01
9.891321e-01
7.611153e-01
9.392793e-01
9.435585e-01
1.082648e+00
8.503313e-01
7.824188e-01
9.410593e-01
7.857350e-01
8.651813e-01
8.217753e-01
8.393363e-01
8.055902e-01
9.046533e-01
7.082611e-01
9.207885e-01
