16 16 3
0.1094402
0.1697859
0.143148
-0.04959957
-0.03576668
-0.05840736
0.08646578
-0.009189058
-0.08125014
0.0573522
0.02506357
0.06614783
0.04713275
0.04041487
0.06874187
0.004830607
0.02951787
0.03724127
-0.08824185
-0.03556398
-0.0004433096
-0.06498227
0.023787
0.000415598
0.05253401
0.05655985
-0.02288108
0.142205
0.3608117
0.2527851
0.02252546
-0.2063347
-0.2430622
-0.09194668
-0.02419033
-0.06145869
-0.2819541
-0.786299
-0.1852679
0.3955958
0.8373105
0.3020614
-0.001522766
-0.2134956
-0.01764739
0.1261562
-0.1253097
-0.1523315
0.08426169
0.1355577
0.03956873
0.02953678
-0.05911392
-0.1084034
-0.07871141
-0.01581545
0.02474201
0.06879123
0.05344803
0.02091488
0.0423018
0.05851936
0.04842971
0.08350232
0.08330232
-0.04666838
-0.1166765
-0.2334535
-0.2478094
0.1625094
0.1626322
0.1036333
-0.07829662
-0.09983152
0.02168751
0.08225801
0.09107542
0.1145451
0.1100146
0.1395867
0.1866431
0.1567009
0.2103623
0.0121889
-0.1597865
-0.1952524
-0.02011881
0.1002534
0.0494131
-0.004568748
-0.02863897
-0.08803423
-0.06385175
0.05721208
0.09174764
0.0334792
-0.04998823
-0.04196465
-0.02668126
-0.08305135
-0.2047146
-0.2682536
0.1409193
0.3012111
0.1188443
0.04282857
-0.01592315
-0.1095653
-0.2069917
-0.09800085
-0.1656684
-0.2770548
-0.1538092
-0.2601096
0.2042592
0.3583961
0.1834974
0.04938412
0.02089728
-0.03783812
0.09452482
0.03858556
-0.03943654
0.02559342
0.07375944
0.1457012
0.004222811
-0.09524153
-0.05259898
-0.0004916709
0.0699561
0.05315455
-0.2517112
-0.1931801
-0.1695039
-0.05172635
-0.1970555
0.3339683
0.02847741
0.129133
-0.105568
0.1320628
0.04878652
0.002121056
-0.1223977
-0.1204374
-0.02547719
0.008684805
-0.05708867
-0.1474714
0.04931076
0.0686226
-0.05731029
-0.04384242
0.008335698
-0.001464183
0.003943377
0.02990266
0.00127076
0.02403321
0.02287236
-0.01799127
-0.02429171
0.1375744
0.2187194
-0.2196996
-0.103015
0.1901502
-0.02703506
-0.278082
-0.1844653
-0.1786763
-0.1745227
-0.1207032
0.05211801
-0.06761675
-0.1159082
0.03836317
0.1206771
-0.02107851
-0.06057784
-0.09553421
0.09980009
-0.06228437
-0.2386079
0.00813926
0.2595871
-0.1472747
-0.3307619
0.05428737
-0.06262963
-0.1406389
0.02876461
0.01453373
-0.1057676
-0.02769838
0.0297992
-0.06000723
-0.1238243
-0.1246328
-0.04506123
-0.08708078
-0.1469929
-0.1315691
-0.05909547
-0.1313504
-0.1590872
-0.07076908
0.01974272
0.08313817
-0.1568113
-0.03418919
-0.007357615
0.02487533
0.08430704
0.01338137
0.08207269
-0.3199424
-0.4150002
0.4551962
0.0116627
-0.4242436
0.2931988
0.2700012
-0.0971608
-0.1492298
0.2546285
0.4825224
-0.4361351
-0.3239948
0.2007929
0.06321904
-0.4096417
-0.319453
-0.04972514
-0.1172111
-0.1122563
0.02814489
-0.05477516
-0.1110943
0.06428786
0.03783345
-0.05616625
-0.06963599
-0.03584604
-0.01841422
0.05603433
0.08777845
0.1275049
-0.09843644
0.01436443
0.07903027
-0.1152486
-0.0937034
-0.04934987
0.1055855
-0.07088676
-0.2813849
-0.03159355
-0.1067461
-0.2064246
0.2514879
0.02880256
-0.1768713
0.2159132
0.2275867
0.07153555
-0.1034001
0.1332248
0.3008792
0.0486059
-0.1160357
-0.150741
0.2907692
-0.01341002
-0.2501894
0.1703309
0.0950508
-0.1787301
0.1403969
0.1689674
0.0006411782
0.1573454
0.08640926
0.086917
-0.04128102
0.08236182
0.1667961
-0.1753708
-0.1760513
-0.1591154
-0.09738822
-0.04618467
0.004628072
0.02656877
0.1017465
0.1655735
-0.008635795
0.04079821
0.02154085
0.05631617
0.09688817
0.08507615
0.05996345
0.1086051
0.07745553
-0.1435006
-0.1776857
-0.1510425
-0.2396175
-0.1282668
0.006495601
-0.060082
0.1860446
0.3101542
-0.127169
-0.2181633
-0.1930494
-0.1094829
-0.1121674
0.01886514
-0.1086021
-0.05264271
0.03152853
0.2028349
0.2717422
0.03518312
-0.0320817
-0.2485202
-0.3345329
-0.1145387
-0.1846026
-0.1452958
-0.1012648
-0.04545112
-0.09121576
-0.0543547
-0.006739809
0.01447005
0.02732304
0.08411841
0.0544275
0.1133547
0.1254949
0.1227438
0.06338666
0.0562223
0.05981107
0.01854744
0.002207465
-0.01664513
-0.05618032
-0.1616632
-0.1083292
0.1676644
0.22215
0.2790803
0.09160099
0.1184294
0.1503914
0.03826346
-0.04791345
0.04302116
-0.04927001
0.02702683
0.09583272
0.0172643
0.1128539
0.01307132
-0.07180754
0.09342745
0.01423131
0.1545215
0.1188929
-0.02529817
0.04738068
-0.1158355
-0.08741699
0.1332715
0.1940867
0.2200092
0.1063109
0.1117322
0.1038841
0.1389786
0.08144598
0.04940545
0.0929722
0.0262989
0.07757271
-0.08834766
-0.1956972
-0.1556101
-0.04074781
-0.03309347
0.01762188
-0.004959607
0.20885
0.1378098
0.1257294
0.2451073
0.07993485
-0.03104565
-0.1006791
-0.1983824
0.1925896
0.162757
0.03267149
0.1524862
-0.021261
-0.07165355
0.1859367
-0.004525487
0.01419264
-0.1066566
-0.02272239
0.02775811
-0.005988697
0.06468828
0.0495247
0.0381554
0.04882082
-0.03110856
0.0658607
0.1823281
0.1812962
0.006455994
0.05934422
-0.08453837
-0.071663
-0.1120016
-0.1277255
-0.04848441
-0.03437462
-0.1147707
-0.00346271
-0.02552806
-0.07801558
-0.04364153
-0.04548117
-0.0191855
-0.01557057
0.0006822078
-0.05311242
-0.01253468
-0.01577824
-0.04029021
0.02461725
0.02975223
0.006520222
-0.1078058
-0.1340303
0.07659634
-0.1740091
-0.08976756
0.1669552
-0.2661004
-0.02846756
0.204773
-0.1080119
-0.08382929
-0.1042082
0.01320453
0.01968051
0.002684159
0.07181601
-0.1579386
0.002025438
0.1400875
-0.05642659
-0.03759772
-0.0748185
-0.04193779
0.06751683
-0.3202004
-0.15692
0.3153806
0.007949245
-0.08977955
-0.1163229
0.01328875
-0.08857623
-0.03949355
-0.0765686
-0.1563544
-0.0991374
0.07260655
0.07246114
0.04059189
0.1146947
0.09012182
0.02137
0.05046773
-0.02024691
-0.07707956
-0.1283688
-0.1654919
-0.09665915
-0.2073389
-0.09747133
0.1461689
-0.1210014
-0.04526599
0.04958188
-0.1802039
-0.07517265
-0.0127518
0.04490147
0.168026
-0.0947099
0.05560254
0.03620727
-0.4272608
0.208864
-0.004510896
-0.2698826
0.2250019
-0.128962
-0.2289182
-0.01357744
-0.3062237
-0.1017278
0.2234932
0.1719181
0.1367187
0.222337
0.2131818
0.03269656
0.2771751
0.159382
0.01370709
-0.1072868
-0.1006081
-0.1198897
-0.1191639
0.01581823
0.08001772
-0.2386218
0.1570217
0.1393082
0.04930152
0.03143454
-0.0195311
0.2443889
0.03101125
-0.1350116
0.06820881
-0.1792878
-0.3472084
-0.02553636
0.01416584
-0.03025198
0.1797588
-0.07987636
-0.1951733
-0.01744272
-0.2689118
-0.2022453
0.0614965
0.07252017
0.07294112
0.1558886
0.07936355
-0.06631598
0.1672404
-0.01198698
-0.06729653
0.3737503
0.004816804
0.1186907
0.07514874
0.05197685
-0.09385775
0.01717441
-0.06501784
-0.2252295
-0.05436236
0.03176422
0.1332062
0.08746225
0.113811
0.2492113
0.08853798
0.05507148
0.1257885
0.04086608
0.04620974
0.04461971
0.05456314
0.08049238
0.03281518
0.0511427
0.05939164
-0.009543867
0.1086708
0.2852411
0.02620475
0.2699029
0.1210292
-0.2146993
0.01463415
-0.2389285
-0.457686
-0.1173712
-0.1247096
0.04042045
-0.02754625
0.03282364
0.02098223
-0.09239791
-0.02466779
-0.1145457
0.03808261
-0.003283644
-0.0872946
-0.09858572
-0.3000749
-0.1366228
-0.4088235
-0.1569614
0.1612034
0.2204989
0.212875
0.105908
0.1793908
0.07055095
-0.06368768
0.06045695
-0.02937686
-0.1884052
-0.04330289
-0.06619844
-0.05069004
-0.0666765
-0.04968025
0.01600205
-0.04035598
-0.03509277
-0.004954735
0.0732277
-0.1468429
-0.1184827
-0.03384208
-0.03067291
-0.03707045
0.05999893
0.06085724
0.01084584
-0.4119488
-0.2504569
-0.002144196
-0.2032991
0.1718052
0.2235095
-0.03723198
0.2538857
0.1182651
0.1069495
0.1084216
-0.04832765
0.2160043
-0.01060158
-0.1542184
0.1073902
-0.09196742
0.01364405
0.03049883
0.0737574
0.1140303
0.0423978
0.04375537
0.08182854
0.09091578
0.1002344
0.1398274
-0.06949794
-0.01043805
0.0478186
0.003857434
-0.1614761
-0.2182791
-0.05699689
-0.06714047
-0.01560074
-0.1047764
0.01474631
-0.08648543
0.1703649
0.2261874
0.01060363
0.189034
0.04411657
-0.2162364
0.1327231
0.172393
0.1398827
0.107752
0.06570936
-0.02126015
0.04671651
-0.01304798
-0.07920592
-0.1427488
-0.03551782
0.0806035
-0.08033261
0.05876134
0.08603921
-0.02456377
0.1084593
0.06813104
-0.1622522
0.1930464
0.05433674
-0.2006686
-0.02630063
-0.03641079
-0.004822481
-0.05949516
0.07669967
0.08426548
0.05602724
0.02498159
0.1838943
0.03566458
-0.1283115
0.1349757
0.006444668
-0.05474629
-0.02301694
-0.1152554
-0.1061203
-0.02156582
-0.08627655
-0.06928772
-0.07648512
-0.09397346
-0.03620823
0.1184355
0.1724436
0.002296999
0.05875831
-0.04464469
-0.08110425
-0.107453
-0.1067147
0.07685977
0.1471222
0.1116148
-0.003986527
0.1894255
-0.07288472
-0.1308871
-0.130313
-0.01669965
-0.1183989
0.1393799
0.08899613
0.07111309
-0.2036934
0.192002
-0.02146588
-0.2095004
-0.5809126
-0.2790946
-0.05230104
0.09000807
0.08588286
-0.08408336
-0.02294737
-0.01256512
0.06371767
-0.01295955
-0.1027045
-0.02692576
0.02754409
0.01286046
-0.01167099
0.09671152
0.05089563
0.05325357
0.08904708
0.05742191
-0.0006272306
-0.1135714
-0.149305
0.01044084
-0.05912195
-0.0883884
-0.008815962
0.184435
0.2444534
-0.03333701
0.02680614
0.1407626
0.08369121
0.1900824
0.1309895
0.1220107
-0.004462137
-0.07317281
0.07627968
0.02202315
-0.02568292
-0.02353051
-0.1081468
-0.03201039
0.03693618
0.3328056
0.2980088
-0.08574042
-0.1235648
-0.07098188
-0.1632069
-0.0913502
-0.09553093
-0.1071061
-0.1390369
-0.07450698
-0.1907957
-0.06372173
-0.08210585
-0.1769495
0.04674295
0.257454
0.02189043
-0.07694133
-0.1631061
-0.1796979
-0.05492455
-0.06044395
-0.186783
0.2411278
0.2053474
-0.03913951
0.1495001
0.2020671
0.2175392
0.1126372
-0.1417186
0.1720833
0.01602612
-0.1360271
-0.1264278
-0.2355002
-0.1801298
-0.006687925
0.1531184
0.08256251
-0.1391675
-0.06800959
-0.06445465
-0.156747
-0.3088997
-0.2450951
-0.06497494
-0.3548564
-0.1451282
-0.1947803
0.2362213
-0.312331
-0.08283943
-0.1730744
0.07338983
0.03039541
-0.01703906
-0.007733455
0.08143693
0.1345325
0.05960761
0.1918044
0.1346097
0.09881835
-0.01202757
-0.07285591
-0.08348258
0.01971129
-0.1049326
-0.08417125
-0.002977425
-0.106883
-0.0598086
-0.3215322
-0.2891234
-0.1495005
-0.1482558
-0.09770885
-0.01581717
0.1476124
0.2422841
0.2595547
-0.1467402
0.1608035
-0.0002019508
0.03091211
0.09485953
0.1343317
0.007842779
0.02610076
-0.05576796
0.05178864
-0.2064433
0.06951226
-0.04804773
0.1813476
-0.04651674
0.09565213
0.01551119
0.1121974
0.05176403
-0.06215798
-0.04943055
0.02191018
-0.01697181
-0.1120389
0.08173174
0.005441979
-0.02874358
0.006206324
-0.01890242
-0.01992207
-0.02181289
-0.05030124
-0.03780947
-0.02086853
-0.03418118
-0.05639482
0.1230905
0.1929055
0.03009778
0.134494
-0.09675801
-0.1779349
0.09496609
-0.2023268
-0.2194437
0.05030306
-0.06684217
-0.008251592
0.04546394
0.002280891
0.06535882
-0.04022693
-0.06850652
-0.07523108
-0.004673176
0.01411848
0.0267479
-0.03353661
-0.1049717
-0.09746866
-0.1154488
-0.04384041
-0.07974749
0.04503258
0.07186993
0.09992062
0.01273564
0.09180139
0.0882446
-0.008783198
0.0216512
0.01850123
0.101055
-0.01748193
-0.1883574
-0.1103388
-0.04100885
-0.01883071
-0.08185092
-0.005399076
-0.01306273
-0.09263557
-0.1250979
0.02090012
-0.2196783
-0.1709991
-0.08733208
-0.250105
-0.2309219
-0.2249459
-0.1448594
-0.1217963
0.00831887
-0.01221573
-0.03490331
0.02453575
0.09232155
0.07576755
0.05998805
-0.03973006
-0.05600002
-0.003139115
-0.02338032
0.09034527
-0.03422603
-0.1039113
-0.0270392
-0.04293901
0.06150716
0.0292492
0.03150862
-0.05804512
-0.01018031
-0.1784048
-0.04103465
-0.2637524
-0.1629588
0.0524762
-0.02560793
-0.0153041
0.0784486
-0.02560206
-0.09380063
0.103287
-0.0005729194
-0.1314701
-0.0592272
-0.01409118
-0.01599725
-0.09241652
-0.08105551
-0.06751192
-0.1141494
-0.09634382
-0.06714597
-0.1965738
-0.1186182
0.01012212
-0.1688098
-0.1009218
0.1233059
-0.08969275
-0.08360329
0.2324651
0.04463857
-0.06624698
-0.09106784
0.1894473
0.06596544
-0.0681664
0.1694788
0.04215248
-0.0942871
-0.008170925
0.02264336
0.138595
-0.07500211
0.1150018
0.1553758
0.002201017
0.1125665
0.05060434
-0.02266549
0.01226649
0.09415039
-0.2060164
-0.1404062
0.02584012
-0.1930213
-0.1605437
-0.04491526
0.02059882
0.03763473
0.09014387
0.06780175
0.04022573
0.0669723
0.0572638
0.01963243
0.01512343
0.1766375
-0.02000836
-0.1335432
0.3303768
0.03334636
-0.1860977
0.1131041
-0.02106984
-0.09517263
0.3220344
-0.03462454
-0.2558176
0.2607028
-0.1412961
-0.3298076
0.1990774
-0.05392095
-0.1095065
-0.3810984
-0.291284
0.03796546
-0.2871757
-0.2367451
0.06843929
-0.3119187
-0.2293749
-0.108011
-0.05657553
-0.07421933
-0.1361001
-0.09064012
-0.1079102
-0.1507885
-0.04623641
-0.08332232
-0.1497894
0.06268094
0.1138665
0.2300708
0.1170163
0.081228
0.1080911
0.05632059
0.03057612
-0.02884848
0.06180328
-0.1401501
-0.2702004
-0.06399848
-0.1677576
-0.1553345
-0.3096507
-0.2202406
0.0380407
0.178386
0.06835856
0.008841817
0.02169818
0.171462
0.2939026
-0.08126172
0.1007241
0.3473065
-0.0249207
-0.1495825
-0.1467786
-0.0238907
-0.1822893
-0.1734537
0.1166138
-0.003033622
-0.1176354
0.03191683
-0.1709356
-0.06989886
0.09912182
-0.09547175
-0.07129514
0.02994055
0.04572384
0.201206
0.07273868
0.1844489
0.1693875
0.03089007
0.1351486
0.1694739
-0.03938062
0.0288293
0.1574151
-0.0165304
-0.04371818
0.02489908
-0.005988318
-0.06298524
0.01408655
-0.0182028
-0.06481192
0.04027445
0.04569521
0.0752271
0.03483645
-0.01236563
0.02960552
-0.02959722
-0.2058506
-0.176984
-0.138262
-0.1509465
-0.07229012
0.08407009
0.02539884
-0.2161565
-0.04004911
0.02493104
-0.2888813
-0.1774568
0.1096905
-0.07619479
-0.3009765
0.03453579
0.1546469
-0.2970906
0.002273296
0.352967
-0.1905366
-0.08559065
-0.169397
-0.2208567
-0.1526247
0.06482185
-0.09563097
-0.158665
0.03913805
-0.04666451
-0.03463938
-0.00572191
-0.1033187
-0.03399223
0.09157704
-0.04752556
0.02494502
0.1390705
0.006711264
-0.2476272
-0.05575795
0.1367613
-0.2084695
-0.2273371
0.1162516
-0.1430365
-0.2321281
0.01967493
0.1690329
-0.001326847
0.09453247
0.108766
-0.02275934
-0.05095343
-0.03170486
-0.0458848
-0.184295
-0.08073519
0.1023711
-0.04459929
-0.05022081
0.0135567
0.1048618
-0.009418398
0.1254952
0.1623401
-0.1362428
-0.1041769
-0.1018451
-0.121777
-0.05827101
-0.07724036
-0.0214064
0.03709135
-0.06964271
-0.1713997
-0.01695461
-0.1193405
-0.223661
0.06286944
0.1943532
-0.1189363
0.01912616
0.1521708
0.06509937
-0.02832203
0.09630173
0.1083801
-0.05625137
-0.03177035
0.08468446
0.07110014
-0.1420936
0.1351577
0.02438763
-0.2228806
0.1336134
0.01173371
-0.3188393
0.1116715
0.06483127
-0.1292961
0.20852
0.1468391
-0.1101475
0.09453628
0.1306081
-0.2319871
-0.001682465
0.1303353
-0.102633
0.02036761
-0.2402303
0.1477923
0.1228014
-0.4956674
0.2790222
-0.1341422
-0.343446
-0.07119919
-0.02337652
-0.04692199
0.07727886
0.05577132
0.09080212
0.1566906
0.1044661
0.08215537
0.07949958
0.02275352
-0.03277876
-0.02066994
0.01165323
-0.05388279
-0.03575594
-0.01291016
-0.06776945
-0.05997735
0.04065288
0.1629294
-0.02055361
0.2108921
0.06636226
-0.1201203
0.05897968
-0.08197086
-0.1510263
0.0765698
0.275425
0.1271729
0.2201499
0.3037596
0.2371925
0.02466106
0.06560051
-0.0008998749
-0.05342561
0.05088149
-0.0004908495
0.03087089
0.2317147
0.1579949
0.0261002
0.1069706
0.1525597
0.008402292
-0.0125019
0.08536911
-0.0531078
-0.04065463
0.08124058
-0.03266122
-0.02597338
0.09928568
-0.03663931
-0.03196684
0.06125189
-0.06910425
-0.07184944
0.03460914
-0.1004795
-0.1004078
0.007407884
0.09617514
0.07341
-0.113924
0.1106255
0.002697936
-0.0888057
-0.05920701
-0.01554603
0.009910782
-0.2562554
-0.2082768
0.02698298
-0.2590742
-0.04434581
0.2297961
-0.196923
0.03530799
0.1768923
0.06158794
0.2821137
0.003657885
0.2752232
0.2289619
-0.246603
0.1359298
0.1122495
-0.1980833
-0.08525096
0.05329105
0.2459773
0.008362992
0.1412341
0.2677922
0.07432441
0.1151198
0.1269431
0.09293039
-0.127159
-0.1858109
-0.1406818
-0.2457189
-0.1533421
-0.1786557
-0.2379149
-0.07358351
-0.0781553
0.0330543
0.1447654
-0.1178977
0.07544716
0.1888746
0.01827409
0.1211605
0.140864
0.09301966
0.1726925
0.1624449
0.2513697
0.2306445
0.0348453
0.2647531
0.04773995
-0.1845104
-0.2321348
-0.06666397
0.2196964
-0.1611762
0.1413231
0.2723327
-0.005277602
0.1635952
0.05945001
-0.08247393
-0.1438899
-0.08043828
0.03601155
0.03909651
0.06043525
0.0883999
0.03358139
-0.07579908
0.003719708
0.04877211
0.06618776
0.02578976
0.08063815
0.1377721
-0.04486945
-0.07316092
0.05869464
-0.04309164
-0.02719061
-0.01429846
-0.03585984
-0.04818481
-0.02926154
-0.04282378
-0.04266497
-0.02613238
-0.2098591
0.2281912
0.3588018
-0.3769397
-0.08275208
0.388465
-0.232482
-0.2807407
-0.07108823
-0.04720612
0.02234896
-0.007806077
0.03114465
0.1568752
0.2120595
-0.1133757
0.04923955
0.2022831
0.2259295
-0.07709197
-0.08939462
-0.01331414
0.1407509
-0.1051306
-0.09666739
0.07633279
0.06533744
-0.03039313
-0.09679015
-0.06032152
0.04473146
-0.1035729
-0.1258263
0.02127779
-0.1744296
-0.1592977
0.1920521
0.2018387
0.08762786
0.08676841
0.1849998
0.1418842
-0.007719332
0.1060605
0.1504754
-0.09186975
-0.2534108
-0.1758359
0.126861
-0.1362368
-0.1079072
0.1151284
-0.1051392
-0.09491448
-0.129318
0.1353983
-0.01939316
-0.263465
-0.03401412
0.04103057
-0.08489291
-0.2185658
-0.1501007
0.3470058
-0.3290667
-0.4962271
0.6412266
0.1534867
-0.475906
0.1649278
0.3623942
-0.1934386
0.06724404
0.1336785
0.1224498
-0.04324833
0.06447602
0.09133472
-0.07472689
-0.05012895
0.005653074
-0.08365424
-0.01860097
0.0493097
-0.1003996
-0.04673837
0.08328342
0.05771258
-0.04406428
-0.002847497
0.01119174
0.007486712
0.002373908
-0.02697097
-0.009823247
0.1441455
0.08978634
0.02474291
0.03133799
-0.2087088
-0.03555368
0.3282036
-0.05941639
-0.1217317
0.2064972
0.008613762
-0.2383201
-0.1148344
0.01555714
0.08056072
0.07560123
-0.04704015
0.1756598
0.1418694
-0.004714081
0.0999295
0.1055006
-0.09344558
0.120536
-0.0450481
-0.01335975
0.1132874
-0.04301958
-0.01487639
-0.06665556
-0.09074382
-0.02970535
-0.07953561
-0.126894
-0.1223274
-0.1969791
-0.1950991
-0.0514087
-0.1593653
-0.1598448
0.07867471
0.01940606
-0.01610629
0.09612216
0.05259854
0.0292689
0.04532527
0.01995928
-0.003973159
0.07907093
0.05519561
0.1205808
-0.1908441
-0.1792176
-0.1427612
-0.1281098
-0.1191605
-0.1071386
0.03131442
0.03609429
-0.03740335
-0.1213096
-0.1916959
-0.1954814
0.07632069
-0.000180071
0.001451803
-0.03025069
-0.05137132
0.02870746
-0.1164834
0.07087611
0.07328098
-0.2689129
-0.1086905
-0.04915438
-0.0489105
-0.08742642
-0.02698435
-0.02112167
-0.07843728
-0.01731879
-0.04675747
-0.02548663
-0.02617303
0.0167524
0.001655559
0.05474535
-0.04539791
-0.05104593
-0.01125006
-0.07189216
-0.0731586
-0.03264934
0.1209898
0.2291516
0.1386259
0.138238
0.1912764
0.1040817
0.2077889
0.2570179
0.1182439
0.1357675
0.02799121
-0.05616859
0.03216758
-0.1323233
-0.1632003
-0.0151985
-0.1696407
-0.2411708
-0.2423252
-0.125812
-0.1534943
-0.07989224
0.2051035
0.2357596
-0.02293095
0.1658637
0.1946951
-0.01338996
-0.02366684
-0.007035171
-0.03648658
-0.002838534
0.02289952
-0.06571574
-0.0309152
0.01195523
-0.016358
-0.02194167
-0.1022764
0.01366897
-0.04483155
-0.1404016
0.0640421
-0.06267463
-0.162159
-0.02973251
0.06922577
0.2181744
-0.07210587
-0.04138292
0.02848713
-0.03453006
-0.06393201
-0.04887632
-0.1898568
-0.2025467
-0.1246411
-0.0512095
-0.05361084
-0.02175818
0.2162358
0.2064802
0.1976788
0.01291316
-0.02385034
-0.05383297
-0.02118847
-0.009664356
-0.04431374
-0.01034667
0.07800452
0.0346763
-0.07638174
0.1268661
-0.07372031
0.09541088
0.2415799
0.0601344
0.1711403
0.07991402
0.05469184
0.09284499
-0.07925137
-0.1197418
0.03394932
0.03694125
0.1616178
-0.02557605
0.2038431
0.2299073
-0.1197608
-0.04329864
0.02666778
-0.1369339
-0.02131538
-0.03619881
-0.05517891
-0.04314627
-0.1139117
0.09830046
0.01922814
0.07400285
0.04336951
-0.01087422
0.03565318
-0.01365979
0.05315858
-0.1029184
-0.2760424
-0.1053392
-0.1839224
-0.6249446
0.04353348
0.08505024
-0.284022
-0.2516559
-0.2270527
-0.246686
-0.08543251
0.0001004022
0.1069311
-0.2575877
-0.09861722
0.02236701
0.5775873
0.1198559
-0.004086111
-0.1308725
-0.211451
0.137227
0.01220706
-0.07189506
0.03634787
0.01847031
0.108514
0.1383622
0.007624982
0.03323429
0.1623086
-0.004712898
0.03055554
0.05634046
0.003710533
0.01641473
-0.09090828
0.1482684
0.0614082
-0.3433738
0.0879304
0.226084
-0.2113405
-0.2529567
-0.009180352
-0.0979412
-0.1254675
-0.1056067
0.1492768
-0.06500702
0.02306676
0.190429
0.006124123
0.05184051
0.07981101
-0.0944703
-0.1442265
0.2965279
0.08937092
-0.1778034
0.2126813
-0.002446069
0.1733138
-0.06765345
-0.008912524
-0.03892711
0.1312532
-0.005935046
-0.02852344
0.01048762
-0.04406308
-0.03841357
0.0838097
0.11739
0.06132844
0.1631929
-0.08971034
-0.2329438
-0.114993
0.165234
0.02212144
0.03474229
0.1606954
0.1120157
-0.1414135
-0.314901
-0.1464633
-0.222417
-0.5156124
-0.3683938
-0.06460389
-0.03424486
0.2657686
-0.130948
-0.08941218
0.2520702
0.03503581
-0.02164743
0.05960704
-0.03764087
-0.1947102
0.04088164
0.03716013
-0.2063
0.1025873
0.06157458
0.04485865
0.2204649
-0.1953451
0.3032595
-0.3768737
-0.1828292
-0.373442
-0.2295352
-0.03250998
-0.06475879
-0.1907045
0.07328422
-0.07873699
0.0484506
0.2453672
0.05591298
0.1844398
0.0626644
0.2202574
0.2148903
-0.009454811
0.07534956
0.1077806
-0.06030429
0.124282
0.06045807
-0.01363676
0.04241187
-0.01608622
-0.001661607
-0.08764927
0.1288154
-0.0236529
-0.07291235
0.1028182
8.639174e-05
0.05300429
0.005944086
-0.1826674
-0.1521382
-0.006786929
-0.2000764
0.4887415
0.02026393
-0.2212047
0.1691302
-0.1683617
0.01468731
0.1074746
-0.1234932
-0.2684582
-0.3036498
0.6623582
-0.08126018
-0.06804273
-0.120651
-0.05637106
-0.1121159
0.1646738
-0.006904132
-0.1919477
0.1833884
0.004593406
-0.08636492
0.08269707
0.1424796
-0.170385
-0.001248091
0.1551431
-0.1465236
0.0364388
0.05565261
-0.14743
0.005660114
-0.2194227
0.005877145
-0.01876121
-0.07045599
0.304987
-0.05775416
-0.1948924
0.04950705
0.1783757
0.1049677
0.1221608
0.02807115
0.03309661
0.004843089
0.1532451
0.04586411
-0.09777645
0.08428957
0.04402549
-0.01876895
0.06716043
0.3020543
0.1050264
-0.1706015
0.07190417
-0.1139632
-0.04079362
-0.02667231
-0.00613907
-0.02485254
0.1097483
0.08760419
0.1669999
0.06315995
0.01348607
0.03483132
0.2404284
0.1239393
-0.1989183
0.2547501
0.02057415
0.0289684
0.07133254
0.2068655
-0.0433608
-0.003570274
0.103116
-0.09288494
0.1461499
-0.05986847
0.1062577
-0.166032
-0.2071799
0.1654918
0.03827221
-0.07644594
0.1293412
-0.02707846
0.06486359
0.4392241
0.05096374
0.0215753
0.06346887
-0.03304089
-0.2466584
0.1213682
0.06830841
-0.3630001
0.1106598
0.2350622
-0.09662859
-0.06454948
-0.3528324
0.5928225
-0.6923899
0.114621
0.2005682
-0.1495581
0.08858447
-0.01414234
0.09590837
0.02754202
-0.04930007
-0.06207753
0.05590148
0.02036518
0.08109204
-0.1024809
-0.04762221
0.05844072
0.1062466
0.03500899
0.08733082
0.1466892
0.04751114
0.1342044
0.1213606
0.02639231
0.08258569
0.2614431
0.1329226
0.1388597
0.04422691
-0.1829653
-0.0524065
-0.1207987
-0.2046206
-0.1698501
-0.07571945
-0.178663
-0.1344934
0.1540743
0.2448696
0.2186457
0.07398284
-0.006251805
-0.153933
0.1410269
-0.04222282
-0.2505935
-0.3671162
-0.4102191
0.02949991
-0.07625362
0.4088118
0.3156073
0.004792451
-0.03333256
-0.1374137
-0.006360854
-0.1072512
-0.08201759
0.0354035
-0.004076683
0.03702323
0.05868876
0.08195472
0.11119
0.0893188
0.06419405
0.01241
0.05930006
-0.02716107
-0.04175336
-0.2764817
-0.291636
-0.224887
0.1476974
0.1986096
0.1437755
0.1576981
-0.002126669
0.0206054
0.2503152
0.3874431
0.2914918
0.1648368
0.07770162
0.001430484
-0.2101714
-0.4514506
-0.2787134
-0.5000868
-0.5680636
-0.1525162
-0.04699382
-0.03785142
0.1183789
0.1927238
0.3523903
0.4243737
0.04873118
0.033663
0.0249409
-0.1106642
-0.1326815
-0.09820238
-0.2496257
-0.2468485
-0.1269013
0.04169898
0.09526616
-0.0437008
-0.230984
-0.2424643
-0.2581902
-0.0842231
0.04245425
0.06357244
0.1366127
0.3031096
0.05853629
0.1542466
-0.09065217
-0.2537284
-0.2427325
-0.4468988
-0.310851
0.2413966
0.0842069
0.005069807
-0.2892935
-0.3823038
-0.2107885
0.01462555
0.004784275
0.1387524
0.07535867
0.04304896
0.005178827
-0.03927311
-0.131649
-0.0894532
-0.1172701
-0.0287152
-0.08472928
0.04583782
0.1203517
-0.2611679
0.02970902
-0.1499081
-0.09277123
-0.08145177
0.1316671
0.2721888
-0.008306704
-0.06644655
-0.009008549
0.0100379
0.1036749
0.1596449
-0.08413656
0.05881853
0.1945476
-0.035661
0.04111471
0.08936948
0.001459944
0.05484321
0.09648591
-0.0240818
0.04066875
0.05981379
0.02810464
-0.09486132
-0.2387048
0.09458022
0.02399696
-0.1420969
0.0875513
0.1487707
0.1097373
-0.05724815
-0.05285458
-0.01354591
-0.1689566
-0.08724017
0.05965463
-0.1462005
-0.151643
-0.05735236
-0.03819946
-0.03410582
0.2138158
-0.104687
-0.2517505
-0.1476356
0.2986534
-0.1116795
-0.1550724
-0.1801264
-0.175901
-0.0008301199
0.1739212
-0.005379797
-0.004647566
0.05294262
0.1921072
0.03450004
-0.06472196
-0.06815085
-0.08527606
-0.01255332
-0.04198159
-0.09828155
0.04012548
-0.00906903
-0.1095654
-0.07878942
0.1274118
0.281116
-0.262011
-0.04355269
0.278018
-0.2606859
-0.2421641
-0.04463001
-0.008031585
0.08262937
0.1875379
0.1163785
0.01860554
0.09368764
0.06415263
-0.01240261
0.0632934
0.1794905
0.2057994
-0.1231065
0.1018723
0.3001284
0.2192104
0.0263425
0.06701617
0.05894409
-0.02380075
-0.02798444
0.05698827
0.03496844
-0.004264919
0.03936396
0.03353165
0.007354042
0.05036503
-0.1644386
-0.06964766
0.05067533
0.05764605
0.02387435
-0.006171527
0.02559187
0.03699905
0.001769729
-0.1078936
-0.02073852
0.1648584
-0.2402643
-0.2384972
-0.06551883
-0.1680427
-0.3481571
-0.3151452
0.04614388
-0.05379765
-0.05152586
0.06177916
-0.05938327
-0.1583556
0.1237279
0.0488007
-0.07245201
-0.0207926
-0.1161776
0.05936655
0.1240308
-0.07340432
-0.05340596
-0.003492899
-0.004630982
-0.03294626
0.1047282
0.2500512
-0.05657718
-0.1418765
0.1820738
0.1410761
-0.07663579
-0.1503118
0.4151259
