16 3 3
-0.2492365
-0.5175008
-0.1764228
-0.1710332
-0.2329893
-0.3230965
0.1192273
0.08843801
-0.1645583
-0.3240297
-0.5147337
-0.09492272
-0.1559689
-0.1127812
-0.09908124
0.08839355
0.1510604
0.03693224
-0.01101306
-0.06050626
0.3086587
0.02381865
0.1714488
0.1668766
0.1304668
0.2545749
0.1763898
0.1672363
-0.02517944
0.0957571
-0.07015996
-0.468313
0.1406253
0.09881449
-0.06355499
0.1706798
0.2916677
-0.05939451
0.1883968
-0.06380711
-0.5907626
0.02935174
0.1918793
-0.06252268
0.1722303
-0.1193031
-0.381708
-0.1764316
-0.2057413
-0.6292869
-0.2087184
-0.02715742
-0.1935361
-0.1042228
-0.2239002
-0.3305021
-0.3513106
-0.3784948
-0.3798741
-0.5327966
-0.09642536
-0.3290474
-0.3762402
0.2903097
0.7106839
0.06126291
0.7041
1.470052
0.6606578
0.5861086
1.055047
0.6142734
0.1671872
-0.1643272
0.2103803
-0.7685899
-1.029368
-0.3394277
-0.585999
-0.8443326
-0.0412915
0.26414
-0.123338
0.2141211
-0.6700877
-0.9946147
0.3332284
0.3016469
0.09893621
0.1051755
0.1135242
-0.4028994
0.1948492
-0.6820012
-0.7791691
0.7258154
0.3467677
0.5606905
0.4959956
-0.2077826
-0.2598049
0.1396215
-0.7698078
-0.5603361
0.5713937
0.1600776
0.3643938
0.4265167
-0.5744994
-0.8343831
-0.1322956
-0.1951356
1.101552
0.1076563
0.4382965
0.6352658
0.09603345
-0.3855778
-0.3629325
0.1870864
-0.9615487
0.9312506
0.3687009
-0.5610473
-0.2350999
-0.1121611
0.3143615
0.1486238
0.08287196
-0.3708263
0.9572544
0.1946075
-0.465681
-0.134244
-0.09029016
-0.08964571
-0.1296489
-0.08842181
0.08274748
0.05087325
-0.3221952
0.08155833
0.124248
-0.02113215
0.255104
0.1116962
0.01132116
0.5209118
0.4121765
-0.1769192
0.2853917
0.311058
0.1066865
0.08208684
-0.06848279
-0.07060309
0.2261714
0.169492
-0.2402591
-0.05593989
0.0497665
0.009769549
0.000963904
0.007879475
0.0006900868
0.002251656
0.00789554
0.001873459
0.00265597
0.001745521
0.004448795
0.003341301
0.007883462
-0.00108086
-0.0006164219
-0.0002512754
0.004871772
-0.003099901
0.005642624
-0.004174108
0.004591495
0.008297273
0.005589338
0.01036724
-0.0003729477
0.004049072
0.00106223
0.009429793
0.004335991
0.1663781
0.477828
0.3770648
-0.4806607
-0.333535
0.4078589
-0.280422
-0.22149
0.358629
-0.1676132
-0.1716319
0.09078043
-0.7338921
-1.103534
-0.06604705
-0.1584483
-0.5154302
0.1957921
0.3121473
0.427244
0.2189031
-0.02099173
-0.2291814
0.1239593
0.001080912
-0.3049125
0.01411756
0.184048
-0.1565193
0.2099448
-0.5521539
-1.250409
-0.5425957
-0.4025608
-1.379926
-0.1478776
0.04054495
0.1331942
0.1445466
0.2557904
0.3217446
0.2171127
0.2218055
0.009561606
0.4912531
-0.1505189
0.1064072
-0.1311108
0.3114589
0.867396
0.1714718
0.2136995
0.5324675
0.4039473
-0.3956348
0.3864673
-0.5960829
1.338861
0.8341938
-0.5603746
0.7789446
1.377213
-0.7080051
-0.2106371
-0.05657105
-0.07746179
-0.645016
-1.472083
-0.2374726
-0.3428973
0.1035195
0.3188399
0.3237583
0.6447382
0.3932856
-0.3232318
-0.7624403
0.5524928
-0.4945749
-0.2456319
0.4243252
0.001685199
0.006305504
0.007024665
0.0003767707
0.002494675
-0.0004084761
0.0005332724
-0.006398653
-0.009225199
0.005073543
0.003254068
0.0101121
0.002182551
-0.003630984
0.001711481
0.001399336
-0.008631789
0.004057504
0.004610705
0.001973148
-0.002081359
0.0140406
2.223851e-05
0.002744392
0.006018685
-0.003885591
0.001307508
-0.1431102
-0.0592346
0.09631802
0.05552875
0.3753155
0.3411446
0.08585016
0.2983166
0.1047104
-0.0249093
-0.03722719
-0.01236021
0.0346494
0.2098927
0.04040149
-0.01390747
0.03687035
-0.1556887
0.2413193
0.1264648
0.0533625
0.1380569
0.1377461
-0.06920078
-0.06960507
-0.1640808
-0.3712384
0.4340911
0.8256849
0.2618246
0.3042356
0.3441943
-0.1598891
-0.2784333
-0.8219619
-0.5074068
0.2512075
0.8798466
0.3390703
0.04679523
0.3062296
-0.1180636
-0.3518597
-0.8092087
-0.4940834
-0.3033614
0.3503184
0.1615574
-0.2441189
0.3348612
0.1562451
-0.3433839
-0.2826675
-0.06071096
0.05323961
0.4536965
0.439885
-0.1441684
0.7024731
0.5345091
-0.8787768
-0.3559248
-0.3027901
0.01669243
0.09101456
0.01411334
-0.2235309
0.5190712
0.2879987
-0.5034831
0.06376107
-0.1368255
-0.2206746
-0.3739456
-0.2256961
-0.23102
0.2702932
0.321201
-0.164891
0.4270549
0.2987006
0.6202883
0.3820337
0.2250447
0.1824441
-0.1369039
-0.5204257
-0.002415998
-0.4514609
-0.3633852
-0.1353278
-0.4005493
-0.5601721
-0.2181466
-0.07334162
-0.6309132
-0.1450073
-0.04154003
-0.2844605
-0.4745762
0.01661568
0.002582815
0.007565795
1.135522
0.6703985
0.005290632
0.9259221
0.6594764
-0.1249782
0.1271737
-0.02938421
-0.03791798
0.8464109
0.4436042
0.9336345
-0.8812156
0.328859
-0.07008635
-0.03119755
-0.04501381
-0.3576772
-0.4547956
-0.08134469
0.8241371
-1.821393
0.2265899
0.2182363
0.03990034
-0.09477545
-0.1131843
0.3709624
-0.02654919
0.6330777
-0.7479437
0.246688
