-2.192801e-01
2.299028e-02
-3.496473e-01
-3.641860e-01
-4.184670e-01
-5.152646e-01
9.055541e-02
-3.213300e-01
-6.682968e-01
-2.285749e-01
-2.741513e-01
-1.114426e-01
-7.274541e-01
-1.207661e-01
-4.573366e-01
-2.815191e-01
-2.879455e-01
-5.723560e-01
-3.119359e-01
-2.354413e-01
-3.553018e-01
-6.248170e-01
-2.476086e-01
-3.813283e-01
-7.387350e-01
-5.714982e-01
-1.236174e-01
-7.020817e-01
-4.067712e-01
-5.143622e-01
-4.045909e-01
-5.326678e-01
-5.098574e-01
-6.793552e-01
-6.067426e-01
-6.767859e-01
-4.721451e-01
-5.130898e-01
-2.056768e-01
-6.087107e-01
-5.104016e-01
-6.879991e-01
-5.359022e-01
-3.320372e-01
-6.216651e-01
1.299263e-03
-3.553475e-01
-4.290740e-01
-6.224199e-01
-3.843422e-01
-2.392973e-01
-4.599049e-01
-4.340182e-01
-4.414495e-01
-4.205513e-01
-3.581593e-01
-4.249283e-01
-1.183629e-01
-1.135664e-01
-4.999054e-01
-3.889146e-01
-4.719369e-01
-3.586487e-01
-1.323791e-01
