16 16 3
-0.06185063
-0.03081342
0.0622151
0.06185964
0.1206987
0.1301518
0.1149683
0.1957019
0.1839451
-0.05486786
0.0716458
0.01371461
0.1089991
0.2138146
0.1613213
-0.0007888021
0.05240898
-0.02683796
0.141319
0.2211287
0.1705438
0.02014658
0.1267547
0.06864022
-0.1843186
-0.09992125
-0.1598844
-0.07006654
-0.04994325
0.05659114
0.192963
-0.06098215
-0.04628641
-0.03098783
-0.0937734
-0.04769505
-0.008802854
-0.01863887
-0.04034497
0.1500493
0.106004
-0.3087663
0.1270845
0.03191091
0.0145386
0.08115271
0.2734961
0.1594639
-0.1316978
0.1946894
0.1774589
-0.07553147
0.03173194
0.04204865
-0.0008572264
0.00304781
0.003132492
0.004282924
0.002493672
0.001175898
0.0008138829
0.002539533
0.0004001792
-0.210802
-0.01635021
0.06567848
-0.1157664
0.03967551
0.1223713
-0.1961422
-0.2791962
-0.2806731
0.102663
0.08019846
0.1009074
0.107071
0.1977271
0.2405003
-0.02788755
0.02788633
0.01771419
-0.05170196
-0.1822176
-0.1819438
0.05957829
-0.06113539
0.08560873
0.05795438
0.115515
0.1504082
-0.005314737
-0.00148012
-0.0003276495
0.001973453
0.002171635
0.001246871
4.960788e-07
-0.0001947967
0.003564241
0.0395541
0.1442433
0.1676146
0.1732482
0.351399
0.2674195
0.03373094
0.1585764
0.08229259
-0.2066349
-0.2450304
-0.126181
-0.002319311
0.04138534
0.0250249
0.06876531
0.195059
0.0451994
-0.01523863
-0.08718247
-0.04308521
0.2349535
0.2239681
0.03356521
0.03337932
0.08210639
0.0252207
-0.0702749
0.1383513
0.01809907
-0.1158577
0.1311863
0.08385359
-0.0573291
-0.02191989
0.07109606
-0.1228219
-0.2365323
0.04525221
-0.01182503
-0.09235729
-0.06187215
0.1033821
0.138886
0.1101748
-0.04927773
-0.05131394
-0.09232619
-0.04576699
-0.05630254
-0.1047221
-0.03726136
-0.02006609
-0.06345186
-0.1357651
-0.06918605
-0.006769107
0.002099075
0.04517894
0.09111962
0.0103154
0.06576926
0.1408566
-0.02693236
0.009567861
-0.01020707
0.05278123
0.1742802
0.1609609
0.1070513
0.2548809
0.2648334
-0.1946471
-0.1533242
-0.04009164
-0.1023454
-0.04945822
-0.07919873
-0.1372572
-0.09712047
-0.1625338
-0.02591437
-0.06574137
0.07355819
-0.1412648
0.03817235
0.1972528
-0.05306445
0.01116857
-0.01412177
0.01143999
0.01518122
-0.01084897
-0.07458466
-0.01583052
0.02150415
-0.1344454
-0.06806229
0.006955454
0.0002237589
-0.0002592333
0.0005068067
0.001756119
-0.004596546
-0.00285014
0.002667747
0.001018697
-0.0009457462
0.003689505
0.0889032
0.1116537
0.1457513
0.2328913
0.2051993
0.09194865
0.1942109
0.198434
-0.09287828
-0.089067
-0.1416927
-0.1226312
-0.1286971
-0.1926642
-0.1562292
-0.1331725
-0.246647
-0.2391079
-0.1089068
-0.01497104
0.01685297
0.2711133
0.3832309
-0.112095
0.1938021
0.2870596
-0.0001745083
-0.003263621
-0.002138815
-0.002567335
0.001586918
0.00243907
0.0003814075
-0.002158908
-0.003410182
0.003024005
0.03229908
0.01233014
0.0635738
0.1489006
0.1388518
0.07511917
0.1743444
0.1644647
-0.03534444
-0.07760299
-0.2273593
-0.1022993
-0.1047812
-0.09705602
-0.09567058
-0.02851402
0.1045342
-0.04506692
-0.07255388
-0.03835177
-0.1474438
-0.06700691
-0.01601314
-0.01674803
0.1170826
0.07811464
0.09632434
0.03414445
-0.09815294
0.08343626
0.02471336
-0.07357215
0.1343457
0.1302094
0.03340264
-0.02405776
0.07609855
0.1272628
0.0272437
0.1709578
0.1910101
0.03795254
0.0600436
0.09830311
-0.08873901
-0.04260156
-0.03211518
-0.004988632
0.1024313
0.03385289
0.09649935
-0.05925552
-0.04641138
0.006763581
0.05280768
0.1435977
-0.06473164
-0.1920407
0.1146128
-0.1748792
-0.219578
0.1562225
-0.09119617
-0.159692
-0.1152753
0.009030228
-0.04805863
-0.1437312
0.3166342
0.2701003
0.1052475
0.01029877
-0.0001186529
0.07582059
0.023547
-0.2927479
-0.2575039
-0.04241914
-0.1804926
-0.09279836
0.07657398
-0.09831063
-0.0549913
0.1069175
-0.0141094
-0.339893
0.03481886
-0.4020647
-0.3448827
-0.06330305
-0.1148181
-0.01304154
0.009726846
0.02359048
0.0558897
0.05610647
0.03170853
0.03503107
0.001574167
0.001241664
-0.001221857
0.004506409
0.002919191
0.001177221
-0.0005575299
-0.00316099
2.94923e-05
0.03312685
0.1580287
0.1785222
-0.1262787
-0.1186594
0.03640491
-0.143788
-0.02344894
0.09893755
-0.007288357
-0.09447977
-0.1178111
0.06682272
0.1091604
-0.00510653
0.09644822
0.2108853
0.0214751
0.2304493
0.488279
0.2309821
-0.1794797
-0.2931128
0.01290408
-0.03071033
-0.05018836
-0.04425907
-0.005813238
-0.006423588
-0.001780816
-0.003226124
-0.000314049
0.004482875
0.002085918
0.007358992
0.004661377
-0.107969
-0.1270692
-0.06065844
0.09023879
0.05000737
0.003056058
0.03280207
-0.01705737
-0.02276467
-0.3396674
-0.2491752
-0.04763544
-0.4542105
-0.3436805
-0.3166387
0.1606683
0.2142279
0.0367319
-0.2030722
-0.1828496
-0.3100135
0.1589232
0.05779314
-0.1625933
0.135037
-0.02893523
-0.01048055
0.05531655
0.07151504
-0.08094753
0.1056512
0.2046148
-0.1153211
-0.006413918
-0.006763645
-0.1284916
0.1056765
-0.3668746
0.1924196
-0.07392731
-0.02134175
0.07270035
-0.1750948
0.005970718
0.07860378
0.04884353
0.02354012
0.004347023
0.1666126
0.0507349
0.009036744
0.06321909
-0.0355827
-0.1816267
-0.2795217
-0.0338596
0.1745475
-0.2800485
-0.1851524
0.05893517
-0.1312252
-0.1369819
0.2610906
-0.1985347
0.2720356
0.4058068
-0.3762297
0.04162851
0.3664401
-0.4903047
-0.2262796
0.001093376
0.1330519
0.01876676
0.1975097
-0.1016058
-0.1873459
-0.1279279
-0.3406041
-0.4163042
-0.1852812
-0.02777821
-0.1855742
-0.184626
0.1913983
0.2768961
0.05568259
0.07892758
0.2646673
-0.08893123
0.117396
0.09297459
0.06486445
0.0983604
0.1589312
0.1040939
-0.02602933
0.09001295
0.1922847
0.00204364
-0.0006511885
-0.001827245
-0.001430525
-0.0003355033
-0.000617442
-0.002670598
0.001773463
0.0005709582
-0.03535472
-0.07897216
0.05015501
-0.1492396
-0.2283582
-0.07247055
0.04270534
0.001704284
0.1812316
0.4077547
0.4285707
-0.02939887
0.2004696
-0.008863147
-0.1292789
-0.2577671
-0.3644992
-0.3663567
0.170785
-0.4571207
-0.556707
0.08964194
-0.1858109
-0.3162458
0.1860783
0.4383349
0.5699842
0.0005773078
-0.001694262
-0.002859229
0.001572145
-0.00295406
0.00157172
0.002830198
-0.0025136
0.003578664
-0.1190652
-0.1684826
-0.1898478
-0.1667687
-0.1613099
-0.1556793
0.01782122
0.1262968
0.02038857
0.2018988
0.1326517
-0.06263333
0.02450501
-0.09771213
-0.07338876
0.2054871
0.1474341
0.1147179
0.09446758
0.001029784
0.05548961
-0.1133301
-0.1227306
-0.1297338
0.112408
0.04392911
0.05244846
0.1619762
0.06039055
-0.3732957
0.07314185
-0.08037204
-0.3753261
-0.1358067
-0.1667606
-0.2029913
-0.06888844
-0.4157913
-0.2981287
0.2786438
-0.364527
0.2056348
-0.02270049
0.1863104
0.1279293
-0.1848538
-0.1464968
-0.0492948
-0.07704635
0.01258355
0.0171819
-0.05461504
0.04462191
0.08872873
-0.06104684
0.08084441
-0.0935825
-0.07114021
0.1038797
-0.05555666
-0.08898134
0.0839596
0.0024288
-0.06189554
-0.08812178
-0.03948149
-0.04601692
-0.07047745
-0.01978996
0.06254014
0.04100448
0.04042066
0.06107592
-0.08372286
0.02430621
0.06277641
-0.03182257
0.02347183
0.03638612
-0.03056077
0.001876816
-0.1531047
-0.05679006
0.1375033
-0.07656852
-0.162929
0.05429339
0.05055369
-0.1650834
0.02472932
0.05152696
-0.05308769
-0.04593465
0.1246354
-0.0259377
-0.053476
0.1850194
0.01353025
-0.05934485
7.457531e-05
0.001317413
0.001022213
0.0005395426
-0.000533616
0.003051707
0.0002160739
-0.00137533
-0.0003314361
-0.06416295
0.03654797
0.1096488
-0.04519029
0.001405272
0.1142474
-0.04330334
-0.1330497
-0.02543512
0.01749505
0.06311409
0.0576369
0.004082452
0.03709866
0.0128895
-0.02770251
-0.05291717
-0.05921277
-0.05505252
-0.05202265
-0.027491
-0.03430968
-0.07973999
0.008297425
-0.03560852
-0.02117006
0.04378586
0.001226549
-0.001153226
-0.0007283404
0.003140173
6.395538e-05
-0.0002497904
0.0001236047
0.001583081
0.00277388
-0.05674639
-0.05877468
-0.04339998
-0.004124485
-0.001897798
0.01982347
0.05444742
0.02652899
0.04058917
0.01109601
-0.03830648
-0.004027195
-0.07715034
-0.1427167
-0.02537329
-0.05469607
-0.1664604
-0.0950074
-0.1042798
-0.04471664
0.0219105
-0.08601455
-0.0657182
0.0116408
-0.05928343
-0.07265858
-0.01037613
0.07637984
-0.07022228
-0.07903281
0.1365543
-0.07539386
-0.1146941
0.07450765
-0.07566395
-0.07410071
-0.02792715
0.2560519
-0.0635476
-0.2853932
0.3789386
0.03930328
-0.2966179
0.2512942
0.1590977
0.07847666
0.05579406
0.1383353
-0.01845687
0.03410309
-0.04714499
0.1806188
-0.1568162
-0.1516098
-0.09141661
-0.2198974
-0.1537034
0.1012067
-0.4801723
-0.1674844
0.1855198
-0.08083677
0.1395199
-0.08125803
-0.0166481
-0.02690154
-0.1269978
0.1043336
-0.1125103
-0.05543412
0.09992304
0.0009152601
0.08128507
0.02904448
0.0306193
0.5280294
-0.4129762
-0.2623905
0.08652264
-0.1255214
0.09681424
0.006904489
0.2473846
-0.4180686
-0.04753538
0.8192601
-0.4538587
-0.01859985
-0.4355877
-0.1187787
-0.01167255
0.1230858
-0.009700935
-0.1064757
0.1330876
0.04369274
-0.01211423
0.06368066
0.02473168
0.002715264
-0.0002123289
0.001317786
-0.004104417
0.0024546
0.001232093
-0.002352909
0.0004832809
-2.799216e-05
0.095434
0.1350916
0.2219822
0.1489441
-0.1201938
0.0320079
-0.01545068
0.07077532
0.03276556
0.2761511
-0.127196
0.1126607
-0.04782844
0.07832614
0.1319152
-0.06447157
0.02731897
-0.1097643
0.00564163
0.2193775
-0.1378269
-0.06853608
-0.3334516
0.315407
-0.2230404
0.1997598
-0.003175207
-0.002600334
-0.007214733
-0.000636081
0.002288345
-0.007699295
0.005598873
0.003116447
-0.0002359964
0.003182592
0.01652673
-0.005861195
-0.03439137
0.1044535
0.1745597
0.07415292
-0.06901414
0.05336478
0.05017591
0.08049635
-0.1102462
0.05704105
-0.06930023
0.1488758
-0.04679964
0.004705249
0.2782469
-0.1250514
-0.1939804
0.06886259
-0.3096338
0.09927338
0.3258245
-0.1864253
-0.1568136
-0.06497075
0.0536441
-0.1155242
0.1065698
-0.06974848
-0.1631676
0.1648224
-0.07451314
-0.07878123
-0.07479275
-0.01440547
0.2515069
-1.159926
0.6284405
0.1446335
0.1554534
-0.07806822
-0.1441829
0.07324031
-0.1146147
0.05372638
0.01555616
-0.03545046
0.08176309
0.05121692
0.0417312
0.251994
0.1878335
0.01405449
-0.2525378
-0.1146567
0.03420198
-0.08842699
0.03400123
0.03004131
-0.09994441
0.0752757
0.04454805
0.1584864
0.1392739
0.1430349
-0.01823942
-0.1150118
-0.07768572
-0.06323338
-0.2689081
-0.1625281
0.02546295
-0.116464
-0.02002903
0.1939973
-0.03327521
-0.07849032
0.2089372
0.002320444
-0.2229871
0.2043291
-0.05241973
-0.1130705
-0.1935262
0.08119612
0.331376
0.0251068
0.01560629
-0.04902377
-0.02404631
-0.06745797
0.02877345
-0.1364539
-0.1263177
0.03645394
-0.2015195
-0.1380692
0.03003864
0.0005139832
0.00099663
0.002222847
0.0002935111
-0.0006971493
0.001058964
0.0009488693
0.001571356
-0.0002125201
-0.03229133
-0.0900683
0.0008464684
0.1627533
0.1093163
-0.05816356
0.03104773
0.07982247
-0.1007503
0.2747794
-0.02806043
-0.1807287
0.3516163
-0.2235634
-0.4597722
0.3245611
-0.2205869
-0.487643
-0.2834522
-0.09035936
0.038293
-0.3595924
0.01740212
0.5845063
-0.4283353
0.005473801
0.668198
0.002537207
0.0008969458
-0.000537175
0.001182358
-0.001813886
-0.002376804
-0.0008518705
0.00234382
0.000395031
-0.04475328
0.01283277
0.07148159
-0.05573631
0.112982
0.205396
0.00978208
0.1972553
0.2542446
0.1529233
0.08222746
-0.002105752
0.1241105
-0.1257476
-0.07416638
-0.02674543
-0.08036298
0.1651027
0.1444334
0.007435117
-0.02494222
0.03865496
0.1280463
0.1199817
0.04225998
0.330499
0.2814119
0.2136109
0.007516872
-0.08854937
0.1861561
-0.120668
-0.03543393
0.2341441
0.02594734
0.1427365
-0.1915486
0.117632
0.08831801
-0.02915228
0.2806763
0.2977359
-0.0147004
0.182254
0.2975551
0.03932422
0.05018421
0.09793422
0.02331934
0.04158189
0.1165833
0.08319424
0.1053235
0.1605882
-0.03805255
-0.03331902
0.0111298
-0.05860583
-0.01899336
-0.0116471
-0.03379719
-0.008026455
-0.01033481
0.2149844
0.2922122
0.1862879
0.124147
0.2946505
0.1861018
-0.06281698
0.1054167
-0.03977742
-0.09388815
-0.0465784
0.01350378
-0.08546626
-0.03800806
0.07170566
-0.02583035
-0.0008218216
0.07484194
-0.01466945
-0.03300772
-0.08084269
-0.007487183
-0.08916655
-0.07569797
-0.1232795
-0.1661251
-0.08938106
-0.07264399
-0.07478464
-0.03589249
-0.06496498
-0.0623493
-0.04177327
-0.06049239
-0.0865972
-0.05665485
-0.0008363055
0.00271716
0.002186282
0.001661078
0.0005203846
-0.002329256
-0.005223576
0.002871466
-0.001435021
-0.06074993
-0.09528171
-0.03302524
-0.01486012
-0.08514988
-0.04026756
-0.00334382
-0.06919211
0.01217822
-0.1428513
-0.03931085
0.114451
-0.003098819
0.09986743
0.2356472
-0.002354043
0.048597
0.1272651
0.1013733
0.1601328
-0.05018202
0.05205161
0.06472003
-0.07928403
0.0142369
0.05108608
-0.02477278
0.005445617
0.003773622
0.002391237
-0.0006521285
3.04106e-05
-0.003822703
-0.003778763
0.003102841
-0.001213786
0.03719364
0.05182789
0.03169265
0.05516326
0.06491042
0.03461851
0.02710952
0.02781487
0.01242694
0.02916868
0.02939957
-0.008952273
0.02976238
0.07624765
0.06565797
-0.04360652
0.04622436
0.06274149
-0.04617837
-0.08817604
-0.1092654
0.04711546
0.0001060987
-0.02210075
-0.04436706
-0.08999713
-0.1227242
-0.009780227
0.08902293
0.1687099
0.09830334
0.1353939
0.1300971
0.08519737
0.04813829
0.01468591
-0.03554687
-0.0956331
-0.2351844
0.07888288
0.01310346
-0.1770086
0.03220524
0.004310466
-0.1486646
0.0008209363
-0.02094825
-0.04279751
-0.0429707
-0.07228193
-0.1274055
-0.05321923
-0.04076932
-0.04225136
-0.04665871
-0.04410734
-0.04271472
-0.03564255
-0.01916585
-0.04520756
0.06260148
0.08219212
0.04138959
-0.2080671
-0.2258509
-0.2278372
-0.07353152
-0.08431056
-0.1219203
0.07056495
0.09701985
0.09028795
-0.008248952
0.09904043
-0.1097404
-0.05855504
0.007606092
-0.1216017
-0.1009612
-0.04354956
-0.05889006
-0.1139138
-0.03687304
-0.02043071
-0.04049902
0.03155147
0.03721537
0.01196004
0.1070314
0.1473656
-0.03603523
-0.01109532
0.0362784
-0.03418071
0.002191385
0.07741558
0.004351201
0.04446805
0.1180877
-0.001549879
0.002190514
-0.002349499
0.0006367692
-0.002912067
0.004364781
-0.0006780165
-0.0002708948
-0.003344683
0.09976773
0.1083498
0.06336764
0.06778302
0.1223849
0.1411151
0.0262643
0.1296949
0.2088113
0.1437633
0.3311977
0.3111506
0.03256108
0.2071164
0.224333
-0.09292147
0.0148996
0.06212493
0.1333535
0.006531866
-0.1139953
0.06541877
0.1032233
0.01642316
-0.08067076
0.02925842
0.02472378
-0.0003832338
0.001168238
0.001449529
-0.0009660737
0.0003250985
0.0002039549
-0.002267104
-0.001643716
0.00217915
-0.1105047
-0.09727231
-0.08730667
-0.09256259
-0.0729121
-0.05170079
-0.05763968
-0.03116913
-0.01439846
-0.04282372
0.04488688
-0.007579118
-0.09702131
0.04410335
-0.03004266
-0.1286092
0.03005428
-0.02144604
0.02118867
0.1172851
0.1152415
-0.07766324
-0.02660396
0.003455194
-0.09332878
-0.1028981
-0.01357111
0.1982438
0.3835649
0.2813233
0.0702596
0.1949454
0.09005691
-0.1340181
-0.06423029
-0.1371971
-0.01828033
0.09280259
0.04150934
-0.01134452
-0.003368862
0.04624499
-0.0926732
0.06075202
0.0381908
-0.1168358
-0.00984956
-0.02482106
-0.03159003
0.1107988
0.09721805
-0.06365215
-0.01432277
0.09457935
0.01028633
0.0461635
-0.0522265
-0.1394023
-0.1040402
0.07983109
-0.1392722
-0.2102475
0.1424576
0.4999292
0.2113234
-0.3139061
0.3903449
-0.1707448
-0.5830141
0.03781498
-0.336875
-0.5885851
0.07242408
0.08585268
0.05531842
-0.1261021
-0.04839111
-0.0174611
-0.06792105
-0.1825139
-0.1626738
-0.08937651
-0.1039913
0.1535404
-0.1696109
-0.3350637
-0.1419868
-0.3035753
0.01026562
0.08287011
-0.009864384
-0.01583728
0.1110151
0.07193825
-0.002586572
0.01975302
0.03989094
-0.01911454
-0.0008524364
0.001198187
0.0002648669
0.0031118
0.0007164523
0.0003913528
-0.001349168
0.002054092
-0.003450419
-0.002172077
-0.1136169
0.00366455
-0.06943706
-0.3164454
-0.1774655
0.1349375
-0.06717449
0.04320299
0.2322101
-0.1083462
-0.09998343
-0.00299121
0.05289989
-0.2063054
-0.1119987
-0.1111574
-0.1912345
-0.2548706
-0.08289339
-0.2686524
-0.1059571
-0.4859142
-0.1608636
0.322438
-0.03164903
-0.2447478
0.3245317
0.0006042823
-0.0007927642
0.0009398016
0.00240353
8.208735e-05
0.001050994
-0.001046236
-0.004110291
-0.002601539
-0.006717526
0.02247442
0.02959955
-0.05935837
-0.04161884
0.08742846
-0.002219252
0.07580601
0.1940602
-0.0472398
-0.1178503
0.1118828
0.06963793
-0.1361542
0.0003688579
0.233988
-0.03329952
-0.1310637
0.02401567
0.1187787
0.1197628
0.02298621
0.00298827
-0.2755767
0.005339917
0.1239648
-0.009893411
-0.1268904
-0.11068
0.08013336
0.009988232
0.03550605
0.07101984
0.01783383
0.1146021
0.1744958
-0.02084487
-0.2176586
0.002425518
0.05486723
-0.7463514
0.2493636
-0.006012878
0.09111052
0.2708155
0.2078143
0.07432511
0.003586658
-0.004174707
-0.001142946
-0.04060618
-0.1078456
-0.1270514
-0.1249521
0.1457886
0.1280925
0.1376593
-0.001989536
-0.01890497
-0.04994453
0.0231804
0.01063656
0.02090334
0.02122992
0.01255997
-0.03815046
0.03385294
0.0524958
0.00117666
-0.03708254
-0.02215875
-0.03428813
0.2653241
0.1902158
0.1494856
-0.02686255
0.06463882
-0.124824
0.1929769
-0.1060125
-0.02101123
-0.07746982
0.06717253
-0.153843
0.09857433
0.4494499
0.2572699
0.05837578
0.2826435
-0.1558384
-0.09825789
-0.132522
-0.02894236
0.03695162
-0.06204472
0.02338149
0.03359467
-0.01246273
-0.01576414
-0.002475425
-0.000916623
0.002136882
0.000265083
0.0002807902
0.001155492
0.0007222335
0.002174594
0.001275303
0.001293524
0.04202118
0.01912558
0.1384785
-0.002228115
-0.09414388
-0.04466916
-0.09696052
-0.07408933
-0.06362025
-0.04884389
-0.01375301
-0.0007978507
-0.09544956
-0.07981859
0.01944057
-0.05631
0.005250714
0.01346063
0.1186142
0.1516503
-0.1029097
-0.04654425
-0.06374984
-0.06211818
0.02049645
0.03957979
-0.001863861
0.003554193
-0.0002982113
0.002785658
-0.001434319
0.001033679
-0.003523802
0.0002227076
0.001397033
-0.02597275
-0.01372719
-0.01096768
-0.03425408
-0.03608919
-0.03762285
-0.006845681
-0.02288137
-0.04973176
0.0126377
0.0784751
0.0333286
-0.0571166
-0.01331333
-0.1014852
-0.2807561
-0.006290672
0.05653848
0.002305744
0.2740122
0.1298694
0.003112362
0.1310334
0.01489393
0.005127269
0.1266132
0.06121144
0.002618868
0.06017517
0.03857122
0.122741
0.1516333
0.1407626
0.056122
0.05355503
0.02482801
0.007303856
-0.24306
-0.1332533
-0.1944178
-0.1572042
0.1235828
-0.04586962
0.2087754
0.130284
0.01105585
-0.03613194
0.03169013
-0.1892608
-0.2607986
-0.2171664
0.1230474
-0.238054
0.006003329
-0.01529211
-0.2068222
-0.05123172
0.09155231
-0.3158324
-0.1345613
0.1736967
0.4675333
-0.1089163
0.03955697
0.06596207
-0.04121568
-0.09877292
0.1337703
-0.01812234
0.04369326
-0.09757429
0.01497033
0.01323633
0.07226317
0.108345
-0.213716
-0.5943154
-0.2939989
0.1645595
0.3625743
0.00590382
-0.04510712
-0.1122824
0.01440785
-0.1202199
0.2005505
-0.1215975
0.03574928
-0.3043632
0.0653179
0.0584453
-0.06174006
-0.111971
0.07435025
-0.04039135
0.08686908
0.07050347
-0.04741819
-0.02039272
-0.0001073107
-9.738535e-05
0.001554775
-0.002911601
0.0008930356
0.001457327
0.0004603104
0.0004459713
0.002641728
0.058954
0.2033056
0.2348967
-0.1109395
-0.2883337
-0.2488993
0.135857
0.2770282
0.08816271
0.06365561
-0.06562051
0.2144228
-0.2570584
0.2915989
0.1677758
0.159092
0.02968805
0.1534147
0.142856
0.3044392
-0.3011233
-0.3184953
-0.5150101
0.1857209
0.2017698
0.5666749
-0.211511
-0.003994342
-0.001385205
0.0006071839
-0.005002041
-0.0002898822
0.0002875676
-0.0007280345
0.0004505395
-0.002153212
-0.07973722
-0.08267116
-0.01930064
0.2342478
0.116716
-0.07795344
-0.1009896
-0.07757733
0.08433504
-0.2644145
-0.1665059
0.01621254
-0.08209557
0.3428645
-0.2118572
0.1067809
-0.1026832
-0.02899205
-0.1353596
-0.02674998
-0.1003111
0.2412091
0.2919203
0.2770479
-0.06533544
-0.09407126
-0.0895067
-0.1114106
-0.02059061
0.02942333
-0.2313263
0.009237736
0.1335896
0.07981368
-0.06468065
0.05827873
-0.04795855
-0.2852849
0.3760082
-0.04614115
0.8549625
-0.9297044
0.06842094
-0.4114414
0.5123002
-0.1279683
-0.1693992
-0.1180525
-0.08480809
-0.1229202
-0.04576136
0.02190801
0.02389014
0.07136925
-0.06862967
-0.1775939
-0.07605643
-0.04119949
-0.1842679
-0.2278015
0.08270472
-0.04419116
-0.1403936
0.1462872
-0.0698514
-0.040042
0.1515741
-0.1240008
-0.1370585
0.3147835
0.09589713
-0.04276704
0.04778236
-0.06191353
0.01083094
-0.1268066
-0.1701784
-0.04138152
-0.005213097
0.008859954
0.07867327
-0.02106181
-0.03768098
-0.1887466
0.07012386
0.101357
-0.02808517
-0.051963
0.04107489
0.1050677
0.1178094
-0.01650189
-0.08956512
0.1852689
0.06596129
-0.04175461
0.1646807
0.1235908
0.02952987
0.002105258
-0.0008785946
0.0001416589
0.0007428806
-0.0007259127
-0.003723516
-0.0007435179
0.004816331
-0.001047473
-0.06375452
-0.1337066
-0.04286079
-0.03954244
-0.09582157
-0.0692325
0.1353403
0.05299579
-0.0144975
-0.05426736
0.2109356
0.2006563
-0.182651
0.05994798
0.1655589
-0.2353172
-0.1727569
-0.05965083
0.179361
-0.002102583
-0.3680232
0.3300421
0.258722
-0.09755699
0.2458652
0.4248468
0.2020235
0.002990696
0.004413116
0.0004755812
-0.0005134825
-0.0005751672
0.004082721
0.005711602
0.001557223
-0.0001426753
-0.07687473
-0.1288971
-0.08756316
0.04779748
0.007381175
-0.01765003
0.2209618
0.1963714
0.1387285
0.06245247
0.1613791
0.0005492065
-0.07362125
-0.1160164
-0.1822858
0.05965184
-0.02713208
-0.1676813
-0.04674282
-0.06198811
0.01260371
-0.05127494
-0.1692844
-0.08615399
0.1656469
-0.0510566
-0.0402373
0.03113688
0.07635194
-0.1069195
0.02565737
0.08035339
-0.112687
0.02431413
0.0744895
-0.05225208
-0.1792383
0.07419296
-0.07196515
0.002782322
0.03052065
-0.05870602
-0.0867406
0.02915004
0.1261764
-0.04922257
-0.03199095
0.0194797
0.1238348
0.3568941
0.2884388
0.03978816
0.1838565
0.07764272
0.2016144
0.5618071
0.163562
0.2641056
0.5285778
0.1840034
-0.07007656
0.03642651
-0.02613158
-0.06710882
-0.04511208
0.02958473
-0.05202486
-0.1388242
-0.01140478
-0.005192156
-0.09116473
0.02421344
-0.2607202
-0.005948437
-0.1089768
0.04758121
0.3667257
0.05305943
-0.06205665
0.03940766
-0.1111576
0.1185111
-0.2207385
0.1170814
-0.07859312
-0.08731116
0.07457495
0.08423139
0.1993832
0.05746866
0.05163186
0.07879105
0.09551152
0.01925445
0.0327647
0.04831415
-0.03135406
0.013201
0.03559654
0.00116395
-0.0016373
0.0008139857
-0.002104821
0.002255776
-0.002533345
1.042707e-05
-0.000528133
-0.00235004
-0.08924103
0.2197322
0.1021813
-0.1072062
0.1035194
0.148621
-0.1532342
-0.09988306
-0.005793695
-0.007786825
0.07402035
-0.08308125
0.05877865
0.02796233
-0.04003949
-9.64803e-05
-0.02654993
-0.1255842
-0.08371869
-0.2065501
-0.2841773
0.2996219
0.001897076
-0.005216049
0.1300856
-0.07540838
0.02866345
0.002783472
0.0003522705
0.001574223
0.003661379
0.0005178979
-0.0009450417
0.004682136
0.001735922
-0.0007901212
0.02288321
0.03477274
0.009475164
0.02680088
0.01971189
-0.01716793
0.005574387
-0.004134427
-0.01974511
0.1195729
0.1501929
0.1415269
-0.04562789
-0.03349992
0.1336733
0.09991499
0.03801575
0.01440862
0.0555617
-0.01855345
0.06672426
-0.01401387
0.002209496
0.005130256
0.00624602
0.04969214
-0.07141956
0.004236609
-0.03972027
-0.01903137
0.1237522
-0.001885547
-0.03538987
-0.03077766
-0.03175728
-0.1202488
0.06622216
0.297066
-0.312599
-0.007579919
0.006924467
0.09864689
-0.2005015
-0.04080083
0.05595504
0.01316478
-0.1905487
-0.2469067
0.06416277
-0.02009039
-0.1784971
-0.006943109
-0.02466952
-0.2229197
0.2250745
0.3898697
0.2333515
0.06424906
0.2101769
0.07458342
-0.2110775
-0.2541625
-0.08850065
-0.3003354
0.3993216
0.4660404
-0.1887005
0.07860027
0.06544425
-0.3296896
-0.5529463
-0.6764713
-0.09817638
-0.06666958
-0.004934367
-0.08768203
-0.1536521
0.07388739
0.04399094
0.05539721
0.1932544
-0.0235425
-0.2117641
0.2276416
0.2070452
-0.2614905
-0.04498722
0.07611493
-0.284705
-0.19911
-0.03363492
-0.06618462
-0.07743919
-0.07805933
0.02062841
-0.0112168
-0.1336216
-0.02259902
-0.05004482
0.0008481335
-0.001215875
-0.002923373
-0.0005948404
-0.0004496149
-0.0006075611
-0.002514032
0.0008503448
0.001002653
0.04212064
0.11665
-0.03072397
-0.01230919
-0.01445832
-0.08447769
-0.06222706
-0.125122
-0.122564
-0.09997206
-0.4367994
-0.3770139
0.1725854
-0.1767947
-0.08751976
0.2720351
0.2637469
0.3402901
-0.3128707
0.05262782
0.3495857
-0.4692436
-0.1617891
0.1411662
0.108344
-0.09294102
-0.2392194
-0.001799787
-0.001388272
-0.00025344
-0.001573002
-0.002458474
0.002804106
-0.001163076
-0.001176846
-0.002855723
-0.002005535
0.08380543
-0.01134133
0.04440702
0.03940149
-0.08497746
0.1197257
-0.0107118
-0.1154696
-0.0246605
-0.1209811
-0.04536685
-0.1180482
-0.247312
-0.0003058763
-0.02422995
-0.01143126
0.07533271
-0.1425171
-0.248777
-0.009385852
0.007298702
0.02178378
0.03457381
0.05852639
0.1149986
0.0719707
-0.3610045
-0.6352332
-0.2950893
-0.2662213
-0.3346499
0.04723749
0.003213653
0.1767087
0.3789127
0.05604184
0.02795277
-0.03602905
0.1147448
-0.3397815
0.004471324
0.1499911
-0.03621528
0.08100625
-0.0254472
0.01612719
0.006580794
0.004780591
0.02040041
0.02996374
-0.02350158
-0.02032271
0.01127874
0.05851774
0.105851
0.06329145
-0.01564047
0.04632362
-0.01161531
-0.02598578
0.07858925
-0.007500969
-0.106932
-0.03309197
-0.02000134
-0.05070431
0.0595005
0.08215632
0.03320972
0.1618139
0.1804061
-0.04658924
0.101974
-0.05220568
-0.1001812
0.02406058
-0.1101093
-0.1175461
0.06634171
-0.05291067
-0.04736468
0.06140632
0.1626532
0.06367057
-0.00535531
0.1377067
-0.02666222
-0.1073909
0.01752759
0.0772903
0.06573861
0.0503994
0.003473151
0.01118447
0.008927704
0.001025729
-0.01913621
-0.008922767
0.001164106
0.002631404
0.002426312
1.670539e-05
0.003069735
0.001064998
0.001220721
-0.001514785
-0.0004538737
0.1011293
0.07095552
-0.03168504
0.1082596
0.1754286
0.126496
0.1492613
0.1668034
0.1187377
0.05024149
0.117935
0.05531399
0.03359839
0.1137691
0.02410843
0.08922073
0.1181593
-0.02226376
0.127724
0.05202369
0.1129938
0.06802253
0.01231427
0.1306102
0.08733804
0.1609063
0.2075414
0.00222267
0.00361548
0.004517249
0.001201924
0.001698595
0.003047274
-0.001218591
0.002092729
0.002394381
0.06854811
0.1002674
0.1380852
0.03880646
0.04751659
0.08565833
0.04750058
0.06244443
0.0898361
0.08910496
0.08190498
0.134196
0.1775391
0.2402913
0.3036801
0.1557853
0.1473197
0.178909
0.1008378
0.1436633
0.2265741
0.1169433
0.09134074
0.2180304
0.004762975
-0.02874066
0.07054143
0.1133937
0.1039923
0.1119221
0.0905093
0.07493959
0.03950564
0.07866289
0.05263519
0.02294496
-0.007247537
0.1225137
0.04018629
-0.0987376
0.2612316
-0.02150844
-0.1219875
0.03092015
-0.1697035
