-7.228323e-01
-5.206978e-01
-3.693846e-01
-6.986803e-01
-7.554242e-01
-6.122887e-01
-4.571813e-01
-4.718834e-01
-3.331155e-01
-4.821287e-01
-5.399890e-01
-3.826290e-01
-7.228291e-01
-4.952611e-01
-7.008283e-01
-5.716213e-01
-7.353117e-01
-3.703128e-01
-3.764880e-01
-7.012525e-01
-5.463629e-01
-2.787961e-01
-4.240558e-01
-5.629977e-01
-5.850340e-01
-2.333203e-01
-5.457762e-01
-1.832288e-01
-5.398842e-01
-3.631144e-01
-5.452650e-01
-2.783367e-01
-4.189110e-01
-5.502169e-01
-4.219289e-01
-3.542515e-01
-1.738154e-01
-7.033886e-01
-4.988577e-01
-3.401931e-01
-7.427353e-01
-3.532402e-01
-6.960787e-01
-2.597753e-01
-5.627712e-01
-3.944429e-01
-2.654484e-01
-6.214193e-01
-5.232038e-01
-3.515216e-01
-4.619787e-01
-4.295267e-01
-4.404997e-01
-4.419553e-01
-5.006307e-01
-5.304122e-01
-3.072292e-01
-6.004995e-01
-5.430069e-01
-5.125857e-01
-4.447593e-01
-1.237771e-01
-5.322784e-01
-2.576994e-01
