16 16 3
-0.05855918
-0.02110724
-0.004461171
0.05467749
0.01955967
-0.0326689
0.08966027
0.06840853
0.04253699
0.1872257
0.06921783
0.06567811
0.04002621
-0.03658582
-0.03620041
0.001010246
-0.01798727
-0.02368585
-0.1248606
-0.004710135
0.001636442
0.09292924
0.1544575
0.02333285
0.02194095
0.0400736
0.04947164
-0.2068863
-0.1507979
-0.1239951
-0.03114138
-0.00164268
-0.01950349
-0.01572164
0.1607619
0.09551284
-0.1143741
-0.103194
-0.1598781
-0.07379763
-0.1370061
-0.1590581
-0.0303006
-0.1389294
-0.1241052
-0.1221267
-0.07567482
0.01908767
-0.0522609
-0.1618741
-0.2567838
-0.04976687
-0.05596737
-0.2431289
-0.1451234
-0.1413177
-0.1669516
-0.1528949
-0.160161
-0.184786
0.06349242
0.06128857
-0.04911121
-0.0215627
0.00722263
0.009042871
-0.01252657
-0.01657865
-0.04395242
-0.01598642
-0.05692172
-0.0872738
0.05790029
0.163691
0.1337223
-0.05603525
0.02179773
0.01519454
-0.07801943
0.01191643
0.001875002
-0.1601193
-0.1941184
-0.07107536
0.02284576
0.04008492
0.04557813
0.05843414
0.1240444
0.06030958
-0.06784943
-0.04493403
-0.2180182
0.004575341
-0.01613986
-0.1858511
-0.2729621
-0.1407694
-0.2157994
0.00356461
0.1676458
0.1688905
-0.1205362
-0.1807392
-0.1074593
0.06601104
-0.08561783
0.02668314
0.1787491
0.08261665
0.06922483
0.04938646
-9.69966e-05
0.01868888
0.0876937
-0.03072934
0.000576797
-0.07593699
-0.1162575
-0.1496859
-0.04938409
-0.01440273
-0.003142593
-0.1862784
-0.2042821
-0.02954062
-0.02278049
0.04482969
-0.01987352
-0.01883681
0.004175832
0.03970839
0.04025649
0.01532105
-0.04923751
-0.07909686
-0.03633156
0.02318976
-0.09043452
-0.1245458
-0.05840536
0.04248782
0.02471945
0.06844823
0.0009145314
-0.02378527
-0.02194131
0.001381514
-0.03124071
-0.03038668
-0.006109021
-0.02626795
-0.0245297
-0.02015421
-0.09272565
-0.1217423
0.04407261
-0.01479975
-0.06463075
0.003588524
-0.06519558
-0.1123002
-0.009713053
-0.05120031
0.09306909
-0.05807248
-0.1025918
0.06152439
-0.1004845
-0.1233462
-0.03179105
0.07471426
-0.01668939
-0.0552235
0.1547874
0.08903596
0.0429111
0.08349848
0.01641822
-0.09466935
0.1723679
-0.04832562
0.02197111
0.1332053
-0.08633292
0.02112593
0.1421274
-0.1466366
-0.02178203
0.08628876
0.005144837
-0.08190195
0.08983847
0.02394365
0.03554163
-0.02795242
0.1180178
-0.06829582
0.003339867
-0.102309
-0.09503638
0.04215797
-0.03573209
-0.03304496
0.02654886
-0.05294393
-0.009978211
0.03754687
0.06087426
0.00232766
-0.0008301837
0.03504991
0.01189242
-0.03699784
0.01543639
0.01338124
0.02869469
-0.001705776
-0.005733763
0.02912594
0.009090314
-0.01064125
0.002766742
0.01918848
0.002318348
-0.09961522
-0.03982956
0.1366234
-0.1094347
0.0239977
0.07718188
-0.1446848
-0.0402682
-0.01004263
0.01978092
-0.05444813
-0.02262105
0.008923395
-0.06438284
-0.05569012
0.02089785
-0.05025914
-0.06111105
0.02170484
0.009794873
-0.0880799
0.1867921
-0.04668495
0.009183606
0.0807617
0.07829376
0.1037431
-0.005942604
0.05651447
-0.0006429013
0.002503143
0.1242411
0.06364782
0.004550647
0.06485566
0.04992305
-0.0681323
-0.09725968
-0.08298498
0.01305034
-0.08054236
-0.05131148
0.1212431
-0.04997217
-0.1050782
0.06429788
-0.00885249
-0.1419036
0.1015286
0.04447948
-0.09106079
0.06802303
-0.03735509
-0.1025036
0.01941522
0.03236349
0.0569557
-0.01405087
0.01276
-0.004427847
-0.0247269
-0.02269099
-0.01061755
0.05957571
0.03004599
0.007887931
-0.141023
-0.1145027
-0.1115988
-0.1549395
-0.1399946
-0.1288189
-0.07522754
0.09473402
-0.1586242
-0.1426044
-0.06390245
-0.2594396
-0.1117315
-0.02362793
-0.1753976
0.04333518
0.1496217
0.04854934
-0.06644387
0.0462405
-0.007529598
-0.1411314
-0.2573747
-0.218978
0.1431157
-0.1065418
-0.3689881
0.3298344
0.007159442
-0.4951895
0.6398512
0.3738244
-0.2224756
0.0721386
0.1111876
0.09368015
0.07964562
0.08915074
0.0313298
0.1037614
-0.01967265
-0.1059819
0.05353152
0.03247789
0.1201862
0.05847884
0.2586603
0.07197431
-0.01715217
0.07838327
-0.1228319
-0.3900998
-0.3251711
-0.02188154
-0.3204578
-0.2986017
-0.06795398
0.2073415
0.2394528
0.3722105
-0.01854482
-0.1312411
-0.2393801
0.07288419
-0.04918838
-0.1941431
0.04459215
-0.1146714
-0.1848312
0.2198053
0.09453691
0.01370161
0.2564684
0.168891
0.03091447
0.2044978
0.1063931
0.0145103
-0.2861529
-0.2078468
0.08783743
-0.4659241
-0.1206673
0.26928
0.04129215
0.2911068
0.4643744
-0.05527831
-0.01291931
-0.1831779
0.08435187
0.01672143
-0.04072275
0.01965644
0.07459611
0.06970727
-0.06980437
0.02026331
0.01122746
-0.04066072
0.03281437
0.08346299
0.04118928
0.128679
0.06541514
0.05602128
-0.09157886
-0.05379934
0.008249496
-0.1237439
-0.1546798
-0.001350776
-0.04739322
-0.1335746
0.06076289
-0.1371032
-0.07812769
0.04823115
-1.158072e-05
-0.01246109
0.1033642
-0.04759197
-0.015563
-0.2498674
-0.1448909
-0.04437697
0.1855032
0.2225633
-0.09925649
0.6210772
0.7066708
0.119715
0.2082315
0.1271089
0.01128615
0.03533818
0.0006017381
0.006620862
-0.03177472
-0.1126879
-0.1971722
-0.09332006
-0.1047151
-0.06854609
-0.1506516
-0.1977176
-0.007105411
0.08585089
0.1342822
0.009085637
-0.09776917
-0.1267369
-0.04971692
-0.02182361
-0.1270857
-0.08036898
0.08011062
0.02648348
-0.03069116
0.019386
-0.1493214
0.1561923
-0.0377592
-0.1999322
0.09316938
0.08860888
0.03664169
0.05224455
0.09727564
-0.1439561
0.1337876
-0.003083454
0.1015082
0.2398468
0.02033937
0.05164977
0.07963151
0.002863672
0.1370424
-0.0398895
0.004791037
0.1263035
0.06009177
0.02384599
0.07526793
0.06113138
0.09690528
-0.1364085
-0.06065159
-0.03063112
-0.4935015
0.4757287
0.156314
-0.05157491
0.0407213
-0.09408809
-0.1354675
0.002641293
-0.0859929
-0.06376671
0.04885092
0.1787369
-0.01341463
0.0255571
-0.06259473
-0.09298742
-0.02774854
0.03023871
0.0341057
0.03476529
0.03417901
0.01678774
-0.07161985
0.03988666
0.07151964
0.01610501
-0.1068081
-0.04263068
-0.03444196
-0.08162854
0.03206254
0.06646366
-0.1667799
-0.3629366
0.1553235
0.02685957
-0.1005092
-0.03955854
-0.1236465
0.1518856
0.1345831
-0.02098935
-0.1358465
-0.1367175
0.02844255
0.03681142
-0.06031746
-0.18165
-0.1457257
-0.3510021
0.06528626
0.6020197
-0.07573843
-0.04232788
-0.4285407
-0.08709865
0.2140032
0.07445538
0.0682622
0.05647422
-0.02395756
-0.07550272
0.229751
0.1656314
0.005448018
0.1416852
0.3054617
0.1046811
-0.05981798
0.1372217
0.07572821
-0.1517886
0.05111584
-0.3453156
0.2539507
0.2867483
-0.02553864
-0.08468874
-0.04155411
0.07876661
0.06319002
0.02285607
0.03847208
0.03633635
0.0590136
-0.06985249
0.1595211
0.1846413
0.06931676
0.03608331
-0.1158629
-0.00835919
-0.05122751
-0.1103246
-0.07155477
-0.06078306
-0.1837622
-0.2026252
0.01411496
0.4935342
0.2278731
0.05245503
0.02073108
0.1100104
-0.2025527
-0.09424879
-0.07057279
0.1280028
0.2367529
0.05646528
0.1104434
0.2969554
0.06934462
0.03316763
-0.06369323
0.08260454
-0.07338573
0.4623341
0.1835971
-0.3633277
-0.337717
-0.02718324
0.003715183
0.1905764
-0.1956541
0.03374042
0.09682806
-0.003927459
-0.1714244
-0.2169981
0.09516969
0.0370034
0.2014003
0.07180203
0.009050239
0.2007724
0.1231203
-0.02781959
-0.0241168
0.03556917
-0.02142583
-0.5288768
0.07619486
-0.236656
0.7074155
-0.02407379
-0.01090422
-0.2614986
-0.0002565153
-0.03359174
0.05070625
0.05417452
0.3803679
-0.01152193
-0.3045063
0.01864367
-0.009935863
0.06602174
-0.02795271
0.09653789
0.04689642
0.1528362
0.153393
0.00694504
0.1070562
0.05610821
-0.08667783
-0.0004350083
-0.1191344
-0.0644636
-0.007514969
-0.03358021
0.04900838
0.001723581
-0.006199845
0.1724285
0.3193328
0.1196469
-0.1399965
-0.006255096
-0.1992255
-0.01086801
0.1673991
-0.1140974
0.0259786
0.2418775
-0.04707615
0.1986878
-0.276713
-0.339612
-0.1547999
0.0586617
-0.192159
-0.1822153
0.02434233
-0.9079942
-0.1058052
-0.2114717
0.7787223
0.3526311
-0.00698114
-0.3162384
-0.1027252
0.00562151
0.200874
0.0301255
-0.03256809
0.1242416
-0.08312946
-0.007551733
-0.01164085
-0.04922079
-0.3834757
-0.03533556
-0.05922393
0.1794456
-0.1306495
-0.1637534
0.05557046
-0.3724657
-0.3026326
-0.1086857
0.003136235
0.1275992
-0.06643765
-0.07003173
0.05020538
0.08252185
-0.1582048
-0.3334567
-0.04416071
-0.0165912
0.1835185
-0.3122038
0.02864025
0.1730116
-0.004134147
0.0458607
-0.02735488
0.03667485
-0.00719685
-0.01483349
0.2380097
0.1717882
-0.04222439
0.146271
0.06835621
-0.07224946
0.1773761
0.1587027
0.0381049
0.03479965
0.006275517
-0.0360981
-0.09620274
-0.1609551
-0.2242417
-0.03204209
0.09990545
0.1266137
0.07971077
0.2772094
0.2052615
-0.1393965
0.03353542
0.1108222
-0.2018725
-0.2146222
-0.07145088
0.1597394
0.05886022
-0.04995204
-0.06286157
-0.06334652
0.08977907
0.09945583
0.1609707
-0.0444982
0.07553466
0.04577009
-0.03272368
0.07426818
-0.07437512
-0.1651551
0.05237042
-0.09996267
-0.2027868
0.1540273
0.4182676
-0.3576853
-0.1043017
0.2181261
-0.2058489
0.04163495
0.1697018
0.09746383
0.02668254
0.07149099
0.0268745
0.06796468
0.08154558
0.04699026
0.006765142
0.007015406
0.0004928016
-0.06157239
-0.0695288
-0.07883497
0.005983717
0.008711313
-0.01913437
0.02855352
-0.0004075942
0.04427978
0.006053058
-0.03146138
0.007309653
-0.1249271
-0.0893137
-0.03654167
-0.1708768
0.0641906
0.04829403
-0.2434072
0.1848417
0.2658523
-0.2178126
-0.0616346
0.1255543
0.04443157
0.08012825
-0.05979481
0.05612158
-0.04136752
-0.1462827
0.02710896
-0.06334789
0.0003031744
-0.0280406
-0.1934744
0.07765805
0.1218493
0.08811859
-0.1051513
-0.138177
0.1570243
0.1139415
0.03548554
0.09667268
0.1210106
0.04154246
0.04473037
0.1002909
-0.08667485
-0.1002622
-0.007038299
0.1710467
0.05290589
-0.06310034
0.2600818
0.2601548
0.4017435
0.1427353
0.1106374
0.2481234
-0.03110702
0.1556535
0.02673084
-0.09120727
0.1636363
0.1141893
-0.2538002
-0.08927974
0.1198697
-0.02595132
0.01130252
0.08336869
0.1004971
0.0005936571
-0.005261609
0.06700628
-0.1099023
-0.1087763
0.1544031
0.0639608
-0.0884964
0.03883243
0.03088255
-0.1237214
-0.144396
-0.1457644
-0.186534
-0.1249305
-0.03245958
0.01914701
-0.009200187
0.03991581
0.05671332
-0.01819898
-0.02441761
-0.0246122
-0.03813704
0.06874696
0.02697433
-0.08541194
0.01053152
0.0990318
-0.2157047
-0.27742
-0.1896285
0.1511013
0.1817051
0.02217475
0.2306844
0.198129
0.05972847
0.06946675
0.06005275
-0.05985198
-0.06234011
-0.02165753
0.02714648
0.002548226
0.02026727
0.01274329
0.1555992
0.05774469
-0.05788051
0.1522783
0.01343779
-0.240276
0.0515596
-0.02442811
-0.2853403
0.04979538
-0.0001907187
-0.1531866
-0.0626419
-0.06850913
-0.1508437
0.009921684
-0.0400682
-0.1545111
0.01721825
-0.04972693
-0.1745309
-0.07316092
-0.0975955
-0.1416423
-0.100092
-0.1221069
-0.1333641
-0.1000198
-0.07964814
-0.05867342
0.03423745
0.06299895
-0.03575349
0.0621759
0.1428579
0.02228047
0.04422939
0.1935014
0.1056336
-0.1435804
0.09645019
0.009611676
-0.0349003
0.02685328
-0.09064783
0.06662218
-0.02056386
-0.08877752
0.2046381
-0.02346634
-0.06117216
0.1377805
-0.0210632
-0.005012553
0.005408715
-0.1226168
-0.1890185
0.01692261
-0.07074111
-0.1345878
-0.06901046
0.07412354
0.01057731
0.01145767
-0.03141581
0.01329283
-0.09109885
-0.06203028
-0.04419066
0.00887331
-0.05590265
-0.04971213
0.04605599
0.007376126
0.015226
0.06166609
-0.08225299
0.03144406
-0.06673937
-0.2112242
-0.06412543
-0.09999257
-0.2352155
-0.05927604
-0.05941066
-0.02085836
0.04699915
-0.05653242
0.01270574
0.09641824
-0.01027635
-0.09749597
0.01553139
-0.02245036
-0.005975427
0.03890693
-0.152789
-0.1115332
-0.07292252
-0.2032868
-0.1216897
-0.05602176
0.1223567
0.178896
0.0721206
0.07303576
0.07290929
0.06759772
-0.03527391
-0.02413136
-0.02778323
0.04961981
-0.05256836
-0.1063755
0.02210683
-0.08177769
-0.06851122
-0.1151257
-0.2109522
-0.1784679
0.04559105
-0.1023916
-0.06272572
-0.01482667
-0.3142365
-0.2531565
0.2350475
0.04963051
-0.1456777
-0.04002748
0.08074071
0.3701379
-0.1147187
-0.109454
0.1127961
-0.09998742
-0.1758699
-0.05903427
0.1047004
0.142383
0.02598763
0.2564199
0.2797475
0.1006867
0.3005143
0.3571221
0.1864729
-0.08851259
0.1306081
0.02258409
-0.1295796
-0.09676094
0.1300788
0.1160025
-0.002920909
0.1302003
0.1895747
0.1696738
0.02700822
0.06056978
0.1788063
0.1195722
-0.08030451
-0.1036354
-0.1096203
0.03543842
-0.01787076
0.03737009
-0.07507167
-0.09697241
-0.03060076
-0.04637136
-0.04697428
0.003274048
0.06813849
0.1083421
0.1037643
-0.1916243
-0.1141551
-0.04968472
-0.3176001
-0.2362008
-0.09552287
0.1090922
-0.06409818
-0.08747402
0.2978374
-0.1371905
-0.1950619
0.1754637
0.004818358
-0.1681454
-0.0150568
-0.08946633
-0.09352667
-0.1120293
-0.1915545
-0.2199368
0.1707329
0.1673086
0.05137966
-0.01900596
0.2966309
0.122462
-0.3081661
0.03612732
-0.119592
-0.09231903
0.07675546
0.04820967
0.01457216
-0.0154337
-0.09680539
0.1283854
0.09533405
-0.1189189
0.06497705
0.06400985
-0.1896848
-0.3489255
-0.2068982
-0.1186291
0.2066305
0.3284598
0.1298386
0.2369471
0.3537894
0.05008803
-0.07758313
-0.05958047
-0.04383913
-0.1463559
-0.04858962
0.100835
-0.0874386
0.08284237
0.05627793
-0.1273537
-0.1217917
-0.1236854
-0.1074565
-0.1396855
-0.1066145
-0.06416033
-0.1114743
-0.06778628
0.01302968
-0.06290853
-0.1267301
-0.08250032
-0.184884
-0.1828558
-0.1053859
-0.2091009
-0.2491062
0.008458682
-0.1587227
0.07001136
-0.05604889
-0.08534738
0.2375823
0.2083486
0.2445414
0.3793874
8.787084e-07
0.2283036
0.02977245
0.06203311
0.2013669
-0.02753527
-0.2109717
-0.1778307
-0.1870365
-0.4224112
-0.314594
-0.1563454
0.1382002
0.2670843
0.1603276
0.1700189
0.3078618
0.1233034
0.1142349
0.07006449
0.06775391
0.1872896
0.06404641
0.062663
0.1482737
0.02291412
-0.09930152
-0.05967129
0.006657482
-0.09726413
0.02391865
0.04333453
-0.08847783
0.1100289
-0.01858805
-0.1293746
-0.24299
-0.1016377
0.3710118
-0.2233101
-0.0641613
0.4014657
0.1749465
0.1822499
0.1896559
-0.1423711
-0.124825
-0.2166655
0.1000005
0.03513491
-0.1535818
0.244996
0.1441812
-0.05365209
-0.09998445
-0.1373253
-0.2634
-0.08583024
-0.08417542
-0.3728861
-0.00902199
0.04123289
-0.298283
-0.2256807
0.2356309
0.3824995
-0.001221332
0.2676858
0.3375129
0.09716943
0.04449232
0.099935
0.186586
0.1146032
0.07646921
-0.03009389
0.04027066
0.05103661
-0.152369
-0.01104276
-0.1381906
-0.04683328
-0.02245235
-0.1237175
-0.04047318
0.1093637
-0.131178
-0.1129865
-0.07618842
-0.1633414
0.05623853
0.08487032
-0.006410536
0.1071048
0.1755171
-0.02379797
0.1341046
0.3343612
0.1646694
-0.01074374
0.08561268
0.106406
-0.1594344
-0.1408784
-0.1256086
-0.1048583
-0.2023662
-0.2655498
0.1052281
0.03200595
0.1789759
-0.2573362
-0.2483537
0.2855653
-0.388402
-0.4101468
0.2040026
0.02145484
-0.05644022
-0.1965845
0.1732529
0.1486458
-0.1032182
0.1084773
0.1013497
-0.03623493
0.0432919
-0.009677332
8.062572e-05
0.1111527
-0.03613238
-0.03323692
0.06284936
0.03383833
0.1337191
0.01784385
0.1056033
-0.1545829
0.1491763
0.1339424
-0.2225734
-0.08020498
-0.06834218
-0.2459578
0.01093972
-0.12798
-0.04788524
0.1295859
-0.1481347
-0.09281282
0.1767277
-0.07593068
-0.1020322
0.2332456
0.2499365
-0.04771977
-0.07283262
-0.1551355
-0.1043513
-0.3687333
-0.4625239
-0.1606498
0.06664026
0.1053243
-0.05084102
-0.06224421
0.05050525
-0.0648089
-0.02244948
0.03191106
-0.02664302
-0.003008546
-0.06426478
-0.1299113
-0.01799955
-0.05347468
-0.07621305
-0.08263739
-0.1654515
-0.0009513826
-0.002146821
-0.1064746
-0.439594
0.1878956
0.07853009
-0.3391127
-0.1515717
0.05246152
-0.194039
0.010296
-0.009750831
0.003901175
-0.005359496
0.09351249
0.1514797
0.02781858
0.1996821
0.2523497
-0.06160355
-0.06570466
-0.02059388
-2.878425e-06
-0.0862605
0.007543739
0.05725769
-0.08702778
-0.01014789
0.151816
0.05849346
-0.003961125
0.173319
0.01986983
0.04366176
0.02389134
0.1365119
0.07223997
0.05690085
-0.03691085
0.06806059
0.1621302
0.02014303
-0.04559305
-0.1376094
-0.150165
-0.1326952
-0.0520872
-0.2082111
-0.02119091
0.005197834
0.02196507
0.1222961
0.1023634
-0.01432413
0.0380771
-0.1050166
-0.02458255
-0.1461253
-0.202932
-0.04453191
0.07345948
-0.3239267
-0.3230385
-0.1097779
0.1079158
-0.1182624
-0.09335137
-0.08942231
-0.2100926
0.0005618966
-0.0400924
-0.124471
0.07802922
-0.232732
-0.05166307
-0.1073405
0.2447521
0.1592453
-0.08690887
0.2809572
0.1459673
-0.3339816
-0.1497672
-0.1787586
0.009521424
-0.06349366
-0.1781915
-0.1074578
-0.06844965
-0.1750723
-0.1661756
-0.1741111
-0.1217192
-0.05530711
-0.1655506
-0.1534686
-0.03145741
-0.1678541
-0.197145
-0.08693816
0.04367199
-0.07665883
-0.1085792
0.005528499
-0.1052928
-0.1547473
0.0518867
-0.05283502
-0.1151472
0.05648815
0.1338367
0.1684986
0.047276
0.1038259
0.03429766
-0.005102562
-0.08679679
-0.06195033
-0.1035088
-0.1394917
-0.1612659
-0.07617033
0.01087184
0.0755544
-0.1037542
0.04250426
0.0895306
-0.062302
-0.04221306
-0.07414103
-0.01043324
-0.04268882
-0.09556162
-0.01422071
-0.04402589
-0.09816882
-0.04833389
-0.1286146
-0.1241008
0.05107256
0.06224401
-0.003460424
0.1056762
-0.1774543
-0.05833106
-0.1425553
-0.07382555
-0.1206166
-0.1892876
-0.184673
-0.2165857
-0.1353993
-0.1661691
-0.2553253
-0.1630572
-0.1245303
-0.05171607
-0.07868468
-0.06134317
0.01061594
0.009538122
0.0216398
0.04987267
-0.1656117
-0.140938
-0.04995637
-0.1622615
-0.149155
-0.06943662
-0.2161719
-0.1680699
-0.1035705
0.06003438
0.02252454
-0.06443955
0.1275111
0.04009312
-0.04691888
0.08106775
-0.09615969
-0.105412
-0.008211367
-0.09937474
-0.1116747
-0.1032562
-0.04626891
-0.007458882
-0.08191327
-0.03198427
-0.01038151
0.01035218
-0.1924914
-0.06071738
0.1526531
0.1484069
0.1375259
-0.009437465
-0.09039383
0.02958984
0.2077753
-0.004437361
-0.06959985
0.1992453
0.03999394
-0.04713246
0.1739406
0.1022611
0.02055807
-0.174609
-0.124178
-0.01104015
-0.02666758
-0.1043117
0.04559468
0.0426928
-0.07646363
0.04431313
0.1584692
0.1037434
0.1120027
0.05621992
-0.05885147
-0.01504284
-0.1068661
-0.1529694
-0.09248066
-0.04586613
-0.0313884
0.03378135
-0.06514778
-0.02295936
-0.01045195
-0.02567033
0.06246937
0.05531325
-0.1022376
-0.003441298
0.03487344
0.02476499
0.026236
-0.08298888
0.02836441
-0.1204366
-0.2429729
-0.1095674
0.01635907
0.0770012
-0.09529533
0.07953871
0.1878636
0.002892384
0.1590706
0.1861934
0.209866
0.1538236
-0.02075892
0.42257
0.2512318
-0.07958452
-0.0218546
-0.07007812
-0.05582383
-0.1488574
0.1589831
0.2300212
0.2277827
0.1056009
-0.2269637
0.09924186
0.05562787
-0.1501519
-0.1075661
-0.06105154
0.0492732
-0.0207131
-0.06909342
-0.04766083
-0.04251106
-0.1008112
-0.04547098
-0.1487443
-0.1218963
0.1429799
0.1632469
0.02793043
-0.2305301
-0.08520035
-0.1491495
-0.323483
-0.09059442
0.06618531
0.1435926
-0.0923852
0.002270382
-0.03692558
-0.02809788
0.02093361
-0.2052091
0.08911996
0.1087607
0.03283663
0.01974247
-0.01465438
-0.07330637
-0.0468379
-0.04956918
-0.05079306
0.1270335
0.138358
0.09330349
0.08788276
0.07419422
0.03671883
0.0315606
0.01632454
-8.957154e-05
0.1518504
0.009133403
-0.1215579
0.1256336
0.04077223
-0.08624806
-0.0230954
-0.04480861
-0.1005974
-0.02498414
-0.04586839
-0.07218321
0.006235524
-0.1048055
-0.1161824
0.03403471
-0.01819918
-0.05309547
-0.06932781
-0.3600741
-0.124154
0.165418
0.1858838
0.231547
-0.06881092
-0.22085
-0.09729909
-0.069883
0.007930652
0.1076843
-0.06056711
-0.07734281
0.06423055
-0.07897025
-0.1406482
-0.006867724
0.09557767
0.09345865
-0.0974113
-0.02794167
-0.004708489
0.03614253
0.01811949
0.1259468
0.3028319
-0.034825
-0.06876536
-0.0296223
0.02720604
0.1714501
0.2167703
-0.03173085
0.01900433
0.001398883
-0.02228188
0.06711981
0.003689078
0.02425125
0.1044087
-0.0009013811
-0.1378574
-0.1783128
-0.2257336
0.08439597
0.152387
-0.04361118
0.07030965
0.07790501
-0.06226995
-0.1190482
-0.1947207
-0.04465177
0.3127533
0.1828074
-0.04275226
0.1582258
0.001373989
-0.1109154
0.1337703
0.0003147548
-0.04508817
0.1591687
0.2641896
0.2181253
0.02017666
-0.0124425
-0.09186301
0.004019251
-0.1243288
-0.15846
-0.1342101
-0.1288234
-0.06193991
0.006988182
-0.06004336
0.002499136
-0.02670641
0.0629203
0.1527212
-0.1138925
-0.01231717
0.05747712
0.02719274
0.04346109
0.0558442
0.1779504
0.1372339
0.09240474
0.1015297
0.2286722
0.1246355
0.02624648
-0.04220159
-0.1462548
0.05471335
-0.1442601
0.05753128
0.1325313
0.02321008
-0.04186375
-0.03491489
-0.09980023
-0.02926151
-0.1158614
-0.1008477
-0.07263342
0.3039042
0.1898163
0.08078312
0.1015999
-0.03739446
-0.08869758
-0.04473535
-0.1354852
-0.1261097
0.08264259
0.0508336
-0.02700261
0.1598136
0.1640384
0.0194439
0.09411773
0.07959345
-0.03150693
-0.1496763
-0.0621171
-0.003752117
0.01855621
0.1185319
0.1996542
0.0217419
-0.08136114
0.01045613
0.1108205
0.01386232
-0.1073553
-0.1343632
-0.2646056
-0.1945181
-0.001274533
0.04462384
0.1244139
0.09855634
0.1483696
0.3158699
-0.004479605
0.1108345
-0.07778381
-0.06839921
0.07479711
-0.1129257
0.07457929
0.07855216
0.06983911
0.1066829
0.04509054
0.0172567
0.08204274
0.1175047
0.08673734
-0.25806
-0.366892
-0.1944942
0.1367601
0.01969426
0.1802447
0.05941731
0.09010591
0.1288154
0.07899171
0.04315948
-0.008852623
0.1300635
0.01185837
-0.07361916
-0.06043036
-0.2037954
-0.1177978
-0.08013131
-0.1107339
-0.08859713
-0.008153744
-0.02815699
-0.1050283
0.1189798
0.05979108
-0.03195878
-0.004046713
-0.01613125
-0.09624246
-0.1582123
0.02845404
0.009202607
-0.2143961
-0.1012084
0.01021455
0.1968769
0.2639637
0.2054342
-0.0649071
0.003564344
0.02248149
-0.2544394
-0.1568567
-0.09552991
-0.0884686
-0.07378405
0.04288874
-0.2518765
0.03200215
0.08922035
-0.2722166
-0.02965618
-0.06441837
-0.132781
-0.1398722
-0.2129357
-0.212327
-0.1131036
-0.05663823
-0.2136302
-0.1031158
-0.05602486
-0.1418276
-0.1074433
-0.0573555
-0.1746538
-0.07950211
-0.02744372
-0.1519137
-0.0299039
0.02237228
-0.07703365
-0.2348544
0.01813214
-0.2993539
-0.03062445
0.07632662
-0.1461524
-0.03029329
0.03692133
0.1679188
0.07644193
-0.07828921
0.01108629
-0.1090014
0.02983549
-0.2198835
-0.3916717
-0.07704768
-0.03116368
0.05439705
0.1295541
-0.06802189
-0.004634342
0.04496757
-0.08395268
-0.06622887
-0.02983734
0.04130917
0.0252405
0.03284834
0.05707781
0.05008646
0.04206943
0.05617496
0.07295268
0.0533448
-0.05064912
0.05727947
-0.1400452
-0.2750032
-0.05368364
-0.03087485
0.00125504
-0.01310695
0.03241975
0.2134677
-0.05320744
-0.1719191
0.1836755
-0.2460637
-0.2381068
-0.07877337
-0.298462
-0.2347055
-0.168452
-0.09982137
0.1315334
-0.07633056
-0.07734969
-0.07094114
-0.1094087
0.09303071
-0.1112119
-0.06335936
-0.04663068
0.04655058
-0.08540995
-0.210612
-0.2150988
-0.1454488
-0.1545757
-0.3069291
-0.09915254
-0.1501184
-0.04392081
-0.07303166
-0.1636483
-0.1719591
-0.02707178
-0.2083857
-0.2756962
0.1499058
0.3575266
-0.03932608
0.164659
0.3270691
0.01473135
-0.008479716
-0.03265623
-0.1151794
-0.1255258
-0.1925937
-0.01785375
-0.2406364
-0.1824464
0.09638464
-0.1194491
-0.06431387
0.03918704
-0.08579051
-0.1094701
-0.2475402
0.07100932
0.1616278
-0.02596723
0.1096146
0.1869313
0.03611074
0.04520131
0.07547098
-0.01286201
-0.06770685
-0.03963147
-0.03983352
-0.09050012
-0.02647347
0.06398842
-0.2630846
-0.1279945
-0.1133162
-0.1701315
0.1882271
0.1424926
-0.2264915
0.01201162
0.07329081
-0.06946336
-0.1491549
-0.1363716
-0.002827228
0.1165821
0.2756751
-0.08890978
0.1023292
0.2993339
0.0192024
0.01456745
-0.00320457
0.03934913
-0.02113511
0.05929321
0.08151234
-0.03594479
-0.02830723
-0.1625538
-0.1531584
-0.09472638
-0.05635262
0.1376701
0.02985843
0.2054
0.2036339
0.1301319
-0.1564509
-0.1647335
0.02391262
-0.08771548
-0.2359702
-0.08274309
-0.07821681
-0.1906141
-0.102393
0.01497529
-0.01833529
-0.04589784
-0.07942121
-0.1132139
-0.1545471
-0.1575097
-0.2094662
-0.2468139
-0.1698008
-0.1197658
-0.1163577
-0.1668576
-0.04934827
-0.08500865
-0.03667023
0.1444978
0.07214945
0.06994016
0.1075954
-0.0440192
-0.01845552
0.05214664
-0.05996536
-0.07880726
-0.1066102
-0.2212849
0.1065704
0.04561307
0.1549434
0.04318772
-0.01296011
0.09007306
-0.03512049
0.06190338
0.108061
0.05551105
-0.137803
0.05879179
0.1316404
0.03609819
0.01161083
0.08574998
-0.01088164
-0.07227843
0.1179273
0.01065904
-0.1148996
0.03814945
-0.01567599
-0.06548563
0.02733268
-0.009187192
0.003869438
-0.06289034
0.06753769
0.07806806
0.0288326
0.03342099
0.09489857
0.08586843
-0.1538255
-0.1913928
0.1093445
0.2559155
0.2191003
0.02281657
0.04968789
0.1589722
-0.1014622
-0.2197039
-0.08547737
-0.2810676
-0.2438106
-0.2395378
-0.2064298
-0.1510004
-0.1818403
-0.01397205
0.06037074
-0.05944679
-0.1626417
-0.04769664
-0.05196024
0.007037995
-0.115896
0.01463495
0.2870722
-0.2253772
-0.01966794
0.06091384
0.1483361
0.1047344
-0.1407123
-0.1415363
-0.06295837
-0.1793772
-0.2684383
0.02643593
-0.000802772
0.06839716
-0.1688712
0.233388
0.03787618
-0.05784794
0.3660655
-0.05037347
0.2379892
-0.01647387
0.0605066
0.06314064
0.3563256
-0.2105069
0.05691466
-0.2245038
-0.009631971
-0.02457041
-0.03830312
-0.2619822
-0.1044221
-0.05715456
-0.3490935
-0.0496887
0.07205348
-0.204547
-0.1735092
-0.2100196
0.03918562
-0.008522646
0.0668382
-0.3744049
0.104744
0.7400826
-0.4063665
0.4170505
0.1122249
-0.08711781
-0.05753136
-0.2787636
-0.277466
-0.1030544
-0.3354297
-0.235792
0.0324799
0.1771124
0.1510246
0.1359938
0.07838644
-0.01636566
0.09080284
-0.04231444
-0.0280424
0.2016521
0.07498531
0.2146532
0.09339733
-0.06493583
0.03917112
0.0282006
-0.06789917
-0.04676071
-0.1189907
-0.1395878
-0.03632857
0.0284267
0.5007555
-0.1776536
0.03636535
0.1256857
0.1263529
-0.1537593
-0.03852806
-0.0446907
0.05457896
-0.1469362
0.1872069
-0.0417072
0.1883631
0.4140029
-0.04797978
0.3682135
-0.5461781
-0.02922037
-0.5949076
0.5409298
0.05070683
0.2586553
-0.2535279
-0.1278086
-0.14804
-0.242586
-0.116588
-0.08670752
-0.006063615
-0.221417
-0.09972336
0.0992495
-0.05024884
0.08940732
-0.07109154
-0.103766
0.01841877
-0.1905948
-0.09222186
-0.5021304
-0.053642
0.1251122
0.2126636
0.0338733
0.00569983
0.3338687
-0.1361769
0.06086392
-0.07504929
-0.07853273
0.1881326
-0.1611117
0.1327325
-0.06198688
-0.1253548
0.1981874
0.1337466
-0.1255329
-0.04590728
0.0699873
