6.328232e-01
7.015521e-01
6.912256e-01
6.702363e-01
6.321882e-01
6.174491e-01
6.566080e-01
6.574344e-01
6.926244e-01
6.463235e-01
7.079278e-01
6.946310e-01
7.779533e-01
7.495973e-01
6.229820e-01
7.170490e-01
7.116305e-01
6.102161e-01
6.994912e-01
7.004378e-01
6.858118e-01
6.205415e-01
6.416316e-01
6.283154e-01
7.183954e-01
5.857134e-01
7.387018e-01
6.510661e-01
6.526899e-01
5.898081e-01
6.934440e-01
6.004870e-01
6.529640e-01
5.899796e-01
6.275609e-01
6.126845e-01
6.614379e-01
6.323989e-01
5.777711e-01
5.267929e-01
7.544278e-01
6.175743e-01
6.362549e-01
5.933438e-01
6.541932e-01
5.823588e-01
6.069630e-01
6.728216e-01
6.911699e-01
6.340483e-01
6.893231e-01
6.702162e-01
6.591035e-01
6.978948e-01
7.119463e-01
6.722917e-01
6.366143e-01
7.157474e-01
6.327769e-01
6.830466e-01
6.257603e-01
6.878149e-01
6.683490e-01
6.981827e-01
