-2.142100e-01
-2.715446e+00
-3.090785e+00
-3.007159e+00
-7.862109e-01
-1.827129e+00
2.165540e-02
-2.002100e+00
-2.112430e+00
-6.629705e-01
2.421445e+00
-3.665760e+00
4.023278e-01
-2.236131e-01
-3.974376e-01
-1.194695e+00
-9.450967e-01
-3.686903e+00
1.790887e+00
-1.780264e+00
2.062137e+00
5.682207e-01
-4.595853e-01
-1.780656e+00
1.820239e+00
-6.782731e-01
-2.195649e+00
2.703941e+00
-3.942472e+00
-1.075288e+00
-3.531050e+00
-8.666134e-01
-1.796094e+00
2.742564e+00
-2.246161e+00
3.390942e-01
-5.850098e-01
4.601107e-01
-9.824442e-01
-9.714015e-01
-2.924138e-02
-7.142757e-01
-2.777993e+00
-4.434551e+00
-2.927785e+00
-1.295292e+00
-1.146454e-01
-3.088916e-01
-1.271597e-01
-6.507305e-01
-7.181556e-01
8.427685e-01
2.759434e+00
-3.305052e+00
-1.512354e+00
-3.266670e-01
-2.417095e+00
-2.900036e+00
-1.991890e+00
1.368769e-01
-4.103634e-01
-1.393624e+00
-1.016465e+00
9.650160e-02
