3.797159e+00
4.513927e+00
3.098516e+00
3.549404e+00
3.337242e+00
2.903550e+00
3.326975e+00
3.404874e+00
4.143616e+00
3.615821e+00
3.547495e+00
7.822471e+00
3.154739e+00
3.139534e+00
3.354735e+00
2.648593e+00
3.409254e+00
5.139888e+00
2.675995e+00
3.945409e+00
3.724264e+00
3.171906e+00
3.722026e+00
3.541413e+00
2.831356e+00
3.338630e+00
3.607236e+00
4.149318e+00
2.874898e+00
3.128332e+00
4.206302e+00
3.511026e+00
3.623313e+00
2.297777e+00
3.837413e+00
2.274682e+00
3.635048e+00
3.929090e+00
4.415267e+00
4.356510e+00
4.166938e+00
4.660259e+00
3.120310e+00
4.419258e+00
3.582145e+00
3.447116e+00
3.367243e+00
2.888651e+00
2.939285e+00
3.438356e+00
3.993288e+00
2.920286e+00
4.604320e+00
4.541184e+00
3.515536e+00
3.750926e+00
3.358748e+00
3.705137e+00
3.101222e+00
4.422140e+00
3.243011e+00
4.444142e+00
3.376617e+00
3.588581e+00
