3.932353e+00
5.142582e+00
4.501129e+00
4.476577e+00
5.443912e+00
4.871125e+00
4.454587e+00
4.143201e+00
6.306758e+00
4.738829e+00
5.624937e+00
5.100883e+00
5.221994e+00
5.728664e+00
4.926900e+00
4.996107e+00
4.197633e+00
4.860290e+00
6.256001e+00
4.470150e+00
4.292272e+00
8.459165e+00
4.809412e+00
3.558117e+00
4.523088e+00
5.330075e+00
4.740110e+00
6.901214e+00
5.542636e+00
3.909268e+00
5.367064e+00
5.355628e+00
6.293773e+00
3.870653e+00
5.025163e+00
6.103454e+00
7.156261e+00
5.275776e+00
2.957338e+00
3.763800e+00
4.998114e+00
4.373875e+00
4.100155e+00
4.779759e+00
4.009572e+00
3.469509e+00
4.953867e+00
4.245912e+00
4.851630e+00
3.068682e+00
5.031537e+00
4.270680e+00
4.225507e+00
5.472448e+00
5.062453e+00
6.359221e+00
5.778055e+00
4.737659e+00
4.750700e+00
4.834201e+00
4.407987e+00
7.256266e+00
4.566714e+00
6.110088e+00
