-3.983620e-01
-1.570029e+00
-1.516384e+00
-1.153969e+00
1.791491e+00
3.237451e-01
-9.690317e-01
-6.511840e-02
-2.549384e+00
-2.175799e+00
-1.989215e+00
-1.699281e+00
-8.930393e-01
-1.379847e+00
1.478604e+00
-2.798084e+00
-1.889373e-01
4.531837e-01
-3.183218e+00
-1.278966e+00
-4.702687e-01
-1.774764e+00
-8.793021e-01
1.153874e-01
-3.172034e-01
-1.386234e+00
-1.714545e+00
-1.408421e+00
-9.400378e-01
-2.950596e-01
-6.738678e-01
3.911988e-01
-6.740564e-02
-1.766883e-02
-1.119340e+00
-1.571972e+00
-2.055548e+00
-5.095926e-01
-5.253677e-01
3.401330e-01
-1.291491e+00
-2.147059e+00
-4.793242e-01
-1.641223e+00
-7.569777e-01
-3.808218e-01
-1.583258e+00
-3.643478e-01
-1.792894e+00
-7.469288e-01
-9.389777e-01
-6.589782e-01
-1.165338e+00
-2.840845e+00
-1.401156e+00
-9.180861e-01
-1.089850e+00
-1.209770e+00
-1.036037e+00
-1.556335e+00
-1.066609e+00
-3.485584e+00
7.602472e-01
-2.095681e+00
