-4.997666e-01
-4.611769e-01
-4.575387e-01
-6.373171e-01
-5.080035e-01
-7.446039e-01
-3.085520e-01
-7.455165e-01
-7.643685e-01
-4.696442e-01
-5.736699e-01
-5.534982e-01
-6.613273e-01
-4.558485e-01
-6.880113e-01
-4.022146e-01
-5.240785e-01
-7.110760e-01
-6.044475e-01
-4.976391e-01
-7.649243e-01
-5.459676e-01
-6.940206e-01
-6.563761e-01
-6.006086e-01
-5.110350e-01
-5.818955e-01
-7.439964e-01
-3.770470e-01
-1.002101e+00
-6.507581e-01
-5.157849e-01
-7.186658e-01
-4.761476e-01
-4.533196e-01
-3.364701e-01
-5.515208e-01
-6.452284e-01
-4.651514e-01
-6.984025e-01
-7.184768e-01
-3.667876e-01
-6.025789e-01
-5.655513e-01
-8.869455e-01
-6.202249e-01
-4.405447e-01
-4.567508e-01
-1.022153e+00
-3.219731e-01
-2.957584e-01
-7.980749e-01
-9.078586e-01
-7.480577e-01
-5.482393e-01
-6.847821e-01
-7.188527e-01
-4.365331e-01
-5.914847e-01
-6.411566e-01
-5.982892e-01
-9.561962e-01
-4.706711e-01
-4.297530e-01
