-3.716525e-01
-1.039507e-01
-5.349915e-01
-2.972670e-01
-6.249694e-01
-6.611709e-01
4.640558e-01
-4.757175e-01
-8.552253e-01
-4.648866e-01
-4.619377e-01
-4.118643e-01
-6.456756e-01
-4.051383e-01
-5.961027e-01
-4.887097e-01
-4.102111e-01
-3.559484e-01
-4.296547e-01
-6.520824e-01
-5.906544e-01
-3.717930e-01
-4.661969e-01
-1.060093e-01
5.634166e-01
-5.277234e-01
-2.516732e-01
-3.364608e-01
-8.637229e-01
-3.865597e-01
-6.081508e-01
-3.946114e-01
-4.148142e-01
-1.656577e-01
-3.301657e-01
-6.316206e-01
-4.992602e-01
-2.498595e-01
-6.068839e-01
-2.829918e-01
8.382989e-02
6.094081e-01
4.848497e-02
-2.297278e-01
-3.500418e-01
-3.743175e-01
-4.288891e-01
-5.336689e-01
-7.677472e-01
-8.194445e-01
-2.928649e-01
-4.983741e-01
-4.237418e-01
-5.006510e-01
-2.570696e-02
2.184241e-01
-5.439444e-01
-7.315151e-01
-3.373928e-01
-5.984565e-01
-1.576118e-01
1.113706e-01
-3.608115e-01
-3.696554e-01
