-9.254710e-01
-1.233481e-01
-4.216152e-01
-1.981421e-02
-9.747884e-02
-3.515699e-01
-1.232083e+00
-3.964461e-01
2.066918e-01
-6.611976e-01
-3.848221e-01
-4.598236e-01
6.122505e-01
4.316731e-02
-2.610966e-01
-1.418639e-01
-1.399239e+00
-5.403923e-01
-4.495857e-01
-4.806159e-02
-5.317984e-01
-9.547468e-01
-1.007641e+00
2.350475e-01
-8.021687e-01
5.215799e-02
-4.329807e-01
-3.607776e-01
-3.359787e-01
-7.171144e-01
-7.057548e-01
-8.419340e-01
-4.821977e-01
-4.916913e-01
-1.982007e-01
3.758667e-02
-1.119715e+00
-1.406070e+00
-4.878658e-02
-6.491902e-02
2.694809e-01
-2.171813e-01
-2.986885e-01
-7.156049e-01
-4.021906e-01
-1.630326e+00
-6.705418e-01
-1.583413e-01
-5.611761e-01
-9.690720e-02
-1.042758e+00
-4.292884e-01
-1.104692e-01
1.400471e-01
-7.157018e-01
-4.920503e-01
-8.808273e-01
-4.082934e-02
-1.426261e+00
-2.790785e-02
-1.553926e-01
8.290855e-01
-8.685777e-01
1.459211e-01
