-7.229470e-01
-9.392899e-01
-5.142933e-01
-1.844293e+00
-5.898541e-01
7.232882e-01
1.354894e-01
-1.279026e+00
-1.608131e+00
-1.608806e+00
-5.548624e-01
-4.551929e+00
-7.749291e-01
-1.228249e+00
-1.948116e+00
4.958566e-01
2.801700e-02
-1.629428e+00
-9.519163e-01
-2.098673e+00
-8.645033e-01
-1.366529e+00
-2.636954e-01
-5.928607e-01
-6.693403e-01
-1.163016e+00
-1.307769e+00
-6.833544e-01
-9.468833e-01
-4.693054e-01
-6.937306e-02
4.944856e-01
-1.121328e+00
-1.023858e+00
-5.426009e-01
-3.778951e-01
-2.022962e-01
-2.173048e+00
-7.014734e-01
-1.416142e+00
-2.119145e+00
-4.623671e-01
-1.001058e+00
-7.202787e-01
-2.300856e+00
-1.870354e+00
-8.332444e-01
-3.400624e-01
-5.415167e-01
-7.349132e-01
-1.796275e+00
-1.118725e+00
-1.377017e+00
-2.017842e+00
-1.166562e-01
-8.607335e-01
-1.191439e+00
-5.181747e-01
2.547795e-01
-1.432409e+00
-9.809186e-01
-2.414032e+00
-1.455125e+00
-2.619941e+00
