-0.08157072961330414
-1.549113392829895
-1.6608561277389526
0.22631758451461792
2.7096481323242188
2.170671224594116
-0.710723876953125
1.7028496265411377
1.0075122117996216
-0.31034716963768005
0.9599459767341614
2.547855854034424
1.3518146276474
-0.8774520754814148
-2.189265251159668
1.683316707611084
-0.41781070828437805
-0.7465337514877319
-0.94528728723526
-1.6092727184295654
-4.555477142333984
-4.330268859863281
-2.825324058532715
-0.9604310989379883
-0.5423412322998047
-0.07687848806381226
-3.2536513805389404
-2.545039415359497
-2.923168897628784
-2.7611591815948486
-1.3376586437225342
-2.528371572494507
0.20944005250930786
-2.28727388381958
-2.0946404933929443
-0.665407121181488
-2.654324769973755
-2.2126522064208984
-2.0571930408477783
-0.7012932300567627
0.46102413535118103
-0.8499335646629333
-0.7551324963569641
-2.957095146179199
-3.9444777965545654
-5.429314136505127
-3.7643392086029053
-0.1321221888065338
0.09158310294151306
-1.8786091804504395
-3.632345676422119
-5.219386577606201
-5.2785115242004395
-4.720626354217529
-1.550952434539795
-0.3080376386642456
1.25617516040802
0.1854548305273056
-1.0430231094360352
-2.3512768745422363
-2.439490556716919
-1.5997282266616821
0.4829464256763458
0.07670710980892181
-1.6421730518341064
-2.480076789855957
-1.9348304271697998
-1.4436671733856201
-2.3137645721435547
-1.5348361730575562
-0.5175531506538391
0.6517940759658813
-3.0412771701812744
-5.300464153289795
-1.4935784339904785
-2.0093514919281006
0.9419133067131042
0.18545567989349365
-4.014169692993164
-2.5737128257751465
1.4149478673934937
0.3145967721939087
-0.4048641622066498
-0.0820523202419281
1.9080158472061157
0.5162671804428101
-1.5073083639144897
-2.3028104305267334
2.3923699855804443
5.235644817352295
1.212341070175171
-0.9168038368225098
-0.7161530256271362
1.0055737495422363
-0.39928102493286133
-0.330763578414917
1.289425015449524
2.048217535018921
0.6023803353309631
-1.2528932094573975
-1.6046284437179565
-2.5015790462493896
-2.2684895992279053
-0.5132662653923035
-1.4153456687927246
0.1894259750843048
0.30790963768959045
-1.0006325244903564
-1.3145679235458374
-1.1703097820281982
-1.6690605878829956
-0.1826966255903244
-0.9942604899406433
0.7040770053863525
-0.3685879111289978
-1.5464659929275513
-0.1966966986656189
0.2926970422267914
-2.9104456901550293
-2.8850178718566895
-1.559957504272461
0.02999269962310791
2.110476016998291
0.6128928661346436
-1.4061915874481201
-1.4585388898849487
-1.9359666109085083
-2.990823984146118
0.45212286710739136
-0.06986305862665176
0.03489327430725098
-1.3028309345245361
-1.4759728908538818
-1.9726417064666748
-2.1280386447906494
-1.6159722805023193
0.08474181592464447
-0.7519336342811584
-0.18946178257465363
-1.206312656402588
-1.0758873224258423
-0.18913725018501282
-1.5858440399169922
1.4566229581832886
-2.506760835647583
-2.579688549041748
-2.395772933959961
-3.391477584838867
-5.230117321014404
0.289527028799057
2.2185232639312744
0.30151572823524475
-1.9051008224487305
-2.9570093154907227
-4.780592441558838
-3.537775754928589
-0.5292957425117493
-0.16185225546360016
2.551731824874878
0.6265475749969482
0.7868950366973877
-0.8261362910270691
-3.0982704162597656
-0.864275336265564
2.0249218940734863
2.1073920726776123
2.765852928161621
1.1580188274383545
1.5838474035263062
1.6856639385223389
-0.5884168148040771
-0.586706817150116
-0.8972519636154175
-0.9380247592926025
-0.6204776167869568
-0.0935424268245697
1.3581304550170898
0.026792921125888824
1.092291235923767
-1.4156008958816528
1.448272943496704
-0.3241003453731537
2.2006561756134033
0.20451925694942474
1.2192062139511108
-1.2446551322937012
-0.40057384967803955
0.5927674770355225
0.900625467300415
0.5942204594612122
1.0637013912200928
-1.4593064785003662
-1.0869287252426147
-2.062774658203125
0.28613612055778503
1.350558876991272
-0.5452364087104797
-2.75064754486084
-5.075354099273682
-3.349343776702881
-2.4218881130218506
-3.328155994415283
2.0269739627838135
2.676330089569092
0.38332560658454895
-3.852525472640991
-6.014280319213867
-3.1442441940307617
-1.4831936359405518
-2.958853006362915
-0.05390572547912598
-0.9837130904197693
-1.4323030710220337
-2.0189197063446045
-5.309335231781006
-2.591499090194702
-4.0263142585754395
-5.58302640914917
-4.852253437042236
-3.0094120502471924
-2.2910330295562744
-2.3880836963653564
-3.5927505493164062
-1.9893286228179932
-3.097771406173706
-4.288371562957764
-1.7131950855255127
0.9707834124565125
0.7500893473625183
-2.0519702434539795
-2.3326170444488525
-2.0758767127990723
-1.3924561738967896
-2.3511550426483154
0.6201462149620056
1.7154667377471924
-1.2933666706085205
-4.918699264526367
-5.4624409675598145
-3.5406956672668457
-0.9953726530075073
-1.6165339946746826
-0.8670562505722046
-3.8220009803771973
-6.078042030334473
-5.570457935333252
-6.912254810333252
-3.7769970893859863
-0.766330897808075
-3.277946710586548
-4.316966533660889
-4.456162452697754
-3.4674999713897705
-1.7646456956863403
-2.223053455352783
-1.4822396039962769
-1.4733151197433472
-0.7943618893623352
-1.7165559530258179
-2.1748411655426025
-2.2676830291748047
-1.569564938545227
-2.5329487323760986
-1.9821857213974
-0.7786393761634827
-2.4166977405548096
-3.919506072998047
-3.151432514190674
-2.3934340476989746
-0.03125825524330139
-3.5889554023742676
-1.109228491783142
-0.11087622493505478
-1.7938730716705322
-2.751621723175049
-1.1669987440109253
-1.5143266916275024
-2.336115837097168
-4.1175408363342285
-0.40017667412757874
1.3521653413772583
1.5322673320770264
0.5409150123596191
2.562493085861206
-0.4142068326473236
-2.806018114089966
-1.729573130607605
-0.4628060758113861
1.4501779079437256
0.28971877694129944
-2.510406970977783
-0.9057154059410095
0.6491380929946899
-3.393667459487915
-2.7490835189819336
-2.103123664855957
0.38320276141166687
-0.0846756175160408
-4.097506523132324
-1.1366453170776367
-0.7813498973846436
-1.9833111763000488
-3.17368745803833
-1.4184190034866333
-0.32339203357696533
-0.5150402784347534
-0.7097801566123962
-0.2520272135734558
-4.52141809463501
-5.395183563232422
-6.1955671310424805
-3.1236841678619385
1.8829606771469116
-1.6949747800827026
-1.2742290496826172
-1.5726269483566284
-3.402271270751953
-3.5415337085723877
-2.035013198852539
-0.9789413213729858
1.9968127012252808
0.14764384925365448
0.3646920919418335
2.1363112926483154
2.1093130111694336
1.8184210062026978
-0.5268453359603882
-0.9982482194900513
3.378566026687622
0.0695945993065834
2.2388346195220947
3.7513723373413086
1.1890429258346558
1.5079597234725952
3.658252239227295
-0.16298124194145203
0.7637932300567627
1.6282342672348022
1.0060919523239136
0.06610243767499924
0.09536217898130417
0.3568710386753082
2.0500741004943848
2.21267032623291
0.845946192741394
3.4002695083618164
1.9430341720581055
-1.6628972291946411
-2.1003150939941406
0.8767049908638
0.9412356019020081
1.112884521484375
0.8105646371841431
1.9669703245162964
1.7646615505218506
1.6039735078811646
2.8086068630218506
3.875852346420288
2.9489951133728027
-0.24776509404182434
1.4924148321151733
3.240844488143921
5.481125354766846
3.262470006942749
0.005712687969207764
1.3042564392089844
1.6880613565444946
2.150162935256958
0.10340289771556854
3.1590962409973145
4.292499542236328
0.11491447687149048
-2.537458896636963
-2.1900253295898438
-1.235647439956665
1.075887680053711
-1.3920952081680298
1.6136484146118164
0.5181968808174133
-1.4579113721847534
-0.08947397768497467
0.11112401634454727
1.066662311553955
0.9385501146316528
-1.6210592985153198
0.3707446753978729
-0.892707884311676
-1.48399817943573
0.2719685137271881
0.7786288857460022
0.9006884694099426
2.014289379119873
-0.955848217010498
-0.6014400124549866
-2.2761478424072266
0.4053801894187927
3.2016942501068115
2.2807259559631348
-0.10684759169816971
-0.06060434877872467
-1.3289982080459595
0.9423543810844421
3.4519147872924805
3.943911552429199
1.5419203042984009
-0.9068648815155029
0.10002638399600983
1.4777494668960571
-0.7452989220619202
4.457021236419678
3.3242974281311035
-0.3237974941730499
-1.655955195426941
-1.6300318241119385
-2.0982699394226074
-1.8168840408325195
-1.160966396331787
2.5632481575012207
0.4506673216819763
1.9639170169830322
2.7050843238830566
2.559373378753662
-0.002162597142159939
-0.25645533204078674
-0.5291100144386292
0.8249896764755249
0.23891305923461914
3.6167244911193848
3.7680563926696777
2.092651844024658
-0.8498193025588989
1.4620875120162964
-0.32444483041763306
1.2725988626480103
0.8334869146347046
2.602771759033203
0.8644035458564758
-0.38684046268463135
-2.560326337814331
0.6136993765830994
0.03346121311187744
-0.1508411169052124
1.5118329524993896
0.9112081527709961
2.3072152137756348
1.7267141342163086
1.2760895490646362
1.7514073848724365
0.6950114965438843
1.2060743570327759
1.4200917482376099
-1.2785632610321045
-3.968557119369507
-2.7646005153656006
-0.31561994552612305
-0.6407390236854553
-0.6346873641014099
-0.8386160731315613
-1.5993750095367432
-3.208347797393799
-5.17924690246582
-4.291991233825684
-3.7976670265197754
-3.8041954040527344
-1.6001038551330566
-0.5025278925895691
-0.9324846863746643
-1.4093934297561646
-2.950795888900757
-2.5218751430511475
-3.0413777828216553
-4.5159711837768555
0.13759325444698334
-0.032837867736816406
0.7014604806900024
1.3373459577560425
0.7305699586868286
0.9155492186546326
0.6401453614234924
-1.3770931959152222
0.2551880478858948
-1.119530439376831
0.9971905946731567
-1.158319354057312
-0.34630125761032104
0.27261629700660706
0.4845180809497833
-0.5651288032531738
-2.0883290767669678
-3.2438929080963135
-3.3054022789001465
-2.8885507583618164
-1.5924981832504272
-0.3926749527454376
0.15529751777648926
-0.4697417616844177
-2.83602237701416
-4.366949081420898
-6.312087059020996
-3.448180675506592
0.79803067445755
1.1030735969543457
0.07256846129894257
0.05670230835676193
-0.3551419973373413
-0.3373107314109802
-1.0820494890213013
-1.2204325199127197
-1.0393272638320923
-1.7814912796020508
-1.637704849243164
-0.8102413415908813
-0.9391143918037415
0.5631529092788696
0.18468743562698364
-0.248475581407547
0.31217098236083984
-4.096200942993164
-3.933809280395508
0.781543493270874
-3.767258405685425
-1.2530450820922852
-1.2177602052688599
-2.6110923290252686
-3.0513756275177
-3.186501979827881
-5.922508716583252
-3.600426435470581
-2.2329537868499756
-1.5392173528671265
-0.14435283839702606
-2.1755387783050537
-3.5507497787475586
-4.170338153839111
-1.7432057857513428
-4.487020969390869
0.5877772569656372
-1.196495771408081
0.6062805652618408
1.264797329902649
0.0690712034702301
-1.3596413135528564
0.6998949646949768
-1.168222188949585
0.4752271771430969
-0.8603116869926453
-0.877978503704071
0.357544869184494
0.6032683253288269
-2.1988320350646973
-3.1069180965423584
-2.4508461952209473
-2.612046957015991
-2.8081746101379395
-4.014028072357178
-4.53416109085083
-4.243571758270264
-5.739520072937012
-5.2917799949646
-3.866539478302002
-2.3450870513916016
-5.507359981536865
-5.645349979400635
-5.8661699295043945
-7.363087177276611
-6.6235833168029785
-6.883005142211914
-4.350975036621094
2.778210401535034
-0.8336422443389893
-2.9332807064056396
-2.9093828201293945
-3.0082900524139404
-0.7518627643585205
-1.1915638446807861
-1.1756609678268433
-0.46344155073165894
-1.0991700887680054
-3.078463077545166
-0.1697728931903839
0.2525734603404999
-1.7292340993881226
-1.6192221641540527
0.5929422974586487
-2.440852642059326
0.4495787024497986
-0.9935911297798157
1.1172716617584229
1.2877333164215088
-1.289491057395935
-3.421318769454956
-0.21888205409049988
-2.8361563682556152
1.407004952430725
1.3623396158218384
-0.9317836761474609
-1.3730136156082153
1.8708508014678955
-2.116222620010376
-1.4946709871292114
-5.079069137573242
-3.0165042877197266
-1.2353349924087524
-2.3729302883148193
-2.7265260219573975
-0.4996267855167389
-2.2019217014312744
-2.0031321048736572
-4.47022008895874
-4.4469313621521
-0.8543273210525513
0.6146335005760193
-0.34597039222717285
-0.562751293182373
0.27011609077453613
-0.9269741177558899
-1.462419033050537
-2.3758761882781982
-1.0787705183029175
-2.6100375652313232
-2.3983514308929443
-2.3417158126831055
-1.934480905532837
-3.093695640563965
-4.145446300506592
-0.5559549331665039
-0.4735551178455353
-3.263357400894165
-3.0569350719451904
-2.745227813720703
-3.836390495300293
-3.5912537574768066
-4.278512477874756
-3.753709316253662
-2.4878947734832764
-2.4736239910125732
-1.3294614553451538
-0.49560368061065674
-2.314936637878418
-2.681087017059326
-0.8887962698936462
-0.7427388429641724
-0.031200572848320007
-1.854764461517334
-0.847793698310852
0.9736010432243347
-1.1524754762649536
-2.486327648162842
-2.441279649734497
-3.3637499809265137
-0.08015355467796326
-0.5674471259117126
-5.783534526824951
-3.909567356109619
-3.653233051300049
-4.449963569641113
-0.5859265923500061
1.0885652303695679
2.9734878540039062
2.576693296432495
-0.15760959684848785
-1.2063757181167603
-1.299306035041809
0.6057221293449402
-0.48724690079689026
0.834179699420929
0.6438989043235779
1.4163635969161987
2.6858696937561035
-0.10204340517520905
-2.7341315746307373
-1.9219180345535278
-0.26867207884788513
0.231412872672081
-2.002802610397339
-1.6439324617385864
1.0959498882293701
-0.10184898972511292
-0.8860936760902405
-2.014284133911133
-1.5343025922775269
-1.7122224569320679
-2.1597330570220947
-0.7003346681594849
2.6129884719848633
1.1993952989578247
0.4073946177959442
-1.3243788480758667
-2.4001917839050293
-1.522571086883545
-0.028066329658031464
0.7475346326828003
0.8579522371292114
-1.1300652027130127
-1.0894213914871216
-0.8160768151283264
1.9673047065734863
1.5264878273010254
1.3745198249816895
-0.9871382713317871
-1.2470859289169312
-1.8465746641159058
-0.807249128818512
-0.1912195384502411
-1.196229100227356
-2.4090869426727295
-1.8864314556121826
-1.3772294521331787
-2.8662848472595215
-1.5089150667190552
-0.7215945720672607
-1.1901867389678955
-3.144946813583374
-5.121866226196289
-5.26338529586792
-3.9622855186462402
-4.719343185424805
-3.469822406768799
-1.9517146348953247
-1.2897711992263794
-1.9989311695098877
-6.097776889801025
-7.4606828689575195
-7.702774524688721
-7.707498073577881
-8.430622100830078
-6.208849906921387
-3.476223945617676
-2.670807123184204
-4.935406684875488
-5.865595817565918
-8.397161483764648
-7.842918395996094
-8.256291389465332
-6.571253776550293
-2.467388153076172
-3.8602139949798584
-6.662563800811768
-5.626516819000244
-7.851493835449219
-8.705653190612793
-9.119711875915527
-5.2452192306518555
-3.230241298675537
-3.6052229404449463
-5.92467737197876
-5.185209274291992
-5.985789775848389
-6.145944118499756
-6.539003849029541
-5.380421161651611
-3.4697563648223877
-2.8865950107574463
-5.113550662994385
-7.1453537940979
-7.091355323791504
-6.195847511291504
-5.881502628326416
-5.425212860107422
-3.2138564586639404
-2.6674203872680664
-2.7454075813293457
-4.750936031341553
-4.764734745025635
-3.9797523021698
-4.315361499786377
-4.249387741088867
-2.767967939376831
-0.578883945941925
-2.4018402099609375
-0.5869105458259583
1.7267817258834839
-0.9485259652137756
-1.7282633781433105
0.8828044533729553
-0.46761777997016907
-0.4229380786418915
-1.0598828792572021
-1.5354030132293701
-0.5344831943511963
0.27813202142715454
0.18873749673366547
-2.2506537437438965
-1.6651136875152588
-0.3917592167854309
-1.0172345638275146
0.2500188648700714
0.5134066343307495
-1.2185667753219604
-3.2338006496429443
-2.801853656768799
-2.4050354957580566
-1.0655056238174438
-1.305713415145874
0.578037440776825
-0.26640090346336365
0.5055249333381653
-1.3221750259399414
-1.0069314241409302
-1.253526210784912
-0.004268094897270203
-0.8498600125312805
2.164382219314575
-0.9315081238746643
-2.189987897872925
-1.8529022932052612
-1.6200255155563354
-1.4540214538574219
0.6801945567131042
-1.6085096597671509
0.590144693851471
0.6131715774536133
0.662671685218811
0.8660012483596802
0.4493947923183441
0.5880407094955444
2.6305696964263916
-0.2573210299015045
0.7013516426086426
3.1794281005859375
2.2531161308288574
0.6304813623428345
-0.39423033595085144
0.4415249228477478
2.1866819858551025
1.7519595623016357
1.502213478088379
2.357348680496216
1.0511109828948975
0.2876834273338318
-0.4210659861564636
-0.5180413722991943
-1.2265608310699463
-0.9350824356079102
-0.6111230254173279
-1.190992832183838
-2.35022234916687
-1.0296040773391724
-2.453439950942993
-2.227708339691162
-2.011136293411255
-3.369532823562622
-1.751173734664917
-3.407297134399414
-4.551642417907715
-5.645974636077881
-5.230548858642578
-4.095064640045166
0.9180911779403687
-0.044204022735357285
0.660003662109375
0.2613397240638733
2.5015206336975098
-1.7010072469711304
-3.485313892364502
-0.0377013236284256
-1.4284929037094116
2.456411838531494
1.8296362161636353
2.2151644229888916
2.652348518371582
3.556875228881836
-2.6834325790405273
-0.46058887243270874
7.450580596923828e-06
3.2027604579925537
3.8240761756896973
5.4585652351379395
6.776154041290283
6.946473598480225
0.6681833863258362
-0.49373382329940796
0.507531464099884
2.0003669261932373
2.7580108642578125
3.460800886154175
5.1222944259643555
4.113143444061279
0.43253278732299805
-1.277275800704956
-2.116811990737915
-1.396234154701233
-0.4964243769645691
0.07160849869251251
-0.6208102703094482
-2.4051191806793213
-2.081587553024292
-2.1775081157684326
-3.5552761554718018
-4.593687534332275
-4.3935465812683105
-2.6647965908050537
-2.4414117336273193
-3.4083876609802246
-3.2023680210113525
-1.953818678855896
-1.7208213806152344
-1.331855297088623
-0.6718626618385315
-0.8149122595787048
-0.9597404599189758
-2.533905029296875
-1.6731022596359253
-0.7421802282333374
-1.8967293500900269
-4.652312278747559
-0.09253088384866714
3.1064751148223877
2.0479400157928467
-0.0290275476872921
-4.14413595199585
-4.023026943206787
-0.9480658769607544
-4.823134899139404
3.1167497634887695
7.059964179992676
1.753135085105896
-1.009204626083374
-2.310486316680908
-5.586793899536133
-1.6224925518035889
-3.4501636028289795
2.958899736404419
1.860329270362854
-2.961656332015991
-1.5122298002243042
0.3894631564617157
-1.3453025817871094
-2.076148748397827
-4.151886940002441
-4.393269062042236
-5.229616165161133
-5.021119117736816
-1.3323906660079956
-0.8032353520393372
-1.6860005855560303
-2.2548327445983887
-3.6690430641174316
-5.690178871154785
-4.677055835723877
-3.2095913887023926
-2.68924617767334
-0.7315477132797241
-1.4114362001419067
-1.3816183805465698
-2.543638229370117
-3.681685447692871
-1.6013760566711426
-0.30513128638267517
-2.523066997528076
-2.5348727703094482
-1.6561945676803589
1.1645737886428833
-2.0314950942993164
-3.540043354034424
-4.197094440460205
-4.067975997924805
-4.683804512023926
-3.8180229663848877
-1.5280858278274536
-1.2226840257644653
-1.1144044399261475
-1.6930452585220337
-1.351073145866394
-0.12665975093841553
0.8541552424430847
1.6780242919921875
1.9206289052963257
2.3697152137756348
1.3028091192245483
-0.3224199712276459
0.24338020384311676
3.358721971511841
7.261488437652588
5.042778968811035
3.326010227203369
2.0606062412261963
0.33265674114227295
0.040504783391952515
-0.16216453909873962
-0.4266038239002228
4.687080383300781
2.1227006912231445
0.8553286194801331
-1.5692944526672363
-1.1526594161987305
1.0080050230026245
-1.2447839975357056
-2.3133127689361572
-0.31205064058303833
0.3825828731060028
-0.8553078174591064
0.22588272392749786
1.9848358631134033
3.3216655254364014
1.9914816617965698
1.9234024286270142
0.6009277701377869
0.8181501626968384
1.2061142921447754
0.051814183592796326
2.829651355743408
2.1918678283691406
1.5258421897888184
1.2015408277511597
0.20336921513080597
-0.7886550426483154
-0.6547375917434692
-0.6515052914619446
1.9573071002960205
3.538048028945923
3.16424822807312
1.971815824508667
1.4065489768981934
-0.03242935612797737
-0.6077645421028137
0.22056324779987335
-0.32610878348350525
1.6503347158432007
4.404926776885986
4.280386924743652
3.5658318996429443
2.3172004222869873
2.2490694522857666
0.7816615700721741
0.5773862600326538
-0.16406267881393433
-1.6857928037643433
3.9096250534057617
0.8217596411705017
-0.4011090099811554
1.6268830299377441
-0.4287618398666382
-0.6004256010055542
-2.4001073837280273
-2.4360554218292236
1.7599973678588867
-1.7606934309005737
-3.4360287189483643
2.5688905715942383
-3.2019922733306885
-1.8428088426589966
-0.508201003074646
-1.1747424602508545
3.1977357864379883
4.847696304321289
1.7271466255187988
4.543086051940918
-0.8976860046386719
0.8430829048156738
3.1320040225982666
0.46455615758895874
-0.4003230929374695
0.5837145447731018
1.9047141075134277
1.1757358312606812
0.7157142162322998
1.2049815654754639
-0.395320326089859
-2.488483428955078
-3.9913501739501953
-3.058961868286133
-2.0772552490234375
-0.5798231363296509
-0.2479754537343979
0.7630624175071716
0.5724077224731445
0.7490977644920349
0.5165786743164062
0.5486205816268921
-0.669685959815979
0.9227097630500793
-2.0260519981384277
0.19099870324134827
5.007080078125
4.25286865234375
1.9009495973587036
-1.1506571769714355
-2.2504475116729736
-0.31862685084342957
-0.7469930052757263
0.7374375462532043
4.025747299194336
0.5967667698860168
-1.337862253189087
-0.9582946300506592
-1.7890328168869019
-0.6743333339691162
-2.2103209495544434
-3.086236000061035
-3.2561376094818115
-3.440828561782837
-4.809178829193115
-1.53911292552948
3.5375349521636963
2.55757212638855
0.03180938959121704
3.1452417373657227
-2.0464930534362793
-1.3219385147094727
-2.8545217514038086
-1.2836556434631348
0.5968008041381836
-0.23233994841575623
3.7189629077911377
8.031144142150879
-2.325798273086548
-3.6918652057647705
-1.4232356548309326
-0.8144134283065796
-0.0571078360080719
-2.114989995956421
-1.066762089729309
-2.108874797821045
-4.216792583465576
-5.239703178405762
-4.548500061035156
-5.728230953216553
-3.7723186016082764
-2.0213444232940674
-1.4030706882476807
-2.5300302505493164
-1.0658482313156128
-1.4076067209243774
-3.668346405029297
-5.893393039703369
-3.4699883460998535
0.16653572022914886
1.4666310548782349
-0.08357088267803192
-0.4266221523284912
2.2486469745635986
0.5907244086265564
-0.5762921571731567
0.9783811569213867
0.9009689092636108
1.4051990509033203
0.4810481071472168
-1.9353314638137817
-0.3594512343406677
-3.7592926025390625
-3.112356185913086
-1.5632585287094116
-1.2510206699371338
-0.7324485778808594
-1.9436167478561401
-2.6832306385040283
-1.6264138221740723
-4.206472873687744
-1.4648078680038452
0.06833881884813309
-0.0004036352038383484
-1.6518791913986206
-2.4912359714508057
0.6030297875404358
0.06271250545978546
-0.9018069505691528
-0.878364086151123
-2.8565428256988525
-3.8393874168395996
-0.5266737937927246
-2.1462717056274414
-0.5281800031661987
-0.023839183151721954
-2.2856686115264893
-1.1352667808532715
-1.2596595287322998
-3.5368881225585938
2.277428150177002
1.8317216634750366
-0.5427826046943665
-0.3994521200656891
-4.001651763916016
-4.081255912780762
-2.579184055328369
-2.552398443222046
1.7123481035232544
1.2578455209732056
0.216324582695961
-2.2302603721618652
-1.5783360004425049
0.1559654325246811
1.7831809520721436
-0.9880533814430237
-0.5220046043395996
-1.2856597900390625
-0.34497320652008057
-2.9786906242370605
-1.7702809572219849
-2.4843196868896484
-1.648038387298584
-2.0396981239318848
-0.3885043263435364
-0.35631120204925537
-2.538156509399414
-3.9700121879577637
-2.578887939453125
-2.2128987312316895
-3.172187089920044
-2.512680768966675
-3.0334830284118652
-2.0231292247772217
-3.2208030223846436
-3.766772747039795
-1.8750194311141968
-0.88947594165802
0.188232421875
-1.7292102575302124
-2.1425793170928955
-2.5315732955932617
-1.7883118391036987
-1.7697980403900146
-2.0020041465759277
-1.756592035293579
-0.2566949427127838
-0.5492204427719116
-2.5032639503479004
-3.1364784240722656
-1.4599967002868652
-2.5498926639556885
-2.4516079425811768
-0.5097161531448364
-2.3923394680023193
-3.7219481468200684
-0.6744385361671448
-1.2116304636001587
-4.067215442657471
-3.475825786590576
-5.378230094909668
-4.4831647872924805
-5.885962963104248
-5.9034223556518555
0.6683152914047241
-3.67025089263916
-7.044878959655762
-2.756770133972168
-3.4385271072387695
-0.4172615110874176
0.04686063528060913
-2.234891653060913
-0.8834330439567566
-6.867049694061279
-6.167417049407959
-3.115149736404419
-4.692645072937012
-4.8151960372924805
-1.6590145826339722
-2.3178343772888184
0.13998399674892426
-3.744889736175537
-1.900562047958374
-1.0083907842636108
-3.5495026111602783
-1.7320215702056885
-1.3355969190597534
-1.7395771741867065
0.11767140030860901
-2.4732606410980225
-1.9614888429641724
-3.5718908309936523
-5.8225603103637695
-4.839384078979492
-3.883540153503418
-3.387164831161499
-5.086989879608154
-4.5214385986328125
-4.236996173858643
-4.883628845214844
-4.146772384643555
-3.5635666847229004
-2.8055880069732666
-4.607649326324463
-3.4778740406036377
-4.251575469970703
-2.266695022583008
0.17646420001983643
-0.04755498468875885
-0.7529000639915466
-1.07737398147583
-1.8292604684829712
-0.3993196189403534
-1.0643727779388428
-1.1259139776229858
-2.156345844268799
-1.9657241106033325
-0.34387457370758057
1.2687236070632935
-1.3464702367782593
-0.9263575673103333
-2.5334784984588623
-2.1154675483703613
-1.2205387353897095
-6.3549394607543945
-5.855079650878906
-1.7598299980163574
-2.463484764099121
-2.715301752090454
-3.8108408451080322
-1.6005100011825562
-1.1330256462097168
-4.025470733642578
0.708797037601471
-0.18235859274864197
-2.6213457584381104
-3.7886762619018555
-3.1864471435546875
-3.5569510459899902
-2.9775643348693848
0.25817057490348816
2.300050735473633
0.10870461165904999
-0.612464427947998
-1.619023084640503
-1.8205757141113281
-0.30033451318740845
1.096022367477417
1.8448385000228882
3.0852203369140625
-0.5201274156570435
-1.3059163093566895
-1.9444901943206787
-0.636375367641449
-1.3920975923538208
-1.0558335781097412
-0.16989368200302124
-0.4216609299182892
-1.9339951276779175
-2.9113247394561768
-0.9530730247497559
0.9299392700195312
-1.024499773979187
-4.7923502922058105
-5.5585856437683105
-5.521054744720459
-5.32082986831665
-4.22459077835083
0.1792406290769577
-0.4651441276073456
-3.1637401580810547
-2.4983017444610596
-3.025669813156128
-2.735367774963379
-2.132697343826294
-1.1850534677505493
-0.36321181058883667
-1.4678913354873657
0.12029802799224854
1.5134730339050293
-1.0851030349731445
-0.3778057098388672
2.5634140968322754
0.6879899501800537
0.6400991082191467
-0.4627135396003723
1.2634960412979126
1.1487786769866943
1.8241822719573975
0.03891868144273758
1.0514994859695435
1.8442562818527222
-0.4548545777797699
0.6683090925216675
2.025207281112671
-0.9749577641487122
-0.34043362736701965
-0.02929770201444626
-1.6816612482070923
3.2385177612304688
-2.0564022064208984
-0.41814467310905457
-0.6657499074935913
-2.3307836055755615
-0.8293097615242004
-2.0935206413269043
-4.163093566894531
1.4274405241012573
-1.951844334602356
-2.199063777923584
-3.3576064109802246
-5.251735210418701
-1.9422744512557983
-0.5979104042053223
-2.026038408279419
2.158090591430664
-0.8891761302947998
-0.9280532002449036
-3.327510356903076
-3.609736442565918
-1.9972028732299805
-1.8492156267166138
-2.278201103210449
1.6325082778930664
-1.7045540809631348
-1.0254744291305542
-3.0629611015319824
-3.754899501800537
-2.27968168258667
-2.5779736042022705
-4.007110595703125
-1.558213710784912
-1.4632153511047363
-2.3395273685455322
-3.0837063789367676
-4.025683403015137
-2.9832324981689453
-2.854945182800293
-2.670611619949341
-1.063129186630249
-0.2114028036594391
1.067736029624939
0.5584241151809692
0.4534314274787903
-0.3957826495170593
-0.6780375838279724
-0.22422464191913605
0.4312179386615753
-0.4740796387195587
0.1548278033733368
-0.7658839821815491
-2.054872751235962
-3.196859359741211
-3.6498053073883057
-3.5155341625213623
-0.9391705989837646
0.8380711674690247
1.5243908166885376
-2.3147988319396973
-5.678746223449707
-4.404541015625
-1.9411112070083618
-1.5636502504348755
-1.1748358011245728
-0.5979442596435547
0.5587996244430542
-3.8616487979888916
-4.70805549621582
-2.7088913917541504
-0.4736916422843933
-0.07201980799436569
0.7024552822113037
-0.2568122446537018
0.8032816648483276
0.30905452370643616
2.952548027038574
4.3722825050354
2.8247828483581543
3.3925881385803223
2.57781982421875
1.9582270383834839
3.551290512084961
5.317659854888916
5.722070693969727
4.36079740524292
0.4099794030189514
-0.4310912489891052
0.48529890179634094
0.8952617645263672
4.96634578704834
4.347923755645752
1.7493505477905273
-1.461888074874878
-2.2372612953186035
-0.93470299243927
0.6341162919998169
-0.6474736928939819
-1.506240725517273
-0.9319589138031006
-0.47377100586891174
0.729328453540802
1.063359022140503
0.514146089553833
-0.45502969622612
-0.6644266843795776
-0.3940891623497009
-0.5592157244682312
0.4549076557159424
1.3351153135299683
0.6311312317848206
0.3592226505279541
0.9066329002380371
-2.80279278755188
-1.8825782537460327
-1.3124110698699951
-1.6464548110961914
-1.137132167816162
2.502880573272705
2.4383392333984375
2.348235607147217
-2.9297165870666504
-4.212048530578613
-4.255483627319336
-4.397348403930664
-2.3032913208007812
1.318375825881958
2.864508628845215
2.726130485534668
-0.42517802119255066
-2.8436429500579834
-2.633664131164551
-2.380570650100708
-1.215872049331665
-2.0818607807159424
0.26464393734931946
0.4521808922290802
0.8696666359901428
0.06668020784854889
0.5743539929389954
3.5740954875946045
5.401893138885498
3.2204325199127197
1.7266743183135986
0.23042608797550201
0.41465023159980774
1.0334765911102295
3.6596193313598633
4.08503532409668
5.709965229034424
5.247162342071533
3.610445976257324
0.5920352935791016
-0.6509846448898315
0.5132819414138794
2.229977607727051
0.14488519728183746
1.627150297164917
0.3832419812679291
-0.1596428006887436
-1.0817575454711914
-1.0942940711975098
-2.3704309463500977
-3.2439792156219482
-2.4807839393615723
-1.728747844696045
-2.8711493015289307
-3.0686678886413574
-2.7425122261047363
-0.20575419068336487
-1.2643450498580933
-1.2014095783233643
0.41536468267440796
0.4521618187427521
2.6591243743896484
1.0248961448669434
2.095621347427368
0.44687730073928833
0.28213536739349365
1.0478209257125854
2.428356647491455
2.3088276386260986
0.7992527484893799
1.2640002965927124
0.7159575819969177
-0.36222144961357117
0.16163037717342377
1.1467825174331665
2.2541942596435547
0.7899640202522278
-4.384898662567139
-3.8199806213378906
-3.0178470611572266
-2.290565252304077
-2.9861037731170654
-0.13750608265399933
0.300498366355896
-0.6022918820381165
-1.159327507019043
-3.288835048675537
-2.765148401260376
-1.1404727697372437
-0.8136736750602722
-2.489520311355591
-2.0125834941864014
-0.5561935901641846
0.26672253012657166
-0.9687528014183044
-0.08195918798446655
-2.280579090118408
-0.09483200311660767
-1.6011085510253906
-4.190268039703369
-1.3263869285583496
-0.552506148815155
-3.635378837585449
-1.3495887517929077
-3.048205852508545
-2.517042398452759
-2.5177693367004395
-2.387328624725342
0.33306729793548584
1.49587881565094
-0.3115304410457611
0.747384250164032
-0.7750944495201111
-1.497013807296753
-0.4133370518684387
0.9578978419303894
0.5001612901687622
1.0060982704162598
-0.3918113708496094
-0.4891134798526764
1.2191739082336426
0.4444199800491333
-1.4450254440307617
-2.138699531555176
-0.7456241250038147
0.522872269153595
0.9459030628204346
-0.5090538263320923
1.2419739961624146
1.022072196006775
-1.587990164756775
-2.7166924476623535
-0.08843874931335449
0.3543631434440613
0.40372881293296814
-0.27439919114112854
-0.7564129829406738
-1.7906455993652344
-3.0037620067596436
-3.480875015258789
-0.9269243478775024
0.01801435276865959
1.034123182296753
1.2912076711654663
-3.135101795196533
-1.5650650262832642
-1.8739476203918457
-0.38908112049102783
-0.9026148319244385
-1.080629825592041
0.2865290343761444
0.42904552817344666
-0.24800598621368408
-0.19050949811935425
-0.8733671307563782
-0.29866981506347656
-2.3695809841156006
-1.2920308113098145
1.0770832300186157
-0.6623505353927612
0.5837169885635376
0.9430015683174133
0.6545692086219788
-0.42635029554367065
-2.120607852935791
-3.5028743743896484
-2.921290397644043
-1.7608940601348877
-0.8255066275596619
-0.012762099504470825
1.1953351497650146
-0.8727949857711792
-2.15216064453125
-2.2925455570220947
-2.2431490421295166
-0.18765413761138916
-0.9827000498771667
-0.9110933542251587
-1.9963412284851074
-2.726804256439209
-1.4623154401779175
-1.4932082891464233
-2.20926833152771
-1.9307972192764282
-2.893705129623413
-3.1644175052642822
-2.0943124294281006
-2.72538423538208
-0.37038564682006836
1.2983670234680176
1.059049129486084
0.14724944531917572
1.0713255405426025
2.144407272338867
2.1934316158294678
2.3119359016418457
3.2924182415008545
0.9713691473007202
3.0643346309661865
2.6135759353637695
-0.03201982006430626
1.713930606842041
3.387791872024536
2.0366435050964355
1.8103904724121094
0.7945596575737
-1.1609123945236206
1.963782548904419
-3.294567346572876
-2.8579111099243164
-1.7528672218322754
-1.7316092252731323
-0.9956283569335938
-1.0836304426193237
-0.8256486654281616
1.3413044214248657
-3.7714545726776123
-4.909432888031006
-1.7530174255371094
-0.20068009197711945
1.7948120832443237
0.6544792652130127
2.0217971801757812
1.4426065683364868
-1.0821818113327026
-2.799680233001709
-3.1815454959869385
-0.9530652761459351
0.09169605374336243
-1.421745777130127
-0.2556990683078766
0.9504975080490112
-4.581465721130371
-3.0307846069335938
-1.089295744895935
-2.2077651023864746
0.0146484375
-1.329567313194275
-2.7170250415802
-1.456339955329895
-3.6290717124938965
-3.420544147491455
-4.269476413726807
-4.652559280395508
-1.7247666120529175
-0.5092033743858337
0.26089510321617126
-0.493227481842041
0.7852559685707092
-0.9730474352836609
0.8841918706893921
1.2469414472579956
1.352288007736206
2.7795677185058594
2.5115954875946045
1.2366905212402344
0.9175440073013306
0.09822750091552734
0.8808421492576599
-2.010011911392212
-2.515493869781494
-4.7638421058654785
-2.2783548831939697
2.6177453994750977
0.5996372699737549
-0.3609430193901062
-1.0947532653808594
-4.935785293579102
-1.9953128099441528
-5.869526386260986
-7.110289573669434
2.112901449203491
0.8578375577926636
-0.3968338370323181
-1.9028081893920898
-4.584623336791992
0.2647309899330139
0.1184755265712738
-3.0573923587799072
-0.9692173004150391
0.5518167018890381
0.10979965329170227
0.2503145933151245
-2.36232328414917
-1.3105355501174927
-5.144980430603027
-3.976309299468994
-0.39971238374710083
0.04711012542247772
-1.1981655359268188
1.3779093027114868
-0.8724972009658813
-2.582357168197632
-3.908655881881714
-3.309798002243042
-0.7674872875213623
-0.7826537489891052
0.5785364508628845
-1.0523189306259155
-1.1523078680038452
-1.8441251516342163
-2.2171037197113037
-1.3590673208236694
0.9392334818840027
-0.7421075701713562
1.5723857879638672
0.7890884280204773
-1.8574095964431763
-0.8351280093193054
0.2547447681427002
-0.42365413904190063
0.5498335361480713
-1.0794111490249634
-2.140671491622925
-1.6955444812774658
-0.9369884133338928
-0.6594194173812866
-0.3699273467063904
0.9189146757125854
-2.1776347160339355
-2.0704221725463867
-1.9896044731140137
-0.9948562979698181
-2.1835477352142334
-3.1432275772094727
-3.214890956878662
0.26357707381248474
0.5038463473320007
-2.6312105655670166
-2.036309242248535
-1.7339173555374146
-2.7033889293670654
-2.387680768966675
-1.6728764772415161
-0.8897413015365601
-0.7799010872840881
-0.1223938912153244
0.3982415497303009
-2.7312161922454834
-2.8668031692504883
-2.798208236694336
-0.06626606732606888
1.2700015306472778
-0.8278194665908813
0.02285156399011612
-0.1673375517129898
-1.361366629600525
-2.5591962337493896
-2.382033586502075
-1.995017409324646
0.04090587794780731
-2.796290636062622
0.5028882026672363
0.45418787002563477
-0.009544327855110168
-1.5796592235565186
-0.7180182933807373
-0.6519196629524231
-0.2481916844844818
-2.1162989139556885
1.2995291948318481
-0.12172304093837738
-1.701046109199524
0.002816826105117798
1.4825652837753296
-1.464825987815857
-2.5654094219207764
-3.21207857131958
-1.4403409957885742
-0.9276599884033203
-2.9278862476348877
-1.4039658308029175
-0.8279202580451965
-1.9632576704025269
-2.7815611362457275
-2.2677054405212402
2.594928741455078
0.177882120013237
-0.8196572661399841
0.4004910886287689
0.9108466506004333
1.9731987714767456
2.0891122817993164
-0.7056391835212708
2.140289783477783
2.0441501140594482
1.6170083284378052
1.7008174657821655
2.97149920463562
0.8957721590995789
1.5728265047073364
3.159653425216675
2.1695563793182373
1.9531300067901611
2.3887906074523926
3.0195229053497314
3.593376398086548
1.571332335472107
-0.9150838255882263
1.6701035499572754
-0.6546196341514587
-1.059483289718628
0.9127249121665955
1.4593582153320312
1.60459303855896
-2.3527259826660156
-0.8770118951797485
-0.6842160224914551
-1.277275800704956
-1.1496577262878418
0.18039880692958832
-1.0771913528442383
0.2903793454170227
0.9456484317779541
2.2740166187286377
0.3904830515384674
-0.1510462760925293
-0.8475170731544495
-2.2598068714141846
-3.0308706760406494
-4.747195720672607
-2.3362064361572266
-2.899177074432373
-1.4700685739517212
-0.31040602922439575
-1.0188344717025757
-4.854145050048828
-4.156717300415039
-5.216990947723389
-3.605092763900757
-0.7072872519493103
1.3003063201904297
-0.8252894878387451
-1.619986653327942
-3.975339889526367
-2.2582826614379883
-3.5632691383361816
-3.2204015254974365
-1.5587985515594482
-0.16177666187286377
1.6269702911376953
1.263174057006836
1.2951008081436157
1.4567095041275024
0.11818689852952957
-2.6928505897521973
-0.9437192678451538
-1.1394826173782349
0.8380026817321777
0.31029441952705383
-1.4650181531906128
-2.210834503173828
-0.6225489974021912
-4.230279922485352
-2.0674567222595215
-0.818832278251648
1.30634605884552
-1.3613814115524292
-3.4772250652313232
-3.8203086853027344
-1.859655737876892
-3.003516674041748
-1.665724754333496
0.21387715637683868
-1.545633316040039
-1.7588391304016113
-1.9832249879837036
-3.2420549392700195
-1.1658669710159302
-1.5317507982254028
2.0429275035858154
2.9412739276885986
-1.1620556116104126
-0.7056220173835754
0.370773583650589
1.9142131805419922
2.478126049041748
1.5323286056518555
5.977391242980957
6.046826362609863
2.9878945350646973
2.799043893814087
1.8093894720077515
4.52424430847168
3.6118016242980957
4.265501022338867
5.296633720397949
4.748956680297852
1.3946304321289062
2.654550790786743
3.3057034015655518
6.675530910491943
4.596593856811523
2.782832145690918
3.3860676288604736
3.265864849090576
-1.679598331451416
-0.4460367262363434
-1.8588975667953491
-2.4089691638946533
-1.9995681047439575
-2.2444887161254883
-1.1410918235778809
-0.4452327787876129
-0.48947957158088684
0.4614025354385376
0.7078606486320496
-0.5766354203224182
1.6176174879074097
0.8118107914924622
-1.2136579751968384
-0.9049227833747864
-1.236904263496399
0.3403867483139038
0.8943698406219482
0.5793898105621338
-0.06649148464202881
-1.227090835571289
-3.710515022277832
-3.8250010013580322
0.685156524181366
1.8385374546051025
1.3518751859664917
4.5878190994262695
1.5579689741134644
-1.809486746788025
-0.4505248963832855
-0.09023979306221008
0.07207106798887253
0.4928838908672333
-0.16381476819515228
2.8007895946502686
1.9485676288604736
-0.4865033030509949
0.43865931034088135
2.482790946960449
0.2127561718225479
0.13946862518787384
-1.472444772720337
1.6752893924713135
4.5655951499938965
3.424617052078247
1.8598448038101196
0.478198766708374
0.019102826714515686
0.8037804365158081
0.28326740860939026
-0.30235058069229126
1.6635210514068604
-0.17313718795776367
-0.1836659461259842
0.045049384236335754
0.09411418437957764
0.7225583791732788
-1.7588943243026733
-0.5638408064842224
0.7499376535415649
0.4736332595348358
-0.9428398013114929
-2.870882511138916
0.9297659993171692
0.22645926475524902
-1.4807569980621338
-0.12260158360004425
-1.1114753484725952
-0.990367591381073
-1.5551849603652954
-2.2460434436798096
-0.5475144982337952
-0.6633303165435791
-2.0761971473693848
-1.9507815837860107
-0.27690255641937256
1.5041383504867554
1.9248371124267578
-1.5638360977172852
0.25451892614364624
-3.1086180210113525
-4.099996566772461
0.127535879611969
4.317978858947754
0.7606908082962036
-1.8805673122406006
-1.7307274341583252
-1.3619208335876465
-4.440025329589844
-2.4845879077911377
1.1244128942489624
1.2655696868896484
-1.154573678970337
-3.6645212173461914
-2.2669217586517334
-0.8990634083747864
-3.160104751586914
-3.4649477005004883
-2.496232748031616
-2.2178590297698975
-3.7645280361175537
-2.5029640197753906
-1.9608790874481201
1.1120797395706177
-1.9953346252441406
-3.7030324935913086
-4.3359174728393555
-3.844554901123047
-4.079534530639648
-4.057041168212891
-2.8881921768188477
0.40314075350761414
-3.741410493850708
-3.6846392154693604
-3.741250991821289
-4.624446868896484
-4.887286186218262
-3.105271577835083
-2.636221408843994
0.5057154297828674
-1.6079082489013672
-0.10334622859954834
-0.7685315608978271
-0.7269033193588257
-2.5770649909973145
-0.4844384789466858
-1.4992486238479614
0.5070977210998535
-0.20012398064136505
0.322742760181427
-0.8818435668945312
-0.24988697469234467
-1.1490871906280518
-0.32333460450172424
-0.21738089621067047
-1.024635910987854
0.6993327736854553
-0.5623701214790344
-1.984700322151184
0.33178651332855225
1.4736380577087402
-0.6943710446357727
0.3598097264766693
-2.9290571212768555
-1.0082995891571045
1.3080040216445923
-0.9156182408332825
-2.222564458847046
-0.9547274708747864
-2.1094229221343994
-3.1117734909057617
-2.951401948928833
-4.973830223083496
-1.1147252321243286
-1.6017251014709473
-2.2905712127685547
-0.5329937934875488
-0.35623908042907715
-2.182986259460449
0.8863855004310608
-4.695585250854492
-1.2395472526550293
0.015484828501939774
1.3150583505630493
-0.4571642279624939
-1.0044573545455933
1.5755233764648438
1.592919945716858
0.524709165096283
0.15225578844547272
1.5361632108688354
2.782785654067993
-0.01590852439403534
0.23309023678302765
0.6689636707305908
-1.3726195096969604
1.3078314065933228
1.761926293373108
0.9513196349143982
0.4345239996910095
-2.441531181335449
-1.7163887023925781
-0.8115047812461853
-2.916933059692383
-3.323612928390503
0.8193503618240356
0.20838958024978638
-1.4953086376190186
-1.7639542818069458
-0.9056809544563293
0.5349403023719788
-0.14988388121128082
-2.0031895637512207
-1.119507074356079
-0.04672523960471153
-0.6649307608604431
0.3839164674282074
-0.8149077892303467
-0.7777312994003296
-0.6762774586677551
0.20414310693740845
-0.09323100745677948
-1.140795111656189
1.2404587268829346
0.6257983446121216
1.4615473747253418
1.2648957967758179
-1.5409224033355713
0.5208741426467896
-1.4660049676895142
-4.101651668548584
1.768059492111206
3.3910834789276123
-0.1876811981201172
-0.8534196615219116
-2.4577322006225586
-0.5437977910041809
-1.5262649059295654
-0.830986499786377
2.229346990585327
4.3839240074157715
0.43913426995277405
-0.8370493054389954
0.7587481737136841
0.13410881161689758
-1.129172682762146
1.4200745820999146
1.6242371797561646
3.111229419708252
-0.5310595631599426
-2.1899566650390625
-1.273587942123413
-0.0036363601684570312
-1.9980907440185547
-2.076260566711426
-1.4215337038040161
-1.5842947959899902
-3.0546517372131348
-2.7286949157714844
-2.7358832359313965
-0.35622477531433105
-1.8513336181640625
-4.339426517486572
-1.4516749382019043
-2.2951138019561768
-2.874148368835449
-3.5363950729370117
-0.8093694448471069
-0.37419945001602173
0.2322075366973877
-1.6950429677963257
-1.3965203762054443
-1.6735527515411377
-0.9031339883804321
-2.6584904193878174
1.1362833976745605
1.255323052406311
1.1552404165267944
1.9625858068466187
0.8774687647819519
0.8989915251731873
1.1417808532714844
-1.102027177810669
1.7870317697525024
0.6431371569633484
0.5993156433105469
1.5550470352172852
1.8421235084533691
1.6157684326171875
0.3071165978908539
-0.8814562559127808
0.9119512438774109
0.6316210031509399
0.5598713159561157
-0.057486485689878464
0.34146568179130554
2.5461840629577637
0.6273754239082336
-0.08899703621864319
0.15694686770439148
0.5872327089309692
1.7675594091415405
1.2930822372436523
1.100870966911316
-0.1934686154127121
-0.24900536239147186
-0.5247988700866699
-1.810772180557251
-0.31863194704055786
0.14819255471229553
0.31721407175064087
-1.9992269277572632
-4.021938800811768
-2.2375710010528564
-1.0464361906051636
-0.7180344462394714
-1.40169358253479
-3.072666645050049
-0.7631562948226929
-2.8705923557281494
0.22852838039398193
-1.100530982017517
-0.15115366876125336
-2.0702064037323
-1.2344659566879272
-1.7237170934677124
-1.378460168838501
-1.7179642915725708
-0.4964861571788788
-2.417856216430664
-1.5710314512252808
-3.33394193649292
-3.3424997329711914
-1.1409777402877808
0.5332367420196533
0.007445009425282478
0.47012031078338623
-1.2047674655914307
-1.0611530542373657
1.489382266998291
0.94242262840271
0.3791705369949341
-0.17300614714622498
-0.9744274020195007
-1.9142529964447021
-2.9734909534454346
-1.3581417798995972
0.8191555142402649
0.8935487866401672
0.1522400677204132
-0.1851039081811905
-1.057260513305664
-0.5914027094841003
-0.9047453999519348
-0.6402861475944519
0.2873050272464752
-1.6932849884033203
-1.838070034980774
0.9756220579147339
2.9514236450195312
1.186816692352295
0.10597493499517441
-0.07083399593830109
2.21512770652771
1.7637053728103638
3.09454083442688
6.110438823699951
3.6195387840270996
-0.04330061376094818
-1.7988090515136719
-2.4331374168395996
3.2362256050109863
4.535633563995361
3.498100757598877
2.6273374557495117
-0.09342914819717407
-4.984904766082764
-1.1924738883972168
0.11277486383914948
2.7595534324645996
2.81449031829834
-0.8063250780105591
0.0787772461771965
0.31569740176200867
-1.4276630878448486
0.8105553388595581
0.8986867666244507
-0.8436828851699829
0.855197012424469
-3.0875911712646484
-1.5283454656600952
-1.9450417757034302
-2.166146993637085
-0.6520470976829529
0.2424340695142746
-1.2129050493240356
-3.047766923904419
-3.582326889038086
-0.9741299748420715
0.9094831347465515
-1.871193528175354
-1.4573252201080322
0.37270188331604004
2.7655327320098877
1.0600123405456543
-0.052328795194625854
1.2823700904846191
-0.13574478030204773
-1.0733749866485596
-2.4195423126220703
0.19070035219192505
-1.2218438386917114
-2.9342360496520996
-3.1955642700195312
-2.3409342765808105
-3.025313377380371
-3.0673043727874756
-3.7369511127471924
-1.8889721632003784
-2.1951918601989746
-4.493217468261719
-5.445794105529785
-4.1411638259887695
-5.1841020584106445
-9.280057907104492
-6.117041110992432
-4.058660507202148
1.3357843160629272
-3.4670395851135254
-3.1572835445404053
-1.8970402479171753
-2.238839626312256
-5.281161308288574
-3.2735822200775146
-3.160466194152832
2.080204725265503
-3.1525588035583496
-3.932363748550415
-5.360927104949951
-3.861180543899536
-5.309001922607422
-4.569388389587402
-2.1420328617095947
-0.3712479770183563
-4.229150295257568
-7.3957014083862305
-8.860724449157715
-7.466296672821045
-7.919515132904053
-6.018732070922852
-3.6312918663024902
-1.989403247833252
-4.095427989959717
-7.754756927490234
-6.814163684844971
-5.30301570892334
-4.323850154876709
-1.625571846961975
-0.12344740331172943
-2.307814598083496
-3.970040798187256
-1.259960651397705
-1.227434515953064
-1.719090223312378
-2.560180902481079
-1.2703372240066528
-0.8855825662612915
-0.48904287815093994
-1.4574191570281982
0.4379761517047882
0.12971743941307068
-1.11983323097229
-1.1165770292282104
-2.500002145767212
-1.1299183368682861
0.4046054482460022
0.5802975296974182
0.33446362614631653
0.13523997366428375
2.081148147583008
-0.8557263612747192
-3.2385029792785645
-1.5895755290985107
0.43408942222595215
-1.9629271030426025
-3.2742197513580322
-4.93722677230835
-2.305800676345825
-1.3667852878570557
-2.124803066253662
-1.3356475830078125
0.13753674924373627
-1.4598274230957031
-0.9117529392242432
-3.5094876289367676
-3.5736083984375
-2.7835397720336914
-0.1848486065864563
-0.5384302735328674
0.17852318286895752
-0.8481532335281372
-0.1396450400352478
-1.2008357048034668
-0.45535916090011597
-0.3024793565273285
-0.5253689289093018
-2.2875308990478516
-0.25583416223526
0.3560098111629486
1.4924970865249634
0.8805156350135803
2.1676948070526123
0.0869576707482338
0.7032042741775513
-0.04358631372451782
1.015524983406067
1.1309702396392822
2.8418328762054443
0.9784819483757019
0.23285257816314697
-2.2001376152038574
-0.0990745797753334
1.6928293704986572
1.02198326587677
2.0543372631073
1.0829205513000488
-1.9089653491973877
-1.7265071868896484
-3.033935785293579
-2.774543523788452
-0.630985677242279
-1.2541555166244507
0.1562071591615677
-0.16974729299545288
-1.559728741645813
-2.8282573223114014
-2.767188310623169
-3.74367094039917
-1.928331732749939
-1.5670256614685059
-2.3957791328430176
-3.0017404556274414
-0.962952733039856
1.203627109527588
2.05255126953125
0.8784634470939636
0.3997332751750946
-2.04756498336792
-5.448748588562012
-3.691084861755371
-3.013139009475708
-2.071230888366699
-5.229944705963135
-5.223733425140381
-1.9204745292663574
2.102203607559204
-4.170283317565918
-3.799534559249878
-2.488264799118042
-2.4953339099884033
-1.3289902210235596
-1.2274179458618164
-1.800887107849121
3.820007085800171
-1.9324170351028442
-1.6204100847244263
-1.9141119718551636
-2.949740171432495
-1.1003190279006958
0.36475518345832825
-1.4176141023635864
1.585471510887146
-1.7871776819229126
-1.613593339920044
-2.511580467224121
-3.6325831413269043
-3.456644296646118
-2.508172035217285
-1.4989744424819946
0.8995125889778137
-3.435882568359375
-5.1925153732299805
-4.2034101486206055
-6.112289905548096
-6.621500492095947
-5.346855163574219
-0.9588909149169922
-0.6368305087089539
-1.874414324760437
-2.125044345855713
-2.6480820178985596
-4.07349157333374
-4.66895055770874
-3.4012393951416016
0.8506263494491577
-0.8525627255439758
-1.7673805952072144
-1.0302138328552246
-0.8148237466812134
-1.3672168254852295
-1.5963926315307617
-2.547067880630493
-0.5380005240440369
-2.4776294231414795
-2.003281354904175
-2.1483755111694336
-3.6569039821624756
-7.014957904815674
-5.021730422973633
-4.781580924987793
-1.9270645380020142
-2.1415274143218994
-1.5521490573883057
-3.4486000537872314
-4.26980447769165
-7.55801248550415
-5.837682247161865
-0.9764174222946167
-2.3023533821105957
-1.7932759523391724
-1.3066169023513794
-3.690574884414673
-3.8209712505340576
-6.046586036682129
-2.1193864345550537
4.2077460289001465
0.14299017190933228
-1.0079447031021118
-0.7326939702033997
-1.2211902141571045
-2.1232612133026123
-1.7683701515197754
-2.8849985599517822
0.42484787106513977
-0.06089141592383385
0.043700121343135834
-0.19610288739204407
-2.1376397609710693
-1.1715012788772583
-2.2267842292785645
-4.329191207885742
-0.7736558318138123
0.7437604069709778
-2.1892616748809814
-2.1725611686706543
-2.8385982513427734
-1.1085256338119507
-2.1530308723449707
-6.7877302169799805
-5.118609428405762
-1.507079005241394
-1.5604161024093628
-3.0009984970092773
-1.2471507787704468
-0.44646742939949036
-3.9110119342803955
-5.820124626159668
-6.011544704437256
-4.430488586425781
0.797844648361206
-2.9543955326080322
-2.2123959064483643
-0.05197934806346893
-1.5376780033111572
-1.6077439785003662
-2.606606960296631
-1.3943301439285278
-0.9188738465309143
-0.948344886302948
-0.23055294156074524
0.3837506175041199
-1.56351637840271
-3.978609085083008
-3.1840479373931885
-3.1837189197540283
-2.210383892059326
-0.24087223410606384
-0.19393125176429749
-2.0566866397857666
-2.4171948432922363
-4.950542449951172
-5.6692705154418945
-4.381816387176514
-5.08062219619751
-2.1694533824920654
-1.7497210502624512
-3.9153711795806885
-2.8500351905822754
-3.6374218463897705
-5.561278343200684
-1.5200912952423096
-1.823204517364502
-1.7983698844909668
2.493910074234009
1.9741568565368652
2.3509950637817383
2.854459762573242
-2.2245969772338867
-1.7358925342559814
-0.2590522766113281
-1.3532013893127441
1.847455620765686
5.950235843658447
6.891683578491211
1.7755756378173828
0.7719290852546692
-0.7951489686965942
-1.701108694076538
-3.3847689628601074
-2.8009140491485596
2.0761077404022217
6.0626020431518555
1.6334255933761597
-0.450751930475235
-2.108295440673828
-1.3249050378799438
-1.2605130672454834
-1.8080028295516968
0.20033791661262512
1.0334945917129517
0.2675008177757263
-2.7042951583862305
-1.4773192405700684
0.05060344934463501
0.16338330507278442
1.8331897258758545
0.269940584897995
1.332174301147461
2.015310525894165
-0.41391193866729736
-0.11938486993312836
0.5869962573051453
0.7273644804954529
-0.1935824751853943
-0.2962457239627838
-2.9599452018737793
-4.744713306427002
-3.547165632247925
-1.3171887397766113
-0.1282656490802765
-1.2773101329803467
0.20200639963150024
-0.8263932466506958
-2.219651937484741
-4.099395751953125
-2.6847612857818604
-2.5353641510009766
0.10834088921546936
-0.18176759779453278
-0.33753225207328796
-2.3357338905334473
-3.296379327774048
-0.30244556069374084
1.4903475046157837
-0.4563319683074951
-2.124175548553467
-2.9127469062805176
-3.0132253170013428
-4.256717205047607
-3.854524850845337
-1.3495736122131348
-1.3886884450912476
-2.1230180263519287
-0.27989739179611206
-1.6830750703811646
-1.6966544389724731
-1.7369695901870728
-1.6001676321029663
-0.607707679271698
-1.2016725540161133
-0.3838503658771515
-0.17027689516544342
-0.5799888372421265
-0.8015650510787964
-1.3176172971725464
-2.2838780879974365
-3.488734722137451
-4.650825023651123
-1.56777024269104
-0.02804935723543167
1.5048538446426392
-0.09018345922231674
-0.8456297516822815
-1.2874517440795898
-2.3153133392333984
-2.9322779178619385
-1.8742080926895142
1.2875921726226807
0.9721541404724121
-0.2067374438047409
0.09059755504131317
-0.2554166913032532
-0.45387932658195496
-0.640862226486206
-1.8349889516830444
0.1340564340353012
-1.9394054412841797
-2.4708709716796875
-1.230827808380127
-2.6499381065368652
-2.754694938659668
-2.4723012447357178
-1.4012353420257568
-2.417832374572754
-2.171250581741333
-0.7241463661193848
0.47695574164390564
-3.7184059619903564
-3.778921365737915
-2.258129835128784
-0.7629563808441162
-3.572418212890625
0.8798752427101135
3.2408816814422607
2.032069683074951
0.011781767010688782
0.33887791633605957
-1.6756709814071655
-1.7169630527496338
-1.3258075714111328
1.8338966369628906
2.4803173542022705
1.311610221862793
-0.361253947019577
0.99159836769104
-0.46231839060783386
-3.469017744064331
-1.72896409034729
-1.2652791738510132
-0.6490989923477173
-0.9002987742424011
0.09013840556144714
-0.6223176121711731
-3.2066726684570312
-3.953540802001953
-2.040900468826294
-2.2731640338897705
-3.655539035797119
-5.794012069702148
-1.003372311592102
-0.4862253963947296
-4.064164638519287
-3.9810292720794678
-3.0878636837005615
-1.6986002922058105
-4.203672885894775
-3.646498918533325
0.0417354479432106
0.620765209197998
-3.5240979194641113
-2.3419275283813477
-2.1166772842407227
-1.3177082538604736
-2.2957310676574707
-1.3357658386230469
-0.6957980990409851
-0.3899991512298584
-0.16698387265205383
1.0284768342971802
-2.25057315826416
-2.395102024078369
-4.111527919769287
-2.827026605606079
1.7187565565109253
-1.0200804471969604
-3.0361008644104004
-2.8348658084869385
-1.219568133354187
-0.19634445011615753
-3.8654072284698486
-1.752759337425232
1.4990102052688599
-3.815739631652832
-6.142095565795898
-1.5308786630630493
-1.1154509782791138
-2.327392101287842
-3.718752145767212
-2.4079084396362305
-2.64609956741333
-3.0604915618896484
-5.124304294586182
-0.41283345222473145
-0.6990892887115479
-4.396878719329834
-3.5654826164245605
-3.540536642074585
-3.4935905933380127
-2.90517258644104
-1.7447117567062378
0.4470433294773102
-1.1260395050048828
-3.07597017288208
-2.313429117202759
-3.423999309539795
-2.961226463317871
-2.792815923690796
-2.0997049808502197
-0.38783565163612366
-0.7236860990524292
-0.8821734189987183
-2.3073346614837646
-2.9278838634490967
-4.500877857208252
-3.2679152488708496
-4.60897159576416
-1.9949432611465454
-2.542907238006592
-1.883736252784729
-0.5887966156005859
-3.6787636280059814
-4.922918796539307
-4.28065299987793
-3.8754518032073975
-2.143545627593994
-2.4602625370025635
-3.255159616470337
-1.3997352123260498
-2.807147979736328
-2.601250171661377
-1.3060193061828613
-1.0681631565093994
-1.0623756647109985
-0.5790902972221375
0.565728485584259
-0.5728949904441833
-1.6847172975540161
-1.3094676733016968
-0.20164279639720917
2.255661964416504
1.780784010887146
-1.3908705711364746
-1.0063949823379517
-1.6722755432128906
-1.5125250816345215
-1.2827650308609009
-2.106051206588745
-1.6490715742111206
-0.05085240304470062
-1.856598138809204
-0.3334394097328186
-0.43372759222984314
-1.6474260091781616
-3.642683267593384
-4.247462749481201
-3.7547314167022705
0.17306634783744812
-3.3703246116638184
-0.8458957672119141
-1.6357662677764893
-0.2719746232032776
1.7147282361984253
0.8147550821304321
0.16423597931861877
0.6554172039031982
-2.680229425430298
-2.391430377960205
-4.216169357299805
-3.911383867263794
-1.4721406698226929
-2.044851303100586
-1.5718156099319458
1.8053359985351562
0.09637205302715302
-0.12556442618370056
-4.382362365722656
-4.365981578826904
-2.567533493041992
-2.082592487335205
-1.3699640035629272
1.7825071811676025
0.29775470495224
1.2016514539718628
-1.9924160242080688
-2.4986066818237305
-1.0451643466949463
-1.591467022895813
-2.4896109104156494
-2.1301701068878174
-2.1274492740631104
-1.191002607345581
-1.6192848682403564
-2.5823891162872314
-2.397371292114258
-2.3174288272857666
-2.5491368770599365
-2.0903968811035156
-0.3468478322029114
-0.766388475894928
0.009170010685920715
0.7078930735588074
-1.328762412071228
-2.7230052947998047
-3.6976375579833984
-0.7653201818466187
2.629359483718872
-1.713935136795044
0.7695918083190918
3.5344598293304443
1.1621285676956177
-0.09151782095432281
-0.21850541234016418
0.22120513021945953
4.6809492111206055
0.033911220729351044
0.7446249127388
1.6283552646636963
1.5053982734680176
4.372526168823242
4.953769683837891
0.8485061526298523
1.6938780546188354
-1.2969692945480347
-3.1479837894439697
-1.2950363159179688
-0.21517160534858704
4.673772811889648
4.406664848327637
1.4638644456863403
-1.6982989311218262
-3.097450017929077
-3.7378029823303223
-2.759554862976074
-4.33633279800415
-0.7585741877555847
-1.5276029109954834
-1.6302239894866943
0.09798559546470642
-2.145463705062866
-1.84421968460083
-3.9341771602630615
-6.745478630065918
-3.6548116207122803
-1.2396163940429688
-0.5157809257507324
2.073915958404541
-3.4851291179656982
-2.764456272125244
-5.924760818481445
-4.848058700561523
-2.320650577545166
-0.5563893914222717
-0.8185217380523682
0.854175329208374
-0.47627854347229004
-2.551219940185547
-3.820645570755005
-2.3757166862487793
0.47859930992126465
0.7188193798065186
-1.1841497421264648
-0.005930669605731964
1.694414496421814
2.335275411605835
1.6594464778900146
-0.3751639425754547
-2.9591851234436035
-2.6365044116973877
0.11731820553541183
-1.5497967004776
2.2670083045959473
2.853600025177002
1.030177116394043
0.8540391325950623
-3.192667245864868
-2.9001893997192383
0.40886783599853516
-2.6291158199310303
0.5364351868629456
0.5364966988563538
-0.3344275653362274
-3.0523641109466553
-5.220639705657959
-5.642392635345459
-3.007279872894287
-1.9557515382766724
-0.8414777517318726
-2.6330933570861816
-2.291024923324585
-1.0835132598876953
-2.495239496231079
-1.3170123100280762
-1.5672703981399536
-1.060010552406311
-2.4464759826660156
-2.467043161392212
-1.5687264204025269
0.1454544961452484
1.9753093719482422
0.8584574460983276
1.3494372367858887
-1.7863117456436157
-0.21892112493515015
-1.2737771272659302
-1.1568480730056763
-2.998488664627075
-4.538984775543213
-3.3458664417266846
-1.2678442001342773
-1.2060092687606812
-2.43900465965271
-3.595329523086548
-3.474855661392212
-3.171668529510498
-2.809635877609253
-0.9892683029174805
-2.4052226543426514
-0.3132544755935669
-0.471714049577713
-2.150156259536743
-0.3991740345954895
-0.5790810585021973
-0.5189765691757202
0.309398353099823
-0.8288284540176392
0.8796538710594177
-0.4364078938961029
-0.7777153849601746
0.3721649944782257
0.20200330018997192
1.3125958442687988
4.659664630889893
1.0055912733078003
1.0883762836456299
0.9422698020935059
-0.28212282061576843
-0.02668529748916626
1.544765591621399
-0.732026219367981
1.8244372606277466
3.111164093017578
0.040140893310308456
2.310152769088745
0.5564122796058655
0.9117311835289001
0.35533615946769714
-2.1197309494018555
-1.2337862253189087
3.63891863822937
2.752906084060669
3.578002691268921
0.40769195556640625
0.4134680926799774
-2.2017197608947754
-2.837254762649536
-2.828998327255249
-0.6085832118988037
-0.13203097879886627
-2.300034523010254
-2.6129629611968994
-1.746749758720398
-3.364081621170044
-1.9641724824905396
0.3346509337425232
0.5203902721405029
0.10107062757015228
-1.121527075767517
-1.7195523977279663
-1.0201281309127808
-0.810187816619873
-0.029950320720672607
0.7344207167625427
0.8812324404716492
0.13786949217319489
2.321384906768799
-3.0789802074432373
-3.16449236869812
-2.106384515762329
-1.4040178060531616
-1.7758978605270386
0.7890319228172302
-1.2059286832809448
3.6975948810577393
1.8792282342910767
0.5791297554969788
0.8589834570884705
-0.13384000957012177
-0.008803162723779678
0.2174646556377411
0.4758715033531189
-0.09415256232023239
-0.0876847505569458
-0.8228983879089355
-1.2390950918197632
-1.0400843620300293
-0.9248840808868408
-0.5362584590911865
0.011370211839675903
-0.6772236824035645
-0.4658470153808594
-2.1205062866210938
-0.8712072372436523
0.22973990440368652
0.0035330206155776978
-1.351747989654541
0.49236443638801575
-0.8658274412155151
-0.3074739873409271
-2.166928291320801
-4.050330638885498
-4.787508964538574
-4.638381481170654
-4.068943023681641
0.7770099639892578
1.230966329574585
-0.27470192313194275
-4.310277938842773
-3.8881330490112305
-1.5490843057632446
-2.945774793624878
-1.9506584405899048
0.40095871686935425
2.627356767654419
3.3235182762145996
2.468214750289917
5.036784648895264
1.8760528564453125
0.463342547416687
-0.10521428287029266
0.27270227670669556
2.832679271697998
5.587276935577393
5.883259296417236
4.448949337005615
1.6016747951507568
-1.4857218265533447
-1.9567523002624512
-0.07014915347099304
2.4464409351348877
4.43247652053833
0.9658634066581726
-0.9589227437973022
-2.1917850971221924
-3.975065231323242
-3.3447320461273193
0.24328380823135376
1.1908464431762695
2.675889730453491
0.2874070703983307
-0.4245156943798065
-1.6400471925735474
-1.5623754262924194
-1.3231722116470337
-2.2724173069000244
-2.8102293014526367
-1.600439190864563
-0.7489375472068787
-2.627574920654297
-3.561908006668091
-5.263309955596924
-3.708768844604492
-2.2105565071105957
-2.936605930328369
-1.3186122179031372
-0.48160210251808167
-2.4620511531829834
-5.218503475189209
-7.862814903259277
-3.706284523010254
-0.743570864200592
-1.235519528388977
-1.596901297569275
-1.0085532665252686
-0.7856230735778809
-0.6227083206176758
-1.8540281057357788
-2.8354663848876953
-0.9836747646331787
-2.6870224475860596
-2.649919271469116
0.27749618887901306
0.4292266368865967
0.09762592613697052
0.0013818144798278809
-2.6427195072174072
-2.0060713291168213
-3.4091176986694336
-2.9386916160583496
-1.550872564315796
-0.49356600642204285
0.3302111327648163
-1.4975030422210693
-2.4830379486083984
-1.3065727949142456
-2.8781259059906006
-3.0032482147216797
-1.2980802059173584
0.5120546221733093
0.02086523175239563
-0.8286136388778687
-1.9053120613098145
0.6441501975059509
0.5107952356338501
0.5714119076728821
0.7017540335655212
1.0831923484802246
0.9298297762870789
0.4990515410900116
-0.7784890532493591
1.1390329599380493
1.095733404159546
1.3650068044662476
0.5412348508834839
1.419066071510315
1.3386911153793335
0.017625970765948296
-0.9475724101066589
0.3535903990268707
-1.3243470191955566
-1.4377392530441284
1.3357491493225098
1.5964041948318481
-2.0317649841308594
-1.8528131246566772
-0.7541502714157104
1.130886435508728
-1.7890849113464355
-2.5663397312164307
-0.5350850224494934
-0.09174084663391113
0.03541014343500137
0.4186367690563202
0.9938210248947144
-0.4520542323589325
-3.0955710411071777
-2.5185601711273193
-4.002754211425781
-2.9608922004699707
0.6840365529060364
1.6656813621520996
0.3675479590892792
-0.719656765460968
-1.899640679359436
-3.546645402908325
-4.601449966430664
-4.9124016761779785
-6.041040897369385
-3.342592239379883
-1.2668216228485107
-0.5444856882095337
-0.6526429057121277
-2.0964150428771973
-2.2395730018615723
-5.5450263023376465
-3.6275851726531982
-4.306741237640381
-2.153789758682251
-0.24676895141601562
-1.9215750694274902
-2.2773208618164062
-2.1051976680755615
-2.7925446033477783
0.011426419019699097
-0.9122568964958191
0.04244858771562576
1.6368123292922974
-1.3441500663757324
-3.3199868202209473
-3.7814559936523438
-4.139616966247559
-1.4368263483047485
-0.48155438899993896
0.30225828289985657
1.3664467334747314
0.304534912109375
-2.103672504425049
-1.1576972007751465
0.30364787578582764
1.3399122953414917
2.4778106212615967
1.4979214668273926
3.006213665008545
0.15975072979927063
-2.6368889808654785
-1.9151890277862549
-0.772063672542572
-2.6266801357269287
-2.5430376529693604
-0.2840258777141571
-0.9312029480934143
-1.4393342733383179
1.104068636894226
2.7435717582702637
1.319464087486267
-3.7209389209747314
-3.8562636375427246
-0.8081874251365662
2.571107864379883
-0.45375028252601624
2.866135597229004
3.7582931518554688
0.8302567601203918
-6.244858264923096
-3.026221513748169
-1.3649641275405884
-0.2778726816177368
-1.0068925619125366
-1.120544672012329
-3.4555206298828125
-1.1537517309188843
-4.50492525100708
-2.3428380489349365
-0.37189799547195435
-0.8984487652778625
-1.8347572088241577
-0.874161422252655
-0.3619765341281891
1.6624987125396729
1.1764774322509766
1.6851874589920044
-0.4665139615535736
-0.5905235409736633
1.6059917211532593
3.9281182289123535
0.8024925589561462
-0.8861925601959229
-2.92757248878479
-0.01245841383934021
0.31126710772514343
-1.3731878995895386
0.7159736156463623
1.1560978889465332
-2.0193443298339844
-1.832552194595337
-3.854829788208008
-1.296015739440918
0.24648596346378326
0.07680261135101318
-0.4122138023376465
-1.4286292791366577
-0.18548789620399475
0.08727386593818665
-1.6747595071792603
-1.956177830696106
-0.5215440988540649
-1.1260126829147339
-1.4208234548568726
-0.4378121495246887
-1.9372811317443848
-6.486030578613281
-4.724655628204346
-4.208286285400391
-4.334108829498291
-3.280125141143799
-1.9888482093811035
-2.6798951625823975
-5.1779608726501465
-6.4996747970581055
-6.108675479888916
-5.22448205947876
-5.5386643409729
-3.2084004878997803
-4.667981147766113
-7.422584056854248
-5.157899379730225
-1.4039472341537476
-1.03779137134552
-0.1581459641456604
-5.142153739929199
-2.4984896183013916
-6.452876567840576
-4.568531036376953
-0.22288043797016144
-2.897195339202881
-2.137812376022339
0.6946744918823242
-2.5257725715637207
-0.6851482391357422
-3.5887904167175293
0.2838856279850006
0.41513726115226746
-0.5100532174110413
1.3128762245178223
1.7642942667007446
-3.27489972114563
-0.3000214695930481
-0.2356734275817871
0.3344295918941498
0.9615333676338196
-1.2720286846160889
-0.8972934484481812
-2.448695421218872
-5.414513111114502
-2.7625081539154053
-1.0333412885665894
1.2778819799423218
0.2423749417066574
-1.8211063146591187
-1.7675927877426147
-2.6729931831359863
-3.5514302253723145
-2.3001596927642822
-3.6018691062927246
-1.4383984804153442
-1.483711838722229
-1.1750510931015015
-1.1830390691757202
-1.3957408666610718
-1.2345848083496094
-1.7577855587005615
-0.45999065041542053
-2.0652787685394287
-1.9407159090042114
2.7051172256469727
0.6677834391593933
-3.0344743728637695
-1.7404773235321045
1.527622103691101
0.23449519276618958
0.6020112037658691
1.4065452814102173
3.260052442550659
6.4032883644104
2.9158124923706055
-0.13118383288383484
2.8183960914611816
1.6510820388793945
2.620889902114868
1.0480918884277344
0.9102619290351868
2.505566358566284
4.148126125335693
0.5188479423522949
0.3810168206691742
-1.8088408708572388
1.5201166868209839
-0.8402990102767944
0.19916144013404846
0.4737100601196289
2.633131980895996
0.3421286940574646
-0.07104501128196716
-1.1876132488250732
-2.303879499435425
-0.9238904118537903
2.246426820755005
4.677278518676758
1.952125906944275
-0.8703076243400574
-1.1552326679229736
-0.33396872878074646
-3.6481995582580566
-4.707108974456787
-2.2957494258880615
-0.9532087445259094
-1.4158873558044434
-3.6091203689575195
-3.475487232208252
-3.2480340003967285
-1.6628345251083374
-3.2009239196777344
2.331333637237549
1.7418487071990967
2.3744938373565674
-1.7223269939422607
-1.3729544878005981
-2.0076534748077393
-1.158012866973877
0.45508983731269836
1.060951828956604
0.034034594893455505
-0.6871840953826904
0.42242705821990967
-0.2590826749801636
0.7650402188301086
-0.08570210635662079
-2.029615879058838
-1.0447453260421753
1.4378541707992554
-0.4867534935474396
-1.6931809186935425
-2.399477481842041
0.6364845633506775
-0.8965955972671509
-2.0185866355895996
1.1618585586547852
1.7720153331756592
-2.8547961711883545
-3.201190710067749
-0.754281222820282
-0.24474820494651794
-0.6560301780700684
2.709155797958374
5.608443737030029
6.354824542999268
0.5846436023712158
-3.041465997695923
-1.0962473154067993
0.24367079138755798
1.2159898281097412
6.136722087860107
6.420645713806152
4.646771430969238
4.65718936920166
0.9861332774162292
0.09387084096670151
0.8172493577003479
0.7778602242469788
1.5442328453063965
3.660088062286377
-0.30119484663009644
0.9963697791099548
-1.875849962234497
-0.20657455921173096
0.7080419063568115
-1.2514610290527344
-2.0121841430664062
-4.2444634437561035
-6.2747297286987305
-3.2520902156829834
-3.693728446960449
-2.584214925765991
-3.712124824523926
-3.5413427352905273
-2.5367860794067383
-2.6567423343658447
-4.18865442276001
-2.925140380859375
-2.9827353954315186
-2.5405421257019043
-3.3590846061706543
-3.218653440475464
-1.1215537786483765
-0.6584106683731079
-0.33099380135536194
-0.15182025730609894
-1.5489163398742676
-0.13712598383426666
0.14449907839298248
-0.21256697177886963
0.078279510140419
1.9157246351242065
2.7593252658843994
1.79067063331604
2.537304162979126
-2.5794339179992676
-1.471746563911438
-3.14933705329895
-1.3127723932266235
-0.6709185242652893
1.6042625904083252
-0.29738980531692505
1.9578052759170532
-2.5424609184265137
-0.57171630859375
-0.6502745151519775
-0.409954696893692
-3.401686429977417
-2.267393112182617
-0.5121084451675415
0.8006157279014587
-0.7655283212661743
0.7311621904373169
2.5979392528533936
0.321576863527298
-1.9805625677108765
2.059553384780884
1.3549381494522095
0.4545905590057373
0.8557994365692139
1.2927792072296143
5.508735656738281
-0.970150351524353
-2.0662686824798584
1.947175145149231
-2.057710886001587
-1.390673279762268
0.17607587575912476
1.542936086654663
1.631523847579956
-1.5922439098358154
-1.8522367477416992
-1.0538774728775024
-3.9520058631896973
-1.4871327877044678
-0.9781879186630249
0.6059957146644592
-4.235692501068115
-6.666602611541748
-5.068330764770508
-2.281341075897217
-2.4551727771759033
-2.087966203689575
-2.388744831085205
-1.6127285957336426
-5.078619956970215
-6.290503025054932
-4.251465320587158
-3.6853952407836914
-4.018836975097656
-1.3862648010253906
-0.28502777218818665
-1.5947930812835693
-1.8441373109817505
-2.098644495010376
-2.022705078125
-0.37744516134262085
-1.2557140588760376
-2.068706750869751
0.12068070471286774
-0.19997943937778473
-3.4869141578674316
-5.713794231414795
-2.9952428340911865
-2.146158456802368
0.16577941179275513
-1.3669185638427734
0.23246239125728607
-0.0621841698884964
-0.997430145740509
-1.915715217590332
3.7240653038024902
4.11920166015625
2.181718349456787
-2.9410321712493896
0.2560725212097168
-2.2490875720977783
-2.1552393436431885
1.0843250751495361
-0.90425705909729
0.37665775418281555
1.1312745809555054
-1.4154555797576904
-0.5187696814537048
-2.0545427799224854
-0.9773790240287781
0.9408275485038757
-1.2818726301193237
2.135857343673706
0.057747676968574524
-2.413508415222168
-0.09503483772277832
-2.896851062774658
-2.3528945446014404
-0.28825148940086365
-0.08574431389570236
3.7104668617248535
4.0429911613464355
1.5132580995559692
0.26519930362701416
-2.2680842876434326
-1.212283968925476
-2.165219783782959
-3.4770829677581787
-3.0755534172058105
-2.247528076171875
0.29173535108566284
0.3973549008369446
-0.7989158630371094
-0.721123218536377
-0.29670390486717224
-1.7125791311264038
-0.7147500514984131
-0.5773833990097046
1.2438660860061646
0.4744390845298767
0.7843739986419678
0.9272916913032532
0.5954729318618774
-2.04194974899292
-4.187534809112549
-1.6327372789382935
-0.8694790601730347
1.2317826747894287
3.722543239593506
3.095470905303955
1.945377230644226
-1.0641794204711914
-0.26309773325920105
0.22502566874027252
-0.7477993965148926
2.0800583362579346
2.5915415287017822
3.380593776702881
3.782519578933716
2.8295109272003174
3.9609925746917725
2.761423349380493
1.712500810623169
0.5721076726913452
-2.0768673419952393
1.1048600673675537
1.1773271560668945
-0.11395255476236343
-2.699995994567871
-2.280548572540283
-1.4444208145141602
-1.969093680381775
-3.3841681480407715
-1.2160264253616333
-0.6160764098167419
-2.1441428661346436
-4.525046348571777
-3.4672954082489014
-2.1198458671569824
-1.423675298690796
-3.3928706645965576
-2.6004252433776855
-0.9228742718696594
-3.134263277053833
-1.018057942390442
0.46669867634773254
1.5239448547363281
1.6761763095855713
-1.282219409942627
-0.3205699026584625
3.44362735748291
2.923474073410034
2.164863348007202
1.4580296277999878
1.2147618532180786
1.8896563053131104
1.1623814105987549
3.3792643547058105
1.9236458539962769
0.37227103114128113
-0.3089425563812256
-0.2975299656391144
0.18327142298221588
1.4543622732162476
0.07099945843219757
-0.10802564024925232
-0.16706416010856628
-0.9830106496810913
0.3690933883190155
-1.4314301013946533
-2.331193208694458
-1.328033208847046
-1.444361925125122
-2.493218421936035
0.3860165774822235
0.44610995054244995
-1.8476803302764893
0.9212565422058105
-1.302430510520935
-3.9232492446899414
-1.9275223016738892
-2.1593267917633057
-0.6732620596885681
-0.6948574185371399
-2.9370901584625244
-2.127967119216919
-2.255366325378418
-3.8809447288513184
-3.6601951122283936
-4.839166641235352
-1.4857237339019775
-1.1334444284439087
-2.657780408859253
-1.9065279960632324
-0.6299564838409424
-1.4581314325332642
-4.626736164093018
-3.871473789215088
-1.4616535902023315
0.6831861138343811
-0.46251752972602844
-0.11207466572523117
2.960347890853882
-1.252044677734375
-4.006753921508789
-5.245148181915283
-2.960458993911743
-2.4046034812927246
-2.042245388031006
-0.9349154233932495
-0.16287463903427124
-2.125018358230591
-3.697509765625
-3.0778205394744873
-2.847360849380493
-2.5124173164367676
-2.9984986782073975
-2.0976877212524414
-3.9223313331604004
-1.7046279907226562
-1.0775657892227173
0.17032590508460999
0.9168890714645386
-0.5618729591369629
-1.4867231845855713
-1.204872727394104
-3.141618013381958
-0.9034925103187561
-1.1806716918945312
-1.3051375150680542
0.6132839918136597
2.993435859680176
-1.5751659870147705
-3.862459421157837
-2.2527689933776855
-1.757382869720459
-0.653188169002533
0.11676371097564697
-0.8469409346580505
0.9151571989059448
-1.7517186403274536
-5.885960102081299
-5.913619041442871
-0.08932063728570938
1.6579029560089111
-3.525062322616577
-0.9874040484428406
1.2329026460647583
-0.24119852483272552
-1.0779682397842407
-0.808573305606842
-2.4790048599243164
-0.6818714737892151
-4.8395795822143555
-0.6630507111549377
-0.4221225082874298
-1.156542420387268
0.9886649250984192
1.5954277515411377
-1.4391958713531494
-0.636750340461731
-1.5495293140411377
2.1936230659484863
3.0680153369903564
-0.1840239018201828
4.2696614265441895
2.313760995864868
-0.46286287903785706
0.47056958079338074
3.4378583431243896
-0.7941706776618958
-2.53381085395813
-5.675929069519043
-3.446200132369995
-1.3133628368377686
-1.6429052352905273
-1.0977518558502197
-1.9486690759658813
-3.8355138301849365
-6.743946075439453
-6.212886810302734
-5.079225063323975
-3.5783114433288574
-3.6556012630462646
-2.9075512886047363
-3.1125361919403076
-2.7337698936462402
-3.237177610397339
-2.3776867389678955
-1.8380810022354126
-1.4956022500991821
-2.1672801971435547
-3.6862971782684326
-2.195664167404175
-3.414936065673828
-5.186900615692139
-2.440495252609253
-2.7660136222839355
-2.8691821098327637
-1.3568300008773804
-4.430163383483887
-2.5641794204711914
-3.041055202484131
-6.615513801574707
-2.9940953254699707
1.2499632835388184
-1.5732169151306152
-0.815106987953186
-4.088822364807129
-5.258879661560059
-3.9879310131073
-5.363631248474121
-4.221359729766846
-1.2763503789901733
-1.8507938385009766
-1.884145975112915
-4.256226062774658
-3.734802007675171
-1.7761982679367065
-1.159324049949646
-2.7495436668395996
-4.214511394500732
-0.9567151069641113
-1.5526479482650757
-2.7145349979400635
-3.786817789077759
-1.8961759805679321
0.2516782879829407
-0.457233190536499
-3.09299635887146
-1.8752716779708862
-3.0052649974823
-5.045434474945068
-4.4239935874938965
-2.8631935119628906
0.15617674589157104
1.3725764751434326
0.5338742136955261
-1.8224059343338013
-0.48939943313598633
-2.437283515930176
-3.412536859512329
-4.42303466796875
-1.2862831354141235
-1.0765020847320557
-0.1915123611688614
-1.4722791910171509
-0.08829592168331146
-1.9156219959259033
-3.309633493423462
-2.81968092918396
-2.552520751953125
-3.445673942565918
-3.1793205738067627
-2.684030771255493
-4.925661087036133
-4.520496845245361
-3.3381125926971436
-3.153352737426758
0.6721203923225403
-2.5286309719085693
-6.959254264831543
-2.9568307399749756
-3.0328121185302734
-3.5857455730438232
-1.5991069078445435
0.7575083374977112
1.5326677560806274
-2.1696650981903076
-4.15947961807251
-4.198914527893066
1.7996457815170288
4.17317533493042
2.509249210357666
4.916197776794434
-0.28229251503944397
0.06139962002635002
1.2818328142166138
-1.7158887386322021
-0.6031262278556824
-1.515522837638855
-1.8067858219146729
0.6267282962799072
-0.5366654396057129
-3.000157594680786
-1.960492730140686
-0.6011005640029907
-1.639350414276123
-2.8120601177215576
-1.1032642126083374
0.9387133717536926
4.665774822235107
0.7233939170837402
-0.09253017604351044
-0.03282925486564636
-1.3645356893539429
1.1859209537506104
-1.4176537990570068
-1.9618159532546997
1.120052456855774
-1.553017020225525
-3.8551313877105713
-3.4621565341949463
-1.8794537782669067
1.1788591146469116
-0.30024033784866333
-5.49381160736084
-4.874422073364258
-7.239683151245117
-7.550458908081055
-5.735306739807129
0.03763648122549057
-0.32035335898399353
-2.161696672439575
-3.542217969894409
-2.263998031616211
-0.815927267074585
-1.5098470449447632
-1.5426286458969116
-0.15902763605117798
-1.5786821842193604
-2.4097084999084473
-1.2774821519851685
-0.526327908039093
0.8153249025344849
-0.20304518938064575
-0.14964339137077332
-2.3624672889709473
-6.284097671508789
-4.930420875549316
-3.8439676761627197
-5.102680206298828
-2.7489216327667236
-3.276634454727173
-2.6215505599975586
-1.6383769512176514
-7.192722797393799
-5.288214683532715
-4.547816276550293
-5.749420166015625
-2.7636818885803223
-1.3346039056777954
-3.3743481636047363
-2.088402271270752
-5.511587619781494
-3.2644455432891846
-1.7554337978363037
-2.691216230392456
-0.24533288180828094
2.6216659545898438
-1.346178650856018
-1.8353116512298584
-1.7310341596603394
1.6187947988510132
2.1705715656280518
2.8274619579315186
4.143845558166504
3.5483736991882324
0.049862779676914215
-0.877813458442688
-1.1877169609069824
-1.6644505262374878
-3.19783878326416
-3.035973072052002
-0.7119807600975037
-2.1550989151000977
-2.755488395690918
-2.8513848781585693
-3.1466422080993652
-4.696572780609131
-6.678827285766602
-7.875766277313232
-5.987584114074707
-5.994204521179199
-4.563667297363281
-2.539332628250122
-3.8506903648376465
-5.4108781814575195
-5.723219871520996
-4.867087364196777
-2.9581239223480225
-2.5315513610839844
-2.569959878921509
