-0.612433910369873
-0.9891236424446106
-1.704663634300232
-0.47991085052490234
-1.073280930519104
-2.6065664291381836
-1.2604988813400269
-0.38719022274017334
-0.37663209438323975
-1.214755654335022
-0.8286932706832886
-1.3255842924118042
-1.276492953300476
-2.9591922760009766
-3.4345431327819824
-1.6095294952392578
0.23103538155555725
-2.9536185264587402
-0.8357371687889099
-0.9524028301239014
0.25078797340393066
-0.4792245030403137
-2.679265260696411
-2.0774152278900146
-1.2072432041168213
-4.155728816986084
-1.201936960220337
1.4520881175994873
-0.4322662353515625
-0.6586284041404724
1.2248355150222778
1.2987531423568726
-0.6453806757926941
-3.3203117847442627
-2.4323556423187256
0.3013353645801544
-0.5360916256904602
0.2994329035282135
2.667283058166504
1.5240612030029297
1.1408944129943848
-0.05365459993481636
-0.8818874955177307
0.044706881046295166
-0.8289366960525513
0.6266237497329712
1.3699313402175903
2.106257438659668
-0.8292409777641296
-0.5840922594070435
-0.6505281925201416
-0.4618479609489441
0.8000078797340393
1.2262464761734009
1.5376157760620117
1.6482751369476318
-1.5090126991271973
-0.9725044369697571
0.9715925455093384
0.047909967601299286
0.658166766166687
1.0304157733917236
1.2554526329040527
1.2663393020629883
0.8547202944755554
0.5342040657997131
-0.7796380519866943
-0.15829625725746155
-0.6479858160018921
-0.2857036292552948
1.904844045639038
1.484714388847351
0.16836310923099518
1.7305042743682861
-1.587241768836975
-0.8186516761779785
-0.3231184780597687
-1.6046726703643799
0.8097558617591858
3.0772902965545654
0.4198916554450989
3.7666990756988525
-1.246652603149414
-2.6441729068756104
-0.2980600893497467
-0.9513983130455017
-0.787139892578125
2.5270180702209473
1.0875024795532227
2.3368847370147705
-0.5718534588813782
-2.7080891132354736
-0.9932361245155334
-1.973663091659546
-2.3187451362609863
1.8900052309036255
0.25332292914390564
0.3372000455856323
0.2913040220737457
-0.6335146427154541
-0.8682891726493835
-1.0130586624145508
-1.3233500719070435
1.1305028200149536
0.6596161723136902
0.23671694099903107
0.65631502866745
1.3609880208969116
-0.39032164216041565
-0.5034340620040894
-0.2169487625360489
0.3985298275947571
1.0287703275680542
1.3422629833221436
0.6555529236793518
0.3051317632198334
-1.0644258260726929
-1.08743417263031
-1.396692156791687
-1.137294888496399
0.6709668040275574
1.7691929340362549
1.0015108585357666
0.12146154046058655
-0.29074156284332275
-0.7412950992584229
-0.6158466935157776
0.012730000540614128
-0.28866827487945557
0.07574406266212463
0.505866527557373
-0.9346301555633545
-1.5905879735946655
0.43406686186790466
-0.646129310131073
-1.402293086051941
-0.7486464977264404
-1.8338061571121216
-1.2439460754394531
-0.8156501054763794
0.019737139344215393
0.9302765130996704
1.663324236869812
-2.5658318996429443
-0.4588978886604309
0.35225602984428406
-0.1536262184381485
1.2889583110809326
1.0263463258743286
-1.9325721263885498
0.7429808378219604
-1.3133745193481445
1.7319679260253906
1.6458534002304077
0.13645675778388977
-1.1548430919647217
1.900917649269104
-2.176795244216919
0.2902221381664276
0.5506304502487183
1.0276604890823364
1.5071568489074707
0.11904355138540268
0.4022417962551117
2.947706460952759
-0.9172598719596863
1.3436652421951294
-0.14755889773368835
-0.12341015785932541
-0.6475476026535034
1.6176462173461914
1.810458779335022
1.9434306621551514
-0.238412007689476
0.27219316363334656
-0.7212448716163635
1.9894851446151733
0.3357063829898834
-0.20050108432769775
2.5310757160186768
0.8132765293121338
-0.17074255645275116
-1.0546233654022217
0.26485976576805115
2.2631123065948486
2.1705706119537354
-0.8283022046089172
0.31306764483451843
-0.8454813957214355
0.16484418511390686
0.8010209798812866
0.6068015098571777
0.35463380813598633
0.2581348419189453
-2.0806286334991455
-0.42110949754714966
0.8491584658622742
0.7368602752685547
1.4655417203903198
1.0434283018112183
0.7304742336273193
0.5955349206924438
-1.0403488874435425
-0.38417544960975647
0.5589104890823364
1.5434789657592773
-0.46650969982147217
-0.05323745310306549
-0.2099849432706833
0.5929365754127502
-0.4293745756149292
-0.4804465174674988
-0.4263080060482025
-0.4424140155315399
0.9374908804893494
-0.1670033186674118
0.01983517035841942
-0.06916116923093796
0.5538190007209778
1.1779630184173584
2.515624523162842
1.0384000539779663
0.7326830625534058
0.8454105854034424
0.417466938495636
-1.3134433031082153
-0.29211339354515076
1.6473342180252075
1.934238314628601
-0.2653454542160034
0.2600714862346649
0.6011682152748108
-0.3791780173778534
-1.0648720264434814
-2.3982667922973633
-0.29860758781433105
0.008685924112796783
-0.8134769201278687
-0.1369812786579132
-0.8416453003883362
-1.0599949359893799
-1.8278982639312744
-2.981689453125
-2.1026365756988525
-1.5206557512283325
-1.4860254526138306
-0.747369647026062
0.17834842205047607
0.2901848256587982
-0.7350134253501892
-2.191941976547241
-1.0342373847961426
-0.17206227779388428
-0.4653685390949249
-0.5844196677207947
0.2400156855583191
0.09393153339624405
-0.06749783456325531
-0.4760306775569916
-1.2009516954421997
-1.2041376829147339
0.12282457202672958
1.5660693645477295
-0.049703020602464676
0.27971991896629333
0.9315135478973389
0.12769059836864471
-1.0249985456466675
0.10735353082418442
0.5331313610076904
0.1335338056087494
1.7484838962554932
-0.6370457410812378
0.9444422125816345
1.3124412298202515
-1.358821153640747
-0.04292244464159012
-0.808659017086029
-1.3430756330490112
2.0203542709350586
0.40161654353141785
0.6856958866119385
1.0284123420715332
-0.8512125611305237
0.25729918479919434
0.683556318283081
0.5800037980079651
0.6332606077194214
0.8580254912376404
0.7769684195518494
0.797318696975708
-0.19642074406147003
-1.083725929260254
-0.5571550726890564
-0.7954022884368896
-0.4232809841632843
0.8596018552780151
0.11377677321434021
-1.4509865045547485
-0.10687804222106934
0.4741906523704529
0.1803356111049652
-0.34655535221099854
-0.9389733076095581
1.4522924423217773
0.7560373544692993
-2.078650951385498
-2.1201870441436768
-0.6343266367912292
-1.2007163763046265
-0.6514955163002014
-0.9998775124549866
0.4867604374885559
-0.042657431215047836
0.010899090208113194
-0.16948208212852478
0.9122677445411682
0.5849837064743042
-0.17040863633155823
-0.8104436993598938
-0.09783635288476944
0.2257506251335144
-0.33227869868278503
0.41661131381988525
-0.6384252905845642
0.045054350048303604
0.15984658896923065
-0.3746570646762848
-0.8128246665000916
0.6451030969619751
0.6788402795791626
1.2304656505584717
1.6815208196640015
2.1935524940490723
2.2832438945770264
2.233254909515381
1.1715569496154785
1.6649045944213867
2.258793592453003
0.5872094631195068
2.522033452987671
0.722819983959198
1.459230661392212
1.7540347576141357
0.9595484733581543
-1.3318614959716797
0.276164710521698
-2.213654041290283
-0.7956574559211731
-1.6011682748794556
-2.848304271697998
-2.049091100692749
-0.9731280207633972
-1.080654263496399
0.2571192979812622
-2.1168875694274902
-2.6417362689971924
-2.4749841690063477
-1.5275602340698242
-1.7845855951309204
-1.125342607498169
-0.6833378076553345
0.15225133299827576
-0.2790107727050781
-1.045231819152832
-0.4134887456893921
-0.27952587604522705
-0.6812167167663574
0.5066060423851013
0.2532218396663666
-0.462777316570282
0.4849000871181488
0.6214322447776794
-0.07701657712459564
0.5173973441123962
-0.5526891946792603
-0.04698728397488594
-0.7950302958488464
-2.0742292404174805
0.7359375357627869
0.9419185519218445
-0.8669772744178772
-0.855076253414154
-1.1048461198806763
1.0792425870895386
-0.3415940999984741
0.1718655228614807
0.29365161061286926
-1.7224197387695312
-0.2706533372402191
0.6069056987762451
-0.1536341905593872
1.5947462320327759
-0.6322915554046631
-1.424017310142517
-1.2800955772399902
-2.441500663757324
-1.7592778205871582
-0.2592114210128784
-1.4359489679336548
0.629879355430603
-1.859224796295166
-1.8437665700912476
-0.9626485705375671
-0.03316182270646095
1.2033122777938843
0.48488739132881165
-1.2943328619003296
1.2255871295928955
-0.44565197825431824
-0.8101787567138672
-0.9730499982833862
0.6075623035430908
2.125040292739868
1.7494930028915405
0.0249029491096735
1.3221595287322998
-0.49389541149139404
-2.4068877696990967
-1.7895303964614868
-1.3524346351623535
0.18629668653011322
0.4140263497829437
0.18708652257919312
2.8722572326660156
-1.0850120782852173
-1.7518959045410156
-1.0812770128250122
-0.41350480914115906
0.9793055057525635
2.4249820709228516
1.6021946668624878
2.472956418991089
0.8852357864379883
-0.741067111492157
-0.0357358492910862
2.0311009883880615
2.207449197769165
1.4884604215621948
0.9657891392707825
1.1629557609558105
0.35682615637779236
-0.707642674446106
0.31311488151550293
0.9023113250732422
0.37072789669036865
-0.07013693451881409
0.04679987579584122
0.2548813819885254
0.22399909794330597
1.1485384702682495
1.1693453788757324
-0.11482398957014084
-0.6866729855537415
-1.6725289821624756
-0.8231208920478821
-0.4855455160140991
-0.5119494795799255
1.0965627431869507
0.13550107181072235
-1.2789210081100464
-0.052718646824359894
-1.0859806537628174
-1.5401479005813599
-0.016721876338124275
0.11608653515577316
0.41754451394081116
1.028093695640564
-0.7105080485343933
-0.8382036685943604
-1.5054540634155273
-1.162704348564148
1.7649517059326172
2.3209168910980225
1.5754097700119019
-0.8821871876716614
0.41130468249320984
0.6565805673599243
-1.6548744440078735
-0.778701663017273
0.8396059274673462
1.8494549989700317
1.0987056493759155
-2.366218090057373
-0.8984358906745911
0.23176473379135132
-1.4479228258132935
-1.2189089059829712
0.05238419771194458
1.14764404296875
1.8642387390136719
-1.1266928911209106
-0.022882036864757538
0.24150103330612183
-1.651796817779541
-1.0794450044631958
0.653070867061615
1.1012392044067383
0.9291382431983948
-0.4736611843109131
-0.9261584877967834
-0.10347990691661835
-0.9261409640312195
-1.0663678646087646
0.43245846033096313
0.40961048007011414
-0.915526270866394
-0.9821450710296631
-0.7918784022331238
-0.1717057079076767
-0.04105900973081589
0.08600665628910065
-1.4387284517288208
-0.23795461654663086
0.01012748945504427
-2.020108222961426
-2.013014554977417
-1.131895661354065
-0.09992862492799759
1.3119293451309204
-0.028053289279341698
2.2710154056549072
0.03834650665521622
-1.3880949020385742
0.44707831740379333
0.8955602049827576
0.8819191455841064
1.175341248512268
0.07069346308708191
1.001986026763916
0.23641856014728546
1.4565836191177368
2.279832124710083
3.408982992172241
3.9391119480133057
-0.11610818654298782
-0.1931585818529129
0.009417500346899033
0.6492792963981628
2.034862995147705
-0.08167673647403717
-0.2564701735973358
0.18644088506698608
-2.104802131652832
-0.30225566029548645
0.6051415205001831
-0.21486307680606842
0.2379295527935028
-0.009747323580086231
-0.8544172644615173
-1.6776390075683594
-1.2820954322814941
-0.8088589310646057
0.3894040584564209
-1.2951689958572388
-1.88282310962677
-1.6157824993133545
-1.5836036205291748
-0.40627995133399963
-1.2380270957946777
-0.11472497135400772
-2.003117799758911
-0.4576081931591034
-0.8388562798500061
-1.6590617895126343
-0.7869691252708435
-0.5835558772087097
-0.4508049488067627
1.105143427848816
-0.8965173363685608
-0.552750289440155
0.4189387857913971
0.49237602949142456
0.24685782194137573
-0.8353487253189087
-0.4843892455101013
-0.815011203289032
-1.5634533166885376
-0.6990800499916077
-0.6206847429275513
-0.05302519351243973
-0.4831586480140686
-0.9630091190338135
-1.0056487321853638
-0.852141261100769
-1.071345567703247
0.6415778398513794
0.22483380138874054
1.472298502922058
0.8766196966171265
0.21189504861831665
-0.14077146351337433
0.7128955721855164
0.9509962797164917
2.2762551307678223
1.690847396850586
1.9995814561843872
1.7418800592422485
0.8453331589698792
0.04178409278392792
0.27387896180152893
0.1633516401052475
2.0635898113250732
1.2000020742416382
0.27833837270736694
1.0805318355560303
1.0181188583374023
-1.167868971824646
-0.44955727458000183
-0.36642125248908997
0.9351410865783691
0.8675503730773926
-0.05064863711595535
1.5503349304199219
0.9894946217536926
-0.33932143449783325
-0.1573537439107895
-0.49642786383628845
0.3556499183177948
1.4974195957183838
1.6253951787948608
1.2124929428100586
0.6402508616447449
0.28695374727249146
-0.39217573404312134
0.7535391449928284
1.4145519733428955
2.2830753326416016
1.7769633531570435
-0.17971114814281464
-0.35018736124038696
-0.8189541101455688
-0.5536942481994629
-0.42439183592796326
0.10733772814273834
-0.07031339406967163
-0.15564747154712677
-0.8750658631324768
-1.0000282526016235
-0.6040217280387878
-0.4249471127986908
0.16082581877708435
-0.061303455382585526
0.48526424169540405
-1.0443443059921265
-1.7102811336517334
-0.8659640550613403
-0.9454137086868286
-0.04005628451704979
0.2413514107465744
-0.12024179100990295
0.7966881394386292
-0.9053217172622681
-0.7295783162117004
-0.9179201126098633
-0.06446539610624313
-0.31796619296073914
-0.0001279748830711469
-0.8700035810470581
-0.6330230236053467
-0.578077495098114
0.49290770292282104
-0.489310085773468
1.6457500457763672
-1.4307743310928345
0.28560870885849
0.834697961807251
-0.16344882547855377
1.3950456380844116
0.9157111048698425
2.0572972297668457
-0.0423629954457283
-1.107001781463623
0.518108069896698
2.1334404945373535
0.1826029270887375
-0.42966267466545105
0.5241798758506775
1.2629611492156982
-1.2822295427322388
0.2842521071434021
-0.04252486303448677
1.0133267641067505
-0.5666436553001404
-1.6299653053283691
-1.1631042957305908
-1.507989525794983
-1.2515474557876587
0.32931867241859436
0.7740483283996582
-0.36958110332489014
-0.5757931470870972
-0.8637325167655945
-1.0113579034805298
-1.5079734325408936
-1.0613031387329102
-0.5853345990180969
0.16239061951637268
-0.5265597105026245
-0.12717963755130768
-0.47426944971084595
-0.6821260452270508
-0.09510760009288788
-0.24792444705963135
-1.6432459354400635
-2.302215099334717
-1.1495957374572754
-0.5487375259399414
-1.1743056774139404
-1.330564260482788
-1.6890454292297363
-1.2862482070922852
-0.6978278160095215
-2.164506435394287
-1.1010031700134277
-1.2712734937667847
-1.2828333377838135
-1.6302375793457031
-2.258183717727661
-0.3727569878101349
0.3173379898071289
-0.05475848913192749
-0.47581011056900024
-1.7707390785217285
-0.10052156448364258
-0.28061312437057495
-2.5240774154663086
0.2008216828107834
0.22791601717472076
1.0397053956985474
0.1261400431394577
-0.8042983412742615
-1.2687668800354004
-1.434230089187622
-1.5018738508224487
-1.075491189956665
-0.3693526089191437
0.6159519553184509
1.2034364938735962
0.7115137577056885
0.013399414718151093
0.3418622612953186
0.9199408888816833
0.6196027398109436
-0.011420272290706635
0.6731505990028381
2.1907036304473877
2.7918131351470947
3.032165765762329
2.879733085632324
1.2480708360671997
0.6851695775985718
0.3720599412918091
2.7585859298706055
2.3730099201202393
1.264838695526123
-0.08216511458158493
-0.08998626470565796
-0.34129834175109863
-0.31721121072769165
-0.2988117039203644
1.573032021522522
1.854875087738037
0.9141407608985901
0.5160017609596252
-0.04971618950366974
0.6573851108551025
0.9335814714431763
1.152266502380371
-1.6991517543792725
-0.8019313216209412
-0.555427074432373
-0.017231883481144905
-1.255857229232788
-1.2227363586425781
-1.4385799169540405
0.4504382312297821
-1.7185717821121216
0.3077971637248993
-1.3758373260498047
-0.48731285333633423
0.7462379932403564
-1.8718408346176147
-0.9669954180717468
-1.7452634572982788
-0.4877454340457916
0.7336196303367615
-0.8430373072624207
-1.7623252868652344
0.43986228108406067
1.1722922325134277
-0.6487869024276733
-0.1110166609287262
0.5456381440162659
0.07057851552963257
-0.8064407110214233
-1.3109073638916016
0.09082776308059692
0.6059046983718872
-0.6002349257469177
0.024728354066610336
-1.1200166940689087
0.2796139121055603
0.30071666836738586
2.2396037578582764
3.161172866821289
2.10461688041687
-0.6761508584022522
-0.822102427482605
-0.1418302357196808
0.7441083192825317
0.9552828669548035
-0.6440821290016174
-0.8519633412361145
0.7369592785835266
-1.0482487678527832
-1.8848848342895508
0.8546941876411438
0.7186048626899719
0.543448805809021
-0.094377301633358
-0.13623902201652527
0.490629106760025
-0.692203164100647
-1.2624895572662354
-0.14922665059566498
0.39440661668777466
0.33743730187416077
-0.9651966094970703
-1.211182951927185
-1.2086580991744995
-1.3787528276443481
0.5931931138038635
0.6369971036911011
-1.0860697031021118
0.5389692783355713
1.1687136888504028
3.340136766433716
2.71506404876709
0.1785268783569336
1.4396833181381226
2.936645269393921
-1.0545347929000854
1.548364281654358
2.272376298904419
3.894085168838501
4.953112602233887
1.4219746589660645
-0.5620541572570801
-1.0215564966201782
-1.2523726224899292
0.35334116220474243
-1.8062080144882202
-0.9848024249076843
1.1988425254821777
-0.02399807795882225
-1.7948929071426392
-3.101120948791504
-2.7295291423797607
-2.0645623207092285
-3.222266435623169
-1.5368220806121826
-1.318101406097412
0.35559552907943726
-1.103733777999878
-3.4586374759674072
-4.260369300842285
-4.07270622253418
-3.228297472000122
-2.746612071990967
-2.1281731128692627
0.4099823236465454
0.1863839328289032
-2.487450122833252
-3.8134536743164062
-3.013972520828247
-2.207181215286255
-1.1606388092041016
-0.41966599225997925
0.24584601819515228
0.7064034342765808
-2.3435218334198
-3.4310076236724854
-1.5771414041519165
-1.1415424346923828
-0.2504982352256775
-0.4590383768081665
0.4641883969306946
-0.4589335322380066
-1.1373090744018555
-2.101616144180298
-1.8372023105621338
-0.6276863813400269
0.2359306514263153
0.723073422908783
0.6763674020767212
-1.125440001487732
-1.4588232040405273
-0.9212567210197449
-0.517013430595398
-1.40029776096344
-1.4125906229019165
-0.9153149127960205
0.11134805530309677
-1.3497997522354126
-1.6226714849472046
-1.4247221946716309
-0.5932460427284241
0.36705851554870605
1.457656741142273
1.9498534202575684
0.9060497879981995
-0.7060048580169678
0.8849332332611084
0.6075160503387451
2.4358081817626953
2.35319185256958
2.5446362495422363
1.507061243057251
-0.15143471956253052
-0.5405603647232056
2.009129524230957
3.0277719497680664
2.0562212467193604
-0.17048078775405884
1.956583023071289
-0.1466202586889267
-1.5062942504882812
-1.3856520652770996
-0.2045702338218689
0.6090654134750366
0.7075511813163757
1.1159905195236206
1.977743148803711
-0.25486376881599426
0.737887978553772
-1.6505709886550903
-1.1413934230804443
0.2601347863674164
0.9095698595046997
1.3144259452819824
1.3344213962554932
2.330812931060791
1.285994529724121
-0.40897029638290405
0.4736345410346985
1.6354694366455078
1.9799299240112305
2.6858718395233154
1.6630955934524536
1.4470746517181396
0.0015055896947160363
0.29125362634658813
0.09741538017988205
0.8550470471382141
1.0691275596618652
0.2509412169456482
-0.6968583464622498
-0.5403546094894409
-0.2968592941761017
-0.11985161900520325
0.07484352588653564
0.8248704671859741
0.6359080076217651
-0.693356990814209
-0.5183253884315491
-1.481259822845459
0.7236307263374329
-0.6170907616615295
0.059660714119672775
0.5134148001670837
-1.248894453048706
-3.256943702697754
-1.0351895093917847
-1.4261482954025269
-0.9814435839653015
-0.6646480560302734
-0.5136252045631409
-0.668903648853302
-0.3754485547542572
-0.17240852117538452
-1.1991217136383057
-1.3315593004226685
-1.007716178894043
0.4009478688240051
-0.12760885059833527
-0.20204593241214752
0.017942866310477257
0.6832042336463928
0.6094872355461121
0.12694977223873138
-0.47179728746414185
0.38446125388145447
1.7670669555664062
0.27110153436660767
-0.9437752366065979
0.6837521195411682
0.6047433018684387
0.8595916628837585
-0.45801815390586853
0.6457688212394714
2.777056932449341
1.6491460800170898
0.17925021052360535
-0.5871942043304443
0.10981809347867966
0.24170562624931335
-0.3142605125904083
0.3286270499229431
0.26564499735832214
0.35099849104881287
0.9398665428161621
0.14593437314033508
-0.07146533578634262
0.5033988952636719
1.6987056732177734
1.0833295583724976
0.4841201603412628
0.11301859468221664
1.6863397359848022
0.060577310621738434
0.028690293431282043
0.32426509261131287
0.5343583822250366
0.7182576656341553
-0.08264888823032379
-0.5681714415550232
0.6410794854164124
-0.3931792080402374
-0.4024259150028229
-1.0978209972381592
-0.3361737132072449
5.742285251617432
3.6096746921539307
1.097247838973999
2.0663001537323
0.16992433369159698
-2.214139699935913
-2.1141483783721924
-0.23005732893943787
1.856345295906067
0.006262585055083036
2.6783323287963867
0.04157598316669464
-1.7198647260665894
-1.5418732166290283
-0.9535775780677795
-0.9480653405189514
0.42481133341789246
-0.19566839933395386
-0.25640642642974854
-1.3749810457229614
-3.1981546878814697
-0.7953028082847595
-2.2874562740325928
-0.4634607434272766
0.6542077660560608
-1.1618174314498901
0.022141575813293457
1.6276859045028687
-0.8649182319641113
2.3605058193206787
0.34571483731269836
1.0933853387832642
2.7139506340026855
0.2702491283416748
0.027323365211486816
-0.24286913871765137
-1.8948643207550049
0.35357439517974854
-1.1768053770065308
-0.4160722494125366
0.4919898211956024
0.7740259766578674
1.9905726909637451
-0.9931845664978027
-2.4422218799591064
-2.01186466217041
-1.3955954313278198
0.4615662097930908
0.5942990779876709
0.39616069197654724
0.921184778213501
-0.28281527757644653
-0.43015342950820923
0.85650235414505
1.1927156448364258
3.3546013832092285
0.1771983653306961
0.18313287198543549
-0.32019683718681335
-1.261474847793579
-0.8638242483139038
-0.20044593513011932
-0.22222012281417847
0.03678101301193237
-0.48774412274360657
-0.569525420665741
0.29383236169815063
-0.990287721157074
-0.17783695459365845
3.377774715423584
1.4074945449829102
-0.6821025609970093
0.23841631412506104
-0.394464910030365
0.3905017375946045
0.6579700112342834
0.6814919114112854
2.2006046772003174
1.6598560810089111
-1.1009058952331543
1.8207699060440063
0.8658971786499023
0.257406622171402
-0.15299326181411743
-1.8413057327270508
-1.927927851676941
-2.419682502746582
-2.25262188911438
-0.14896823465824127
-0.5896443128585815
-2.116255760192871
-0.8194689750671387
-2.806424379348755
-0.3446667194366455
-2.949256181716919
-1.6124367713928223
-1.8594555854797363
-1.5431236028671265
0.18866372108459473
-1.4581714868545532
-2.799959182739258
-2.0981786251068115
-1.687951683998108
-0.7860320210456848
-1.0466653108596802
-1.9659724235534668
0.11216950416564941
1.3156447410583496
0.8441693186759949
1.245605707168579
1.198367953300476
0.22738835215568542
0.2334289252758026
0.4169665277004242
1.1621897220611572
1.1220221519470215
0.18957819044589996
0.20976522564888
0.11664831638336182
1.6573503017425537
1.0026284456253052
1.4223015308380127
-0.7521540522575378
0.6444602012634277
0.6226655840873718
0.18888802826404572
0.8298265933990479
-0.32421204447746277
1.4120360612869263
0.25608691573143005
-0.4141961336135864
3.8182778358459473
7.890649795532227
0.5814497470855713
1.4419269561767578
0.9078571796417236
1.1749346256256104
0.7633263468742371
2.3915152549743652
2.704812526702881
1.7790706157684326
0.6503767967224121
1.2397727966308594
1.8171437978744507
-0.030819332227110863
-0.29624268412590027
0.983055830001831
1.5961143970489502
0.35125815868377686
1.1255148649215698
0.8375290632247925
0.0066238525323569775
-1.2289687395095825
-1.853725552558899
0.8005473613739014
-0.10304796695709229
-1.5265487432479858
-0.6183282136917114
-1.0839934349060059
-0.44773948192596436
-0.9050033092498779
-2.215442657470703
0.3310118317604065
0.5182637572288513
-1.8151161670684814
-1.943497896194458
-0.5308218598365784
1.9497703313827515
1.228103756904602
2.197589635848999
-0.7384110689163208
0.5997018814086914
-0.1890496015548706
-0.8675212860107422
-0.4185096025466919
0.45036280155181885
-0.14976072311401367
1.495028018951416
0.8098525404930115
-0.657507598400116
0.32266345620155334
-0.5519185066223145
-0.5072436332702637
-0.005194171331822872
1.762373447418213
0.9814262390136719
0.6930065155029297
-0.3640071749687195
-0.7047335505485535
-0.2791592478752136
-0.4421478807926178
0.359505295753479
-0.27438443899154663
0.11057797074317932
1.03800630569458
0.46885329484939575
-0.4494098424911499
-1.0142041444778442
-0.7493232488632202
-0.23794767260551453
1.359555721282959
1.9536151885986328
1.1396653652191162
1.3937454223632812
0.17168273031711578
-0.30383914709091187
-0.8050565123558044
0.46847426891326904
2.474735736846924
0.3275657296180725
0.3884097635746002
0.0701180100440979
1.1091774702072144
2.525784492492676
-0.33498790860176086
1.0409256219863892
1.4811534881591797
0.8669032454490662
0.1497625857591629
0.7267465591430664
0.8412251472473145
0.6019426584243774
0.7756664752960205
2.127805233001709
-0.7816604375839233
2.1275393962860107
1.2775055170059204
-0.5630982518196106
0.6575247645378113
-0.6159502863883972
-0.11603158712387085
1.2249042987823486
-0.9275987148284912
-0.7894752621650696
0.13229252398014069
-0.5763039588928223
-1.0388562679290771
-0.6194772124290466
-0.3982144594192505
0.01166844367980957
-0.3381764590740204
-0.5453277230262756
-0.560960590839386
-0.5191866159439087
-0.18299642205238342
-0.16371490061283112
0.004307305905967951
0.44384145736694336
0.4826572835445404
-0.5192098021507263
0.5107163190841675
2.2748632431030273
0.4635505676269531
0.1293727159500122
-0.28197145462036133
-0.07094866037368774
2.4753127098083496
3.2917637825012207
2.11881160736084
2.625415802001953
0.9704181551933289
0.8122108578681946
-0.4788271486759186
2.7714462280273438
-0.4035015106201172
-0.014189660549163818
0.8670713901519775
0.0874081403017044
-0.6128597855567932
1.8508872985839844
-0.9082049131393433
0.4807083308696747
-1.7318220138549805
-0.9993454217910767
0.8458224534988403
1.0253629684448242
0.5157824158668518
1.009204626083374
0.1855028122663498
0.23395776748657227
-0.18708765506744385
1.7360615730285645
1.1386852264404297
1.2386705875396729
0.7147770524024963
0.478951632976532
1.297050952911377
0.17113372683525085
-0.00826302170753479
1.171929955482483
-0.5705056190490723
0.7093379497528076
0.06182888522744179
0.41186150908470154
0.3674248158931732
-0.6017492413520813
-0.3992398977279663
-0.25739410519599915
1.0248521566390991
1.5469136238098145
1.1732966899871826
0.619316041469574
0.9076665639877319
0.3032591640949249
2.0508036613464355
-0.4418385922908783
-0.11784592270851135
0.816689133644104
1.0512471199035645
0.9387751817703247
1.9138462543487549
0.5519108772277832
-0.9608049392700195
-0.3805013597011566
0.6379571557044983
0.04343121498823166
-0.7318399548530579
0.8604702949523926
0.11796212196350098
-1.1238715648651123
2.7487878799438477
1.8831813335418701
1.5554430484771729
-1.2247447967529297
0.24982225894927979
3.052420139312744
0.2507378160953522
-1.9099363088607788
0.925723671913147
-3.0363216400146484
-2.434077262878418
-1.981519103050232
0.07068169116973877
1.5697262287139893
1.3761008977890015
-1.3474026918411255
-0.9923526048660278
-2.505627393722534
-2.855354070663452
-0.09532403945922852
-0.17576152086257935
0.6402785778045654
2.0269665718078613
0.2505030632019043
-0.7640763521194458
-0.3097154200077057
-1.4387348890304565
-1.694344162940979
-0.1642574667930603
-1.1516189575195312
0.5447793006896973
1.1237812042236328
-0.09866219758987427
-0.3715115785598755
0.07781004905700684
-0.17723536491394043
-1.2802139520645142
0.38285163044929504
0.6022858023643494
-0.13185566663742065
-0.5288183689117432
-2.8693084716796875
-0.754569411277771
0.28376686573028564
-1.0391037464141846
-0.23781032860279083
-0.10294625163078308
1.0566129684448242
0.10589884966611862
-1.4222463369369507
-1.1776034832000732
0.6259226202964783
-0.025646673515439034
-0.599441409111023
0.9596623182296753
0.5975261330604553
0.5822476744651794
-0.047704510390758514
0.35728347301483154
1.1548268795013428
0.23323318362236023
-0.7880386710166931
-0.4819384217262268
0.08519213646650314
0.35791635513305664
-0.3652730882167816
0.13124418258666992
2.3031880855560303
2.0919296741485596
-0.6608643531799316
-1.2275903224945068
-0.6077994108200073
0.1271015703678131
0.009454607963562012
1.4918110370635986
-0.048184871673583984
-0.4647834897041321
-0.08632850646972656
-2.392620325088501
-2.0035762786865234
-0.4128405451774597
-1.5716276168823242
0.6445968747138977
0.4794323444366455
1.1451786756515503
1.462348222732544
-1.5524170398712158
0.5718206167221069
-0.2237929105758667
-0.8957741260528564
0.51334547996521
0.5998997688293457
0.21596688032150269
0.6533306837081909
0.5162870287895203
0.9079748392105103
0.07284612953662872
1.5324974060058594
0.7635194063186646
0.1535203754901886
-0.28068220615386963
-1.1740623712539673
-0.3538941442966461
-0.30054616928100586
-1.4576728343963623
1.0274970531463623
1.0255768299102783
-1.231248378753662
-0.9029318690299988
-0.14745114743709564
0.09901555627584457
0.0601557120680809
-0.8873876333236694
-0.4801790714263916
0.5101141929626465
-0.8783273100852966
-0.25081226229667664
0.08181250840425491
1.162245273590088
1.2443327903747559
0.8730139136314392
0.762835681438446
-1.0594711303710938
-0.507003664970398
-0.08966076374053955
-1.1149513721466064
-1.1518580913543701
0.7391637563705444
-0.8816154599189758
-0.4663059115409851
1.0275787115097046
-1.0459895133972168
-0.7809939384460449
-1.1432126760482788
-2.1262478828430176
-1.0405348539352417
-1.6879239082336426
-1.5849334001541138
0.32579347491264343
0.6132993698120117
-0.637442946434021
-0.009221136569976807
1.17107093334198
-1.199742317199707
-2.0523812770843506
-2.960188150405884
0.6948199272155762
1.9945220947265625
2.465196371078491
2.8807077407836914
4.4243855476379395
-0.31972840428352356
0.7273624539375305
-0.5292791128158569
3.093677043914795
2.2445268630981445
2.6361641883850098
3.2289915084838867
3.107203960418701
-0.2209080457687378
0.6326748728752136
2.149980306625366
1.8927102088928223
1.7870441675186157
-0.15736937522888184
2.416980266571045
0.3667905628681183
-0.846920907497406
-0.7444403767585754
1.5552433729171753
2.8560686111450195
2.3133997917175293
0.29530441761016846
-0.25859224796295166
0.24683627486228943
-0.10388197004795074
0.7159099578857422
-0.4263719916343689
0.9044731855392456
0.26500481367111206
0.45948147773742676
0.11682078242301941
0.4176614284515381
-0.09892669320106506
0.17305850982666016
0.4390217661857605
-0.5213484764099121
0.6904531717300415
-0.03483384847640991
-1.8492754697799683
-1.634331226348877
0.6687594652175903
-0.299557089805603
0.5918546915054321
-0.0272904634475708
-1.2726037502288818
-0.630472719669342
0.44514167308807373
-1.8897647857666016
-0.7315599918365479
-1.2122889757156372
-0.6872764229774475
-0.9432547092437744
0.598672091960907
1.5318810939788818
0.10621252655982971
-0.08351492881774902
-0.06466349214315414
-2.1354401111602783
-1.7122268676757812
-0.6772216558456421
0.2512783706188202
0.5833452343940735
-0.6132808923721313
2.580548048019409
0.5809465646743774
-0.8638958930969238
-1.6593446731567383
-0.999500036239624
0.16215956211090088
-0.5248043537139893
-1.0547503232955933
0.04757976531982422
0.6847554445266724
-0.31993964314460754
-1.469627857208252
-2.4231503009796143
-1.8398802280426025
-1.9031341075897217
-1.3260498046875
-0.6145792007446289
0.6344262361526489
-0.5729359984397888
-1.7526593208312988
-2.862727165222168
1.5145034790039062
1.8666789531707764
2.6067802906036377
3.2111589908599854
3.362445116043091
1.331992506980896
0.04058527946472168
-0.7439395785331726
2.731316089630127
3.5602779388427734
3.6491894721984863
2.628565549850464
2.7005064487457275
-0.4297006130218506
-0.8832155466079712
0.29163843393325806
-1.7144099473953247
-1.482407569885254
-1.6043169498443604
-1.1398504972457886
0.2838444709777832
-1.046958088874817
-1.2091078758239746
-0.0036472082138061523
-2.8607988357543945
-1.1119986772537231
1.7518980503082275
-0.3757516145706177
-0.7637544870376587
1.391796588897705
-0.0619581937789917
-0.6751023530960083
0.8653942346572876
1.4158995151519775
-0.20903587341308594
1.1668649911880493
1.4275130033493042
3.3376193046569824
1.6285638809204102
1.4702088832855225
0.8701519966125488
2.229262113571167
-0.6660957336425781
-0.993283212184906
0.36163151264190674
3.580268621444702
3.5530145168304443
0.24375510215759277
0.4108363389968872
1.934628963470459
-0.1390557438135147
-0.1474989354610443
0.6783405542373657
0.4732168912887573
0.9601579308509827
0.48436665534973145
0.6283581852912903
1.8861026763916016
0.552339494228363
0.2410617470741272
-0.022605061531066895
2.1374125480651855
-0.21170133352279663
-0.36256295442581177
0.8432893753051758
0.12212330102920532
0.1823127418756485
-0.9886322617530823
-0.5508942008018494
2.649038791656494
3.0446743965148926
-0.005501925945281982
1.0247879028320312
-0.5469824075698853
-0.13685089349746704
-0.44059139490127563
0.4016435146331787
-0.8116164207458496
-0.07188242673873901
0.2695387005805969
-0.050310611724853516
-0.7770786881446838
-1.095942735671997
-1.331165075302124
0.11900100111961365
0.013758599758148193
1.1892356872558594
2.7122974395751953
0.9979363679885864
-0.8537842631340027
-0.38520485162734985
-0.9504851698875427
-0.5779778361320496
0.564778208732605
1.8832604885101318
1.7101739645004272
0.8912513256072998
0.3372514247894287
-0.7120978832244873
1.1907958984375
1.1528552770614624
0.4950130581855774
0.32189053297042847
0.9688289165496826
1.6590526103973389
1.9020860195159912
0.7505210638046265
0.8930502533912659
0.9947996735572815
0.29644864797592163
0.21096356213092804
3.017094612121582
1.9609286785125732
0.860680341720581
0.5909309983253479
0.10238867998123169
0.9218465089797974
0.5473924875259399
0.8894453644752502
1.3163750171661377
0.741655707359314
0.2933658957481384
-0.13278669118881226
0.4937320351600647
0.7475574016571045
0.2926974296569824
-0.7516381144523621
-1.352555274963379
-1.1113629341125488
-0.6225222945213318
-0.5503182411193848
-0.21372254192829132
-0.0337333083152771
0.7158159017562866
0.3655838966369629
-0.039680033922195435
0.735862672328949
-0.16321028769016266
0.5978858470916748
0.7794536352157593
0.18809443712234497
-1.2944304943084717
-0.09675681591033936
-1.4401830434799194
1.5472793579101562
0.49293816089630127
1.1680049896240234
0.572536826133728
-0.4225987195968628
-1.2279857397079468
-0.19868767261505127
-0.35958561301231384
1.006117820739746
0.8184916377067566
0.1118820309638977
-0.8532277345657349
-2.0369765758514404
-0.18015669286251068
-0.8482571840286255
0.28141704201698303
0.3534606695175171
-0.134438157081604
-0.827401340007782
-1.5408530235290527
-0.7930728197097778
-0.4292619228363037
-0.5932367444038391
-1.361604928970337
-0.3332459032535553
1.0504297018051147
-0.657410740852356
-0.5380963683128357
-0.7715659737586975
-1.182701587677002
-1.5108996629714966
-0.5738561153411865
-0.9671950340270996
-0.7758712768554688
-1.069103717803955
0.7566108703613281
-0.09664744138717651
-1.3383086919784546
-2.755218267440796
0.7524628639221191
1.310838222503662
0.638279378414154
-0.08397725969552994
1.9924075603485107
-0.13063573837280273
1.5930253267288208
0.027464628219604492
0.42154255509376526
0.6743875741958618
0.40901505947113037
1.2133978605270386
0.5177338123321533
0.16474050283432007
-1.3690434694290161
5.355725288391113
0.0290132537484169
-0.25681930780410767
-0.23537075519561768
0.23621296882629395
0.7998405694961548
-0.018600091338157654
-0.6540389657020569
0.1342012733221054
1.498786211013794
0.4734938144683838
1.3762304782867432
-0.9919086694717407
-1.8496248722076416
-0.7880194783210754
-2.781243324279785
-0.9731345772743225
1.2506223917007446
-0.05936326086521149
-0.20585863292217255
-1.3743841648101807
-1.6978895664215088
-1.2226042747497559
-1.8530327081680298
0.3750484883785248
0.9999686479568481
-0.30991384387016296
-0.6060071587562561
-2.532646417617798
-0.1291457861661911
-0.09681937098503113
-1.680401086807251
-1.3967987298965454
1.6604974269866943
0.590099573135376
-0.22721737623214722
0.5968475341796875
1.0598350763320923
0.19351372122764587
-0.9360753893852234
-1.845819354057312
-0.9044607281684875
-1.4753501415252686
-1.041258692741394
0.025915145874023438
-1.6606792211532593
0.4358413517475128
-0.7693009972572327
0.28577879071235657
0.8071523904800415
0.338378369808197
0.5639123916625977
-1.0291728973388672
-0.7082595229148865
-0.24508750438690186
-1.566597819328308
0.5035628080368042
-0.6222918629646301
0.6425866484642029
1.2197167873382568
0.6491506695747375
0.3144306242465973
-0.3808605968952179
-0.08141213655471802
0.7201898097991943
0.9735267162322998
1.1547682285308838
0.4904138743877411
-0.07961275428533554
-0.0502791590988636
0.10172438621520996
0.29392313957214355
-0.6696881055831909
-0.28647029399871826
-0.7099288105964661
-1.275648593902588
-1.9044616222381592
-1.4948261976242065
-1.6674247980117798
0.7075932025909424
-0.9055073261260986
-0.6136193871498108
1.6309614181518555
-1.5164604187011719
-0.9635213613510132
-1.848966121673584
-2.4412429332733154
3.67917799949646
1.8134962320327759
-0.9430505633354187
-0.27853232622146606
-0.9290652275085449
1.6629430055618286
0.3606816530227661
-1.615831732749939
1.513232946395874
2.0495574474334717
-0.8958684802055359
0.8332713842391968
-1.6957601308822632
1.3186637163162231
-0.7161102294921875
-1.3852813243865967
1.4331231117248535
0.8558007478713989
0.33758240938186646
-0.8403514623641968
-0.2630416452884674
0.2839139699935913
-0.2551944851875305
-1.0238248109817505
1.513667345046997
1.2883758544921875
2.169858932495117
0.010450415313243866
1.5545886754989624
0.25746479630470276
0.7457414269447327
-0.3771747052669525
-0.04134339094161987
1.7377049922943115
2.2664599418640137
-0.5570745468139648
-0.8518272638320923
-0.27770519256591797
-0.07769513130187988
-0.05129311978816986
0.13816598057746887
-0.12553876638412476
-0.13942742347717285
-0.7646391987800598
-0.3939714729785919
0.5724725723266602
0.4930645227432251
1.028625726699829
1.8257126808166504
1.9399712085723877
2.341303825378418
1.955202341079712
2.2304892539978027
0.11532068252563477
0.8290073871612549
2.2820136547088623
0.13946834206581116
0.1823253631591797
1.5206315517425537
-0.5817256569862366
1.041296124458313
1.4655773639678955
-1.094827651977539
0.7939152121543884
-1.7049669027328491
-2.8755362033843994
0.14366434514522552
0.09860078990459442
0.018749602138996124
0.8758482336997986
-0.005966305732727051
-1.395012378692627
-2.711315870285034
-3.114990234375
-0.00934833288192749
0.006342294625937939
0.10021969676017761
0.724247395992279
-0.46983811259269714
-0.29365018010139465
-0.9209783673286438
-2.6424741744995117
-2.3230481147766113
-1.289692997932434
-0.4019990563392639
-0.3608255386352539
-0.41294917464256287
0.24311669170856476
-1.7837151288986206
-1.279151201248169
-3.9994137287139893
-1.1621716022491455
-0.9402040839195251
-0.619231641292572
-0.4857824742794037
-0.18753868341445923
-2.383533477783203
-2.163269519805908
-0.1602439284324646
0.18881100416183472
3.235617160797119
2.1347103118896484
0.9843353629112244
0.6831755042076111
-0.45185762643814087
-0.7749976515769958
0.780200719833374
0.7206400632858276
0.8834603428840637
0.3904477655887604
-0.027103424072265625
-0.22913266718387604
-0.3414042592048645
-1.178030252456665
-0.4288225471973419
0.5722284317016602
-0.9887185096740723
-0.5632638335227966
-0.4459223747253418
-1.001440167427063
1.7268747091293335
1.8212188482284546
0.17146532237529755
1.4588314294815063
0.3941338062286377
-0.5682201981544495
-0.17286622524261475
1.9287244081497192
2.4931294918060303
1.7044858932495117
-1.1375409364700317
-1.8220947980880737
-1.0006599426269531
0.29123127460479736
-0.04580378532409668
3.2127585411071777
0.4856562316417694
-0.34842967987060547
-0.7034695148468018
-2.422114610671997
-0.31875550746917725
0.5545721054077148
-1.0940134525299072
0.7907886505126953
0.6591479182243347
3.4468963146209717
-0.33188915252685547
-1.6646814346313477
-0.8244719505310059
-1.9803776741027832
-0.42023205757141113
1.9657769203186035
0.8591619729995728
0.6130985617637634
0.9633991718292236
-0.7522214651107788
0.10417045652866364
-0.3749348521232605
0.4029054343700409
-0.13299773633480072
1.7469902038574219
-0.6954261064529419
-1.1315093040466309
-0.8767316341400146
-2.0719501972198486
-0.41440925002098083
-0.44416892528533936
1.3983757495880127
1.5984294414520264
-0.6769651174545288
-1.1127135753631592
-0.4231671392917633
-1.394039273262024
-0.5154932737350464
-0.5614480972290039
1.167385458946228
0.48197534680366516
-0.680130124092102
-0.6818279027938843
-1.0959794521331787
-1.1776409149169922
-0.6196050643920898
-1.2111475467681885
-1.62458074092865
1.1446806192398071
-0.14712180197238922
-0.6994812488555908
-0.029590129852294922
0.49064499139785767
1.5525527000427246
1.770276427268982
-1.0234723091125488
1.9663584232330322
1.8467929363250732
-0.5662722587585449
0.7435323596000671
2.2977705001831055
-0.8717778921127319
0.5089740753173828
-0.5278465151786804
3.3931806087493896
1.7160418033599854
-0.7426555156707764
0.11686533689498901
1.779246211051941
1.3904461860656738
2.73848295211792
1.19850754737854
0.6998534202575684
0.25246503949165344
-0.45593905448913574
0.1997985541820526
1.6076164245605469
-0.5841007232666016
1.0972896814346313
-0.29842865467071533
1.1779425144195557
-0.20973461866378784
0.3336746394634247
2.280522346496582
0.9585154056549072
1.470645546913147
3.2178683280944824
3.2153029441833496
3.6039915084838867
4.791498184204102
-0.15487393736839294
5.051144123077393
1.7585644721984863
1.578862190246582
1.4996259212493896
3.2885994911193848
1.721376895904541
4.21573543548584
4.009322643280029
4.088582992553711
2.1315724849700928
2.0185787677764893
2.1855125427246094
3.3004486560821533
0.42946839332580566
0.37007009983062744
0.6693520545959473
-0.7656846046447754
1.5404926538467407
-0.1919535994529724
-0.36236894130706787
-0.8559376001358032
-0.20119047164916992
-0.4259665608406067
0.14722928404808044
-0.5687633752822876
0.866692066192627
0.43747422099113464
0.36669614911079407
0.021466199308633804
-0.4827674627304077
1.3592625856399536
-0.27372273802757263
-0.0938795804977417
0.5465692281723022
0.9042913913726807
0.22046339511871338
-0.8649922609329224
0.6841446161270142
-0.3376395106315613
-1.9116679430007935
1.9970327615737915
1.3196710348129272
2.0205881595611572
1.4227769374847412
1.8466503620147705
-1.3132425546646118
-2.259570837020874
-1.471982479095459
0.8924593925476074
1.8897738456726074
1.1936216354370117
2.3145835399627686
2.8994300365448
0.6587749719619751
-0.5092133283615112
-0.2851408123970032
2.7266032695770264
0.48239120841026306
-1.008920669555664
0.0620654821395874
0.8079262971878052
-0.809426486492157
1.126882553100586
3.299814224243164
0.8229258060455322
0.4090830981731415
0.20245569944381714
0.6473549604415894
0.11462265253067017
0.35625940561294556
-1.0732742547988892
-0.7484216094017029
0.04933873564004898
0.16746440529823303
0.4481342136859894
1.0406179428100586
1.3949689865112305
0.15830907225608826
-0.9550459980964661
-0.35443350672721863
0.8327397704124451
-0.44122037291526794
2.0207109451293945
3.381622791290283
-1.5225729942321777
2.829223155975342
1.289320945739746
-2.345013380050659
0.8633074164390564
-0.015826523303985596
3.535753011703491
9.742208480834961
4.225193977355957
0.6130062341690063
1.831343412399292
-1.7565009593963623
-0.007083037402480841
2.4012439250946045
0.07264457643032074
1.0324519872665405
4.406420707702637
-1.3285222053527832
-0.5038607716560364
-2.2638940811157227
-1.1616379022598267
0.3874107897281647
0.17983147501945496
-1.44016695022583
0.8195202350616455
-1.105541467666626
-1.6699856519699097
-1.2308261394500732
-2.071323871612549
-0.2326793670654297
-2.1426851749420166
-0.39050987362861633
-0.34401583671569824
1.2704436779022217
-2.837336301803589
-1.0213024616241455
-0.8483195304870605
1.3616080284118652
-0.3885938823223114
-0.9383691549301147
-0.9401102662086487
1.5354936122894287
-0.23289573192596436
-1.6334753036499023
1.5368574857711792
-0.9510159492492676
-0.6761641502380371
-0.7056390047073364
-0.8799575567245483
-1.5533561706542969
-1.4492378234863281
-2.077127456665039
-0.5272015333175659
-0.5180389881134033
-0.23504668474197388
0.12757305800914764
0.2551378011703491
-0.32314926385879517
-0.25321874022483826
-0.27977240085601807
0.8916853666305542
0.8871374130249023
-2.18383526802063
-0.9775756597518921
-0.42184484004974365
-0.13742518424987793
0.5398087501525879
2.176208972930908
0.4505753517150879
-1.2074487209320068
0.9300148487091064
-1.3625359535217285
0.20114189386367798
-1.6081169843673706
0.7178629636764526
0.38405513763427734
0.6826908588409424
1.724269151687622
2.3346333503723145
-0.265389621257782
1.3879433870315552
-1.6249738931655884
-0.1663091480731964
-0.28466320037841797
3.18765926361084
1.6787773370742798
1.1912140846252441
3.3095502853393555
1.0612599849700928
-1.07301664352417
-0.9492520093917847
1.2689063549041748
2.1834845542907715
1.4699592590332031
0.1818963885307312
0.12116730213165283
-0.4308382272720337
-0.45180344581604004
1.4314467906951904
2.310223340988159
1.7769441604614258
0.836174726486206
-0.20284397900104523
0.07075425982475281
-0.11066767573356628
-1.2799625396728516
2.711512565612793
0.8804494738578796
0.46300384402275085
1.4124939441680908
1.9195636510849
2.157287836074829
1.6805075407028198
-0.49145016074180603
-0.09924094378948212
0.853455662727356
0.3311312198638916
1.4474161863327026
1.7106941938400269
1.7931218147277832
-1.0040861368179321
-0.06310419738292694
0.584736704826355
-0.8493742942810059
0.28409409523010254
0.2424544394016266
1.6715548038482666
1.5303398370742798
1.3328049182891846
1.5913348197937012
2.054152488708496
-0.20379585027694702
3.1375067234039307
3.385411500930786
-1.3822728395462036
-0.509719967842102
2.257143020629883
0.309183269739151
0.257047176361084
0.39173704385757446
-0.6453741192817688
-1.0644433498382568
-3.259763717651367
-1.8763704299926758
2.8023674488067627
-0.7170937657356262
-0.17855942249298096
-1.2368803024291992
-2.666595697402954
-1.329236388206482
-2.19064998626709
-0.7502385377883911
-0.10541564226150513
-1.1065036058425903
-1.7605209350585938
1.3584775924682617
0.6531827449798584
-0.7302967309951782
-0.07304942607879639
0.003962159156799316
2.12971830368042
0.22826287150382996
-0.22997386753559113
-0.7980561852455139
2.2417826652526855
-0.02968132495880127
2.2989277839660645
-0.1254432201385498
3.016341209411621
1.3214727640151978
1.402241587638855
-0.13744187355041504
0.2960239052772522
0.9506357312202454
-0.9192121028900146
-1.6144264936447144
0.7722792625427246
-0.5327954888343811
1.9373890161514282
1.7762978076934814
0.6676729917526245
0.947215735912323
-0.12011528015136719
0.38040465116500854
0.951237142086029
0.21697771549224854
1.051803708076477
1.4634990692138672
-0.08100169897079468
0.9572956562042236
2.6735994815826416
1.5957765579223633
1.4827698469161987
0.7379796504974365
0.5680713057518005
0.9473469257354736
0.4002372622489929
1.0989986658096313
-0.033739328384399414
-1.1219044923782349
-0.406506210565567
-1.2287195920944214
0.01158490777015686
-0.239673912525177
-1.6871954202651978
-1.8960635662078857
-2.5481345653533936
-3.7948617935180664
-0.822627067565918
-1.2271525859832764
-0.417755126953125
-1.1904526948928833
-0.822593092918396
-1.1401238441467285
-2.073756217956543
-1.8778231143951416
0.17233917117118835
-1.1180346012115479
-1.3731818199157715
-1.3801703453063965
0.2387903928756714
-0.42721810936927795
-1.2358324527740479
-0.4430907964706421
0.3049134612083435
1.0609670877456665
-0.9359164834022522
-1.7046420574188232
2.6198647022247314
2.5851893424987793
2.751986026763916
4.2835917472839355
4.4931321144104
-0.12045067548751831
-0.6589035391807556
-0.9041527509689331
1.8891143798828125
2.8084332942962646
0.005400419235229492
0.018503546714782715
0.8465589880943298
-1.2113335132598877
-0.8467735648155212
-0.635004997253418
1.4708507061004639
0.5713778734207153
-0.5491484999656677
-0.3499072790145874
-0.16423872113227844
0.1045200452208519
-0.1984604001045227
-0.23702669143676758
-0.6135156750679016
-0.5359015464782715
-0.6770361661911011
-1.0497922897338867
-0.8981139063835144
0.03902171924710274
-0.3816496729850769
0.7184239625930786
-0.23520499467849731
0.7343122363090515
2.508974075317383
1.6242399215698242
-0.11360883712768555
2.825579881668091
1.3869191408157349
3.3857336044311523
1.3518863916397095
1.4941197633743286
1.6872024536132812
1.3010263442993164
0.7424560189247131
2.192272663116455
2.2177133560180664
0.8064979910850525
-0.5843815803527832
0.9915764927864075
1.771193027496338
0.5718218684196472
0.8783567547798157
1.1131383180618286
2.0978968143463135
-0.256929486989975
-1.3465584516525269
0.24241754412651062
-0.10852903872728348
-0.8091709017753601
0.8405777215957642
0.4186611771583557
1.6542960405349731
1.9339709281921387
0.2925839424133301
0.4647979140281677
-1.3687773942947388
0.5819543600082397
3.000274419784546
2.155902624130249
2.1010448932647705
3.905142068862915
1.1883389949798584
-0.007184863090515137
-0.07155418395996094
0.3026079535484314
3.5779337882995605
1.337551236152649
1.391867756843567
-0.48160362243652344
-0.3594353199005127
0.34634697437286377
0.35658979415893555
0.6244860887527466
2.242370367050171
-0.7479896545410156
-1.1519544124603271
-1.7823004722595215
-1.0552198886871338
-1.051865816116333
-0.3767155110836029
1.6415753364562988
1.2492889165878296
-1.376004695892334
-0.7872329950332642
-0.9123517274856567
-1.372869610786438
-0.3232958912849426
1.0885305404663086
4.255228519439697
2.468557834625244
0.02148345112800598
1.1018712520599365
-0.5544845461845398
0.137227863073349
2.00382661819458
-0.2314644157886505
2.0347890853881836
0.41342031955718994
0.19318604469299316
-0.9088334441184998
-1.5558115243911743
0.2576216459274292
-1.430282473564148
-0.6123767495155334
1.173433780670166
-0.7064089179039001
0.3677106499671936
-0.26774364709854126
0.12030696868896484
-1.4554954767227173
-2.1146087646484375
1.215043544769287
-1.397615671157837
0.6760702133178711
0.06146794557571411
-2.5334279537200928
-0.6573188304901123
-2.6863577365875244
-1.2448233366012573
-1.4402315616607666
-1.6738852262496948
-1.4730430841445923
1.469305157661438
-1.1757209300994873
-0.5479252338409424
-1.019396185874939
-0.6003796458244324
-0.17631679773330688
0.05148816108703613
-1.414671540260315
1.9476795196533203
0.10843674838542938
-0.5150042176246643
0.6207050085067749
-0.3727049231529236
0.283389151096344
-0.6441031694412231
0.249750018119812
0.20059800148010254
0.18763744831085205
0.9101955890655518
0.6807879209518433
1.1276298761367798
0.22493308782577515
-1.9160951375961304
-0.13558673858642578
1.7390691041946411
0.7895137071609497
2.0235965251922607
2.911318063735962
2.697854995727539
0.4941748082637787
-0.22387273609638214
-0.3063998222351074
1.5629963874816895
0.8396749496459961
2.62611722946167
1.1596126556396484
0.4695843458175659
0.20381218194961548
-1.4936751127243042
-1.0429537296295166
0.9301532506942749
0.3770959973335266
1.1496928930282593
-0.6560350060462952
-0.35401055216789246
1.2769982814788818
-1.7841737270355225
-0.4568421244621277
0.6145482063293457
-0.30223751068115234
-0.0026331543922424316
-0.5872600078582764
-1.7262816429138184
-1.8182927370071411
-1.9805516004562378
0.0685734748840332
-1.069570541381836
0.18093347549438477
-0.12687930464744568
-1.1030160188674927
-2.3697586059570312
-0.703356146812439
-1.063718318939209
-1.725617527961731
-0.5802621245384216
0.085791677236557
0.6319016218185425
-1.2206896543502808
-1.9728376865386963
-1.5811352729797363
-1.2848331928253174
1.2535922527313232
-1.4722777605056763
-1.4203656911849976
-1.901875615119934
-1.3072551488876343
-0.49362799525260925
0.5266245603561401
1.2373095750808716
1.3688023090362549
-0.9297422170639038
0.24900853633880615
0.8658813238143921
-0.00925302505493164
0.5405373573303223
-0.9011631608009338
-0.8981419801712036
1.464614748954773
-2.3221852779388428
-2.089223861694336
-0.63550865650177
-2.577030897140503
-1.305718183517456
-1.6509978771209717
-2.428574562072754
-1.1612240076065063
-1.2601158618927002
-1.1589466333389282
-0.955348014831543
-2.19953989982605
-1.0080649852752686
-1.1350054740905762
-2.0745198726654053
-2.004599094390869
0.278877854347229
-1.102385401725769
0.5827319622039795
-0.8814377188682556
-0.1173204779624939
-1.2785032987594604
-1.2657685279846191
-1.5055989027023315
-0.06969910860061646
-0.684140145778656
1.5085903406143188
1.934467077255249
1.3488595485687256
0.7525705099105835
0.9543430805206299
0.2296038717031479
-0.05163760855793953
-0.256338894367218
0.15304595232009888
1.3014559745788574
1.0358247756958008
2.1069116592407227
0.5358293056488037
0.28405123949050903
-0.6811829209327698
0.3710538148880005
0.6700958609580994
0.682582676410675
0.10225832462310791
-0.9557404518127441
-0.6849390268325806
-1.746662974357605
-1.7730932235717773
-1.6991432905197144
0.13807475566864014
-0.19924163818359375
-0.1044124960899353
-0.5449798107147217
-0.404850035905838
-0.6756264567375183
0.26949575543403625
0.9307506084442139
-0.4032716453075409
-0.06299535930156708
-0.17694975435733795
-1.612527847290039
-0.24992644786834717
-0.08706888556480408
-0.08629262447357178
0.11309970170259476
0.14467176795005798
-0.406929612159729
-1.4894753694534302
0.3703805208206177
1.0554413795471191
-0.5988110303878784
-0.8452473282814026
-0.30493852496147156
-0.6288015246391296
0.3575465679168701
-0.03135061264038086
0.6563472747802734
3.877732276916504
0.7688169479370117
-0.7957038879394531
-0.2103511542081833
-0.2643137276172638
1.6587435007095337
-0.7678256630897522
-1.8530200719833374
0.6653726696968079
0.3087404668331146
-1.570451259613037
-0.9351938366889954
0.07064908742904663
-0.5963777899742126
1.3444780111312866
1.4041167497634888
1.3522109985351562
0.00871872715651989
-1.6664789915084839
0.3043658137321472
1.2012470960617065
-1.0326639413833618
0.05211371183395386
-0.9535403847694397
-0.4688342809677124
-0.8536955714225769
-1.0573339462280273
-0.351034015417099
1.2121437788009644
-0.2637840211391449
0.03737173601984978
-0.4324902594089508
-0.6383110880851746
-0.7036691904067993
-0.08787879347801208
0.09896710515022278
-1.007343053817749
-0.8180806040763855
-0.26409104466438293
-0.09711241722106934
-0.4475361406803131
-0.762669026851654
0.15345090627670288
-0.6186020374298096
-0.6098880767822266
0.9483090043067932
-0.60684734582901
0.3325877785682678
0.7311331629753113
-0.723460853099823
0.7081049084663391
0.6354363560676575
-0.8306395411491394
0.1420801728963852
-0.0639597475528717
5.420639991760254
5.3845696449279785
0.2430742383003235
1.5131157636642456
0.7009828686714172
-1.539151906967163
0.4968036115169525
2.071444034576416
0.11902659386396408
2.9686450958251953
1.6193233728408813
-1.0307742357254028
-0.5539225935935974
-0.8500472903251648
0.5165201425552368
-0.9533131718635559
-1.4277926683425903
-0.45265039801597595
-1.163089632987976
-0.2551717162132263
0.7825829982757568
-0.2116343230009079
-1.4030869007110596
-0.9396189451217651
1.105283498764038
1.3920186758041382
-0.34744003415107727
-0.870032548904419
0.3596976399421692
2.9324851036071777
-0.7544904947280884
-0.12464489787817001
-0.0532800555229187
-0.5946235060691833
-0.4940059781074524
-0.6709229350090027
-0.5034162402153015
0.44328075647354126
1.3832616806030273
-0.7877122759819031
-0.5073439478874207
-1.2040668725967407
-0.643080472946167
-0.11599311232566833
-0.3580764830112457
-0.8089944124221802
-0.6603211760520935
-1.0775164365768433
-0.27874886989593506
-0.3470766544342041
0.6084333062171936
-0.45905160903930664
-0.5802848935127258
-0.055275559425354004
-1.8677242994308472
-0.6241238117218018
-0.5052655935287476
-0.322079598903656
-0.3099830448627472
0.47518789768218994
0.6893736124038696
-0.18669548630714417
-1.802947759628296
-0.17022070288658142
0.5203844904899597
1.865393877029419
0.9774025678634644
-0.18504227697849274
-1.3138411045074463
-0.9078177213668823
-0.43416857719421387
2.154834032058716
0.7826710939407349
-0.9487934112548828
-0.12390661239624023
0.4426294267177582
-1.3378784656524658
-0.1371341496706009
1.302795171737671
0.2082744836807251
-2.156935453414917
-1.3979195356369019
2.033149242401123
-0.6442739963531494
-1.0272057056427002
-0.20073732733726501
1.1867356300354004
0.02740340493619442
-0.5755900740623474
0.46578335762023926
-2.199843168258667
-0.23777389526367188
-0.011558294296264648
-1.1315546035766602
-0.015081457793712616
-0.7791897058486938
-0.2888434827327728
-1.5556135177612305
-0.35773032903671265
0.6217851638793945
1.4198570251464844
-1.2138850688934326
0.7194876670837402
1.8709940910339355
-0.2641669511795044
-0.772540807723999
0.5838287472724915
0.032316356897354126
0.13982892036437988
-1.783327341079712
-0.2772115468978882
-0.6813485026359558
-1.9786754846572876
-1.573781132698059
-0.06726646423339844
0.11414752900600433
-0.6790185570716858
0.44635719060897827
0.6908667683601379
-0.2609598934650421
-0.05791936069726944
0.11571172624826431
-0.5365312099456787
3.5709142684936523
0.5673818588256836
0.4118807911872864
1.6407008171081543
0.09580672532320023
1.4593101739883423
2.696516990661621
0.7182070016860962
2.3699071407318115
2.395779609680176
0.6613287925720215
-0.2552526891231537
2.0898075103759766
1.088952898979187
0.5899722576141357
1.883758544921875
-0.6955167651176453
-0.34385091066360474
2.1459741592407227
1.9724448919296265
1.138572335243225
0.6454508304595947
0.5797234177589417
2.61706805229187
-0.25787246227264404
0.3056350350379944
1.7466912269592285
2.6195154190063477
3.0382490158081055
3.0054194927215576
2.4228427410125732
0.1708526313304901
0.9249605536460876
1.1459503173828125
0.7112720012664795
0.5444318056106567
0.38546472787857056
0.6367809772491455
1.026245355606079
0.1308993697166443
0.17037653923034668
1.5983893871307373
-0.21816834807395935
-0.886924147605896
-0.8126511573791504
-1.3235361576080322
-1.1879321336746216
0.2938830256462097
0.804438591003418
-0.31571638584136963
-0.2844693958759308
0.3720826506614685
0.35280779004096985
0.3872406482696533
0.2033238559961319
2.2933454513549805
0.49110785126686096
-0.43596020340919495
0.6651901006698608
-0.10547211766242981
-0.11456150561571121
0.2097470462322235
1.4888228178024292
-1.2943352460861206
1.5659751892089844
0.5030211806297302
-0.12685245275497437
1.2043561935424805
1.5868196487426758
-0.857231855392456
2.1050567626953125
0.4837106466293335
0.7348858714103699
2.4492645263671875
0.35273006558418274
1.3083510398864746
0.5884194374084473
0.13348054885864258
-0.6692212820053101
3.70045804977417
-0.06519785523414612
1.6924421787261963
-1.3876551389694214
0.5998701453208923
-1.7620329856872559
-1.5399327278137207
-2.13866925239563
0.30702224373817444
-0.2584536671638489
1.4408190250396729
-0.6044762134552002
0.07856392860412598
-0.3239199221134186
0.5845447778701782
-0.46306878328323364
-0.21595293283462524
0.9400376081466675
-1.4112517833709717
1.2682960033416748
-0.277873158454895
2.3415632247924805
0.5197820663452148
0.5918565392494202
1.1801215410232544
0.724997878074646
2.2830796241760254
-0.36713019013404846
-1.0367673635482788
-1.3410260677337646
-0.6850143074989319
-0.8443111181259155
-0.093174509704113
-1.0227241516113281
2.305058479309082
1.8207875490188599
0.20121945440769196
-0.4603545665740967
-0.7240428328514099
-0.8997365832328796
0.8308784365653992
0.45764678716659546
0.8739315867424011
-0.0432007797062397
-0.10240691900253296
-1.4026691913604736
0.06023705005645752
1.0285139083862305
0.017233651131391525
-0.7255194187164307
0.24603188037872314
-0.8887568712234497
0.7325985431671143
0.8353897929191589
-1.0772957801818848
0.23768723011016846
-0.19000987708568573
-1.1440341472625732
-0.5789819359779358
-0.40577226877212524
1.083418369293213
-1.2516173124313354
-0.7066805362701416
-0.26586031913757324
-0.27106553316116333
-0.9180542230606079
0.09663958847522736
-1.4979547262191772
-0.35369157791137695
-1.5020935535430908
-0.11745655536651611
-0.4458809792995453
0.5867069959640503
-1.191442847251892
-1.0307179689407349
0.211822509765625
-0.018328547477722168
-0.7524673342704773
0.9692367315292358
1.3918979167938232
1.6220703125
-0.9010398983955383
-0.9312814474105835
0.7504574060440063
3.251256227493286
1.1984715461730957
4.18521785736084
2.858572483062744
-0.19712139666080475
-0.1760713756084442
0.48306530714035034
2.8918862342834473
2.2167844772338867
2.258286952972412
1.838942289352417
0.2812385857105255
-0.15083108842372894
-0.051157016307115555
-0.24145805835723877
1.2492493391036987
-0.045327842235565186
-0.5140616297721863
-0.2604607939720154
0.2508852481842041
-0.1477358639240265
-2.372450113296509
-1.8726438283920288
-0.759199321269989
-0.9386081695556641
-1.156251072883606
-0.736341118812561
-1.8301293849945068
-2.2943689823150635
-0.8529729247093201
-0.5131078362464905
0.2251342236995697
0.9281675219535828
-0.49956613779067993
0.13321293890476227
-0.7538855075836182
-1.5135940313339233
0.9582905769348145
0.9768000245094299
0.11116534471511841
2.627455234527588
2.0051956176757812
-2.484121799468994
-1.0503005981445312
-0.43953293561935425
-0.7307230234146118
-1.404674768447876
-1.8116202354431152
0.8760254383087158
0.838431715965271
-2.1033406257629395
-1.864626169204712
0.3813736140727997
-1.309179663658142
-0.820356011390686
-0.3818672001361847
1.473713755607605
1.4829612970352173
1.0032449960708618
2.473954916000366
0.6983978748321533
-1.708237648010254
0.3001827895641327
0.8724266886711121
-0.024179643020033836
0.2183632254600525
-0.5404698252677917
-0.3843417763710022
-1.1625791788101196
-1.2755694389343262
-0.5226613283157349
0.2320103794336319
-0.29115191102027893
-0.4177912473678589
-0.7964979410171509
-1.204074501991272
-1.3094143867492676
0.2905678153038025
-0.1714155673980713
-1.755257248878479
-1.2351001501083374
-1.714198112487793
-1.1122106313705444
-0.6383960843086243
-0.20445950329303741
-1.6429131031036377
-1.7837324142456055
-1.0074223279953003
0.8032310009002686
1.1132105588912964
1.136825680732727
-0.07739447057247162
0.8148037791252136
-1.813205599784851
-0.3969168961048126
1.370822548866272
-1.6720812320709229
-2.361332893371582
-1.2179471254348755
-1.3851799964904785
-0.13128243386745453
0.12051095068454742
-0.2858934700489044
0.8127430081367493
-1.6633708477020264
0.24617306888103485
0.1625172644853592
0.9803497791290283
0.4851740598678589
1.6153782606124878
0.8067853450775146
1.739572525024414
-0.3125889003276825
1.8551185131072998
0.7243326306343079
-0.22897936403751373
2.5487136840820312
1.6278735399246216
2.2166860103607178
2.140512704849243
1.5333378314971924
2.3820548057556152
1.6560214757919312
0.5936495065689087
1.712317705154419
1.943178653717041
3.7635340690612793
2.125412940979004
1.201793909072876
0.8794568181037903
-0.08007088303565979
0.1150471642613411
-0.40126776695251465
1.1355829238891602
1.3223108053207397
1.1930265426635742
-0.8347534537315369
-1.2225559949874878
-1.1059852838516235
-1.0826823711395264
-1.2288992404937744
0.36930739879608154
-0.11810650676488876
-0.4810506999492645
-0.47894471883773804
-1.233802080154419
-1.5910435914993286
-1.0486299991607666
-0.648090124130249
-0.8339846134185791
-1.2414551973342896
-0.8788350820541382
-0.8932011127471924
-1.4233752489089966
-0.7057784199714661
-0.7061971426010132
-0.11273173987865448
0.34766799211502075
-1.9836286306381226
-1.517345905303955
-0.14665022492408752
-2.4297127723693848
-2.1451034545898438
-0.7568973302841187
-1.0336898565292358
0.8017726540565491
-0.6624181270599365
-2.0727663040161133
1.234486699104309
-0.13043652474880219
-2.1538870334625244
-0.24572208523750305
-0.8566504120826721
0.0321475975215435
1.3124468326568604
0.35614123940467834
-0.480986088514328
-3.020324230194092
-0.26464787125587463
-1.7816977500915527
-1.854432225227356
0.08386479318141937
0.2886648178100586
0.6562222838401794
-0.6012800335884094
0.2099362164735794
1.7982696294784546
-0.5417752265930176
-0.72034752368927
0.7181057333946228
-0.863418459892273
-1.3266137838363647
-1.1326452493667603
-0.07131548225879669
0.8479437232017517
2.3774030208587646
2.1716468334198
1.629171371459961
1.3151224851608276
1.425819754600525
0.51438307762146
-0.3013632595539093
0.22204624116420746
-0.027951573953032494
-0.1702759712934494
0.39366647601127625
-0.12563949823379517
0.910980761051178
-0.051468536257743835
-0.3168540298938751
-0.35127946734428406
-0.22804957628250122
-0.04447796940803528
-1.0359055995941162
-1.1804231405258179
0.698550820350647
0.3430584967136383
-0.32937806844711304
-0.9169542789459229
-1.8197522163391113
-2.020113468170166
-1.4848774671554565
-1.023803949356079
0.24065996706485748
-0.5776221752166748
-0.563156008720398
-0.8723483681678772
-2.7138612270355225
-3.393887996673584
-1.8906272649765015
-2.2226173877716064
-1.3805540800094604
-0.4467884302139282
-0.3194904029369354
-1.9156001806259155
-0.8978216648101807
-2.6260876655578613
-3.060068368911743
-2.192603588104248
-2.1416890621185303
-0.3757055103778839
0.3937411606311798
-0.07476598769426346
1.0462167263031006
-1.3681881427764893
-1.8585079908370972
-1.8152967691421509
-1.484646201133728
-0.3304648995399475
0.3786053955554962
0.35868290066719055
-0.035838887095451355
0.4986894130706787
-1.085026741027832
-1.6883984804153442
0.7726874947547913
1.7856920957565308
1.7713093757629395
0.9723691344261169
1.6978355646133423
0.8707662224769592
-1.231325387954712
-1.8004069328308105
0.10853074491024017
2.1703665256500244
0.5406081080436707
0.9610589742660522
1.1359268426895142
-0.4836263358592987
-0.6280702948570251
-1.330971360206604
0.17764748632907867
0.4767741560935974
-0.18433384597301483
0.21345177292823792
0.623536229133606
0.505014181137085
0.9310111403465271
1.0728176832199097
0.9526938199996948
2.0089073181152344
1.4859578609466553
0.2608335614204407
-1.1105422973632812
-1.252675175666809
0.3888155221939087
1.2690964937210083
1.2270210981369019
0.1459907442331314
-0.05089476332068443
-0.6440541744232178
0.6917848587036133
-1.4832707643508911
-0.8203728795051575
0.6608234643936157
0.3148587644100189
1.3482683897018433
1.0130146741867065
0.45978403091430664
0.9604729413986206
-1.0399961471557617
-0.5492671728134155
0.07889506220817566
0.00985623337328434
1.4508494138717651
0.1299474835395813
0.7977747917175293
0.8294551372528076
-0.2133331298828125
-0.052227675914764404
0.5883817076683044
0.2518365681171417
0.06915829330682755
-1.3989535570144653
-2.566190004348755
-2.0302541255950928
-0.7019799947738647
-0.0755872055888176
-0.6322091221809387
-1.1109215021133423
-1.1644086837768555
-1.0361504554748535
-2.50940203666687
-1.5453925132751465
-0.9603109955787659
-1.4309684038162231
-1.9077835083007812
-1.4115660190582275
-0.7389678955078125
0.4176800549030304
0.7926183342933655
1.6249200105667114
0.8002294898033142
-0.21368305385112762
-0.310801237821579
-0.5703310966491699
-0.26377394795417786
0.3325223922729492
0.20030060410499573
0.13154448568820953
-0.4404943287372589
-0.5686675906181335
-0.4386690855026245
-0.09785612672567368
-0.43194103240966797
0.316921204328537
-0.8849647045135498
0.28912553191185
-0.655028760433197
0.299625039100647
1.232244610786438
1.4367448091506958
-0.8510290384292603
-0.5552688837051392
0.4419538080692291
-0.29048362374305725
-0.45963677763938904
1.952131748199463
-0.522600531578064
-1.0268791913986206
-1.023630976676941
0.754165768623352
1.432990550994873
0.8612340688705444
-0.31741368770599365
-0.29088544845581055
-2.437899589538574
-1.9871693849563599
-0.03952791541814804
0.7931322455406189
-0.024999968707561493
1.7912452220916748
0.26849988102912903
0.00551111763343215
-0.6818145513534546
-0.2287786900997162
-0.36772459745407104
-0.0350593663752079
0.6895354986190796
1.0485293865203857
0.17837928235530853
0.03787265345454216
-0.10839266330003738
-1.1643154621124268
-2.692903518676758
-1.2292004823684692
-1.2213413715362549
-1.7977116107940674
-0.5797736048698425
-0.35492873191833496
-0.2647897005081177
-1.641066312789917
-2.41317081451416
-1.3826243877410889
-1.0849270820617676
-0.4463213384151459
1.218751072883606
-0.9135338664054871
-1.1779903173446655
-2.344095468521118
-1.5785417556762695
0.02701871283352375
0.5590318441390991
0.9072038531303406
1.1494759321212769
-0.627127468585968
-0.1521889865398407
-0.8958064913749695
-0.8251134753227234
-0.7450355887413025
-1.5504814386367798
-1.6020723581314087
-0.9508834481239319
-1.3361122608184814
-1.1344128847122192
-1.2306439876556396
-0.0005059588584117591
-1.1773054599761963
-3.355987071990967
-1.9323328733444214
-2.3516345024108887
-0.5253279209136963
-0.697292149066925
-1.0502835512161255
0.6552003622055054
0.3396899700164795
-0.9726197719573975
2.0204451084136963
0.3786080777645111
1.0399998426437378
-0.452287495136261
-0.97749263048172
0.8375594019889832
1.5292948484420776
0.8075863718986511
3.6165051460266113
3.2803218364715576
0.8295150399208069
-0.798797070980072
-1.8865172863006592
2.333691358566284
-0.20248159766197205
-0.07235995680093765
1.7797523736953735
2.5486299991607666
-1.7431950569152832
0.003642933676019311
-1.399770736694336
2.2385361194610596
1.2835594415664673
1.0798660516738892
2.3478188514709473
1.7401504516601562
-1.1522984504699707
-1.6593989133834839
2.402269124984741
1.0315792560577393
0.1359853744506836
-0.9227619767189026
0.14842632412910461
0.32298892736434937
0.20458723604679108
-1.8878720998764038
0.9028908014297485
0.08784891664981842
-1.3851758241653442
-0.8903653621673584
-1.0994065999984741
-0.12885090708732605
0.7719869613647461
-0.7623238563537598
-0.25391319394111633
0.8963205218315125
0.6049196720123291
0.0083394106477499
-0.8948278427124023
-0.6151531934738159
-0.4515323340892792
-0.4727264642715454
-0.5679147243499756
-0.5004813075065613
0.7053546905517578
0.7744995355606079
-1.2087048292160034
-0.8446981906890869
-2.1108102798461914
-2.8258891105651855
-3.3230273723602295
0.12091045081615448
-0.09707938134670258
0.15517044067382812
0.013892997987568378
-2.0757384300231934
-3.1955742835998535
-2.44057035446167
-1.040932297706604
0.33358004689216614
-1.2671840190887451
1.4243470430374146
0.9093356728553772
-3.275519847869873
-1.6680599451065063
-0.6399920582771301
0.7881718873977661
0.027952510863542557
0.41438332200050354
2.621946334838867
1.1453521251678467
-1.6466246843338013
-1.535575032234192
-3.275015115737915
-1.0320357084274292
0.18639534711837769
-1.0581302642822266
-0.33898410201072693
-0.44459518790245056
-1.6107871532440186
-1.520060420036316
-2.0085151195526123
-1.6521650552749634
1.2328219413757324
-0.5728865265846252
-0.3894258439540863
-0.7403038144111633
-1.447168231010437
-0.12057822197675705
-1.2380770444869995
1.1380304098129272
2.197969675064087
0.9033229351043701
-0.21280376613140106
-0.31624144315719604
0.0673154965043068
1.475860834121704
-1.1407592296600342
0.4824366569519043
1.084559440612793
-0.782330334186554
-0.7885509729385376
-0.7293927073478699
-1.4548307657241821
1.4742296934127808
-0.5236831307411194
0.1964702010154724
0.6870454549789429
-0.1288115531206131
-2.0196876525878906
-3.1995835304260254
-3.1164212226867676
1.104781985282898
0.5283076167106628
0.32089880108833313
-0.1941606104373932
-2.1346330642700195
-2.0647151470184326
-2.521409749984741
-2.898467540740967
-0.7357959151268005
0.360268771648407
0.5759064555168152
0.6801232099533081
-1.9498484134674072
-0.11776658147573471
-1.0830858945846558
-2.1418111324310303
-1.8901900053024292
-1.9229209423065186
-0.473789781332016
0.1602480560541153
-0.23640939593315125
1.6332268714904785
1.2145113945007324
0.9137688875198364
-1.6213812828063965
-1.8865102529525757
-0.554360568523407
-0.02896186336874962
-0.09081738442182541
0.4050027132034302
1.3521854877471924
0.4569821059703827
-1.071292757987976
-0.4272490441799164
2.393603563308716
1.205824375152588
-0.8269138932228088
-0.6527124643325806
0.16317592561244965
-0.15744447708129883
-0.20586736500263214
0.27691522240638733
1.3043012619018555
0.6126338243484497
-0.5521575212478638
-0.22063156962394714
-0.26411619782447815
-0.43978801369667053
-1.1703048944473267
-0.5182276964187622
0.7331403493881226
0.35635635256767273
-0.041028689593076706
0.8061933517456055
-0.6690146327018738
-0.9377366304397583
-0.02957870438694954
-1.0994523763656616
1.6577613353729248
1.5236711502075195
-0.5460947751998901
0.49719521403312683
-0.3476530909538269
-1.650333285331726
1.1205116510391235
-1.9640165567398071
-0.6730450391769409
0.6961130499839783
-0.25012922286987305
-1.2918267250061035
0.6461585760116577
-1.123603343963623
1.4116606712341309
0.6167303919792175
-0.3830689787864685
-1.1015933752059937
-0.9318745136260986
-0.26932069659233093
0.6825557947158813
-0.8557401895523071
1.4170407056808472
2.6470723152160645
2.0658042430877686
-1.2373733520507812
-1.090619683265686
0.19780540466308594
-1.1649870872497559
-0.8231759071350098
0.22502808272838593
1.0863828659057617
-0.04506564885377884
-2.8455913066864014
-0.8930009603500366
0.398538738489151
-0.03333854302763939
-0.6213145852088928
0.3388175070285797
-0.13340847194194794
0.30179810523986816
-1.9849700927734375
-1.7777645587921143
0.0846128985285759
0.4409473240375519
-0.2648279666900635
0.3620564639568329
0.04974812641739845
0.4545895755290985
-0.11060215532779694
-0.5267810225486755
0.42941391468048096
0.8262016773223877
0.3188920021057129
-0.027624251320958138
-0.8036393523216248
-0.26929086446762085
-0.8909800052642822
-1.447061538696289
-2.044219732284546
-1.5365639925003052
0.10660630464553833
-1.045949101448059
-3.0130627155303955
-1.0471103191375732
-1.583994746208191
-1.8521449565887451
-0.036672502756118774
-0.9182420372962952
0.011775205843150616
2.891852855682373
-0.22000941634178162
-0.4021470546722412
0.6765999794006348
1.0497716665267944
3.2101752758026123
0.5107300877571106
-0.1842694729566574
2.3156325817108154
-0.41728460788726807
0.8720122575759888
1.8606644868850708
-0.18516004085540771
0.033300891518592834
0.01638420671224594
-0.2649003863334656
-0.4918974041938782
-0.35872069001197815
-0.06143796071410179
-0.4105053246021271
-0.7069411873817444
-0.5089977383613586
-0.5260066390037537
-0.4323601722717285
-1.7508602142333984
-1.2881712913513184
-0.3058893084526062
-0.5032904744148254
-1.0439770221710205
0.5428045392036438
-0.284611314535141
1.4291244745254517
-0.17216113209724426
-0.3466363549232483
1.078627586364746
0.6486868262290955
0.2851276397705078
0.3570474088191986
-0.725499153137207
0.21749192476272583
0.4946296215057373
-0.6062127351760864
1.3407570123672485
0.825726330280304
0.3178611099720001
0.10501623153686523
-0.6659014225006104
1.0201054811477661
-0.303644597530365
-0.3380299210548401
-0.8888368606567383
-0.6929608583450317
-0.16564039885997772
0.5140878558158875
0.7349953651428223
-0.5390507578849792
-1.6267653703689575
-2.3683767318725586
-1.0924651622772217
-0.2836896479129791
-2.91438627243042
-2.8103482723236084
-0.6470080018043518
-0.06301002949476242
-0.3608625531196594
0.2512620687484741
-0.02097153477370739
-2.2297303676605225
-1.727388620376587
-1.2584373950958252
-1.0191253423690796
0.3916681110858917
0.1093669980764389
1.0509464740753174
0.01564735360443592
-1.4165279865264893
-0.4744316339492798
0.5682113766670227
0.18779289722442627
0.3997069001197815
-0.9558779001235962
-0.10821712017059326
0.7538433074951172
0.35279667377471924
0.3133307695388794
-0.43500593304634094
-1.0300073623657227
-0.2162248194217682
-0.2597469091415405
0.1587759107351303
1.767760157585144
2.4273974895477295
0.7851715683937073
-0.47887834906578064
-1.12436842918396
-0.06186946853995323
0.8281394243240356
1.5987563133239746
0.5469509363174438
-0.3739169239997864
-0.14030683040618896
-0.608239471912384
-0.2441437989473343
-0.6031507253646851
-0.7601102590560913
1.436755895614624
1.064965009689331
0.08606686443090439
-0.8704681992530823
-1.3429057598114014
-1.622916579246521
-1.1887717247009277
0.053408123552799225
0.27100035548210144
-1.1035668849945068
0.06735733896493912
0.19361744821071625
-1.2937551736831665
-1.4058747291564941
-0.41805803775787354
-0.8027483224868774
0.5625608563423157
-0.31018054485321045
1.0659396648406982
0.9719314575195312
0.8510810732841492
-0.9784068465232849
-0.6409143209457397
-0.9589555859565735
0.2646675407886505
-0.22972719371318817
0.8969653844833374
-0.8588331937789917
-2.0938777923583984
-2.024184226989746
-2.5968639850616455
-1.126465916633606
-0.485536128282547
0.4799593389034271
0.17165623605251312
-1.7433899641036987
-2.2465767860412598
-0.8496345281600952
-0.7922534346580505
-1.0022848844528198
-1.0433462858200073
-0.750997006893158
0.10765447467565536
-1.5510990619659424
-0.6444786190986633
-1.7169710397720337
-0.36387568712234497
-0.8698641061782837
-1.1431946754455566
-1.2039717435836792
-0.7268581986427307
-2.0363521575927734
-0.9949853420257568
-0.21988674998283386
-0.155654639005661
-1.0027440786361694
-1.2280433177947998
-0.9550997018814087
0.756071150302887
0.31440675258636475
-0.1918450891971588
1.1400123834609985
0.9237741827964783
-0.4403097629547119
-1.6340376138687134
-1.4753055572509766
-0.9052426815032959
0.4386831521987915
0.29334351420402527
-0.9360154271125793
-0.7325528860092163
0.07393375784158707
0.568158745765686
0.7862600684165955
1.661308765411377
2.215667486190796
1.0763994455337524
1.4770535230636597
1.8197160959243774
-0.42664065957069397
-0.2030062973499298
0.03659799322485924
0.3955868184566498
0.1565375030040741
0.7420009970664978
0.29651376605033875
0.6902927160263062
-1.489226222038269
-1.7640806436538696
-1.381365180015564
-0.5320119857788086
-1.263808250427246
-1.21636962890625
0.5436919331550598
0.1154976338148117
-1.9308921098709106
-1.6108826398849487
0.27743539214134216
0.6802903413772583
0.4748295247554779
0.2300116866827011
0.21249045431613922
-0.7146204113960266
-0.4324055016040802
0.6336982250213623
1.044534683227539
-0.044902503490448
0.25276297330856323
0.17349626123905182
-0.46871230006217957
-0.2524730861186981
-0.2868666350841522
1.16892671585083
1.2128208875656128
-0.2154337763786316
-0.44016191363334656
-0.648362934589386
-1.338083028793335
-1.0267822742462158
-1.6156854629516602
-1.293184757232666
-0.5875791311264038
-0.8201360106468201
-0.8019964098930359
-0.6528887152671814
-0.5987702012062073
-1.2392644882202148
-1.0958298444747925
-0.8866942524909973
-1.0119401216506958
-1.6331875324249268
-1.6078765392303467
-1.4222705364227295
-1.219330906867981
-1.3266609907150269
-0.6933621168136597
-0.4597403407096863
-0.8481617569923401
0.37147068977355957
0.2763058841228485
-0.25052061676979065
0.0627971962094307
0.18856893479824066
-0.02244710735976696
-0.6150170564651489
-0.12159988284111023
-0.04419451951980591
-2.403959035873413
-1.859520673751831
-1.9108812808990479
-0.22141237556934357
-0.22134961187839508
0.5719146728515625
1.3696447610855103
-1.727563738822937
-3.3237924575805664
-3.3935885429382324
-3.673030376434326
-0.47211378812789917
-1.0165125131607056
0.32312899827957153
0.9293092489242554
-0.9285445809364319
-2.0956687927246094
-1.4684653282165527
-2.508166551589966
-0.2040119171142578
-1.5787622928619385
-1.220300555229187
1.223598837852478
1.0329420566558838
-1.705596923828125
0.6342006921768188
0.4120279848575592
-0.7115467190742493
-1.6894142627716064
0.06595706939697266
1.6596988439559937
1.1834038496017456
0.535090982913971
1.4009267091751099
0.1924969106912613
-0.2336738407611847
-0.15860764682292938
1.3323858976364136
2.281263828277588
-0.7020666599273682
-0.5481315851211548
-1.6065764427185059
-2.1206252574920654
-0.46794164180755615
-0.9073700904846191
0.16765561699867249
1.284006953239441
0.1285029798746109
-0.6556949019432068
-0.9513655304908752
-1.7246702909469604
-0.3597853481769562
0.6690894365310669
0.0489032119512558
0.28262725472450256
0.05602000281214714
0.6061663031578064
1.9379465579986572
-0.26508545875549316
-0.45306023955345154
-0.2924976348876953
-0.8053247928619385
-0.9641954898834229
0.4347926676273346
0.5288927555084229
3.7285513877868652
0.22994928061962128
-1.8942326307296753
-1.4298627376556396
-0.7276560664176941
0.027896588668227196
1.1025807857513428
-0.746860682964325
2.776884078979492
0.5133776068687439
-2.056299924850464
-1.616706371307373
1.6554049253463745
1.5255035161972046
0.9599193334579468
-1.273753046989441
-0.8759735822677612
-0.09057267755270004
-2.3534317016601562
-2.56040620803833
-1.1262203454971313
-0.025739220902323723
0.19640439748764038
-2.24702787399292
-1.2533786296844482
-1.2161945104599
-1.7540435791015625
-1.5060029029846191
-2.4053571224212646
0.5830085277557373
1.571122646331787
-1.2302019596099854
0.2881805896759033
-0.18712195754051208
-0.19877761602401733
-0.1360151320695877
-1.6178410053253174
0.5498359799385071
3.043638229370117
2.4425041675567627
1.7077182531356812
0.6716479659080505
-0.19012030959129333
-0.753435492515564
-1.7422341108322144
0.3954016864299774
2.2263944149017334
1.403997778892517
-0.5073274970054626
-0.9781067371368408
-1.3574495315551758
