-0.08025775104761124
-0.3641235828399658
-0.03574402630329132
0.31327006220817566
-0.24098381400108337
-0.28510117530822754
-0.28608474135398865
-0.3414473235607147
-0.04960080608725548
-0.6828281283378601
-0.04842687025666237
-0.34044012427330017
-1.4428316354751587
-1.4480546712875366
-0.8833735585212708
-1.0016146898269653
-0.6602628827095032
-0.3502121567726135
-0.5877645015716553
-0.4580705761909485
-0.9661280512809753
-0.6002680063247681
-0.6177077889442444
-0.586074948310852
-1.237526774406433
-0.1218104436993599
-0.848939061164856
-0.8095802664756775
-0.9153298735618591
-0.3515237271785736
0.0017025582492351532
0.0066155195236206055
-0.9909785985946655
-1.239922046661377
-0.9365003108978271
-0.8649353981018066
-0.6713088154792786
0.2245461642742157
-0.4191351532936096
-0.2701535224914551
0.014321449212729931
-0.6696434617042542
-0.28615039587020874
-0.8893616199493408
-0.6452065706253052
0.23321323096752167
-1.010452151298523
-0.6551427841186523
0.27983948588371277
0.28083083033561707
0.3918018639087677
-0.6244773864746094
-1.1498379707336426
-1.3418688774108887
-2.0288877487182617
-1.428598403930664
0.12028257548809052
-0.6048088669776917
-0.8651754260063171
-0.9102015495300293
-0.5182690620422363
-0.22574500739574432
-0.25156906247138977
-0.4757550358772278
0.22004377841949463
0.5019468665122986
0.2824575901031494
-0.09187065064907074
-0.35556474328041077
0.44141316413879395
1.3989650011062622
1.1129534244537354
-0.5111744403839111
-0.37382614612579346
-0.6417856216430664
-1.7235146760940552
-0.8399083614349365
-0.05732223019003868
0.23197925090789795
-0.2555842101573944
0.08364812284708023
-0.45962509512901306
-0.9224076271057129
-0.5799806118011475
0.24889858067035675
-1.0581657886505127
-1.214111089706421
-1.1077731847763062
0.5127584338188171
-0.4380204379558563
-0.5058801174163818
-0.08873418718576431
-0.12048571556806564
-1.2149118185043335
-0.6274424195289612
-0.2298857867717743
0.28912538290023804
0.5345253944396973
0.5593875646591187
0.8313243389129639
0.16080224514007568
-0.3060383200645447
0.2954196333885193
0.6956915259361267
0.7488614320755005
0.9181554913520813
0.43921542167663574
0.7045710682868958
0.9704526662826538
0.16555245220661163
0.9721464514732361
0.5032886862754822
0.3723500669002533
0.20917971432209015
0.4011495113372803
1.2681010961532593
1.4072914123535156
0.6554214954376221
1.1491267681121826
1.050204873085022
-0.32638582587242126
-0.5767799615859985
0.2599503993988037
0.8583185076713562
0.35821038484573364
-0.02449221722781658
-0.15163154900074005
-0.12385796010494232
-0.6530136466026306
-1.1456583738327026
-0.8735793828964233
-0.5243124961853027
-0.6180009841918945
-0.1561482697725296
-0.8726851344108582
-0.6839378476142883
-1.3492735624313354
-1.7405822277069092
-0.9299156665802002
0.02804172784090042
0.32383406162261963
0.4082791805267334
-0.4765106439590454
-0.6116154789924622
-0.3595183193683624
-0.8494275808334351
-0.5052591562271118
-0.952039361000061
-0.4674121141433716
-0.1580587476491928
-0.14048698544502258
-0.33067023754119873
-0.7332411408424377
-1.1234934329986572
-0.40671390295028687
-1.234913945198059
-1.0073587894439697
-1.1325627565383911
-1.5100115537643433
-0.5355462431907654
-0.9753128290176392
-1.3856918811798096
-0.7792064547538757
-1.181677222251892
-0.4383992850780487
-1.20549738407135
-1.279421329498291
-0.28326430916786194
-0.46070581674575806
-0.42973998188972473
0.5922644138336182
0.558151125907898
0.4681488871574402
-0.5197007656097412
-1.4318455457687378
-0.5908176302909851
-0.05782260000705719
-0.9434815049171448
-0.49463000893592834
0.17604167759418488
-0.11833503097295761
-1.1770906448364258
-1.3943111896514893
-0.6019796133041382
-0.2724591791629791
-0.45836684107780457
-0.7051467299461365
-0.30170875787734985
0.08826519548892975
-0.41672074794769287
-0.7351424098014832
-0.7076587677001953
0.3781917095184326
0.15055571496486664
-0.8523651957511902
-0.6594328880310059
-0.4822951853275299
0.7286520600318909
1.7948081493377686
0.9860124588012695
-0.29113417863845825
-0.4766073524951935
-1.1928775310516357
-1.6214814186096191
-0.42442044615745544
-0.3210829496383667
-0.36365947127342224
-0.2173558622598648
-0.706453263759613
-0.9440852999687195
-0.5435544848442078
-1.642643690109253
-0.7997789978981018
0.08437290042638779
-0.31111666560173035
-1.035284161567688
0.06667760014533997
-1.3781324625015259
-0.6411085724830627
-0.9148105382919312
-1.3629916906356812
-1.0112773180007935
-0.5140017867088318
-0.9405872225761414
0.014792868867516518
-1.246543288230896
-0.9486743807792664
-1.1497046947479248
-0.9058515429496765
-0.7600396871566772
-0.950951874256134
-0.2849791646003723
0.1827813982963562
-0.6216591000556946
-0.9881317615509033
-0.7015717625617981
-0.8871873021125793
-0.7244095802307129
-1.3238706588745117
-0.4620046317577362
-0.7619951963424683
-1.2807843685150146
-1.6268035173416138
-1.2218185663223267
-1.4971749782562256
-0.9753272533416748
-0.6323500275611877
-0.12329848855733871
-0.352491557598114
-0.5469881892204285
-0.8208082318305969
-0.7352635264396667
-0.4185835123062134
-0.05302873253822327
0.32401731610298157
0.5867288708686829
0.1519618183374405
-0.17914578318595886
-1.1230725049972534
-1.362467646598816
-0.9847556352615356
-0.898669421672821
-1.6822524070739746
-0.09763690829277039
-1.3473583459854126
-1.8992853164672852
-1.3223048448562622
-2.341855525970459
-1.6511389017105103
-0.5798832178115845
-1.5659230947494507
-0.8442120552062988
-1.2110991477966309
-1.5832642316818237
0.0765542984008789
-0.6982278823852539
-1.2197065353393555
-0.9513099193572998
-1.650541067123413
-1.390276551246643
0.07798445969820023
-1.0473599433898926
-0.2493143081665039
-0.2669854760169983
-0.12546323239803314
-0.9215647578239441
-1.2681132555007935
-0.5775933265686035
-1.083088755607605
-2.3417041301727295
-2.2227623462677
-1.483335256576538
-0.47585052251815796
-1.1350175142288208
-1.3131861686706543
-0.28860658407211304
-1.1024044752120972
-1.1348668336868286
-1.6019654273986816
-1.3686506748199463
-0.4469165503978729
-0.6224083304405212
-1.5086086988449097
-0.632366955280304
-0.7478333711624146
-0.7982403039932251
-1.3843919038772583
-1.1136579513549805
0.08958214521408081
0.3833428621292114
0.18308019638061523
0.02343893051147461
-0.45820584893226624
-0.8095526099205017
-1.2755683660507202
-0.649308979511261
0.08131223917007446
0.11483745276927948
-0.6305671334266663
-0.6721693873405457
-0.5396769046783447
-0.22959992289543152
0.31234171986579895
-0.1276244819164276
-0.13702347874641418
0.4596294164657593
-0.4211447238922119
-1.2915222644805908
-0.9650053381919861
-0.8607314229011536
-0.3917243480682373
-0.8902317881584167
-1.11944580078125
0.07325947284698486
-0.9040478467941284
-2.0594353675842285
-0.6983448266983032
-1.7193292379379272
-1.0064398050308228
-1.1152483224868774
-0.057974860072135925
0.7651575207710266
0.44504573941230774
-0.9990646243095398
-0.5709810256958008
-2.2184977531433105
-1.1157053709030151
-0.15233854949474335
-0.09696036577224731
0.18848371505737305
0.7071371078491211
-0.13071197271347046
-1.1341311931610107
-1.6115134954452515
0.06475112587213516
1.0863653421401978
0.3413570821285248
0.054480329155921936
0.43634098768234253
-0.3665308356285095
-1.002517819404602
-1.3568710088729858
0.039186492562294006
-0.7275028228759766
-0.8558773398399353
-0.9991135001182556
-1.2155998945236206
-1.1918634176254272
-1.650996208190918
-1.8475613594055176
-1.0336371660232544
-1.6888962984085083
-1.4568054676055908
-1.1653051376342773
-1.7642171382904053
-1.4469553232192993
-0.8522620797157288
-1.3315588235855103
-1.130674123764038
-1.079667091369629
-0.1397862583398819
1.1387979984283447
0.35396015644073486
-0.4048442244529724
0.9452667832374573
1.536882758140564
1.388287901878357
0.0766560509800911
-0.13210709393024445
0.4753980338573456
1.1855753660202026
0.7387670278549194
0.4076210856437683
0.6015539765357971
1.1203583478927612
0.15177799761295319
-0.31078505516052246
0.35726290941238403
1.288586139678955
0.5289158821105957
0.012294682674109936
-0.2513977289199829
0.3993825614452362
-0.07128898054361343
-0.16955727338790894
-0.26089316606521606
0.03962327167391777
0.0650971382856369
0.26557639241218567
-0.115634024143219
-0.07432182133197784
0.1534062623977661
0.13823062181472778
0.05567120015621185
-0.0367891751229763
-0.2690487802028656
0.09621892124414444
0.549232542514801
-0.14600440859794617
0.3266598582267761
0.30965355038642883
0.5108515024185181
0.7236504554748535
0.16988492012023926
0.10091721266508102
0.6599980592727661
-0.2967809736728668
-0.23461459577083588
0.14477072656154633
-0.3312363624572754
1.0157297849655151
0.6057686805725098
-0.09413360804319382
0.24611979722976685
-0.5077054500579834
-0.1231941506266594
-0.07867363840341568
-0.3556976616382599
0.3964083790779114
0.9355702996253967
0.02539294958114624
0.3394540846347809
0.2723391652107239
0.5203614234924316
0.7662255167961121
0.8174297213554382
0.818692684173584
1.3531303405761719
-0.10923327505588531
-0.5598531365394592
-0.4468868374824524
-0.553223192691803
-0.11686138808727264
-1.0561989545822144
-1.2865766286849976
-0.145982563495636
-0.7461795806884766
-1.010561466217041
-0.9776328206062317
-1.4255647659301758
-0.8739749789237976
-1.5130923986434937
-2.304694414138794
-0.5355792045593262
0.6244904398918152
-0.16379015147686005
-0.1330103874206543
-0.7405610680580139
-1.2260782718658447
-1.8793550729751587
-2.74215030670166
-1.1241875886917114
0.3372586667537689
-0.6549182534217834
0.4878067076206207
-0.409789115190506
-0.8317508101463318
-1.7973504066467285
-2.3314123153686523
-1.1981037855148315
-0.9803541898727417
-0.30233234167099
0.4789625108242035
0.0687427818775177
-0.6487085819244385
-1.6366890668869019
-1.2625187635421753
-0.3468429744243622
-0.4072861969470978
-0.4543576240539551
-0.4835984408855438
-0.6098040342330933
-0.6924664974212646
-0.7218011021614075
-0.6701143980026245
-0.09729622304439545
-0.20866060256958008
-0.4245753288269043
-0.8725966215133667
-1.4624133110046387
-1.0306141376495361
-0.14163857698440552
-0.06364770233631134
-0.36143356561660767
-0.597119152545929
-0.14568600058555603
-0.47279608249664307
-0.9199873805046082
-0.030306313186883926
0.40079349279403687
-0.21369247138500214
-0.27312830090522766
-1.419521450996399
-1.2172516584396362
-0.28984034061431885
-0.3186625838279724
-0.28199443221092224
0.590061366558075
-1.1519988775253296
-1.289511799812317
-1.4100148677825928
-1.1160024404525757
-0.9217292070388794
-0.5430980324745178
-0.7073131203651428
-0.5340247750282288
-1.169938325881958
-1.805092453956604
-0.8377360701560974
-0.4035167098045349
-0.43500053882598877
0.0017091557383537292
-0.10159578919410706
-0.980431854724884
-0.9389748573303223
-0.47777625918388367
-1.0348536968231201
-1.4399244785308838
-0.9977112412452698
-0.1532820761203766
-0.5615699291229248
-1.5179795026779175
-1.1917712688446045
-1.2250301837921143
-2.6798813343048096
-3.182966470718384
-1.124699592590332
-1.210106372833252
-1.8114510774612427
-1.236655354499817
-0.4853159189224243
-1.1407755613327026
-2.028893232345581
-2.656682014465332
-0.6466691493988037
-1.377526044845581
-2.351231336593628
-1.8429204225540161
-0.8928833603858948
-0.8500298857688904
-1.7573566436767578
-2.588479518890381
-1.2185543775558472
-2.206695795059204
-2.3765616416931152
-0.7226806282997131
-0.10313554108142853
-0.6707725524902344
-1.1362850666046143
-1.557414174079895
-0.7033159732818604
-0.5188054442405701
-0.5727540254592896
0.4005827307701111
0.1201697438955307
-0.3039645850658417
0.11456826329231262
-0.08657881617546082
-0.19753259420394897
0.29780223965644836
-0.2540913224220276
-0.7564629316329956
-0.561417818069458
-0.7057340741157532
0.11544837057590485
0.3982878029346466
-0.6001232862472534
-0.4809456169605255
-0.5172197818756104
-0.8341684341430664
-1.1266508102416992
-1.166036605834961
-0.5232540965080261
0.19943132996559143
-1.0714044570922852
-1.2842661142349243
-0.442945659160614
0.5748999118804932
-0.20268091559410095
-0.6853463053703308
-0.8281486630439758
-1.9070003032684326
-0.7554870843887329
-0.49982690811157227
-0.03396245837211609
-0.22897271811962128
-0.03349946066737175
-0.7840995192527771
-1.244150996208191
-1.5392897129058838
-0.19558538496494293
0.29210391640663147
-0.6667893528938293
-1.17061448097229
-0.7601357698440552
-0.24338795244693756
-0.30760446190834045
-1.1034471988677979
-1.387020468711853
0.02865740656852722
-0.21281467378139496
-0.6858320832252502
-1.042245864868164
-0.6786368489265442
-0.23281562328338623
-1.4298946857452393
-1.4788296222686768
-0.5369839668273926
-0.04861859977245331
-0.9253133535385132
-1.511479377746582
-0.7365145087242126
-0.6737588047981262
-1.3432607650756836
-0.9735056161880493
-0.94203782081604
-0.7239610552787781
-1.005250334739685
-1.45591139793396
-0.8366760015487671
-0.616897463798523
-0.3344061076641083
-0.23161441087722778
-0.4121764600276947
-0.6504151225090027
-1.0628520250320435
-0.7044328451156616
-0.2006382942199707
-0.7022576332092285
-0.9351464509963989
-1.1420921087265015
-0.44622018933296204
-1.2543381452560425
-1.8689342737197876
-1.7760207653045654
-1.6348098516464233
-0.37128520011901855
-1.0275453329086304
-0.9555965065956116
-0.3630255460739136
-0.988257110118866
-1.094674825668335
-0.3021758198738098
-0.3339661955833435
0.2149054855108261
-0.22714495658874512
-1.0612035989761353
-0.5386212468147278
-0.18294060230255127
-0.02500148117542267
0.748386800289154
0.7582544088363647
-0.36143380403518677
0.04257926344871521
-1.127605676651001
-0.8067634701728821
-0.41409966349601746
-0.7343180775642395
-0.35911375284194946
0.07060744613409042
-0.8233425617218018
-0.23195458948612213
-0.29082393646240234
-0.3489736020565033
-0.8389310240745544
-1.1224839687347412
-0.9816831350326538
-1.0052011013031006
-0.32919713854789734
-0.6717609763145447
-1.0523003339767456
-0.6450796723365784
-1.1319910287857056
-1.0304408073425293
-0.7968346476554871
-0.5200574398040771
-0.4201703369617462
-0.47641322016716003
-0.6197701692581177
-0.24088670313358307
-0.6861864328384399
-0.5844109654426575
-0.49177929759025574
-0.25459152460098267
-0.7271183729171753
-0.778003454208374
-1.1814862489700317
-1.2103707790374756
-1.0515748262405396
-0.9330087900161743
-0.024551525712013245
-0.7363309264183044
-0.9209114909172058
-0.8155544400215149
-0.6353693604469299
-1.0672980546951294
-1.0617127418518066
-1.246975064277649
-0.46876564621925354
0.2834171652793884
-0.8115946054458618
-0.2661953866481781
0.5399369597434998
0.42638078331947327
-0.41496753692626953
-1.314569115638733
-1.7379740476608276
-0.9481752514839172
-0.7305507063865662
-0.6930288672447205
-0.23281332850456238
-0.008498020470142365
-0.09804186224937439
-0.6863527297973633
-0.7800437808036804
-0.3860715329647064
-1.0041664838790894
-1.5180437564849854
-0.9052925705909729
-0.30543485283851624
-0.012578554451465607
-0.7702944874763489
-1.0785037279129028
0.07376643270254135
-0.8231915831565857
-1.6049028635025024
-0.4815685749053955
-0.03248700499534607
0.5844640731811523
0.22561442852020264
-0.5892907381057739
-0.3914289176464081
-0.6929561495780945
-1.2257850170135498
-0.13207349181175232
0.401368647813797
0.5087128281593323
0.5068623423576355
-0.5023398995399475
-0.5987110733985901
-0.7338801622390747
-0.767619788646698
-0.4170333445072174
-0.7291482090950012
-0.4920620322227478
-0.6753187775611877
-0.7599623799324036
-0.5093553066253662
-0.15795008838176727
-0.4538382887840271
-0.8055930137634277
-1.874442219734192
-1.7349371910095215
-1.123887538909912
-1.2712525129318237
-1.0765299797058105
-0.9336891174316406
-1.2639927864074707
-0.5515612959861755
-0.9181978702545166
-1.7207173109054565
-2.0388565063476562
-2.180219888687134
-1.8492610454559326
0.38440263271331787
-0.05133063718676567
-0.2716052234172821
-0.395749032497406
-0.486134797334671
-1.6671208143234253
-0.8465735912322998
-1.3935930728912354
-0.5267709493637085
-0.4612749218940735
-0.7085492014884949
-0.03264307230710983
-0.08314255625009537
-1.0907047986984253
-1.2706232070922852
-1.4092668294906616
-1.3004553318023682
-1.310753583908081
-0.4757835566997528
-0.25936025381088257
-0.07960796356201172
-0.8789856433868408
-1.1520873308181763
-0.8759149312973022
-1.0127758979797363
-0.7759977579116821
-0.5364437699317932
-0.9027052521705627
-0.06946674734354019
-0.40310320258140564
-0.656741738319397
-0.3967687487602234
-0.9447411894798279
-1.413339376449585
-1.3655911684036255
-1.0557622909545898
-0.2790220081806183
0.17384815216064453
0.13448412716388702
-0.08048106729984283
-0.8454005718231201
-1.4244165420532227
-0.8207730650901794
-0.4803059995174408
-0.2064765989780426
-0.22613298892974854
-0.7503414750099182
-0.5637081861495972
0.020067915320396423
-0.2597726285457611
-0.38813599944114685
-0.2818923890590668
-0.07835608720779419
-0.9538538455963135
-0.2529889941215515
-0.09174799919128418
-0.2951591908931732
0.18664878606796265
-0.717027485370636
-0.6314228773117065
-0.13299299776554108
-1.1385767459869385
-1.666129469871521
-1.5618300437927246
-0.5361374020576477
0.1754867136478424
-0.4887188971042633
-0.5009317994117737
-0.0726257860660553
-0.4299156963825226
-2.197230815887451
-2.2339868545532227
-0.8066881895065308
-0.04296351224184036
0.5445533394813538
0.6128798127174377
0.564423680305481
0.35871994495391846
-0.16888530552387238
-0.9457957148551941
-0.5000069737434387
-0.14082370698451996
0.1547759473323822
0.0011232569813728333
-0.010563373565673828
-0.32856422662734985
-0.2553538680076599
-0.2014264017343521
-0.41610342264175415
1.0933650732040405
0.42286425828933716
-0.7631719708442688
-0.5924352407455444
-0.37270861864089966
0.09468144178390503
-0.190998375415802
-0.6823101043701172
0.6543493866920471
0.2443581223487854
-0.18154829740524292
-0.004460334777832031
0.3474809229373932
-0.12392184138298035
-0.7060397863388062
-0.8717045187950134
0.3643903136253357
0.228898286819458
-0.31009218096733093
-0.2843340039253235
-0.12697464227676392
-0.16869065165519714
-0.23123452067375183
-0.29501864314079285
-1.1134982109069824
-0.4442235827445984
-0.08793935924768448
-1.429700255393982
-1.1951286792755127
-0.4017100930213928
-0.03915836662054062
-1.0732427835464478
-1.3296396732330322
-1.0784506797790527
-1.0994477272033691
-0.5662964582443237
0.18301960825920105
0.41304463148117065
0.8150445818901062
-1.4241241216659546
-0.6368206739425659
-0.22527122497558594
-0.8918243646621704
-0.5908526182174683
0.17984850704669952
-0.2537846565246582
-0.0031882748007774353
-0.6514243483543396
-0.33925777673721313
-0.034052375704050064
-0.5433765053749084
-1.3435313701629639
-0.6272681355476379
-0.45562276244163513
-0.4296867251396179
0.05922679603099823
-0.46164730191230774
-0.5376099348068237
-0.949813187122345
-1.1273396015167236
-0.5125609040260315
-0.17355838418006897
-0.28334882855415344
-0.08864838629961014
-0.9133033156394958
-1.4196829795837402
-1.366532325744629
-0.7809510827064514
0.032289765775203705
-0.15830498933792114
-0.4577730894088745
-0.19238601624965668
-0.13195183873176575
-1.0293750762939453
-0.4845402240753174
-0.12471287697553635
0.1497618854045868
0.1333748996257782
-0.24259942770004272
-0.39616918563842773
-0.6680328845977783
-1.3092378377914429
-1.1033015251159668
-0.7721700668334961
-0.533899188041687
-0.9128332138061523
-0.954045832157135
-0.4440014064311981
0.014913886785507202
0.2684841454029083
0.10496897995471954
-0.10268127173185349
0.7229839563369751
-0.07315850257873535
-0.49594932794570923
-1.1542599201202393
-1.1419144868850708
-0.06897240877151489
0.07554895430803299
-0.17853304743766785
0.14894205331802368
-0.331653892993927
-0.8484323024749756
-1.022824764251709
-1.0502488613128662
-0.09239976108074188
0.4507986605167389
0.2712481617927551
0.011661127209663391
-0.11884501576423645
-0.4507376551628113
-0.7776706218719482
-0.8433828949928284
-0.7247880697250366
0.2782227694988251
-0.1594316065311432
0.4312916696071625
0.29938727617263794
-0.8005674481391907
-0.6655677556991577
-0.4697553515434265
-0.5052496790885925
-0.39094018936157227
-0.43786197900772095
0.21785439550876617
-0.13577930629253387
-1.0713340044021606
-0.6942087411880493
-0.8724972605705261
-0.2916616201400757
-0.45467469096183777
-1.0922142267227173
-1.054986596107483
-0.8513963222503662
-0.8897387981414795
-0.7977848052978516
-1.716059923171997
-1.2927062511444092
-1.1003268957138062
-1.3319878578186035
-0.9969927668571472
-0.36813491582870483
-0.4224490821361542
-0.05751431733369827
-0.5805633664131165
-0.9905321598052979
-0.7676052451133728
-0.4634561538696289
-0.4476935565471649
-0.8395025730133057
-0.8950891494750977
-0.6728651523590088
-0.8491189479827881
-0.9290108680725098
-0.7473145127296448
-1.0348833799362183
-1.3726896047592163
-1.2110759019851685
-0.8207609057426453
-0.9381217360496521
-1.1856337785720825
-0.5618394613265991
-0.41077518463134766
-0.7951884865760803
-1.7230316400527954
-1.5007585287094116
-0.5972571969032288
0.2574884295463562
-0.22885777056217194
0.2574443817138672
-0.015091098845005035
0.05237270146608353
-0.5117525458335876
-0.05625075101852417
-0.28819310665130615
-0.3559795022010803
-0.10691307485103607
-0.3327634930610657
-0.45072856545448303
-0.6608325242996216
-0.4114311635494232
-0.7163206338882446
-0.5517413020133972
-1.0804269313812256
-0.43041518330574036
-0.8230147957801819
-1.1387064456939697
-0.7443261742591858
-0.47875863313674927
-0.6844065189361572
-0.5693652629852295
-1.3144776821136475
-1.008317232131958
-0.8327038884162903
-1.0979571342468262
-0.5681561827659607
0.00013321265578269958
0.13030199706554413
-0.2470853626728058
-1.378788948059082
-0.6535080075263977
-0.11996148526668549
-1.1546519994735718
-1.3249090909957886
-1.2766609191894531
-0.932318389415741
-0.34642770886421204
-0.45259466767311096
0.09772412478923798
-0.3439922034740448
-1.0316554307937622
-1.3485366106033325
-1.234798550605774
-1.257051944732666
-0.5888763070106506
-0.17081056535243988
0.21087658405303955
-0.19110506772994995
-0.7380911707878113
-0.39185819029808044
0.10629307478666306
0.07240336388349533
-0.7060251832008362
-0.4518381953239441
-0.18871282041072845
-0.7806523442268372
-1.7776249647140503
-0.7952356934547424
-0.3048208951950073
-0.19639915227890015
-0.9436264634132385
-0.476217657327652
-0.30913588404655457
-0.185348778963089
-0.45767539739608765
0.6948683857917786
-0.6327584981918335
0.5021077394485474
0.28299248218536377
-0.7754334807395935
0.08294417709112167
0.27110061049461365
-0.2907058894634247
0.6050817966461182
0.179964080452919
0.23577113449573517
0.16393832862377167
-0.08637738972902298
-0.012705333530902863
0.11932477355003357
-1.5967013835906982
-0.9475926756858826
-0.7540706396102905
-0.7885395288467407
-0.5423065423965454
-0.5903215408325195
-1.3801867961883545
-1.0023977756500244
-1.4043575525283813
-1.5864609479904175
-1.326994776725769
-1.365540862083435
-0.48206010460853577
-0.6482962369918823
-1.0586615800857544
-1.0481197834014893
-0.8879583477973938
-0.45547905564308167
-0.6139702796936035
-0.8044129014015198
-0.3759167790412903
-0.2051750272512436
-0.2575233280658722
-0.6744922399520874
-0.18801729381084442
-0.06800563633441925
0.14541448652744293
0.541071355342865
0.06607413291931152
-0.17303593456745148
-0.8103529810905457
-1.4138543605804443
-1.387296199798584
-0.9839324951171875
-1.2956568002700806
-0.7097196578979492
0.0762782022356987
-0.2752453684806824
-0.6931777000427246
-1.04143226146698
-1.5568792819976807
-1.6047797203063965
-1.2138831615447998
-1.2806544303894043
-0.8468818068504333
0.018862450495362282
-0.7891867160797119
-0.723677933216095
-0.45692020654678345
-0.6876870393753052
0.009916434995830059
0.7346453666687012
-0.008869186043739319
-0.32745078206062317
-1.1824496984481812
-0.4735189378261566
-1.2213386297225952
-1.2442878484725952
-0.5708195567131042
0.15288564562797546
0.2446117401123047
-0.28012076020240784
0.04833248257637024
-0.15872915089130402
-1.388933777809143
-1.5226529836654663
-0.5513648986816406
0.09540648758411407
0.09164850413799286
-0.5944411754608154
0.035247839987277985
-0.5400859117507935
-1.8542667627334595
-1.53721284866333
-0.9463251233100891
0.007965152151882648
0.15587852895259857
-1.0405205488204956
-1.5185258388519287
-1.2793604135513306
-1.598564624786377
-1.073939323425293
-0.8056238889694214
-0.32887598872184753
0.5022916793823242
-0.2273673415184021
-1.1539576053619385
-1.2500436305999756
-0.6063193678855896
-0.08621629327535629
-0.12769244611263275
-0.1648755818605423
0.27572736144065857
-0.7350068688392639
-0.7113869786262512
-0.31694817543029785
-0.5589987635612488
-0.6686723232269287
-0.6177543997764587
-0.22255851328372955
0.04163878411054611
-0.5729256272315979
-1.0737992525100708
-0.5712318420410156
-0.4510163366794586
-0.9618304967880249
-1.563823938369751
-1.6038917303085327
-1.321549892425537
-0.4150024950504303
-0.9286717176437378
-1.2078853845596313
-0.7521570920944214
-1.2290468215942383
-0.9997323155403137
-2.0779056549072266
-1.3446094989776611
-0.5545340180397034
-0.703138530254364
-1.038175106048584
-1.283133864402771
-1.6187853813171387
-0.8218910694122314
-0.3896135687828064
-0.29213598370552063
-0.6501635313034058
-0.24692362546920776
0.38715800642967224
-0.5489292740821838
-0.651341438293457
-0.19317378103733063
-0.17211315035820007
-0.2153169810771942
-0.5162051320075989
-0.2158821076154709
-0.30193546414375305
-1.571568250656128
-1.535198450088501
-0.769879162311554
-0.7133899331092834
-0.8542929291725159
-0.9796317219734192
-1.0722832679748535
-0.5815420746803284
-0.8551340103149414
-0.567701518535614
-0.40760737657546997
-0.44256001710891724
-0.8277528882026672
-0.749287486076355
-1.0633747577667236
-0.5328712463378906
-0.9160273671150208
-0.450867623090744
-0.5787097811698914
-0.7126365303993225
-1.1598803997039795
-0.5916572213172913
-0.38358137011528015
-0.298810213804245
0.49775323271751404
-0.19528700411319733
-0.8634412288665771
-0.5354328155517578
0.10469859093427658
-0.24653680622577667
-0.43880125880241394
0.08204096555709839
0.7105839252471924
0.13332848250865936
-0.6763666272163391
-1.0142451524734497
-0.9048681259155273
-0.6515113711357117
-1.2300854921340942
-0.7902294993400574
-0.08897875249385834
-0.5154003500938416
-0.8290764689445496
-1.2798466682434082
-1.4754451513290405
-1.2611302137374878
-1.4352965354919434
-1.0717546939849854
-0.6753159165382385
-0.9967229962348938
-1.3826730251312256
-1.675695776939392
-1.3696671724319458
-1.4921985864639282
-0.7485598921775818
-0.481147438287735
-1.0828052759170532
-0.9221192002296448
-0.9945948123931885
-1.5639387369155884
-1.538963794708252
-1.5342146158218384
-0.5194185972213745
-1.413521647453308
-1.6836204528808594
-1.1341900825500488
-0.9909035563468933
-1.145567774772644
-0.95876145362854
-0.5617667436599731
-0.5788490176200867
-0.6028189063072205
-1.7513315677642822
-1.0814642906188965
-0.7876655459403992
-0.5906729102134705
-0.28753453493118286
-0.45344680547714233
-0.7826586961746216
-0.534074068069458
-0.32497894763946533
-0.05947933718562126
-0.15540383756160736
-0.39833709597587585
-0.3661976158618927
-0.5622337460517883
-1.2560964822769165
-1.0102672576904297
-0.5287302732467651
0.08846896886825562
0.7071426510810852
0.4873315393924713
-0.527086615562439
0.025145776569843292
-1.121834397315979
-1.2713127136230469
-0.16459423303604126
0.3685922622680664
-0.1465170532464981
-0.32428666949272156
-0.6989790201187134
-0.2908795177936554
-1.3899304866790771
-0.767382800579071
-0.5951846837997437
-0.23256076872348785
-0.5321508049964905
-0.6236500144004822
-0.25414541363716125
-0.2801884710788727
-0.5000686645507812
-0.5240938663482666
-0.9102010726928711
-1.124796748161316
-0.1653846651315689
-0.6632629036903381
-0.46595388650894165
-0.39607441425323486
-0.2564825117588043
-0.4449966251850128
-0.4120720326900482
0.029817238450050354
-0.20668645203113556
-1.2643214464187622
-0.7235292196273804
-0.6329563856124878
-1.3707239627838135
-0.6070794463157654
-0.001534096896648407
0.8042477369308472
0.15705974400043488
-0.7748728394508362
-0.7502614259719849
-0.5286276340484619
-0.7730820178985596
0.08597636222839355
-0.24385754764080048
-0.5282748937606812
-1.3094121217727661
-1.7291516065597534
-1.1982080936431885
0.008783227764070034
0.04287194088101387
0.005060233175754547
-1.0184627771377563
-1.2974958419799805
-1.2318981885910034
-0.9085312485694885
-0.7600486278533936
-0.16007837653160095
-0.413765013217926
-0.4594991207122803
0.2723832130432129
0.5688337683677673
-0.3974113464355469
-0.1077965572476387
0.25194570422172546
-0.9296160340309143
-0.6139194965362549
-1.094646692276001
-0.6231174468994141
-0.5276162028312683
-0.15501277148723602
-0.5544002056121826
0.7061877846717834
-0.2841176688671112
-0.11676338315010071
-0.7032924890518188
-0.8124967813491821
-0.2329723834991455
0.2727941572666168
-0.3367495834827423
0.3317001461982727
0.09221166372299194
-0.764762282371521
-0.16322928667068481
-0.5983271598815918
-0.8271681666374207
-0.9255543947219849
-0.45275163650512695
-0.19317074120044708
-0.5714564919471741
-1.2242566347122192
-1.4619839191436768
-1.7111711502075195
-1.53659188747406
-1.5554414987564087
-0.6226282119750977
0.0836259052157402
-0.5238543152809143
-0.039807338267564774
-1.0468368530273438
-0.7116139531135559
-1.228245496749878
-1.2003971338272095
-0.643736720085144
0.20598086714744568
-0.4168921411037445
-0.04534092918038368
-0.09498798102140427
-0.3718104064464569
-0.8515430092811584
-0.5728991031646729
0.17643222212791443
0.9120209217071533
-0.3758048415184021
-0.29992905259132385
-0.04854905605316162
-0.14518436789512634
-0.38000816106796265
-0.28209468722343445
-0.26660969853401184
0.24117720127105713
0.44139668345451355
0.32590317726135254
0.1465030014514923
-0.26123031973838806
-0.3344773054122925
-0.17362096905708313
0.24279724061489105
0.26925691962242126
-0.17373645305633545
-0.33522504568099976
-0.6395153999328613
-0.7721297740936279
0.2675061821937561
-0.06610842049121857
0.33724892139434814
0.5939082503318787
-0.30207958817481995
0.068846695125103
-0.2922625243663788
-0.2031029611825943
0.16298158466815948
-0.5536271929740906
-0.48358502984046936
-0.141359344124794
-0.4509213864803314
0.19918039441108704
0.1300220936536789
-0.4018021523952484
-0.9773569107055664
-1.5516914129257202
-0.7204409241676331
-0.41183921694755554
-0.16579166054725647
-0.14297477900981903
-0.4704616367816925
-0.42547881603240967
-0.5236657857894897
-0.15494085848331451
0.35813620686531067
0.2085469663143158
0.17830897867679596
0.4852425456047058
0.11234492063522339
0.10065661370754242
0.6054566502571106
0.8684438467025757
0.8624823093414307
0.4940505027770996
-1.0629290342330933
-0.1844245195388794
-0.0767187625169754
-0.561285138130188
-0.05636001378297806
-0.38106226921081543
0.03090263158082962
0.012296773493289948
-0.8108556866645813
-0.330702543258667
0.17018765211105347
-0.7366771101951599
-0.6693614721298218
-0.8330087661743164
-0.7529028058052063
-0.3052399754524231
0.6517219543457031
0.5417380928993225
0.7026274800300598
0.3279203176498413
0.26155927777290344
0.5507713556289673
1.2985882759094238
0.8132908940315247
0.3850410580635071
0.7459467649459839
0.6812248826026917
-0.07343938946723938
-0.20478834211826324
-0.3357919752597809
1.067409873008728
1.260001540184021
0.2093915343284607
0.9721433520317078
1.1326920986175537
0.5921198129653931
0.36505016684532166
-0.2277822494506836
-0.15272027254104614
1.321885347366333
0.5754789710044861
1.3801286220550537
1.207133173942566
1.0461407899856567
0.8695656061172485
0.3157087564468384
-0.24709995090961456
0.3929292857646942
0.9845083355903625
1.1272937059402466
-0.07277888059616089
-0.40321409702301025
0.13197436928749084
0.10365235805511475
0.004957042634487152
0.48064568638801575
0.8713876605033875
0.7523230314254761
-0.5594926476478577
-0.4161771535873413
-0.260175496339798
-0.06933865696191788
0.260432630777359
-0.01354631781578064
1.5659984350204468
0.6936838626861572
-0.088532954454422
0.49502453207969666
0.2565727233886719
0.24755637347698212
0.7532508373260498
0.4317028224468231
1.3300726413726807
0.7675589323043823
0.5054237246513367
1.3608626127243042
0.9681479930877686
0.5897669196128845
1.0951142311096191
0.9341092109680176
-0.3341023325920105
-0.4418686628341675
-0.661916971206665
-0.36017942428588867
-0.7040064930915833
-1.1917824745178223
-1.1255383491516113
-1.3168764114379883
-0.3232254683971405
-0.5479729175567627
-0.6420348286628723
-0.8197134733200073
-1.771949052810669
-1.4431846141815186
-0.64972323179245
-0.3165392279624939
-0.1309179663658142
-0.416198194026947
-0.2995239794254303
-0.22826772928237915
-0.539600670337677
0.40043675899505615
0.35709619522094727
0.13837531208992004
-0.7438657879829407
-0.8483932018280029
-0.0955124944448471
-0.04583112895488739
0.7259166240692139
0.9102944731712341
0.03579568862915039
-0.2523038983345032
-1.1176689863204956
-1.5183004140853882
-1.3966108560562134
-0.9754019379615784
0.16725902259349823
-0.07204855233430862
-0.9576676487922668
-0.6024870276451111
-0.8625116944313049
-1.2369717359542847
-1.6578974723815918
-0.7700712084770203
-0.2572053372859955
-0.5134980082511902
-1.2979919910430908
-0.8277413845062256
-0.16372163593769073
-0.37360748648643494
-0.6206833720207214
-0.10279863327741623
-0.0785822942852974
0.013086631894111633
-0.4256412386894226
-0.44651496410369873
-0.1477012187242508
-0.7021701335906982
-1.0858919620513916
-0.7546319961547852
-0.8868489265441895
-1.1161518096923828
-0.5546824336051941
-0.1834583431482315
-0.9480798244476318
-0.5809038281440735
-0.49407657980918884
-1.0492358207702637
-1.2893517017364502
-0.9347785115242004
-0.6612961292266846
-0.7400730848312378
-0.951259970664978
-0.5672724843025208
-0.2296803742647171
0.6709647178649902
-0.06899049878120422
-0.04219479858875275
-0.3194468319416046
-0.5131180882453918
-0.219412162899971
-0.33460375666618347
-0.05085260793566704
0.33553025126457214
-0.3143698573112488
-1.216493010520935
-1.0084638595581055
-0.27143704891204834
-0.34821829199790955
-1.332004189491272
-0.47908851504325867
0.2904047667980194
0.38384881615638733
-0.3069092929363251
-0.8503288626670837
-0.7206981182098389
-0.47552263736724854
-2.1242470741271973
-1.248856544494629
-1.0568798780441284
-0.8018152117729187
-0.7635558247566223
-0.6728372573852539
-0.4725547730922699
-0.39485064148902893
-1.821109414100647
-0.8737168312072754
-0.6949957013130188
-0.28107985854148865
-0.18238593637943268
-0.04347304254770279
0.04821023344993591
-0.43678218126296997
-1.6238596439361572
-0.7586268782615662
-0.916071355342865
-0.17554590106010437
0.006725378334522247
-0.1629529893398285
-0.5858234763145447
-0.10593265295028687
-0.12167862057685852
0.30021417140960693
-0.42158442735671997
-0.05451441556215286
-0.16346365213394165
-0.09613053500652313
-0.5161777138710022
-0.7312797904014587
-1.0830490589141846
-0.7576155662536621
-0.22628621757030487
-0.13979795575141907
-1.1909998655319214
-1.8994208574295044
-0.7004585266113281
-0.4119233787059784
-0.9661619663238525
-0.6844687461853027
-0.1438537836074829
0.5064115524291992
-1.0572154521942139
-2.0234572887420654
-1.0802431106567383
-0.09576655179262161
-0.04784376919269562
-0.09694439172744751
-0.3021077811717987
0.16639696061611176
-0.48281729221343994
-0.3546906113624573
0.49582454562187195
-0.36497870087623596
-0.2605659067630768
-0.23601464927196503
0.022424913942813873
0.6118846535682678
0.19776573777198792
0.32684701681137085
1.8770654201507568
0.2538534104824066
-0.06996285170316696
-0.9529677629470825
-0.7476663589477539
0.1854332983493805
-0.5211041569709778
-1.2196826934814453
0.1497485488653183
-0.016575466841459274
0.23850713670253754
-0.2936731278896332
-0.641896665096283
-0.3635411262512207
-0.9429949522018433
-1.6574058532714844
-0.9301498532295227
0.0909898653626442
0.33166056871414185
-0.7499068379402161
-1.1269748210906982
-1.0396164655685425
-0.8818676471710205
-1.2371091842651367
-0.93709397315979
-0.17497004568576813
0.46571311354637146
-0.5273085236549377
-1.3989235162734985
-1.151231288909912
-0.817521333694458
-0.5926333069801331
-0.7858996987342834
-0.9420832991600037
-1.0642430782318115
-1.2465839385986328
-1.0493934154510498
-0.2865927815437317
0.10285262018442154
-0.13264146447181702
0.15805387496948242
-1.7497979402542114
-2.044187307357788
-0.8095921277999878
0.04726170003414154
-0.16479475796222687
-0.7752772569656372
-1.3902665376663208
-1.0445834398269653
-0.9138410687446594
-1.3179811239242554
-0.478270560503006
-0.584628701210022
-1.1689990758895874
-1.1587451696395874
-1.5590029954910278
-1.5983670949935913
-0.8264856934547424
-1.1152727603912354
-0.7291074991226196
0.0893879383802414
-0.6592782735824585
-0.34630662202835083
-0.7787328958511353
-0.8501004576683044
-1.008440613746643
-0.7316652536392212
-0.552357017993927
-0.5122173428535461
0.02802714705467224
-0.21455959975719452
-0.8025020360946655
-0.7564926743507385
-1.4982576370239258
-0.7144992351531982
-0.423759788274765
-0.22874237596988678
-0.7835772037506104
-1.0178124904632568
-1.1685221195220947
-0.9867478013038635
-1.465262770652771
-1.690387487411499
-1.3212472200393677
-1.3091052770614624
-1.2453887462615967
-0.40009215474128723
-0.9776715040206909
-1.122246265411377
-0.8921582698822021
-1.03911554813385
-1.3598891496658325
-1.880560040473938
-2.066049098968506
-1.4779077768325806
-1.0443577766418457
-0.8998664021492004
-0.36404022574424744
-0.31929638981819153
-0.6456016898155212
-0.5367929935455322
-0.6048154830932617
-0.966823935508728
0.06388385593891144
-0.5010388493537903
-0.8381248712539673
-0.2150914967060089
-0.46270015835762024
-1.5990420579910278
-0.9448443651199341
-0.953499436378479
-0.5000927448272705
0.2943190038204193
-0.4307984709739685
-0.6615574359893799
-0.5697809457778931
-2.074847459793091
-0.7627960443496704
-0.18569138646125793
-0.4240316152572632
-0.011268893256783485
-0.33513620495796204
-1.1235721111297607
-1.1115164756774902
-1.4760316610336304
-1.0261905193328857
-1.1378577947616577
-0.9031837582588196
-0.2974258065223694
-0.6765475869178772
-1.610688328742981
-1.1586965322494507
-0.5593869686126709
-0.1385396420955658
-1.5465917587280273
-1.1825873851776123
-0.29062923789024353
0.2803768515586853
0.7483657002449036
0.3727811872959137
0.26059260964393616
0.377271831035614
-1.3881239891052246
-0.8078764081001282
-0.008363556116819382
0.02261164039373398
1.667709231376648
0.5452077388763428
-0.2931551933288574
0.6877710819244385
-0.2238456904888153
-0.4568977355957031
-0.3144563138484955
-0.7451207041740417
0.40409326553344727
-0.043468229472637177
-0.6563940644264221
0.49426472187042236
-0.06847427040338516
-0.3947815001010895
-0.27410176396369934
-0.1874205768108368
-0.02215055376291275
0.09975849092006683
-0.27204546332359314
-0.7617411017417908
-0.517436146736145
-0.9292709231376648
-1.1920732259750366
0.1752784103155136
0.1157119870185852
-0.6127086281776428
-0.8538751006126404
-1.7929991483688354
-1.756810188293457
-0.9020551443099976
-1.2403937578201294
-0.33352500200271606
-1.063586950302124
-1.2966177463531494
-1.220062494277954
-1.4856139421463013
-1.629993200302124
-1.5480893850326538
-1.0986179113388062
-0.4234980344772339
-0.322878360748291
-0.6738854646682739
-0.9830296039581299
-1.6018282175064087
-2.097410202026367
-2.1023342609405518
-1.779753565788269
-0.8191295266151428
-0.631381094455719
-0.8660236597061157
-0.9825314879417419
-1.2673461437225342
-1.2560230493545532
-0.6962120532989502
-0.7294268012046814
-0.38492685556411743
-1.942612648010254
-2.0576083660125732
-1.3806568384170532
-1.241217017173767
-1.1888116598129272
-0.22462812066078186
-0.15904223918914795
-0.07566167414188385
-0.908199667930603
-1.1386739015579224
-0.44993463158607483
-0.3026134967803955
-0.408581405878067
-0.09096325933933258
-0.1177467405796051
-0.3162502944469452
-0.7855316996574402
-0.28688758611679077
0.44192561507225037
0.5370362401008606
0.22106394171714783
-0.31624695658683777
-0.6791330575942993
-0.18617577850818634
-0.6981460452079773
0.07550717145204544
0.2446041852235794
-0.2828979194164276
-1.136370062828064
-1.2334506511688232
-0.261752724647522
-0.46545809507369995
-1.0320264101028442
-0.40756919980049133
-0.5454740524291992
-0.6358386278152466
-0.7327623963356018
-0.5188679695129395
-0.2498176097869873
-0.23501765727996826
-0.603007435798645
-0.1841190904378891
-0.6304207444190979
0.11997075378894806
-0.21570374071598053
-0.11887224018573761
-0.20339635014533997
0.335884690284729
-0.3876727819442749
-0.7974310517311096
-0.6010292172431946
-0.019231267273426056
-0.2753460109233856
-0.1058218777179718
-0.4977894127368927
0.19596174359321594
-0.6077126264572144
-1.3870748281478882
-0.8977869153022766
-0.7066171169281006
-0.9153151512145996
-0.6419951915740967
-0.35847118496894836
-0.832116961479187
-1.5734246969223022
-1.626819133758545
-0.39807116985321045
-0.38669347763061523
-0.8506597280502319
-0.4536397159099579
-0.047798678278923035
-1.2548753023147583
-1.8124630451202393
-0.6563220024108887
-0.2775808870792389
-0.7370473742485046
-0.859428346157074
-0.17372450232505798
0.16015739738941193
-0.23688308894634247
-0.3972572982311249
0.08863434195518494
-0.3468843102455139
-0.9478415250778198
-1.0878088474273682
-0.4360152781009674
-0.12022583931684494
0.056819699704647064
-0.26241356134414673
-0.07119394838809967
-0.15197087824344635
-0.15429401397705078
0.10949218273162842
-0.6715537309646606
-0.4433523118495941
-0.46824172139167786
0.031058747321367264
-0.3874480724334717
-0.9917374849319458
-0.9304109215736389
0.09268897771835327
-0.09717217832803726
-0.33689579367637634
-0.4750154912471771
0.13553380966186523
-0.8873087763786316
-0.9218645095825195
-0.3401610255241394
-0.08834356814622879
-1.0071057081222534
-0.6419972777366638
-0.7448793649673462
-0.4494662880897522
-0.5047217607498169
-0.2776254117488861
-0.6433878540992737
-1.3297120332717896
-1.7061110734939575
-1.5630100965499878
-0.2722262442111969
-0.4482875466346741
-0.7083033919334412
-0.6549034714698792
-0.8275842070579529
-0.87185138463974
-1.392463207244873
-1.239590048789978
-0.3794804513454437
-0.9572323560714722
-0.9291020631790161
-0.6046488285064697
-0.4992840886116028
-1.1937105655670166
-1.6690890789031982
-1.0311930179595947
-0.15527769923210144
-0.5877128839492798
-0.5976266264915466
-0.007831202819943428
0.018155038356781006
-0.18198619782924652
-0.8020648956298828
-0.7707985043525696
-0.06791774183511734
-0.37774986028671265
-0.5867051482200623
-0.13463568687438965
-0.11054877936840057
-0.12993541359901428
-0.42422759532928467
-0.34738749265670776
-0.2597067952156067
-0.13565665483474731
-0.36844006180763245
-0.7605291604995728
-0.5301941633224487
-0.2376243621110916
-0.2591727375984192
-0.21620380878448486
-0.11897951364517212
0.34205830097198486
-0.018390096724033356
-0.9850620031356812
-1.0349087715148926
-1.1590396165847778
-0.7100829482078552
-0.38367268443107605
0.28956809639930725
0.5194223523139954
0.066349096596241
-1.3768284320831299
-1.0963243246078491
-0.716862678527832
-1.0034821033477783
-0.4751974046230316
0.33976510167121887
-0.2538664638996124
-0.5706308484077454
-0.44297438859939575
-0.5200459361076355
-0.47420012950897217
-0.5533257722854614
-0.509699821472168
-0.6282703876495361
-0.7206213474273682
-0.5987913608551025
-0.11406271904706955
-0.10570770502090454
-0.8651481866836548
-0.6907737255096436
-0.31535768508911133
-0.10801710188388824
0.25582897663116455
0.3459215760231018
0.203086718916893
-0.1397312581539154
-0.1695757806301117
-0.07512746751308441
-0.018410012125968933
-0.11089891195297241
0.7369422912597656
0.6707028150558472
0.4595351219177246
-0.17310884594917297
-0.6008782982826233
-0.2563503086566925
-0.033823974430561066
-0.6031508445739746
-0.4805071949958801
-0.16265727579593658
-0.3620688319206238
-0.8868241310119629
-0.7458763122558594
-0.6514440774917603
-0.2985643446445465
-0.28407713770866394
-0.7721135020256042
-0.5010259747505188
-0.42705658078193665
-1.0322465896606445
-1.4797443151474
-1.4498578310012817
-0.3404883146286011
-0.4735261797904968
-0.7251596450805664
-0.8193861842155457
-0.6008066534996033
-1.005544900894165
-1.5076228380203247
-1.421913504600525
-1.1791867017745972
-0.6087861657142639
0.010244417935609818
0.065901979804039
-0.4313940405845642
-0.6753836870193481
-0.9331483244895935
-1.0728708505630493
-1.1949005126953125
-0.634253740310669
0.2688711881637573
-0.04982499033212662
-0.5689951777458191
-0.05928973853588104
-0.6731435656547546
-0.2610970139503479
-0.11299203336238861
0.1339682787656784
0.3771645128726959
-0.20949600636959076
0.11929576098918915
0.44647279381752014
-0.35694098472595215
-0.0657823234796524
0.1680433303117752
0.5802537798881531
0.23835620284080505
-1.5647062063217163
-0.6318990588188171
-0.4734560251235962
-0.6975005865097046
-0.3457367718219757
0.22132092714309692
0.029030777513980865
-0.31203117966651917
-1.5381526947021484
-0.5958739519119263
-0.03396221250295639
0.3263511061668396
0.002169102430343628
0.0863908976316452
-0.15954366326332092
-0.5057302117347717
-0.7420928478240967
-0.31540459394454956
-0.148376926779747
0.12707699835300446
-0.06249255686998367
0.06667869538068771
-0.6717377305030823
-0.9149239659309387
-0.6427822113037109
-1.074836254119873
-1.097049593925476
-0.18627534806728363
-0.7055050134658813
-0.8585225343704224
-1.0448392629623413
-1.4420106410980225
-0.767106831073761
-1.498308539390564
-1.3297632932662964
-0.3097720742225647
-0.6817349195480347
-0.5901674032211304
-0.6396200060844421
-0.8385699987411499
-0.6917291879653931
-0.8366767764091492
-1.111494779586792
-0.23108820617198944
-0.2275027334690094
-0.6296046376228333
-0.6446251273155212
-1.3035943508148193
-0.6259258985519409
-0.6243818998336792
-0.780554473400116
-0.5009252429008484
-0.31206950545310974
-0.32987913489341736
-0.8928298354148865
-1.389498233795166
-0.6285947561264038
-0.7573598623275757
-0.6087369322776794
-0.18723762035369873
-0.6282783150672913
-0.7672142386436462
-1.1591289043426514
-1.4240461587905884
-1.0637218952178955
-0.9083733558654785
-0.6685696840286255
-0.3717428743839264
-0.717305600643158
-0.684714674949646
-1.0296616554260254
-1.0781506299972534
-0.8069702982902527
-0.29550275206565857
-0.17862702906131744
-0.8028097152709961
-1.0867767333984375
-0.9389516115188599
-0.09689252823591232
-0.48129215836524963
-0.44839733839035034
-0.302000492811203
0.03024888038635254
0.07915834337472916
-0.24015472829341888
-0.42675653100013733
-0.02027592808008194
-1.2539185285568237
-1.1621989011764526
-0.4831004738807678
-0.37874308228492737
-0.26800963282585144
0.3462722897529602
-0.1835327446460724
0.5881866216659546
-0.787929117679596
-0.4340912997722626
-0.1937173753976822
0.8900012969970703
0.536104679107666
0.8428149819374084
0.09180350601673126
0.4861670136451721
-0.01065263245254755
0.05871938169002533
0.8968601226806641
0.798630952835083
0.3184729218482971
-0.21148864924907684
-0.15283417701721191
-0.44399741291999817
-0.37613266706466675
-0.560531735420227
-0.5315911173820496
-1.2740298509597778
-1.0422884225845337
-1.110100507736206
-0.3553811013698578
-0.5623972415924072
-0.6792386770248413
-0.35928845405578613
-0.9385113716125488
-1.675771951675415
-1.5061315298080444
-1.4254201650619507
-0.5645592212677002
-0.08839889615774155
-0.724579393863678
0.18320034444332123
-0.2622975707054138
-0.9046005606651306
-0.8637596964836121
-0.7557233572006226
0.06067021191120148
-0.23115365207195282
-0.9299221634864807
0.1292685717344284
-0.26935482025146484
-0.9187731742858887
-1.338209867477417
-1.3239721059799194
-0.5322868227958679
-0.5171233415603638
-1.320462942123413
-0.7045068740844727
-0.5169674158096313
-1.345076084136963
-1.4471482038497925
-1.2963128089904785
-0.5920881628990173
-0.1469893902540207
-0.08689526468515396
0.0426509827375412
-0.12761937081813812
-0.7932754158973694
-0.8881829380989075
-0.5809597373008728
-0.23132897913455963
-0.20182937383651733
-0.5352787971496582
-0.17104114592075348
-1.0611345767974854
-2.0509371757507324
-1.9996771812438965
-0.8331654071807861
-0.37937217950820923
0.21643514931201935
-0.029065582901239395
-0.06347182393074036
0.18273620307445526
-0.4409751892089844
-0.5400581359863281
-0.22557835280895233
-0.27259141206741333
-0.13842827081680298
-0.390988826751709
-0.11976131796836853
-0.5535569190979004
-0.3397790193557739
-0.3905958831310272
-0.5062428712844849
-0.22272907197475433
-0.29300031065940857
-0.3879328966140747
-0.6490583419799805
-0.48634615540504456
-0.31125110387802124
-0.6501017808914185
-0.5813849568367004
0.009945966303348541
-0.08371679484844208
0.2742850184440613
-0.2037881314754486
0.17861148715019226
0.8010403513908386
-0.24907924234867096
-0.3549186587333679
-0.06522124260663986
-0.21946953237056732
0.06799145042896271
-0.5371832847595215
-0.663581371307373
-0.3857001066207886
-0.38037174940109253
-0.23614700138568878
-0.131668359041214
0.07342605292797089
-0.3951977789402008
-0.5315780639648438
-0.2327629178762436
-0.4297230541706085
-0.23677027225494385
-0.21425999701023102
-0.24039611220359802
-0.694747269153595
-0.9969849586486816
-0.4385085105895996
-0.3326212167739868
-0.5419780611991882
-0.5903826355934143
-0.8913588523864746
-0.45782315731048584
-0.296222448348999
-0.41179341077804565
-0.46416184306144714
-0.7130953073501587
-1.9372754096984863
-1.8617671728134155
-1.637176752090454
-0.7627935409545898
-0.17710107564926147
-0.11224857717752457
-0.6669573187828064
-0.5472977757453918
-1.5371575355529785
-1.5926845073699951
-1.3973976373672485
-0.6039996147155762
-0.17868778109550476
-0.5704892873764038
-0.7326800227165222
-0.9100863933563232
-0.8137156367301941
-1.0890897512435913
-1.3598490953445435
-0.488662987947464
-0.18392367660999298
-0.8310858607292175
-1.1735143661499023
-0.7802584171295166
-0.9075309038162231
-1.0254262685775757
-1.288987636566162
-0.7807560563087463
-0.37764811515808105
-0.9208514094352722
-1.4461785554885864
-0.8485789895057678
-0.8853107690811157
-0.9481467008590698
-1.073124647140503
-0.5986551642417908
-0.4266834259033203
-1.068854808807373
-1.795592188835144
-1.3065170049667358
-0.9529982805252075
-0.895527720451355
-0.641802191734314
-0.7449753284454346
-0.6367104053497314
-0.8949211239814758
-1.1980386972427368
-0.836410403251648
-0.5994998216629028
-0.6313101053237915
-0.5962656140327454
-0.6801430583000183
0.04666846990585327
-0.3623631000518799
-0.8782947063446045
-0.9410050511360168
-0.27136874198913574
-0.43921664357185364
-0.808264434337616
-0.4739789068698883
-0.22222170233726501
-0.3283913731575012
0.00010576657950878143
-0.22811368107795715
-0.23344816267490387
-0.010560044087469578
-0.2508833110332489
-0.5404652953147888
0.13520747423171997
-0.07391522824764252
0.8074443340301514
0.5997372269630432
-0.3517971336841583
-0.5332115292549133
-0.3531160354614258
-0.25809890031814575
0.2590900659561157
0.5632240772247314
0.8998151421546936
0.7362534999847412
-0.7823832631111145
-0.4817330241203308
-0.8578335046768188
-0.2838455140590668
-0.33489295840263367
-0.09653851389884949
-0.25355997681617737
-0.1109912097454071
0.15795254707336426
0.33881649374961853
-0.3129120469093323
-0.3130813241004944
-0.4447762072086334
0.4248042404651642
0.18347841501235962
-0.03934408724308014
-0.11244761198759079
-0.31627705693244934
-0.3007953464984894
-0.46670636534690857
-0.5236626863479614
-0.26592037081718445
0.0599929541349411
-0.1942060887813568
-0.56443852186203
-1.001988172531128
-0.868370532989502
-0.9062553644180298
-0.2134569138288498
-0.1630721092224121
0.4845775067806244
-0.07635828852653503
-0.40907740592956543
-0.16528642177581787
-0.26905596256256104
-0.3501627743244171
-0.4358985424041748
-0.3579775393009186
-0.5004230737686157
-0.21842169761657715
-0.4911419451236725
-0.8832352161407471
-0.6517559289932251
-0.26805591583251953
0.38428473472595215
0.49051204323768616
-0.3719675838947296
0.7342159152030945
0.8574130535125732
-0.7545241713523865
-0.3389964699745178
0.6503867506980896
-0.272007018327713
0.32411500811576843
0.7795457243919373
1.1750240325927734
0.6573935747146606
-0.6090667843818665
-1.447248935699463
-0.17791299521923065
-0.30285289883613586
0.6113893389701843
1.3908250331878662
0.553819477558136
0.05562733858823776
-0.6116732954978943
-1.190908432006836
-0.12806802988052368
-0.14795592427253723
0.15818901360034943
0.18606513738632202
-0.4881593883037567
-0.4165499806404114
-0.12230725586414337
-0.18786785006523132
-0.02505653351545334
-0.7393925189971924
-0.18946795165538788
-0.7968996167182922
-1.4742810726165771
-1.072022557258606
-0.6896199584007263
-0.6148998141288757
-0.09602184593677521
0.04545679688453674
0.5243340134620667
-0.48183566331863403
-1.2321405410766602
-0.6679225564002991
0.3243747651576996
0.07956758886575699
0.39771416783332825
0.6210325956344604
1.137838363647461
0.007892012596130371
-0.2227403074502945
0.259990930557251
1.025065541267395
1.1185362339019775
0.7921940088272095
-0.10057316720485687
0.4258068799972534
0.16873523592948914
-0.03228927403688431
-0.35549768805503845
0.8059038519859314
1.02336847782135
0.752670168876648
0.6185804605484009
1.4782586097717285
0.352933406829834
0.0854940265417099
-0.04150925576686859
2.018503427505493
2.510758876800537
1.8943051099777222
0.539648175239563
0.9436609745025635
0.6194229125976562
1.4674584865570068
1.289826512336731
1.2161990404129028
1.233834981918335
1.4935139417648315
0.5314501523971558
1.1214396953582764
1.254477858543396
0.7253054976463318
0.5410251617431641
0.21600306034088135
0.5803095698356628
1.443846344947815
0.859028160572052
1.803279161453247
1.168922781944275
0.7697132229804993
0.7225177884101868
0.4450094699859619
-0.31384021043777466
0.5258142352104187
0.28482577204704285
1.6700528860092163
0.9161544442176819
0.5160160064697266
0.6825458407402039
0.036878809332847595
-0.6526118516921997
0.01918770559132099
0.04252209886908531
0.7302972674369812
-0.19151847064495087
-0.3160233795642853
-0.11075109988451004
-0.05495006963610649
0.16462115943431854
0.83406001329422
0.6511132717132568
0.7768554091453552
0.3480086624622345
0.5757529735565186
0.9810741543769836
1.2634538412094116
1.700809121131897
1.8190990686416626
-0.06298981606960297
0.07690788805484772
-0.007650349289178848
0.02720746397972107
0.6890600919723511
0.1756419837474823
-0.7243652939796448
-0.4081149399280548
0.06190529465675354
0.13716913759708405
0.4296697974205017
1.0819464921951294
1.8774629831314087
0.6954596042633057
0.002574332058429718
-0.44454291462898254
0.23687011003494263
0.8951061964035034
1.2516944408416748
1.140905499458313
0.3216349482536316
0.1740855574607849
0.17497192323207855
0.4440757930278778
-0.24530458450317383
-0.30716028809547424
0.42689961194992065
0.41798722743988037
0.2777903974056244
-0.5439468026161194
-0.3790963590145111
0.13154786825180054
-0.4443016052246094
-0.2065923660993576
-0.12076673656702042
-0.09935051202774048
0.5682828426361084
0.5092633366584778
0.04999140650033951
0.1694079339504242
-0.7567663788795471
-0.6089200377464294
-0.14216530323028564
-0.6070638298988342
0.11420589685440063
0.19637688994407654
-0.28077569603919983
0.21773742139339447
-0.31589850783348083
-0.02540334314107895
0.7157829403877258
-0.47500351071357727
-0.8255905508995056
-0.5107566714286804
-0.5470696687698364
-0.38084620237350464
-0.13643799722194672
-0.05594269186258316
0.6180394887924194
-0.3067927956581116
-0.27598223090171814
-0.17745943367481232
-0.27006229758262634
-0.29041755199432373
0.3726349174976349
-0.31082141399383545
-0.7134041786193848
-0.8750276565551758
-0.0429423488676548
0.18161454796791077
-0.7680953741073608
-1.0435856580734253
-0.0451686792075634
-0.7301352024078369
-0.7264611124992371
-1.044071912765503
0.10458014905452728
0.08084863424301147
0.15427401661872864
0.18457314372062683
-0.43936648964881897
-0.9713732004165649
-0.2681373655796051
-0.18831536173820496
-0.1502084732055664
0.2682499289512634
0.24589963257312775
-0.20318885147571564
0.34344086050987244
0.2691999673843384
0.2985672056674957
0.2910216450691223
0.7419300079345703
1.084885835647583
0.56960529088974
-0.7150444388389587
0.2573394775390625
0.3309939205646515
0.8035827875137329
0.5063261985778809
0.14880527555942535
-0.3063778579235077
0.10678911209106445
-0.5796565413475037
-0.1783258020877838
0.11905437707901001
-0.0019926726818084717
-0.3494229018688202
-0.7540960311889648
-0.4294089674949646
0.08548343181610107
-0.12224933505058289
0.1750023514032364
0.6453065872192383
-0.03801131248474121
0.40756911039352417
0.2026093751192093
0.4936275780200958
0.213578999042511
0.19663487374782562
-0.1283811628818512
0.28437191247940063
-0.10727441310882568
0.046481724828481674
0.38278189301490784
0.4870900809764862
0.2693142890930176
0.45268863439559937
-0.08490177989006042
-0.3553519546985626
-0.18853501975536346
-0.7091381549835205
-0.7951099276542664
-1.3452280759811401
-1.2806084156036377
-0.39664939045906067
-0.9789712429046631
-1.3923503160476685
-0.7124955654144287
-0.9614713191986084
-0.9062212705612183
-1.7011312246322632
-1.6055793762207031
-1.1806175708770752
-0.5349611639976501
0.1392461508512497
0.1396474987268448
0.27873295545578003
-0.13737903535366058
0.2265336811542511
-0.6165886521339417
-0.3997959792613983
-0.06990257650613785
0.2189047485589981
0.059731148183345795
0.437564492225647
-0.3241513967514038
0.21926097571849823
-0.06734063476324081
0.010479852557182312
-0.20596960186958313
0.4943317472934723
0.6256548166275024
-0.040140941739082336
-0.16245152056217194
0.3764740824699402
0.12314687669277191
-0.36249902844429016
-0.5853298902511597
0.026312794536352158
0.39794066548347473
-0.18571197986602783
-0.7097218632698059
-0.3915771245956421
-0.7586202025413513
-0.9759079217910767
-0.2470734864473343
-0.12968747317790985
-0.044282350689172745
-0.03982535004615784
-0.67915940284729
-0.2130940854549408
-0.2130250185728073
-0.44231095910072327
-0.5950106978416443
0.19520172476768494
0.6038861870765686
0.10505467653274536
-0.0168672576546669
0.4909292459487915
0.41043201088905334
0.26400867104530334
0.02238371968269348
-0.1862853765487671
-0.4272270202636719
-0.6272175312042236
-0.5596505999565125
0.02541007474064827
0.7718603014945984
0.4449954032897949
0.03380819037556648
0.2996557056903839
0.020587459206581116
0.3644552528858185
0.061192892491817474
0.35073786973953247
1.3209158182144165
-0.21549157798290253
-0.15505854785442352
-0.21737399697303772
-0.39177316427230835
0.36147016286849976
-0.169498011469841
-0.7710948586463928
0.0627465695142746
-0.623207151889801
-0.6716783046722412
-0.6306231021881104
-0.23038935661315918
-0.4797671437263489
-0.8573724627494812
-1.1401680707931519
-1.1245969533920288
-0.8601237535476685
-0.8511903882026672
-1.47724187374115
-1.1695857048034668
-0.9862991571426392
-0.5016493201255798
-0.2470184564590454
-0.14070932567119598
-0.5145954489707947
-0.7111978530883789
-0.6609963774681091
-1.1286348104476929
-1.009385108947754
-0.25072869658470154
-0.27001988887786865
0.17989718914031982
-0.5391784310340881
0.060680024325847626
-0.5855954885482788
-0.42679542303085327
-0.0511775016784668
0.1014806255698204
0.4033184051513672
0.03559018671512604
-0.1479649692773819
0.008044451475143433
-1.0683714151382446
-0.7077587246894836
-0.13947026431560516
-0.13493221998214722
-0.0007975026965141296
-0.35694998502731323
-0.11702807247638702
-0.6891868710517883
-0.9356840252876282
-0.6425402164459229
-0.5642780065536499
0.22356334328651428
0.221469908952713
-1.253957748413086
-0.9440200328826904
-0.17192889750003815
-0.11807333678007126
-0.9424684047698975
-0.10360752046108246
0.3432564437389374
0.19464893639087677
-0.35974568128585815
-0.908396303653717
-0.3783496916294098
-0.5121498703956604
-0.27104565501213074
0.10487101972103119
0.6880848407745361
-0.36911776661872864
0.07508351653814316
-0.04358982294797897
-0.7098875641822815
-0.833253026008606
-0.6013504266738892
-0.8109419345855713
-0.08306540548801422
-0.6221369504928589
-0.5068296790122986
-0.07315239310264587
-0.8812675476074219
-0.5907558798789978
-1.62239670753479
-1.7689090967178345
-0.8854831457138062
-0.7833862900733948
-1.165690541267395
-0.757198691368103
-0.6171848773956299
-0.41843438148498535
-1.4502540826797485
-1.3159434795379639
-0.5334271192550659
-0.7269154191017151
-0.5821982026100159
-0.7204309701919556
-0.5856508016586304
-0.8455599546432495
-0.9529294371604919
-0.8066954016685486
-0.14853523671627045
-0.22807377576828003
0.13130106031894684
0.28053393959999084
-0.38478076457977295
-0.8335963487625122
-0.7168007493019104
0.23466187715530396
-0.07344657927751541
-0.11098513007164001
-0.16946974396705627
-0.1965407282114029
-0.5180991888046265
-0.19103291630744934
-0.05858263745903969
-0.41951698064804077
-0.1787630319595337
-0.1487767994403839
-0.5263707041740417
-0.34833765029907227
-0.6457927823066711
-0.5472474098205566
-1.0376498699188232
-1.4828962087631226
-1.3309144973754883
-1.8370270729064941
-1.4776480197906494
-0.47893649339675903
-1.1975069046020508
-0.6936793923377991
-0.9142606854438782
-1.0859812498092651
-1.4340260028839111
-1.52556574344635
-0.8637309074401855
-0.5626892447471619
-0.9045656323432922
-0.5721219182014465
-0.5231386423110962
-0.8175327181816101
-0.9907328486442566
-0.9263600707054138
0.1582278460264206
0.06264638900756836
-0.24618425965309143
-0.6623623371124268
-0.9062652587890625
-0.264586478471756
-0.6246269941329956
-0.8844799399375916
-0.6745968461036682
-0.5728940367698669
-0.4927048087120056
-0.6093118190765381
-0.8069795370101929
0.03461499512195587
-0.2942396402359009
-1.749234676361084
-1.5041087865829468
-0.7932332754135132
-0.790654718875885
-0.12298129498958588
-0.7561894059181213
0.01750173419713974
-1.21796715259552
-2.28660249710083
-1.1970895528793335
-0.3204163610935211
-0.3938700258731842
-0.20336641371250153
-0.20220303535461426
-0.5397159457206726
-1.1579893827438354
-0.611026406288147
-0.2943981885910034
-0.058423962444067
0.0933486744761467
0.2600424587726593
-0.21251283586025238
-0.7926698923110962
-0.7401614785194397
-0.23387359082698822
-1.2737733125686646
-1.2742749452590942
0.3917187452316284
0.30580464005470276
-0.7252781987190247
-1.7863801717758179
-1.3148137331008911
-1.5938514471054077
-1.8843368291854858
-1.1814343929290771
0.26768264174461365
-0.17414823174476624
-1.2456254959106445
-0.8531333804130554
0.6896563172340393
-0.654687762260437
-1.9025609493255615
-1.2665680646896362
-0.6431713700294495
-0.3514966070652008
0.29737305641174316
0.7524330019950867
1.8435111045837402
-0.039488278329372406
-1.376065731048584
-0.4822232127189636
-0.8413046598434448
-0.4306754469871521
1.1454699039459229
0.9393713474273682
0.5348312854766846
0.6469223499298096
-0.5922591090202332
-0.7813523411750793
-0.760735273361206
-0.8232765793800354
-0.920998215675354
-1.0030760765075684
-0.9848242402076721
-0.10620614141225815
-0.5800426006317139
-0.8917135000228882
-1.5154876708984375
-1.48394775390625
-2.2722654342651367
-1.8470009565353394
-1.5185792446136475
-1.370011568069458
-1.9459272623062134
-1.0860707759857178
-1.0444793701171875
-1.4603723287582397
-1.5339794158935547
-1.3275068998336792
-1.278403878211975
-1.397912859916687
-1.4162335395812988
-1.0384472608566284
-0.3540811240673065
-0.888836145401001
-0.9500113129615784
-0.7549606561660767
-0.05195298045873642
0.3233485817909241
0.1644442230463028
-0.6317557692527771
-1.3052513599395752
-2.163330316543579
-1.6004365682601929
-1.3726825714111328
-0.8799353241920471
-0.6643566489219666
-0.4469764232635498
-1.229261875152588
-1.441156268119812
-1.8642246723175049
-0.14035695791244507
-1.2394697666168213
-1.778956413269043
-1.5862115621566772
-0.39071547985076904
-0.9330235719680786
-1.0050772428512573
-1.6935919523239136
-0.9251145720481873
-1.1351308822631836
-1.983970046043396
-1.930137038230896
-0.4898046851158142
-0.7092825174331665
-0.4478209912776947
-1.3353365659713745
-1.4798179864883423
-0.7160574793815613
-1.153794527053833
-1.0868343114852905
-0.6093406081199646
-0.5943920612335205
-1.0985034704208374
-1.00961434841156
-0.3997190296649933
1.0215641260147095
0.6317057609558105
0.6108670234680176
0.07547248899936676
-0.5455529093742371
-1.722184658050537
-1.7074811458587646
-0.4795377850532532
0.5888037085533142
-0.05589350685477257
-1.4173922538757324
-1.0915826559066772
-0.7393979430198669
-0.8594806790351868
-0.9214470386505127
-0.15040218830108643
-0.15137247741222382
-0.9531912803649902
-1.352198839187622
-0.767505943775177
-0.13298183679580688
0.23053458333015442
0.7126645445823669
0.03649594634771347
0.17754405736923218
0.2706596553325653
0.3039921224117279
0.5954402685165405
0.9505961537361145
-0.06902775168418884
0.35881590843200684
0.04999249801039696
-0.16057604551315308
-0.43876731395721436
-0.48586517572402954
-0.40909436345100403
-0.06354325264692307
-0.30089426040649414
-0.5241596102714539
-0.26477745175361633
0.1346583515405655
0.3719590902328491
-0.18769876658916473
-0.7200350761413574
-0.10614600777626038
-0.2800184190273285
0.11936736851930618
0.01311086118221283
0.034366294741630554
0.4561280608177185
0.6282640099525452
-0.38115859031677246
-0.1581333577632904
-0.47588449716567993
-0.3786415159702301
-0.1862499862909317
0.3911442756652832
0.2855466902256012
0.6395609974861145
-0.16067658364772797
-0.6421635746955872
0.04650671035051346
-1.2787445783615112
-0.46612876653671265
0.6208785772323608
-0.41353094577789307
-0.3946370780467987
-0.06487144529819489
-0.4104952812194824
0.16604416072368622
-0.4050363302230835
-0.5508142113685608
0.21120402216911316
-0.6707485914230347
-0.9667184352874756
-0.40822309255599976
-0.03289856016635895
-0.4355195164680481
-0.3784383535385132
-0.2680653929710388
0.3745857775211334
-0.08605101704597473
-0.008953891694545746
0.09287453442811966
0.023099549114704132
-0.4141167998313904
-0.31737154722213745
-0.250069797039032
-0.9388450384140015
-1.3172581195831299
-0.8734440207481384
-0.4184592664241791
0.24148796498775482
-0.10064207762479782
-0.42951640486717224
-1.031398892402649
-0.6671328544616699
-0.5839025974273682
0.71258544921875
1.2082748413085938
0.5210802555084229
0.08209581673145294
-0.21870116889476776
-0.344188392162323
-0.29736363887786865
-0.57402503490448
-0.1840689778327942
0.26274341344833374
-0.6345317363739014
-1.0043845176696777
-0.7584159970283508
0.09734070301055908
-0.21608662605285645
-0.46532607078552246
-0.2822478711605072
-0.6093530654907227
-0.8261299729347229
-0.6990132331848145
-1.3641663789749146
-0.751121461391449
-1.2424818277359009
-1.1638574600219727
-1.5293805599212646
-1.7829140424728394
-0.7418940663337708
-0.766621470451355
-1.3470102548599243
-0.594602644443512
-0.8803356289863586
-0.31146809458732605
-0.9367883801460266
-1.3017715215682983
-1.0098017454147339
-0.1216360330581665
-0.8862660527229309
-1.1578456163406372
-1.392697811126709
0.2489026039838791
-0.48596087098121643
-1.1157991886138916
-1.354879379272461
0.399726927280426
-0.10565125197172165
-0.3781549632549286
-0.23867779970169067
-0.28690633177757263
-1.0751758813858032
-1.2048355340957642
-0.7572806477546692
-0.17197223007678986
-0.09497521072626114
-0.18237216770648956
-0.5012899041175842
-0.6089937090873718
-0.5850154161453247
0.13364365696907043
-0.23070763051509857
-0.7488419413566589
-0.8840351700782776
-1.044906497001648
-1.5274840593338013
-0.6581155061721802
0.0071146488189697266
-0.6527614593505859
-1.130652666091919
-0.7692103385925293
-1.390507698059082
-1.732871413230896
-1.2502726316452026
-0.667666494846344
-0.5156385898590088
-0.4120542109012604
-0.6522386074066162
-0.5836949944496155
-0.9809971451759338
-1.8034210205078125
-0.9643311500549316
-0.2876495122909546
-0.1104731485247612
0.03714478760957718
0.20310264825820923
-0.6228373646736145
-0.19796748459339142
-1.072409749031067
-1.0088207721710205
-0.0722336620092392
0.07825808972120285
0.026733864098787308
0.15584227442741394
-0.12816719710826874
0.04614921286702156
-1.7823666334152222
-2.0549519062042236
-1.5275907516479492
-1.0604411363601685
-0.5707315802574158
0.42953604459762573
-0.424949049949646
-0.12080947309732437
-1.1019961833953857
-0.8221009373664856
-0.459226131439209
0.12799987196922302
0.4464399516582489
0.48596227169036865
-0.5583003163337708
-1.071671962738037
-0.5249271392822266
-0.09532609581947327
0.21238213777542114
0.3022729754447937
0.19866904616355896
0.026337869465351105
-0.4861094355583191
-0.6499990820884705
-1.0864508152008057
-1.4528621435165405
-1.0463610887527466
-0.7701092958450317
-0.5164109468460083
-0.783714771270752
-0.4552376866340637
-1.4850035905838013
-1.4695848226547241
-1.5603777170181274
-1.6516852378845215
-1.2791415452957153
-0.40443477034568787
-0.9850091338157654
0.6321395635604858
-1.6801397800445557
-1.2942930459976196
-0.830758273601532
-0.14873531460762024
0.8524500131607056
1.024719476699829
0.3428386151790619
0.3934166729450226
-1.110924243927002
-1.7724695205688477
-0.9028392434120178
-0.6540548205375671
0.2320520430803299
0.38051795959472656
-0.2708170711994171
-0.40655070543289185
-2.2113358974456787
-2.4694108963012695
-1.0768375396728516
-1.0241525173187256
-0.2643423080444336
0.018980801105499268
-0.6514905095100403
-0.3455362319946289
-2.1261627674102783
-0.7060425877571106
-0.9745833873748779
-0.5625290870666504
-0.5032403469085693
0.119231216609478
-0.007961228489875793
-0.2497493177652359
-1.6288328170776367
-0.8870021104812622
-1.1160922050476074
-0.7386939525604248
-0.9733995199203491
-0.4046735465526581
-0.0931616723537445
0.06122530251741409
-0.9008448719978333
-1.0415407419204712
-0.6219151616096497
-0.32969874143600464
-0.4596535563468933
-0.8579820394515991
-0.12058800458908081
0.04950147867202759
0.518986701965332
0.4376758337020874
0.6479787230491638
1.402634859085083
1.0639933347702026
0.3649537265300751
0.5460630059242249
-0.2873873710632324
-0.3310094475746155
0.083157978951931
0.2287120223045349
0.734429657459259
0.7712011933326721
-0.5736013054847717
-1.0945473909378052
-0.029527904465794563
-0.11820195615291595
-0.6654435396194458
0.4235244393348694
0.27271726727485657
0.060316696763038635
-0.9146021008491516
-1.5255749225616455
-0.21336552500724792
0.0836971253156662
0.5254151821136475
0.645747721195221
0.15022850036621094
-0.04393512383103371
-0.4237610101699829
-0.9727445840835571
-0.6167040467262268
-1.2797373533248901
0.17206981778144836
0.11365226656198502
-0.6168960928916931
-0.0665479302406311
-0.3060782849788666
-0.3526895344257355
-0.3391959071159363
-1.0371372699737549
-0.7540478706359863
-1.1689808368682861
-0.8971829414367676
0.7719761729240417
0.8780489563941956
-0.0005989149212837219
-0.5170468091964722
-0.6961930990219116
0.0394725501537323
-0.06964121758937836
0.011918783187866211
0.35837337374687195
0.7905703186988831
-0.10916289687156677
-0.009370386600494385
-0.9207507967948914
-0.36367368698120117
0.3275826573371887
0.6976333260536194
0.803293764591217
0.6427252888679504
-0.08816923946142197
-0.0015152394771575928
-0.24109426140785217
0.16714568436145782
0.8320844769477844
0.7562099099159241
-0.40942463278770447
-0.35365524888038635
0.9096602201461792
1.0620307922363281
0.24551011621952057
0.31125885248184204
0.5250035524368286
0.15357565879821777
0.5948705077171326
0.5418756604194641
0.6477426886558533
2.0613086223602295
0.009143371134996414
0.1347208321094513
0.7037702202796936
0.7203418612480164
1.9632039070129395
1.2529194355010986
-0.3664463460445404
1.4454233646392822
-0.1831885576248169
-0.13821375370025635
0.5033643841743469
0.20646622776985168
0.3205696642398834
0.6291272044181824
-0.5512842535972595
1.1400198936462402
-0.0021589919924736023
0.07799357175827026
0.11883622407913208
-1.3810715675354004
-0.864823043346405
-0.03881160169839859
-0.25078797340393066
1.0886310338974
0.1547323614358902
-0.08684173226356506
-0.08381369709968567
-0.6678053140640259
-0.28380507230758667
0.20586177706718445
0.2309921383857727
0.9415484070777893
0.9487985372543335
0.6764073371887207
0.7436261773109436
0.43632248044013977
0.1958368420600891
0.11164528131484985
-0.2872319519519806
0.19927795231342316
-0.4052027761936188
0.7378281950950623
0.40669506788253784
0.4273757338523865
0.38656315207481384
0.1047225147485733
-0.2708783447742462
-0.3678532838821411
-0.4071052372455597
-0.7407543659210205
-1.0717958211898804
-0.9753046035766602
-0.41075968742370605
-0.7798035144805908
-0.6127344965934753
-0.4829011559486389
-0.16610725224018097
-0.6455445885658264
-0.7985914349555969
-0.9989141225814819
-0.5950398445129395
-0.6976420879364014
-0.622565507888794
-0.8739324808120728
-0.4844590723514557
-0.49711740016937256
-0.5012487769126892
0.03298819810152054
-0.2698219120502472
-0.5447967052459717
-0.9640969038009644
-0.5188499689102173
-0.08953553438186646
-0.10253458470106125
-0.3381226360797882
0.023776322603225708
-0.11813932657241821
0.16091112792491913
-0.27858299016952515
-0.27748721837997437
-0.10272717475891113
-0.5146477222442627
0.029071297496557236
0.11382456123828888
-0.026252374053001404
-0.1306111365556717
-0.1213826984167099
-0.7862963676452637
-0.11463235318660736
-1.1327487230300903
-1.03715980052948
-0.8914574384689331
-1.5914369821548462
-1.1278897523880005
-0.5774753093719482
-1.2672210931777954
-0.952142596244812
-1.7880833148956299
-1.9395500421524048
-1.7767449617385864
-2.008174180984497
-1.9681692123413086
-1.288704514503479
-0.22076407074928284
-0.796936571598053
-1.9998109340667725
-1.7697346210479736
-1.3611913919448853
-1.194239854812622
-1.2744450569152832
-0.6774228811264038
-0.8469372987747192
-0.8901556730270386
-1.2969136238098145
-1.103682041168213
-1.0226956605911255
-1.3186701536178589
-1.1309629678726196
-0.5610225796699524
-0.5224719047546387
-0.256333589553833
-0.8644947409629822
0.20329512655735016
-0.1402772217988968
-0.8331314325332642
-0.9994208812713623
-0.556093156337738
-0.15431982278823853
0.061992403119802475
-0.4042571485042572
0.2480105757713318
0.6856109499931335
0.6665334105491638
-0.4746935963630676
0.1503460705280304
-1.0796576738357544
-1.283417820930481
-1.3323038816452026
-0.16237232089042664
-0.016404442489147186
-0.9261267185211182
-0.708641767501831
0.1504887491464615
-1.506427526473999
-1.7076001167297363
-1.7346000671386719
-0.6853406429290771
-0.8244249820709229
-1.1480803489685059
-0.3686656355857849
0.49953120946884155
-1.2365920543670654
-1.8569928407669067
-1.3253228664398193
-0.04676397144794464
-0.9008899927139282
-1.2547231912612915
-1.2770051956176758
-0.29237812757492065
-1.2902472019195557
-1.2412586212158203
-0.41126152873039246
0.02097494900226593
-0.90181964635849
-0.7830098867416382
-1.4821710586547852
-1.0904520750045776
-1.2056931257247925
-1.5924320220947266
-0.7608339190483093
-1.0132617950439453
-1.2668383121490479
-0.7921199798583984
-1.292712926864624
-0.7309707403182983
-0.5538013577461243
-0.31330808997154236
-0.24088242650032043
-0.4220370948314667
-0.8596987128257751
0.15055309236049652
0.5161584615707397
-0.3400491178035736
-0.06259902566671371
0.7468592524528503
-0.12700864672660828
-0.8151829838752747
-1.39385187625885
0.2820568084716797
0.8747380375862122
-0.7023388743400574
1.1511117219924927
0.8084496259689331
-0.8055845499038696
-0.9059184193611145
-0.5448248386383057
-0.34946775436401367
0.21827584505081177
-0.5805832147598267
0.36848801374435425
0.17995765805244446
-1.5613735914230347
-0.983833372592926
-0.5424197912216187
-1.0563313961029053
-0.13615931570529938
-0.2923038601875305
-0.20050011575222015
-0.3232825994491577
-1.2814521789550781
-0.5956146717071533
-0.34734445810317993
-0.5802783370018005
-0.5437012314796448
-0.7408013343811035
0.5886731147766113
-0.4021974503993988
-0.529948890209198
0.6334856748580933
-0.3776548206806183
-1.1056437492370605
-0.749593198299408
-0.26100340485572815
0.8411110639572144
-0.6426213383674622
-0.22198829054832458
0.5942900776863098
-0.6924042701721191
-1.8164796829223633
-1.2651852369308472
-0.19279050827026367
-0.06286109983921051
-1.3928563594818115
-0.48622748255729675
-0.47160929441452026
-0.8323467969894409
-1.0160900354385376
-0.6536514163017273
-0.3060312867164612
-0.5635790824890137
-0.4687161445617676
-0.27094992995262146
-0.7882973551750183
-1.1937215328216553
-1.7885503768920898
-0.8465121984481812
-0.30186519026756287
-1.276053547859192
-1.6090999841690063
-1.5498331785202026
-0.8506361842155457
-1.1572388410568237
-3.2517662048339844
-1.8971012830734253
-0.21074698865413666
-0.877615749835968
-0.7475887537002563
-0.5981289148330688
-0.6065751910209656
-0.44320806860923767
-2.4540390968322754
-2.0319814682006836
-0.6365010142326355
-0.8925198912620544
-0.42492711544036865
-0.38918212056159973
-1.1585923433303833
-0.5901557207107544
-1.4897727966308594
-1.2770496606826782
-0.6746866106987
-0.9949412941932678
-0.6937729716300964
-0.4421696960926056
-0.870268702507019
-0.9462333917617798
-1.562317132949829
-0.7345535755157471
-0.006016313098371029
-0.7840946912765503
-0.7674744129180908
-0.2957013249397278
-0.09982284903526306
-0.4987974464893341
-0.7842544913291931
-0.49229109287261963
0.45316460728645325
-1.306133508682251
-0.4677950441837311
-0.7172343730926514
-0.26372236013412476
-0.7316566705703735
-1.1514955759048462
-1.489370346069336
-0.6064759492874146
-0.42905479669570923
0.3672580122947693
0.07177960872650146
-0.547153115272522
-0.6566638350486755
-0.6015048623085022
-0.9002333283424377
-0.3567337989807129
-0.0012524314224720001
-0.26041504740715027
-0.5002429485321045
-0.3184754252433777
0.16706976294517517
0.45129913091659546
0.3462623655796051
0.07773376256227493
-0.7286047339439392
-1.0299309492111206
-1.0126906633377075
-0.519983172416687
-0.6409078240394592
0.07399863004684448
0.1643793135881424
-0.3817354738712311
-0.19143714010715485
-0.12622298300266266
-0.0030938144773244858
-0.13624505698680878
-1.2832939624786377
-0.7241297960281372
0.794963002204895
0.26673969626426697
-0.026057938113808632
-0.006245220545679331
0.128103107213974
-0.14948034286499023
-1.0707637071609497
-0.5365869998931885
1.0413904190063477
0.8383094072341919
-0.03606239706277847
-0.32950884103775024
-0.2915506362915039
-0.2352888286113739
-0.42998865246772766
-0.15186657011508942
0.2572736144065857
0.34471315145492554
-0.5105006694793701
-0.990206241607666
0.1397916078567505
0.5062506198883057
0.5152538418769836
0.7393637895584106
-0.13799895346164703
-0.5855432152748108
-1.0694048404693604
-1.325150489807129
-0.09595386683940887
0.11697196960449219
-0.7105023860931396
-0.23846867680549622
-0.2568272352218628
-0.5742893218994141
-0.7325928807258606
-0.7405102849006653
-0.6868783831596375
-0.2939159870147705
-0.43724146485328674
-0.3816889524459839
-0.3232896625995636
-0.3162594437599182
-0.010853096842765808
0.06010386347770691
0.5284861326217651
1.0623208284378052
0.19686096906661987
-0.9405332207679749
-1.117949366569519
-1.1516004800796509
-0.1281275898218155
-0.07322508841753006
-0.4093811810016632
-0.05705737695097923
-1.0611588954925537
-1.9251583814620972
-1.096384048461914
-0.21211403608322144
-0.312194287776947
-0.23059681057929993
-0.024395853281021118
-0.7949095964431763
-0.8495289087295532
-0.3166523575782776
0.12244158983230591
0.3028947710990906
-0.07830028980970383
0.22583027184009552
0.4287663996219635
-0.9736745953559875
-1.3669987916946411
-0.8894346356391907
0.24353578686714172
0.0013615116477012634
-0.4676169455051422
-0.45120060443878174
0.048005495220422745
-0.3109968304634094
-0.779183566570282
-0.6744697093963623
1.0658570528030396
0.35407888889312744
-0.1217120885848999
0.06902458518743515
0.4068312644958496
0.38267189264297485
-0.4489559829235077
-0.9770932793617249
0.19136694073677063
0.6779751777648926
-0.5750846266746521
-0.07110919058322906
0.7566618919372559
0.1904878467321396
-0.5788403749465942
-1.1845530271530151
-0.3487701714038849
0.2211681753396988
-0.03049108386039734
0.061329495161771774
0.09912489354610443
-0.7913216352462769
0.12548162043094635
0.4554935693740845
0.7295870780944824
0.498577356338501
-0.46379169821739197
-0.1968075931072235
0.14276352524757385
0.07189833372831345
0.4050513505935669
0.4778115153312683
0.19603592157363892
0.8446890711784363
-0.4181511104106903
0.006421342492103577
0.2714978754520416
-1.4918581247329712
-1.9730204343795776
-1.7321052551269531
-1.0232832431793213
-0.012046409770846367
-0.9377331137657166
-0.03755490854382515
0.8370857238769531
-1.0764504671096802
-1.582227349281311
-1.4452133178710938
-1.5411359071731567
-0.9859573841094971
-1.0583653450012207
-0.6187794208526611
0.2947239577770233
-0.41998523473739624
-0.950588047504425
-0.1857224702835083
0.34884440898895264
0.7715931534767151
-0.15612202882766724
-1.0362837314605713
-1.201359510421753
0.020649978891015053
0.08733382076025009
0.5987035632133484
0.7558299899101257
0.32685521245002747
-0.02522229589521885
-0.23924078047275543
-0.15372972190380096
0.4317823350429535
0.40971457958221436
-0.18647269904613495
-0.4915217161178589
-0.6896713972091675
-0.9801529049873352
-0.5970348715782166
-0.24047398567199707
-0.4656255841255188
-0.6540830731391907
-1.235776424407959
-1.2876904010772705
-0.6369926333427429
-0.40475642681121826
-1.078352928161621
-0.8700830936431885
-0.38205474615097046
-0.9150465130805969
-0.9971874952316284
-0.7283145189285278
-0.13275542855262756
-0.13566401600837708
-0.08472486585378647
-0.039522528648376465
-0.09061455726623535
0.46237948536872864
0.7390990257263184
-0.5036501884460449
0.07941906899213791
-0.7129244208335876
-0.8404266238212585
-0.6254653930664062
-0.851938784122467
-0.6616108417510986
-0.09021936357021332
-1.5705907344818115
-0.562369704246521
-1.0660628080368042
-1.7689228057861328
-0.5529778599739075
-1.7006382942199707
-1.2986024618148804
-0.9147890210151672
-1.9760668277740479
-0.7624613642692566
-1.0721131563186646
-1.0297908782958984
0.18406285345554352
-0.4010953903198242
-0.2492717206478119
-0.471225768327713
-0.4310463070869446
-0.733070969581604
-0.956262469291687
-0.27885717153549194
1.0603529214859009
0.3745447099208832
-0.17647504806518555
0.267206072807312
-0.3260590434074402
-1.516448974609375
-1.0521641969680786
-0.8235330581665039
0.4657537043094635
-0.7441208362579346
-0.3885272443294525
0.8696712255477905
-0.16636094450950623
-0.9115159511566162
-0.425279825925827
-1.1927845478057861
0.2253628820180893
-0.24053099751472473
-0.3661423921585083
0.7517088651657104
0.2219373881816864
-0.2649894952774048
-0.3522251546382904
-0.23420020937919617
0.9487094879150391
0.5648660063743591
-0.37384143471717834
-0.5146903991699219
-0.23728354275226593
-0.06513961404561996
