0.01696835644543171
0.19585442543029785
-0.7414064407348633
-1.1390587091445923
-0.623910665512085
-0.08873569220304489
0.6916996836662292
0.5513712763786316
-0.487441748380661
0.42660021781921387
0.06323249638080597
0.42913293838500977
0.5278188586235046
0.23587782680988312
0.6918988227844238
0.9323522448539734
-1.2291826009750366
0.9030536413192749
2.118694543838501
3.124544382095337
1.6220097541809082
0.7284724712371826
1.4535107612609863
1.5664962530136108
-0.4171563386917114
1.1823128461837769
3.4409263134002686
5.144227027893066
2.999739646911621
3.0064258575439453
2.6110384464263916
2.4387309551239014
-0.13459978997707367
1.5693402290344238
3.511322021484375
4.869900703430176
3.352789878845215
3.2996113300323486
2.303147792816162
2.037461280822754
0.8151366114616394
3.0551438331604004
4.550881862640381
5.853471279144287
4.169007301330566
3.0453598499298096
1.3355439901351929
1.4167625904083252
0.09506665915250778
2.064729690551758
3.700007200241089
4.199367523193359
3.0424041748046875
1.2306077480316162
-0.1547914296388626
0.006734063383191824
-0.4055083096027374
0.10786823183298111
0.47051578760147095
0.5246962904930115
0.5803574919700623
0.39073875546455383
0.011720583774149418
0.03441625460982323
-0.8208471536636353
-1.0774061679840088
-0.9930055141448975
-0.8672791719436646
-1.0847282409667969
-0.4960603415966034
-0.16154615581035614
0.2539580464363098
0.641215443611145
-0.3248704969882965
-0.8671855926513672
-0.7173624038696289
-1.0434846878051758
-0.657572329044342
0.07783070206642151
0.5135015845298767
1.2201319932937622
1.2845373153686523
1.1226465702056885
0.16316434741020203
-0.8052337169647217
-0.3710070848464966
0.518531858921051
0.7581873536109924
0.35227662324905396
1.1903892755508423
1.949757695198059
1.5628050565719604
0.4911556839942932
-0.04821928218007088
1.080377221107483
0.12054043263196945
-0.05919565260410309
-0.06209644302725792
-0.05380529537796974
0.03931262344121933
0.6552339792251587
0.1564299315214157
-0.027398910373449326
-1.0575608015060425
-0.15241774916648865
0.7668327689170837
0.7288103103637695
1.93731689453125
3.3205926418304443
2.1716203689575195
0.23847438395023346
-0.26998022198677063
0.009553765878081322
1.201831579208374
0.5267164707183838
1.5929402112960815
2.2408576011657715
1.5001518726348877
0.09236092120409012
-0.41679373383522034
0.3688274025917053
1.3331518173217773
0.3284567594528198
0.3141208291053772
0.3600638508796692
0.009173041209578514
-0.423728883266449
-0.5257134437561035
0.028877008706331253
0.1475345939397812
-0.27026286721229553
-0.3374102711677551
0.4450025260448456
-1.5434062480926514
-1.5124363899230957
-0.6507533192634583
0.27928510308265686
2.0388526916503906
2.2532620429992676
0.8891221880912781
0.6538246273994446
-0.5561129450798035
-1.2124812602996826
-0.19367362558841705
-0.007552689407020807
2.0038609504699707
2.872671127319336
2.0336709022521973
2.0078155994415283
2.4521825313568115
1.3500072956085205
1.839786410331726
-0.6772443056106567
2.8203125
5.257082939147949
6.315754413604736
3.1315574645996094
3.2068183422088623
1.1171166896820068
0.7603461742401123
-0.14374427497386932
3.305262327194214
3.666234254837036
3.8926737308502197
1.8029162883758545
1.783189058303833
0.31140121817588806
-1.100361943244934
-0.33050400018692017
1.9286285638809204
1.941217064857483
1.9024235010147095
2.0543947219848633
2.362112045288086
0.09075696766376495
-0.8469098210334778
-0.7497641444206238
-0.07403822243213654
-0.4876980483531952
-0.33622854948043823
0.03322572633624077
0.42785632610321045
-0.6469430327415466
-0.7885651588439941
-0.46168264746665955
-1.0072075128555298
-1.3472751379013062
-1.8710064888000488
-1.6509710550308228
-1.198872447013855
-0.57281094789505
-0.17242935299873352
-0.8164710998535156
-1.1733717918395996
-1.4386626482009888
-0.9488310813903809
-1.3893548250198364
-1.2286193370819092
-2.3071072101593018
-1.0776067972183228
-0.5089102387428284
-1.5224761962890625
-2.370279312133789
-2.093031883239746
-2.068577766418457
-1.1617980003356934
-0.621660590171814
-0.5786737203598022
0.392496258020401
-1.0819834470748901
-1.964203953742981
-1.0285499095916748
-1.2710607051849365
-1.2962130308151245
-1.3781533241271973
-1.779396891593933
-0.5963384509086609
-2.0135586261749268
-2.49363374710083
-2.6891894340515137
-3.3217592239379883
-4.324465751647949
-3.346893548965454
-2.888855218887329
-1.3466075658798218
-2.5842814445495605
-3.762371063232422
-4.340554237365723
-5.078880310058594
-5.082311153411865
-2.6385366916656494
-1.6288903951644897
-1.7343192100524902
-2.9182233810424805
-3.93276309967041
-5.497089862823486
-6.13438606262207
-5.733708381652832
-2.9208035469055176
-1.3972110748291016
-0.9770283102989197
-1.718165397644043
-2.3009092807769775
-3.2199347019195557
-3.346053123474121
-3.2370426654815674
-1.9841864109039307
-0.5987558960914612
-0.16687247157096863
-0.11111070215702057
-0.3961160182952881
-0.4448343813419342
-0.2855587601661682
-0.8256957530975342
-0.6873937845230103
-0.3945901095867157
-0.36815640330314636
-0.6731280088424683
-0.09973257035017014
0.5378226041793823
-0.2954261004924774
-0.8249115347862244
-0.96855628490448
-1.422242522239685
0.24071986973285675
-1.1097698211669922
-1.3419597148895264
0.4842081367969513
0.37358054518699646
-0.03569909930229187
0.018268965184688568
-1.5234864950180054
0.22657261788845062
-1.2000185251235962
-2.599520206451416
-1.65751314163208
-0.5316393971443176
-0.8017264008522034
-0.4386463761329651
-1.0043498277664185
-0.185380220413208
-1.3928184509277344
-3.586428642272949
-3.376643180847168
-1.748620867729187
-1.8615316152572632
-0.9155870676040649
-0.698536217212677
0.16221767663955688
-0.42546555399894714
-1.9920809268951416
-2.533426523208618
-1.5908286571502686
-0.6432174444198608
0.6405020952224731
0.12821072340011597
-0.37440329790115356
-0.8029056191444397
-0.749283492565155
-1.587834119796753
-0.44400840997695923
0.6459887623786926
1.4465335607528687
0.7533258199691772
-0.568536102771759
-0.8886722922325134
0.012049604207277298
0.17390072345733643
1.7239021062850952
1.902912974357605
2.096226692199707
0.9849022030830383
-0.6354290843009949
-0.5680579543113708
0.356527715921402
0.6612199544906616
1.242139458656311
0.5658218860626221
0.3318955898284912
0.09195055812597275
-0.5387169718742371
-1.221360206604004
-0.9195096492767334
-0.048095010221004486
1.1574758291244507
2.1769604682922363
2.5367274284362793
0.8427494764328003
0.10137450695037842
-0.5989035367965698
0.5997321009635925
2.2490427494049072
4.727519989013672
4.97628927230835
4.607236385345459
1.4449549913406372
0.36183640360832214
0.7562580704689026
3.285423994064331
6.160196781158447
7.922257423400879
5.374671936035156
3.8576488494873047
1.2393338680267334
-1.0903526544570923
0.600132405757904
4.170870780944824
6.824303150177002
6.196452617645264
4.309850215911865
2.830850124359131
1.6831879615783691
-0.8409168720245361
0.6910513639450073
2.963458299636841
5.765120983123779
3.8655645847320557
4.015320777893066
2.658888816833496
1.5366015434265137
-0.290128618478775
1.1774592399597168
2.3225436210632324
3.8313794136047363
1.387535572052002
0.954025149345398
-0.3619685471057892
0.1628105640411377
-0.1817968189716339
0.2396848052740097
-0.2252853363752365
-0.17417429387569427
-1.480109453201294
-1.8625953197479248
-1.767261266708374
-0.5598623752593994
-0.7364969849586487
-0.057579897344112396
0.14931215345859528
0.382295697927475
-0.11954451352357864
-0.7971800565719604
-0.7868706583976746
-0.5725916028022766
-0.9579470753669739
-1.0905394554138184
-1.3342846632003784
-2.690462827682495
-3.2633187770843506
-3.27888560295105
-2.9154903888702393
-1.3152341842651367
-0.7124271392822266
-1.2091870307922363
-3.5761845111846924
-4.698445796966553
-4.023489475250244
-1.9294641017913818
-3.169565439224243
-1.7850360870361328
1.45924711227417
0.9253632426261902
-1.0818767547607422
-2.2811620235443115
-1.2471431493759155
-1.115635871887207
-2.2376036643981934
-2.0741562843322754
1.5699224472045898
0.9675357341766357
-0.8763147592544556
-2.3241190910339355
-0.9744816422462463
-3.8932509422302246
-4.1927170753479
-3.4784719944000244
-0.07322558760643005
-1.1727039813995361
-2.431391477584839
-3.758762836456299
-1.4324606657028198
-3.095109224319458
-2.226383924484253
-1.3095731735229492
-1.0085121393203735
-2.297783613204956
-3.0052480697631836
-3.692234754562378
-0.8334133625030518
-1.539941430091858
-0.06329719722270966
0.5293774604797363
-0.6913022994995117
-1.5503901243209839
0.056191302835941315
0.08001294732093811
2.3027844429016113
1.9865061044692993
2.1163265705108643
1.4897315502166748
0.09271733462810516
-0.9310286641120911
0.14306586980819702
0.649632453918457
1.0284489393234253
0.6340460181236267
0.5909737348556519
0.5825659036636353
-0.7947594523429871
-0.6534666419029236
-0.04612460732460022
0.5118046402931213
-0.9695257544517517
-2.863152027130127
-2.632009267807007
-1.5209380388259888
-1.8457145690917969
0.3340213894844055
1.8270373344421387
2.676729917526245
0.32014524936676025
-2.1468825340270996
-2.056607484817505
-0.6866617202758789
-2.3429598808288574
1.3624788522720337
2.753587007522583
3.301192283630371
1.5822263956069946
0.11417414993047714
0.00397504260763526
0.5302934646606445
-2.3710811138153076
1.4334938526153564
3.915037155151367
5.337328910827637
4.100795745849609
2.376096248626709
1.98018479347229
2.478641986846924
0.6205256581306458
2.3365418910980225
3.9073286056518555
4.649734973907471
3.6212191581726074
2.902749538421631
2.2345099449157715
2.7510111331939697
0.7953976392745972
2.414036273956299
4.000576972961426
4.812318325042725
3.1990582942962646
2.6741459369659424
1.6029584407806396
2.2608609199523926
-0.2285935878753662
1.1970300674438477
2.260545492172241
3.3339028358459473
1.3805873394012451
0.8509119153022766
0.44616830348968506
0.8044291138648987
-0.9759160280227661
-0.02280263975262642
0.3790849447250366
0.6083037257194519
-0.5088469982147217
-0.04906870797276497
0.19861072301864624
0.356280118227005
-0.21552251279354095
-1.245752215385437
-1.4805930852890015
-0.33811289072036743
-0.6042513847351074
-1.484265685081482
-2.1784896850585938
-1.5822786092758179
1.09828782081604
-0.129337877035141
0.2511782944202423
0.6928157806396484
-0.4778822660446167
0.365576833486557
0.1695617437362671
-0.6726788878440857
1.1315090656280518
0.708083987236023
0.6590685844421387
0.24028798937797546
-0.0938878133893013
0.31750982999801636
-1.0440493822097778
-1.290209412574768
0.8487192392349243
0.05251789838075638
-0.031365543603897095
-1.2929633855819702
-1.4171676635742188
0.5128052830696106
1.0099061727523804
0.3599745035171509
0.4069271683692932
-0.016686342656612396
-0.866274356842041
-1.8085569143295288
-3.231109142303467
-2.315560817718506
-0.33018675446510315
0.3304532766342163
-0.3509015440940857
-0.7339964509010315
-1.4675750732421875
-1.115429401397705
-3.2913296222686768
-3.2624154090881348
-1.2027709484100342
0.07773278653621674
-0.48511114716529846
-1.3758776187896729
-2.7555112838745117
-2.271197557449341
-2.7896389961242676
-2.5535435676574707
-1.3251906633377075
-0.46961328387260437
-0.669335126876831
-1.185242772102356
-1.265676736831665
-0.9774059057235718
-0.6902317404747009
-0.796991229057312
-0.6514437794685364
-0.6668952107429504
-0.2951662242412567
-0.7059506773948669
0.2534382939338684
0.4760294556617737
0.5682658553123474
1.280403971672058
0.7321744561195374
-0.2458692193031311
1.3099541664123535
0.6464956402778625
0.5094956755638123
0.8915109038352966
1.3208733797073364
1.9945158958435059
1.8658074140548706
0.039832379668951035
1.3780796527862549
1.2440484762191772
0.6172261238098145
0.2739856541156769
1.2792472839355469
1.5619566440582275
2.440267562866211
0.7748994827270508
1.5993876457214355
2.2198097705841064
2.151238441467285
2.6769659519195557
2.799922227859497
2.9364571571350098
3.646467685699463
1.5250283479690552
1.2782975435256958
2.190570116043091
2.1785056591033936
3.263800621032715
2.02646803855896
2.9787139892578125
3.1967499256134033
0.9049313068389893
0.05748341977596283
0.8056026101112366
1.4219812154769897
3.5778448581695557
2.5977585315704346
2.8489832878112793
2.066800117492676
0.5992944240570068
-0.9291651844978333
-0.3852194845676422
0.06281029433012009
1.1990200281143188
0.8226058483123779
0.4061824381351471
0.21162617206573486
-0.3105301260948181
-1.0195831060409546
-0.3434126675128937
0.559701681137085
1.2488716840744019
0.9487690925598145
0.4257444739341736
0.14489230513572693
-0.18732574582099915
-0.8845258951187134
-0.3719635009765625
0.07005362957715988
-0.2496834695339203
0.27712541818618774
0.6637430787086487
-0.06969480216503143
-0.2970963418483734
0.11215349286794662
0.74705970287323
1.7567028999328613
1.6586265563964844
1.5097198486328125
2.0430519580841064
1.9397797584533691
0.5536870956420898
0.8626489639282227
1.9885903596878052
4.29136323928833
4.807859420776367
3.8103208541870117
3.5407910346984863
4.521386623382568
2.2806921005249023
2.626823663711548
4.125353813171387
5.419157981872559
5.785801887512207
5.191549777984619
3.8837430477142334
2.7706310749053955
1.108560562133789
1.0829448699951172
2.5859837532043457
2.3271565437316895
3.80073618888855
5.308478832244873
3.7119157314300537
0.004102162551134825
-0.7127392888069153
-0.27368757128715515
1.78120756149292
1.503862738609314
2.5842947959899902
3.9751436710357666
3.1036460399627686
-0.07432888448238373
-0.9275550842285156
-0.7375006079673767
-0.22147409617900848
1.026584506034851
1.0522252321243286
1.8850586414337158
1.519798755645752
0.18929140269756317
-0.524946928024292
-0.09472845494747162
-0.5017133355140686
-0.33592891693115234
-0.20408973097801208
0.07175072282552719
0.24535782635211945
-0.06546732783317566
-0.2713268995285034
-0.6108939051628113
-0.5047601461410522
0.002702325116842985
-0.7051660418510437
-1.8577286005020142
-1.9482784271240234
-0.8978909254074097
-0.39878445863723755
-1.440704107284546
-0.5505287051200867
0.3673321008682251
-0.07636425644159317
0.251858651638031
0.2408725470304489
-1.0902235507965088
-0.5062839388847351
-1.3975129127502441
-0.7562615275382996
-0.7622738480567932
0.00315030082128942
1.210833191871643
1.1800588369369507
-0.540076732635498
-0.3685973584651947
-1.3239617347717285
-1.42714524269104
-0.38430947065353394
0.7786133885383606
1.0022748708724976
1.5804717540740967
1.387637972831726
0.42701950669288635
0.13895246386528015
0.7431618571281433
2.3773908615112305
2.3418588638305664
3.033257007598877
3.273923873901367
2.706207036972046
0.9097524285316467
0.4192095100879669
1.3048044443130493
3.464540481567383
3.207545042037964
3.2638301849365234
2.627017021179199
1.5707488059997559
0.6209107041358948
0.37059929966926575
1.0649164915084839
1.6285842657089233
1.5642420053482056
1.471178412437439
1.1769707202911377
0.9376575946807861
0.3432266116142273
-0.600447952747345
-0.44560006260871887
-0.4903359115123749
-0.32733985781669617
-0.5235939621925354
-0.7780397534370422
-0.8499762415885925
-0.5860597491264343
-1.4798052310943604
-1.8493201732635498
-0.9775686264038086
-2.004282236099243
-3.60551381111145
-3.957206964492798
-4.045066833496094
-3.3157005310058594
-3.395188331604004
-3.0717859268188477
-3.0992074012756348
-3.3217196464538574
-4.304669380187988
-3.1492104530334473
-4.184010028839111
-3.7816271781921387
-2.829747438430786
-2.802672863006592
-3.7536461353302
-2.141939163208008
-0.7821775674819946
-0.7433202266693115
-3.6971025466918945
-2.6506693363189697
-1.3662314414978027
-2.014923334121704
-3.639321804046631
-3.0712664127349854
0.2579022943973541
0.39840376377105713
-2.191106081008911
-3.0687096118927
0.39992454648017883
0.47457608580589294
0.24062871932983398
-1.533940076828003
-0.738387942314148
-0.8776603937149048
-2.3906302452087402
-2.781590461730957
0.03903062641620636
-0.19183781743049622
-1.1708135604858398
-3.6456565856933594
-2.780992269515991
-1.5173603296279907
-2.3136870861053467
-1.5270137786865234
-1.4678947925567627
-2.151818037033081
-1.6207356452941895
-1.2809616327285767
-1.0618736743927002
-0.22196409106254578
-0.09444505721330643
-0.2302747517824173
-1.699423909187317
-1.7698650360107422
-1.1489603519439697
-1.0791841745376587
-1.346827745437622
-1.326533317565918
-1.273317813873291
-0.8136289715766907
-1.0914602279663086
-0.8191138505935669
0.015530903823673725
0.17799581587314606
0.5082936882972717
1.0562593936920166
0.7137184143066406
0.4199969470500946
-0.15293703973293304
0.63017737865448
2.412236213684082
1.8622790575027466
1.0455501079559326
0.6243736147880554
-0.44152429699897766
-1.188896656036377
1.4855867624282837
2.7077109813690186
3.7477481365203857
3.1208038330078125
3.8285248279571533
3.6020426750183105
3.298859119415283
1.216944932937622
1.0949715375900269
1.96346914768219
3.944392442703247
6.583618640899658
6.896549224853516
5.890961647033691
4.795673847198486
1.5805132389068604
-0.28573763370513916
0.12702220678329468
1.266296148300171
4.438778877258301
3.7269446849823
3.77013897895813
2.765230417251587
0.6967383623123169
-1.0065209865570068
-0.8809105753898621
0.19087010622024536
2.4954464435577393
1.7781380414962769
1.6870914697647095
0.9916508793830872
0.10431628674268723
-0.7644557952880859
-0.911334216594696
0.18399928510189056
0.2978161871433258
-0.3873782753944397
-0.10393277555704117
-0.1295950710773468
-0.684039831161499
-0.3820037543773651
-0.18455961346626282
0.6284927725791931
0.7152827978134155
0.49377453327178955
0.052497994154691696
-0.1267344355583191
-0.3423132598400116
-1.2497426271438599
-1.8962458372116089
-1.1033941507339478
-0.32557547092437744
-0.12994346022605896
0.2706642746925354
-0.34293290972709656
-0.32450035214424133
-0.4960192143917084
-0.7080668807029724
1.5027461051940918
1.906332015991211
2.2494468688964844
2.6074349880218506
1.1896393299102783
0.7664147615432739
0.9684076905250549
2.7519896030426025
4.423999309539795
4.411004543304443
6.413682460784912
6.045542240142822
3.576368808746338
2.5321998596191406
0.7108014225959778
3.6254289150238037
5.13861083984375
6.334566593170166
8.456814765930176
8.7107572555542
6.4747161865234375
4.896505832672119
1.6500108242034912
3.294198513031006
3.9984138011932373
4.695192813873291
5.776691913604736
5.595804691314697
5.3304057121276855
4.009459495544434
0.41584861278533936
1.1861392259597778
1.6289499998092651
2.592268943786621
2.31596040725708
2.4120378494262695
3.322141170501709
2.6187124252319336
-1.1365426778793335
-2.1336750984191895
-2.6454811096191406
-1.0898746252059937
-0.13992224633693695
0.7256280183792114
0.9421551823616028
0.5532566905021667
-0.9718170762062073
-1.098461627960205
-0.09615807235240936
0.35206544399261475
0.3902866244316101
0.02453276701271534
-0.16179876029491425
-0.3663524091243744
-0.4282269775867462
-0.13674603402614594
0.006630856543779373
-1.0485562086105347
-1.85967218875885
-3.1580114364624023
-3.3139760494232178
-2.8297712802886963
-0.49073025584220886
-0.18911439180374146
-0.36141395568847656
-2.0511534214019775
-2.7051913738250732
-3.854266405105591
-2.9373440742492676
-3.2209861278533936
-1.5619291067123413
-0.8273333311080933
-0.3208840787410736
-1.939897060394287
-2.684800386428833
-3.6099791526794434
-2.99056339263916
-1.8267751932144165
-1.0643731355667114
-1.0060920715332031
-0.5522093176841736
-2.2287802696228027
-2.7898614406585693
-2.727992534637451
-3.0250437259674072
-1.624038577079773
-1.460740327835083
-1.7968605756759644
-2.2460031509399414
-4.0436787605285645
-4.1630940437316895
-3.5762970447540283
-3.947813034057617
-1.9146089553833008
-1.4279946088790894
-1.056918740272522
-1.7131600379943848
-2.6741256713867188
-2.6659913063049316
-2.624309539794922
-2.2333993911743164
-1.4009013175964355
-1.5127297639846802
-0.597028374671936
-0.8020020723342896
-1.835915446281433
-2.307943344116211
-1.8928707838058472
-1.6618787050247192
-0.7884035110473633
-1.3089711666107178
-1.2306941747665405
-1.3657078742980957
-1.4395241737365723
-1.4291776418685913
-0.9948523640632629
-0.9848705530166626
-0.46834006905555725
-0.13841161131858826
-0.574093759059906
-1.290033221244812
-0.8044670224189758
-1.2765065431594849
-1.9689948558807373
-1.9857803583145142
-1.368856430053711
-1.390207290649414
-1.095553994178772
-1.1125541925430298
0.5700647830963135
0.5822526216506958
-0.11566135287284851
-1.321088194847107
-1.0693010091781616
-1.5158060789108276
-1.416117787361145
-1.4513452053070068
-0.09907865524291992
0.10272517800331116
0.7521695494651794
-1.439622163772583
-0.9847886562347412
-0.476855993270874
-0.35132357478141785
0.9429043531417847
1.5891369581222534
1.7785311937332153
4.366424083709717
2.316136360168457
1.7318639755249023
0.05030301958322525
1.287477731704712
3.0578672885894775
3.900219440460205
4.1095733642578125
4.230945587158203
2.469878673553467
2.2677626609802246
-0.4017520546913147
1.2886269092559814
2.9579856395721436
3.639662981033325
2.530059337615967
2.5143332481384277
0.7919461727142334
1.2957308292388916
-0.04925939068198204
1.1419358253479004
0.9557514190673828
0.8582199811935425
-1.0067882537841797
-0.7736858129501343
-1.298661708831787
-0.5094823837280273
-0.991714596748352
-1.1211938858032227
-0.8658942580223083
-0.1819894164800644
-0.8281910419464111
-0.3915601372718811
-0.5574129819869995
-0.4154059886932373
0.048065390437841415
-0.4935072660446167
-0.8484091758728027
-1.0714833736419678
-0.9892868995666504
-0.6297459602355957
-1.340428113937378
-1.6116582155227661
-1.4135075807571411
-2.1852619647979736
-1.899492859840393
-1.0264981985092163
0.02559218555688858
-1.3162716627120972
-2.892164945602417
-3.2253856658935547
-1.3646960258483887
-2.0309338569641113
-1.2402546405792236
0.36324018239974976
0.6540998816490173
-0.5380451083183289
-2.30794620513916
-2.2204620838165283
0.08500946313142776
-1.8923709392547607
-3.6549477577209473
-3.672091007232666
-2.821244239807129
-2.6096112728118896
-2.154008150100708
-1.019242525100708
-1.3872673511505127
-4.603061199188232
-6.923698902130127
-8.333063125610352
-6.213181972503662
-4.3298492431640625
-3.2974631786346436
-1.2802364826202393
-2.5201122760772705
-4.131131649017334
-4.2901411056518555
-5.3307623863220215
-2.9704103469848633
-0.8210178017616272
-0.9103179574012756
-0.4545438885688782
-1.2268438339233398
-0.6083847880363464
-0.5830122828483582
-0.2404426634311676
-0.6812683343887329
-0.32431381940841675
-0.8164526224136353
-0.783558189868927
-1.3734714984893799
-0.4806016683578491
0.04314657300710678
0.20266729593276978
-1.1447950601577759
-1.4669140577316284
-1.3728110790252686
-0.7943413853645325
-0.5214096307754517
-0.7161765694618225
-0.021249327808618546
1.718118667602539
1.9915212392807007
1.204750418663025
0.9970147609710693
0.4234301745891571
-0.7470356225967407
-0.38163599371910095
2.2244489192962646
4.483364582061768
3.8893444538116455
1.2767186164855957
-0.05706958845257759
-0.6909965872764587
-1.1136555671691895
0.14888478815555573
2.221264123916626
3.340059280395508
2.91793155670166
0.8237488865852356
0.4904470443725586
-0.5778149962425232
-0.41113489866256714
1.8036800622940063
2.937091112136841
5.079161643981934
3.3439645767211914
2.023897647857666
0.92061847448349
-0.016415158286690712
-0.003010089974850416
1.7472894191741943
2.0066921710968018
3.0207486152648926
1.0595703125
1.2716259956359863
1.4153423309326172
0.6541327238082886
0.7562904357910156
1.7113887071609497
1.941179633140564
2.1459603309631348
1.6573888063430786
2.6214609146118164
1.6728601455688477
0.6820707321166992
0.14571374654769897
0.6797425150871277
1.4491169452667236
1.5265965461730957
1.5891594886779785
1.2843496799468994
1.0382705926895142
0.1248106136918068
-0.5368351340293884
-0.3884945511817932
0.01792600005865097
-0.33471930027008057
-0.29554322361946106
-0.460734099149704
-0.19625212252140045
-0.15878653526306152
-0.5714614987373352
-0.39126670360565186
-0.3332759141921997
-0.3333926498889923
-1.1441702842712402
-0.7911988496780396
-2.0119240283966064
-1.294055461883545
-1.1870954036712646
-0.5397105813026428
1.0038213729858398
2.295531749725342
2.011852741241455
0.9371697902679443
-1.5164134502410889
-1.9137382507324219
-1.1770981550216675
-0.052340563386678696
3.1257379055023193
4.59975004196167
4.782989025115967
3.037975311279297
-0.21651078760623932
-0.9371774196624756
-1.0130106210708618
0.4967457950115204
1.8820698261260986
2.868812322616577
4.235426902770996
3.6054654121398926
1.6348367929458618
1.0300662517547607
1.4114923477172852
2.9792141914367676
2.072706699371338
1.167852759361267
2.5297014713287354
2.8446946144104004
2.3724522590637207
1.4763355255126953
1.1577585935592651
2.102703809738159
1.7843303680419922
0.7042911648750305
1.4035871028900146
1.1472941637039185
1.1345057487487793
0.4849141538143158
-0.2340557873249054
-0.3521435856819153
-0.12994617223739624
-0.607330858707428
-0.6186832189559937
-0.4224270284175873
-0.05031727999448776
-0.2811967134475708
-0.9030411839485168
-1.8610788583755493
-1.7928810119628906
-1.5709980726242065
-1.4935088157653809
-1.2181591987609863
-0.9687938094139099
-0.6754170656204224
0.13520939648151398
0.4593077301979065
0.6183744668960571
0.4911668300628662
-0.11961207538843155
-2.2028424739837646
-2.5764780044555664
-1.8076545000076294
0.4266720712184906
1.371983528137207
1.7136164903640747
0.7312774062156677
0.18593093752861023
-1.7104536294937134
-1.648169994354248
-1.3420082330703735
-0.6920515894889832
0.6581433415412903
2.002763271331787
1.6035350561141968
1.3908251523971558
0.21448683738708496
0.03566616773605347
-0.6608893871307373
-0.8017792701721191
0.7993249893188477
2.5331296920776367
3.7126054763793945
2.3963799476623535
2.2236742973327637
0.36058539152145386
-0.5706949234008789
-0.9383866786956787
0.97469562292099
1.7934645414352417
2.0530271530151367
0.7491041421890259
-0.12068750709295273
-2.2300140857696533
-2.4366836547851562
0.006349906791001558
1.888312816619873
1.7386314868927002
2.648827075958252
1.5656228065490723
0.060331791639328
-1.812159538269043
-2.472060203552246
0.1085067093372345
0.9987661242485046
0.9678663015365601
1.559348225593567
0.4859686493873596
0.061955686658620834
-0.9137781858444214
-0.9636988043785095
-0.21746879816055298
-0.21375975012779236
0.0940101221203804
0.17171703279018402
-0.24945153295993805
0.010375301353633404
0.03108934685587883
-0.023038450628519058
0.2157333791255951
0.6673475503921509
0.45998671650886536
1.2290616035461426
1.795310139656067
2.1487464904785156
1.2925519943237305
1.7439302206039429
0.9205392599105835
3.201451063156128
3.37068247795105
3.766432046890259
2.408062696456909
3.15584659576416
4.238186359405518
4.6018171310424805
1.0994699001312256
3.1621041297912598
4.100621700286865
4.656128883361816
2.7664132118225098
2.9782869815826416
4.099255084991455
4.097183704376221
1.142575740814209
3.27681303024292
5.126168251037598
4.1540374755859375
3.6297197341918945
3.394179582595825
4.331791877746582
2.983703136444092
0.7143632769584656
0.6231560111045837
1.8172105550765991
1.9170711040496826
1.4329971075057983
-0.44929176568984985
0.2775140404701233
-0.034454938024282455
0.35632389783859253
0.6287960410118103
0.4326937198638916
0.8569806218147278
0.9029344916343689
-0.33397912979125977
-0.3841138184070587
0.09872538596391678
0.9862966537475586
1.6219797134399414
0.5619090795516968
1.0109561681747437
0.3887525498867035
-0.783921480178833
-0.801143229007721
-0.19280825555324554
0.6577698588371277
0.9860581159591675
0.5053578019142151
-0.15074153244495392
-0.697780191898346
-0.5064469575881958
-0.5840758681297302
-0.18843889236450195
-0.7727288007736206
-0.8606001734733582
-0.21056781709194183
-1.059451699256897
-2.808680295944214
-2.6297354698181152
-2.964609384536743
-1.5506792068481445
-1.3161438703536987
-1.5121673345565796
-0.4196714460849762
-1.400089144706726
-2.389803409576416
-1.8712971210479736
-2.2513089179992676
-1.181333065032959
-1.1183922290802002
-1.1068828105926514
-0.8365704417228699
-1.227586269378662
-1.8872276544570923
-2.506925106048584
-3.331186532974243
-1.749862790107727
-1.5282576084136963
-2.1296534538269043
-2.3677265644073486
-2.9322221279144287
-4.122264862060547
-4.309296607971191
-3.044154405593872
-1.4295915365219116
0.628013014793396
0.5150460004806519
0.5563726425170898
-1.550581932067871
-3.2661986351013184
-2.93514084815979
-0.5661307573318481
-0.23582148551940918
0.6183164715766907
0.47007548809051514
1.2668646574020386
0.010655018500983715
-1.214321494102478
-0.8849819302558899
0.4882315993309021
0.39257553219795227
0.44805747270584106
-0.29359298944473267
0.3409291207790375
0.5159886479377747
-0.35708847641944885
-0.7316889762878418
-0.18722420930862427
-0.18914678692817688
0.10331004112958908
-0.187900573015213
-0.2974703013896942
-0.6848939657211304
-1.1737509965896606
-1.0515557527542114
-0.6524468660354614
-0.49837446212768555
-0.7310391068458557
-0.5836730599403381
-0.14576587080955505
-0.5289741158485413
0.3138260245323181
1.0923033952713013
2.3515729904174805
1.6524220705032349
0.1572171002626419
-0.14941301941871643
0.8705546855926514
-1.0640721321105957
0.09709225594997406
0.6718630790710449
2.799083709716797
2.245151996612549
1.1394363641738892
1.28193199634552
0.7233114838600159
-2.5048511028289795
-1.2258411645889282
-0.16397535800933838
2.656877279281616
1.484216570854187
1.409930944442749
2.0700058937072754
1.3530617952346802
-0.27278679609298706
0.7983472347259521
2.099581718444824
2.521800994873047
0.5654329657554626
0.2554309666156769
-0.2781851291656494
-0.5940869450569153
-0.07755403220653534
1.0364995002746582
2.8629019260406494
2.121005058288574
-0.5910705327987671
-0.4983278214931488
-0.6119051575660706
0.3964572548866272
2.1381566524505615
2.4445393085479736
2.82747220993042
2.110582113265991
-0.31662407517433167
-0.390556275844574
-0.8885692954063416
-0.23472701013088226
0.7896525859832764
2.2440242767333984
2.557623863220215
1.7093135118484497
0.270437628030777
-0.46331965923309326
0.26807519793510437
0.25334057211875916
0.062065016478300095
0.49752095341682434
0.39768853783607483
0.21105524897575378
-0.15856488049030304
-0.4341304898262024
-0.17908598482608795
0.044540371745824814
-0.6990492939949036
-0.8960360288619995
-0.8594861030578613
-0.29197046160697937
-0.20709086954593658
-0.04260803759098053
0.27570536732673645
-0.802452802658081
-2.106187105178833
-2.648533344268799
-1.5211697816848755
-0.5802344083786011
0.08471150696277618
-0.012287722900509834
0.1767970323562622
-1.1561279296875
-2.203453302383423
-2.4094431400299072
-0.5570502281188965
0.15241947770118713
-0.08327237516641617
0.28060269355773926
0.7078286409378052
-0.7258151769638062
-1.2390453815460205
-1.5874974727630615
-0.4951949715614319
0.5107806324958801
-0.3736857771873474
-0.0009115338907577097
0.3770308792591095
-0.06021256372332573
-0.37733638286590576
-0.3894501328468323
-0.5913099646568298
0.4506411850452423
-0.14776477217674255
-0.05029865726828575
0.37636446952819824
-0.02356419339776039
-0.27978453040122986
-0.41419923305511475
-0.7111022472381592
0.10886143893003464
0.02562643773853779
0.02698384039103985
0.3117421567440033
0.3840787708759308
-0.007070796564221382
-0.047030430287122726
-0.18240287899971008
-0.2915826141834259
-0.20382745563983917
-0.13007792830467224
-0.014884401112794876
0.10034409165382385
-0.1976604163646698
-0.11180420219898224
-0.0342826247215271
-0.002286796225234866
-0.019593650475144386
-0.27905479073524475
-0.47731226682662964
-0.4217066466808319
-0.006360930856317282
-1.2362931966781616
-1.8750081062316895
-1.5592166185379028
-0.7596135139465332
0.4324016869068146
0.701134979724884
0.6358898878097534
-0.6772074699401855
-1.3142696619033813
-1.4662740230560303
-1.16854989528656
-0.3997771143913269
0.9172322154045105
1.7410491704940796
1.3625961542129517
-0.9450014233589172
-1.454972743988037
-1.184660792350769
-0.8417758941650391
-0.3307638168334961
2.2927193641662598
2.6698224544525146
1.0356981754302979
-1.9666926860809326
-3.0122997760772705
-2.5168871879577637
-1.4912573099136353
-0.7051672339439392
0.46495309472084045
0.5400856137275696
-0.5346434712409973
-1.6745421886444092
-1.8290657997131348
-2.091557741165161
-2.3296639919281006
-1.59406316280365
-0.3730960488319397
0.3135231137275696
-0.6393595933914185
-1.8131237030029297
-1.3187255859375
-2.373488664627075
-2.6619629859924316
-2.0172195434570312
-0.7700546383857727
-0.14072667062282562
-0.9364197850227356
-2.412391185760498
-1.710073709487915
-1.5741370916366577
-1.5759108066558838
-1.4890477657318115
-0.861786425113678
-1.3568943738937378
-1.4736177921295166
-1.7492358684539795
-1.232102394104004
-0.8745890259742737
-0.8425538539886475
-0.7830514907836914
-1.1301205158233643
-1.8825528621673584
-1.7290607690811157
-1.3100007772445679
-1.904363751411438
-1.299063801765442
-1.492963194847107
-1.4804415702819824
-1.2330560684204102
-2.025871992111206
-1.55280339717865
-1.008092999458313
-1.1715961694717407
-0.25335103273391724
-0.6972280740737915
-1.4524530172348022
0.222582146525383
0.35689929127693176
0.06616444140672684
-0.7819868922233582
-1.1095173358917236
0.5723927617073059
-0.32529354095458984
-1.3436483144760132
0.2136705368757248
0.12802483141422272
-1.7922300100326538
-3.2326242923736572
-3.8696722984313965
-2.613370180130005
-1.4412647485733032
-1.5489825010299683
-0.5383917093276978
-1.6931400299072266
-3.388512134552002
-4.730169296264648
-3.9009828567504883
-3.266563892364502
-2.3111183643341064
-1.6857597827911377
-0.3548920154571533
-1.0541858673095703
-1.6614677906036377
-2.748239755630493
-1.8084696531295776
-1.454934000968933
-0.8573761582374573
-0.9927764534950256
-0.6238366365432739
-0.5966049432754517
-0.8325219750404358
-0.2710932791233063
0.47315627336502075
0.932811439037323
1.1229043006896973
0.43041953444480896
-1.0729120969772339
-1.214312195777893
-0.9473162293434143
-0.1258230209350586
0.2923015058040619
0.08974261581897736
0.05661078542470932
-0.059064071625471115
0.3610492944717407
0.32885950803756714
0.02156275138258934
-0.04457486420869827
-0.05218922719359398
-1.1719719171524048
-1.4955776929855347
-0.9708595275878906
-0.1700492948293686
-0.4095187485218048
-0.22353389859199524
-0.5508231520652771
-0.494403600692749
-0.42060476541519165
-0.7336830496788025
-0.9580426812171936
-1.3526229858398438
-1.4828627109527588
-0.9954309463500977
-0.9645171165466309
-1.1091011762619019
-0.15248771011829376
-0.1456429362297058
-1.0887700319290161
-1.5979194641113281
-1.6788642406463623
-0.45785585045814514
0.09078666567802429
-1.6112985610961914
-0.41723567247390747
-1.1972901821136475
-0.8258177638053894
-0.9076350927352905
0.03005247376859188
-0.18031999468803406
-0.41748756170272827
-2.3864879608154297
-1.3085352182388306
-1.222931146621704
-1.0559111833572388
-1.0253651142120361
0.7412446141242981
0.9989352822303772
0.7529976963996887
-0.606207549571991
-0.3017311990261078
-0.623572826385498
-0.6812635660171509
-0.21615244448184967
0.784541666507721
1.7100543975830078
1.448689579963684
0.023182343691587448
-0.46237730979919434
-0.9401497840881348
-0.683708667755127
-0.0041140723042190075
0.1607152819633484
0.39485153555870056
0.13186432421207428
-0.7408970594406128
-0.7387391328811646
-0.5446075201034546
-0.2257138341665268
0.022594284266233444
0.6646697521209717
0.4008447825908661
-1.3162009716033936
-1.8011044263839722
-1.7459923028945923
-1.9945296049118042
-1.968180775642395
-0.24272313714027405
0.9217167496681213
-1.5652390718460083
-2.8940486907958984
-2.1852710247039795
-2.2342138290405273
-2.2636115550994873
-2.668083429336548
-0.9162064790725708
-1.4112993478775024
-2.9236607551574707
-2.2710564136505127
-1.9138075113296509
-2.0342724323272705
-1.347143530845642
-1.9170929193496704
-1.5732550621032715
-2.683501958847046
-3.424199342727661
-2.3578968048095703
-2.510169267654419
-2.9253346920013428
-2.5625786781311035
-3.3202383518218994
-1.491260051727295
-1.8510451316833496
-1.5693137645721436
-1.4014943838119507
-2.0478527545928955
-1.8546884059906006
-0.9254705309867859
-1.47402822971344
-0.3508612811565399
-0.16197910904884338
-0.2483184039592743
-1.7185757160186768
-2.347856044769287
-0.9365990161895752
-0.5053967237472534
-1.3148581981658936
-1.3862566947937012
-1.2090096473693848
0.229093998670578
0.22714462876319885
-0.585377037525177
-0.29411524534225464
-0.2205258309841156
-0.6597234010696411
-1.4629499912261963
-2.1859748363494873
-1.153801679611206
-0.3811022639274597
-0.8233392238616943
-0.870688259601593
-0.7505616545677185
-0.39152005314826965
-0.13137251138687134
0.2615072429180145
-0.7438868284225464
-0.9769248366355896
-2.390200614929199
-3.839214563369751
-4.490055084228516
-2.210575580596924
-2.0937530994415283
-0.5804128646850586
0.37336668372154236
1.640804409980774
-1.0166819095611572
-3.084735870361328
-4.424647331237793
-2.6941545009613037
-2.2926743030548096
-0.45948827266693115
2.4901068210601807
4.198360443115234
1.3706976175308228
-0.48318132758140564
-2.174013376235962
-0.9523614645004272
-0.04487629607319832
2.1497576236724854
4.539559364318848
4.28653621673584
2.3520259857177734
2.94026517868042
1.1328381299972534
1.3782309293746948
1.911877989768982
4.059957504272461
4.78285026550293
3.370811939239502
1.5550795793533325
0.2725910246372223
-0.3463689982891083
0.33197036385536194
1.4628610610961914
3.740349054336548
3.7634167671203613
1.8492602109909058
1.1359938383102417
0.3123372793197632
0.04707478731870651
0.2565825879573822
-0.054833002388477325
1.637622356414795
2.280533790588379
1.8534858226776123
1.2390236854553223
0.2832329571247101
0.05427964776754379
-0.2417222559452057
-0.8310580253601074
-1.273996353149414
-1.2124894857406616
-1.9369970560073853
-2.1158785820007324
-1.0666955709457397
-0.8360196352005005
-0.28409937024116516
-0.42632821202278137
-0.02101132832467556
0.003952307160943747
-1.0574290752410889
-1.6780550479888916
-1.7954328060150146
-0.28911298513412476
-0.02678251452744007
0.3562677800655365
0.12913967669010162
-0.8441623449325562
-1.9598256349563599
-2.5395216941833496
-1.6287871599197388
0.556499719619751
0.3546881675720215
0.058934472501277924
-0.9289851188659668
-2.3062381744384766
-2.9151108264923096
-2.2484352588653564
-0.9438278675079346
-0.2776700258255005
-0.07932104170322418
1.056365728378296
1.044926643371582
-1.525763988494873
-2.7231252193450928
-3.0156285762786865
-0.6153337955474854
-0.046213336288928986
0.23241806030273438
-0.04451305791735649
0.18436503410339355
-1.6697077751159668
-3.0618457794189453
-2.733969211578369
-0.6055319905281067
0.5326429605484009
0.14305537939071655
-0.531956136226654
-0.547791063785553
-0.5718085169792175
-0.9028618335723877
-0.6173393726348877
0.5710031986236572
1.5254449844360352
0.7181203365325928
0.3076931834220886
0.01939827762544155
0.4964505434036255
0.24588803946971893
1.0236942768096924
1.6464825868606567
1.3631346225738525
0.778993546962738
0.23389534652233124
0.5643855929374695
0.5870449542999268
0.715961217880249
1.020400047302246
0.42762330174446106
0.016444562003016472
-0.14488694071769714
-0.17134679853916168
0.21583567559719086
0.3447689414024353
0.9685231447219849
0.4709117114543915
-0.2691798210144043
-0.05564060062170029
-0.0007984177791513503
-0.3429087996482849
0.5833563208580017
2.7087225914001465
4.021464824676514
4.100325107574463
2.339733600616455
2.1471025943756104
1.2290297746658325
-0.7745857834815979
0.5237159132957458
2.564534902572632
3.981982469558716
4.100750923156738
4.0777130126953125
3.24611759185791
2.478154182434082
-1.1402908563613892
0.2881113290786743
4.190234184265137
6.210058689117432
6.5355544090271
7.206092357635498
5.597897052764893
4.0175909996032715
-0.8355523943901062
0.48765406012535095
2.6139931678771973
4.499325275421143
3.9846651554107666
3.437429666519165
1.92728590965271
2.234050989151001
-0.10102006047964096
1.6352485418319702
2.287057638168335
3.1087610721588135
1.6135004758834839
1.279208779335022
0.5042868256568909
1.736754059791565
-0.07076098769903183
0.24143260717391968
-1.0481637716293335
-0.7661696076393127
-1.2144029140472412
-1.1903347969055176
-1.0154309272766113
-0.09426458925008774
-0.49908217787742615
-0.6512405872344971
-0.42930641770362854
-0.10017143189907074
-0.13905714452266693
-0.14527614414691925
-0.26533159613609314
-0.18222397565841675
-0.698035478591919
-0.248581662774086
0.04361356422305107
-0.36064329743385315
-1.1543397903442383
-2.718963384628296
-2.285076379776001
-1.1109029054641724
-1.8851364850997925
-0.846996009349823
-0.539843738079071
-1.1114599704742432
-2.9099671840667725
-3.4203553199768066
-3.114159107208252
-1.406078577041626
-1.7256745100021362
-0.6382210850715637
-0.31731414794921875
-0.7658898830413818
-2.4662907123565674
-2.2023234367370605
-1.9294753074645996
-0.6988816857337952
-0.2773667871952057
0.7719095945358276
0.9317950010299683
0.5023157596588135
0.702087938785553
1.127789855003357
1.3666844367980957
1.242428183555603
0.5611445903778076
1.9506020545959473
3.3176097869873047
2.3835911750793457
2.4528515338897705
1.5882514715194702
1.8823949098587036
1.0802571773529053
0.6091390252113342
1.838950753211975
3.3081002235412598
3.6730308532714844
3.817274570465088
2.9477579593658447
2.3718807697296143
1.303196907043457
0.24793006479740143
0.49333715438842773
1.4667942523956299
2.8528530597686768
3.2891526222229004
2.7698042392730713
1.939682960510254
0.8361035585403442
0.0586424246430397
-0.10587982088327408
-0.3628479242324829
-0.38799136877059937
-0.24073198437690735
0.1876014769077301
0.2555531859397888
0.23815226554870605
-0.5389087200164795
-0.2869521677494049
0.13627532124519348
0.4714169502258301
-0.34404468536376953
-0.9980673789978027
-1.7616491317749023
-1.3053629398345947
-0.9064750671386719
-0.5452793836593628
0.1608344167470932
1.7273825407028198
0.9660646915435791
-0.9038590788841248
-2.0131614208221436
-2.0880420207977295
-1.4176559448242188
-0.5334656834602356
1.343864917755127
2.94439697265625
2.1858346462249756
0.5520142912864685
-0.2712412476539612
-0.2570077180862427
-1.5035040378570557
0.2274390608072281
1.5391714572906494
2.9007833003997803
2.9006099700927734
2.405374526977539
1.2247761487960815
0.890509843826294
0.41645801067352295
1.707106351852417
2.498549222946167
2.4437081813812256
1.6074631214141846
2.0682809352874756
1.6338233947753906
1.7029742002487183
0.7570962309837341
1.875014305114746
2.0514025688171387
2.396148204803467
1.4299967288970947
2.1062796115875244
1.8228366374969482
1.828248381614685
0.09428876638412476
1.1747875213623047
1.7706043720245361
1.9187211990356445
0.13810451328754425
0.3204101026058197
0.6719174385070801
0.5940372347831726
-0.43690481781959534
-0.10216713696718216
0.22751197218894958
0.29276028275489807
-0.34687507152557373
0.38641396164894104
0.3876928985118866
0.3398785889148712
-0.2478131204843521
-0.7466729283332825
-0.15318463742733002
0.31488946080207825
0.3863913118839264
0.9546745419502258
-0.12161131948232651
-0.28343072533607483
1.029787540435791
1.285102128982544
2.019414186477661
1.8009026050567627
1.6875942945480347
1.562456488609314
1.2937146425247192
0.6081066727638245
1.795301079750061
2.443406105041504
3.540196180343628
3.1749062538146973
3.0599937438964844
2.603180170059204
2.428889751434326
0.9888044595718384
1.4972748756408691
2.625215530395508
2.7463748455047607
3.4700732231140137
3.5069475173950195
2.9443137645721436
2.8524091243743896
1.034448504447937
0.6698168516159058
0.8115127682685852
-0.2250693291425705
-0.24195531010627747
-0.4656005799770355
0.7295128107070923
1.7313649654388428
0.3142987787723541
-0.6020102500915527
-1.0876778364181519
-1.3590306043624878
-1.3968387842178345
-1.3401747941970825
-0.3748627007007599
0.22968168556690216
-0.5568719506263733
-0.2150430679321289
-1.088632345199585
-1.0110907554626465
-1.6190472841262817
-0.7771285772323608
-0.6266169548034668
-0.560042679309845
-0.6800016760826111
-0.0562724694609642
-0.19889432191848755
0.5450834035873413
0.05366514250636101
0.28100353479385376
0.13036039471626282
-0.1196417361497879
-0.14502477645874023
-0.8173600435256958
-0.7692829370498657
-0.9071500301361084
-1.0424418449401855
0.15753383934497833
0.12324187904596329
0.5035849809646606
-0.43179067969322205
-0.9593830108642578
-0.49949654936790466
-1.3543263673782349
-0.6070431470870972
1.3962312936782837
2.9774961471557617
2.7921204566955566
1.3421995639801025
0.10286255925893784
-0.00720609538257122
-1.6956000328063965
-0.48556801676750183
1.3145760297775269
1.985349416732788
2.2574334144592285
1.8869178295135498
0.7969965934753418
1.0592392683029175
1.3555742502212524
0.61215740442276
2.0564777851104736
2.8158180713653564
3.244046926498413
3.492173194885254
-0.13123548030853271
-0.09773726016283035
0.38203927874565125
0.46329134702682495
1.6551401615142822
1.8675793409347534
2.6289548873901367
3.0757269859313965
-0.4441307485103607
-0.3967861235141754
1.091199517250061
3.1585466861724854
3.9253015518188477
3.758913516998291
3.5807619094848633
2.7823033332824707
-0.31561461091041565
0.41407886147499084
1.8362454175949097
3.2819204330444336
3.0388448238372803
2.394435167312622
1.5414392948150635
0.9356310963630676
-0.6159965991973877
0.3356190025806427
0.882239580154419
1.564259648323059
1.0559340715408325
0.5378449559211731
0.039348304271698
-0.02266504429280758
-0.8582078218460083
-0.5666779279708862
-0.7901756763458252
-0.6404298543930054
-0.8566492795944214
-0.25897493958473206
-1.0729992389678955
-0.5626363158226013
-1.4016090631484985
-0.7568124532699585
-1.3695873022079468
-0.7138218283653259
-0.3272530138492584
0.8019995093345642
-0.8777313828468323
-1.0632734298706055
-0.3178514838218689
-0.2253221571445465
-1.2546292543411255
-0.428371787071228
-0.4901506304740906
0.3978021740913391
-0.3369987905025482
-0.7694633603096008
0.4100487530231476
1.3706623315811157
0.27337151765823364
-0.7917376160621643
-1.4375584125518799
0.7170584201812744
0.8329716324806213
0.021990060806274414
0.3530447483062744
1.261914849281311
1.4820761680603027
-1.10269296169281
-1.6575095653533936
-0.28193536400794983
0.6095841526985168
-1.0179721117019653
-0.09354924410581589
0.585939884185791
1.179290533065796
-0.339708536863327
-0.0853469967842102
0.5263623595237732
0.5353556275367737
-0.7802295088768005
-0.3750409483909607
-0.42360445857048035
0.8069576025009155
1.2206281423568726
1.288175344467163
0.9708378911018372
0.36203843355178833
-0.39609402418136597
0.41820815205574036
0.14609721302986145
0.2341543436050415
-0.19425812363624573
-0.7293760180473328
-0.8886657953262329
-0.8825728893280029
-0.5686028003692627
0.16352412104606628
-0.07107760012149811
-0.8109906911849976
-1.153643250465393
-0.9867031574249268
-1.3503106832504272
-0.09127099066972733
-0.010256144218146801
0.23981040716171265
0.17307044565677643
-0.8901129364967346
-1.8650498390197754
-1.446446418762207
-1.056497573852539
-0.0015658618649467826
0.4204603433609009
0.14839164912700653
0.2250044047832489
-0.4946206510066986
-1.1479219198226929
-1.3395594358444214
-0.6081088185310364
0.18343640863895416
-0.11281487345695496
0.14492051303386688
1.3796449899673462
0.33471500873565674
-0.5162755846977234
-2.0972373485565186
-1.040020227432251
-0.8126946687698364
-0.77302485704422
-0.25921279191970825
0.3612363934516907
-0.19085562229156494
-0.971474826335907
-1.7804841995239258
-0.8106588125228882
-0.4332308769226074
-0.25770270824432373
0.19274909794330597
0.9213026762008667
1.0149157047271729
0.08238978683948517
-1.0450440645217896
-0.3989407420158386
-0.21215148270130157
-0.30392223596572876
0.13837860524654388
0.12944035232067108
0.7880009412765503
0.571212649345398
0.7140176296234131
0.3729228377342224
-0.0462767519056797
-0.1922835260629654
-0.14968661963939667
-0.29746654629707336
-0.009330080822110176
-0.09932143986225128
-0.08324389159679413
-0.38605043292045593
-0.5112078785896301
-0.34260791540145874
-0.1070559099316597
-0.25649550557136536
-0.5417917966842651
-0.0066014742478728294
-0.5749217867851257
-1.3655959367752075
-1.9146686792373657
-0.8350631594657898
1.2952804565429688
0.3675723969936371
-0.15106967091560364
-1.6056777238845825
-1.716149926185608
-1.3489619493484497
-1.2269850969314575
-1.0010724067687988
0.848964512348175
0.25660383701324463
0.5165805816650391
-0.2790869474411011
-1.245679259300232
-1.1193418502807617
-1.5892313718795776
-1.9722143411636353
-0.5279310941696167
-0.5233787298202515
-1.0305413007736206
-2.8564045429229736
-3.1696770191192627
-3.3745059967041016
-2.560807466506958
-1.978620171546936
-1.0795716047286987
-1.8318792581558228
-4.014106750488281
-4.687755584716797
-4.801525592803955
-3.982626438140869
-3.243419885635376
-2.210392951965332
-1.2407184839248657
-1.7785972356796265
-3.2749240398406982
-3.1444013118743896
-3.1726958751678467
-2.9783873558044434
-2.662794351577759
-1.530024766921997
-0.5394365787506104
-0.665886640548706
-1.239194631576538
-1.9518108367919922
-1.747645616531372
-2.2789571285247803
-1.8348833322525024
-0.9397863149642944
-0.13050496578216553
-0.06640345603227615
0.0657728910446167
-0.47087183594703674
-0.6899052262306213
-1.0773305892944336
-1.0117864608764648
-0.7739169597625732
-0.15232239663600922
-0.4480026364326477
-0.3164101541042328
-0.3102874755859375
0.32166531682014465
0.5508555769920349
0.6200164556503296
0.3300078213214874
1.642807126045227
0.702778160572052
1.7049578428268433
0.9828509092330933
1.446560025215149
1.5065052509307861
1.6503957509994507
1.3839164972305298
1.5115340948104858
1.4327327013015747
2.5693109035491943
2.1522786617279053
2.703295946121216
2.4378414154052734
2.2329602241516113
1.8190257549285889
1.0329183340072632
2.158468723297119
3.414271116256714
4.331655979156494
3.3876545429229736
3.3305249214172363
2.879647731781006
1.4164228439331055
-0.16242215037345886
0.6043127775192261
1.3847711086273193
2.8545238971710205
2.9800918102264404
2.48720121383667
0.7204474210739136
-0.22725585103034973
-0.49486416578292847
0.6255442500114441
1.26835036277771
3.208519220352173
3.4835946559906006
1.9985405206680298
-0.2557762861251831
-0.7455715537071228
-0.26270145177841187
0.9421338438987732
0.6738152503967285
1.0431934595108032
0.6852768659591675
0.047510452568531036
-0.9686163067817688
-0.8716342449188232
-0.014602726325392723
0.715010941028595
0.410299688577652
0.09804419428110123
-0.06874120980501175
-0.10759502649307251
-0.3698975145816803
-0.5029781460762024
-0.260477751493454
0.05050056427717209
0.10001102089881897
0.7625570297241211
0.31811800599098206
-0.8054110407829285
-1.0907063484191895
-0.8659071922302246
-1.4437534809112549
-0.0552193783223629
1.7067334651947021
2.4101474285125732
1.4462119340896606
1.0827206373214722
1.1310490369796753
0.4845253527164459
-0.6995158195495605
-0.05651365593075752
1.1312605142593384
1.6847460269927979
1.0704580545425415
0.8370482921600342
0.7070899605751038
0.9100161790847778
0.06506659835577011
0.5131852030754089
1.7959457635879517
2.249101400375366
1.9832295179367065
1.8168132305145264
2.11089825630188
2.3968796730041504
0.7291111946105957
2.2969794273376465
2.6026992797851562
2.9179506301879883
1.4724687337875366
0.3082091510295868
1.0650112628936768
1.7210026979446411
0.1151670441031456
1.8076450824737549
1.7783547639846802
1.581749677658081
-0.3976207673549652
-0.8441638350486755
-0.5633779764175415
0.4165751039981842
0.030814042314887047
-0.018899528309702873
-1.0181270837783813
-1.2222867012023926
-1.9665441513061523
-1.285154104232788
-0.5529343485832214
-0.22777345776557922
-0.6952114701271057
-1.0939050912857056
-1.2071226835250854
-1.6722333431243896
-1.523168683052063
-0.7288995385169983
-0.3512464165687561
-0.35867393016815186
0.08436087518930435
0.1406446397304535
0.444145143032074
0.6024038791656494
0.2913563549518585
0.06223272159695625
-0.3907507061958313
-0.3727518320083618
0.7662299275398254
1.1533998250961304
1.5767608880996704
1.3847631216049194
1.2287925481796265
0.8921910524368286
0.40356478095054626
-0.8189132809638977
0.15982310473918915
0.5222575068473816
1.1071934700012207
1.5960545539855957
2.2672767639160156
3.108228921890259
1.6908656358718872
-0.2425106018781662
0.0764414593577385
1.388466715812683
1.3545562028884888
2.4930331707000732
3.138395071029663
2.960721492767334
1.0994282960891724
-1.181699514389038
-0.0875064879655838
1.2955704927444458
0.013762925751507282
0.07235298305749893
0.8632962107658386
0.6283930540084839
-1.1119928359985352
-2.079068660736084
-0.21184231340885162
0.6638514995574951
-0.7102830410003662
-1.402087688446045
-1.3453227281570435
-1.2911100387573242
-1.5773717164993286
-2.0383236408233643
-0.14763669669628143
-0.1512412130832672
-0.649446427822113
-1.5447423458099365
-1.9606281518936157
-1.3724550008773804
-1.1645218133926392
-1.4382209777832031
-0.41648560762405396
-0.738474428653717
-1.213870882987976
-1.6816432476043701
-1.5786046981811523
-1.3000049591064453
-1.0278592109680176
-0.8932520151138306
-0.733404278755188
-1.1279263496398926
-0.7054060697555542
-0.420792818069458
-1.3608139753341675
-1.7262043952941895
-2.8587024211883545
-1.7605352401733398
-1.2310210466384888
-1.0769661664962769
-0.1586991399526596
0.19707264006137848
-0.35315731167793274
-0.6648265719413757
-2.5587072372436523
-1.626702070236206
0.44033363461494446
1.2317736148834229
2.2267701625823975
1.7212615013122559
2.1585328578948975
2.7606143951416016
0.22099220752716064
0.23775550723075867
1.4013630151748657
2.5243165493011475
2.4379191398620605
2.3966729640960693
4.617493629455566
5.646517276763916
3.2692949771881104
1.8649944067001343
2.1484298706054688
3.1968870162963867
2.12591552734375
2.36918306350708
3.7140321731567383
3.2586987018585205
1.5897701978683472
1.0100646018981934
1.0035678148269653
1.746451497077942
0.7743821740150452
0.734123945236206
1.573401927947998
0.8900954127311707
0.571198582649231
0.5356424450874329
-0.262296587228775
-0.5135131478309631
-0.7038886547088623
-1.0551475286483765
-0.2719089388847351
0.16260361671447754
0.6387752294540405
0.3011007606983185
-1.1765350103378296
-1.8942136764526367
-1.139788031578064
-1.229297161102295
-0.9358091950416565
-0.3844158947467804
-0.10058340430259705
0.05698773264884949
0.08685958385467529
0.1452275961637497
0.4701744616031647
0.5853033661842346
0.49339815974235535
0.2141302525997162
0.5488156676292419
0.17548459768295288
-0.43115153908729553
1.1904751062393188
2.8356759548187256
3.7422564029693604
3.6668777465820312
2.219191789627075
0.9530505537986755
0.5415980815887451
-0.058965668082237244
1.8327428102493286
3.5541436672210693
5.367709636688232
5.012977600097656
4.428940296173096
2.181077480316162
1.4264482259750366
0.0918942242860794
1.6863172054290771
2.8038246631622314
4.746749401092529
5.742527484893799
5.672979354858398
3.708214282989502
2.5067596435546875
1.2460741996765137
2.3072988986968994
2.3608126640319824
2.9011449813842773
3.6267197132110596
2.8849964141845703
2.5005760192871094
1.880760908126831
0.5847128629684448
1.6516032218933105
1.681336760520935
1.338052749633789
1.6722265481948853
1.0842305421829224
1.1119966506958008
0.7728196382522583
-0.3512243926525116
-0.10897982865571976
-0.26603055000305176
-0.5995514392852783
-0.2608444392681122
0.1932593435049057
0.19532954692840576
-0.05232028290629387
-0.8253069519996643
-1.5045690536499023
-1.4851404428482056
-1.314012050628662
-1.0341161489486694
-0.6239401698112488
-0.6730794310569763
-0.29441797733306885
-0.7690533399581909
-1.0258071422576904
-0.4109032452106476
0.0922645777463913
-0.08986268192529678
-1.0346027612686157
-0.7035898566246033
-0.589296817779541
-1.686702013015747
-0.989630401134491
0.7061653137207031
0.7757053375244141
0.05063515529036522
-0.9524560570716858
-1.019273042678833
-0.43250423669815063
-2.3137030601501465
-1.5018677711486816
0.2562910318374634
-0.06252133846282959
-0.2411244958639145
-0.8021620512008667
-1.977162480354309
-1.065330982208252
-2.578601121902466
-1.4528007507324219
0.37216243147850037
0.7203049659729004
-0.022874295711517334
-0.7599213719367981
-1.5048034191131592
-0.885823667049408
-0.8579699993133545
-0.9082385897636414
0.42551618814468384
1.5548536777496338
0.7520267367362976
0.20723150670528412
-1.1184157133102417
-0.3354891538619995
-0.3174051344394684
0.01965264417231083
2.0263261795043945
3.8475632667541504
2.771742343902588
1.407242774963379
-0.8601129651069641
-0.13181138038635254
-0.2473333179950714
0.5519580245018005
0.44166141748428345
1.2212204933166504
0.7591421604156494
-0.01665147766470909
-1.0215038061141968
-0.3509334325790405
-0.757462739944458
-0.208581805229187
-0.032398998737335205
0.5225548148155212
0.11764545738697052
-0.287039577960968
-0.4547274112701416
-0.4153059124946594
-0.07114271819591522
-0.06851597875356674
-0.8016361594200134
-1.2098387479782104
-0.41826558113098145
1.1554453372955322
1.998795509338379
0.7795377373695374
-0.7323899865150452
-0.45580729842185974
-1.1721831560134888
-2.228837728500366
-0.35694101452827454
1.1302037239074707
1.1793733835220337
0.20669585466384888
0.0038560256361961365
-0.24226172268390656
-0.45850592851638794
-0.021324429661035538
0.957573413848877
0.6181631088256836
0.19991178810596466
-0.8133057355880737
0.8804165720939636
0.7196682095527649
0.035657454282045364
0.44093096256256104
0.1858736127614975
0.26341280341148376
0.24440306425094604
-0.8642462491989136
0.03271527960896492
-0.05030065029859543
-0.14142557978630066
-0.31040090322494507
-0.4641878604888916
-0.7949978113174438
-0.8976454734802246
-0.7080368399620056
-0.25045499205589294
0.0823546051979065
-0.04601823911070824
-0.4635828137397766
-0.8143700957298279
-1.3264554738998413
-1.3885682821273804
-0.7783560752868652
-0.18898265063762665
0.17075958847999573
0.4349074065685272
-0.06308039277791977
-0.30566567182540894
-1.179794430732727
-1.3674451112747192
-1.1089717149734497
-0.6852210760116577
-0.5776605606079102
-0.5231055021286011
-0.4514879286289215
-0.4767059087753296
-1.0275636911392212
-1.3307007551193237
-1.0139795541763306
-0.843221127986908
-1.6236255168914795
-2.992037057876587
-3.080728054046631
-2.4419126510620117
-1.3729043006896973
-1.1875874996185303
-0.7065792083740234
0.09428729861974716
-0.7542834281921387
-4.0659685134887695
-5.43320369720459
-3.714557647705078
0.399731308221817
-0.9895927309989929
-1.5604499578475952
0.9650269150733948
0.3565773069858551
-2.640018939971924
-4.996160507202148
-4.008378028869629
-0.09447755664587021
-0.6043573617935181
-1.6142181158065796
1.5941658020019531
1.0764904022216797
-0.5642497539520264
-3.0929203033447266
-2.6891989707946777
0.4485709071159363
0.73533034324646
-0.38318440318107605
0.17815469205379486
-0.4413631558418274
-0.7763929963111877
-0.059726785868406296
0.4399970471858978
2.0085997581481934
1.9854902029037476
0.006027691997587681
-0.6199443936347961
-1.2368550300598145
-0.3225267827510834
1.5286107063293457
0.778045654296875
1.2598364353179932
1.3336803913116455
-0.07303221523761749
-1.182482361793518
-1.2198576927185059
-0.5996980667114258
0.20475436747074127
0.056884635239839554
-0.12991759181022644
-0.28757864236831665
-0.44448521733283997
-1.5591720342636108
-1.3505786657333374
-0.8207606077194214
0.05731597915291786
-0.24931783974170685
-0.6878775954246521
-0.6655725836753845
-0.5841724872589111
-0.25206273794174194
-0.1433771252632141
0.2310885339975357
0.13339687883853912
-0.1950320303440094
-1.0068013668060303
-1.4637954235076904
-1.0093587636947632
0.41166242957115173
0.8524073958396912
0.16241925954818726
-1.5719562768936157
-2.1026084423065186
-1.0810099840164185
-1.2678828239440918
-1.0311176776885986
0.2322496771812439
-0.13017316162586212
-0.8517417311668396
-0.899273693561554
-1.0013867616653442
-0.3932759463787079
-1.3742756843566895
-1.1727765798568726
-0.17829498648643494
-0.6943065524101257
-1.7921448945999146
-2.455287456512451
-3.356363534927368
-5.033666610717773
-4.553347587585449
-3.8163819313049316
0.032834891229867935
0.092217355966568
-1.7212798595428467
-3.1808128356933594
-3.568474531173706
-5.9714884757995605
-5.134225368499756
-5.038145542144775
-0.05255807936191559
-0.1531783491373062
-3.4108779430389404
-6.508054256439209
-4.72140645980835
-5.4660773277282715
-4.126781940460205
-3.928602933883667
-0.45738518238067627
-1.8337273597717285
-3.198652982711792
-3.9473791122436523
-2.9785940647125244
-2.5587167739868164
-1.7614762783050537
-1.776375651359558
-0.28013521432876587
-1.8267046213150024
-1.9867435693740845
-2.4286115169525146
-2.0380280017852783
-1.7710579633712769
-1.4190040826797485
-1.0485292673110962
-0.4511626064777374
-0.5004144906997681
0.03527294844388962
1.350508451461792
1.6828255653381348
0.1883748173713684
-1.9592361450195312
-1.8167011737823486
-0.8950276374816895
-0.8508768081665039
1.6408952474594116
4.0673346519470215
3.538821220397949
0.5037092566490173
-1.706100344657898
-1.575459599494934
-1.287405014038086
-0.28451600670814514
2.397207021713257
2.2409231662750244
2.272369384765625
2.5964174270629883
1.6229829788208008
1.356319546699524
0.12219462543725967
2.6734719276428223
4.154017925262451
4.097292423248291
4.087723255157471
5.089230537414551
3.6049113273620605
3.1096386909484863
0.8491632342338562
3.432316780090332
2.3337695598602295
2.890153646469116
1.8311208486557007
2.959285259246826
1.9660060405731201
1.7958159446716309
0.31253886222839355
3.238847017288208
3.2394580841064453
3.7618613243103027
3.062530517578125
3.518101930618286
2.1215884685516357
1.7522777318954468
-0.17745009064674377
1.31380295753479
1.711922526359558
1.6762911081314087
1.1234005689620972
1.052757978439331
1.1783244609832764
0.40649470686912537
-0.8863869905471802
-0.4033561646938324
0.7496424913406372
0.1722491830587387
-0.17662571370601654
0.11660104244947433
0.5680015683174133
0.5464742183685303
-0.6651672124862671
-0.693202018737793
0.24913614988327026
0.4239485263824463
-0.44333750009536743
-1.1236937046051025
-1.9436320066452026
-1.0075464248657227
-0.6226268410682678
0.23714450001716614
1.151998519897461
1.020506739616394
0.560829758644104
-0.09302107989788055
-0.8525894284248352
-0.5698064565658569
-0.6245563626289368
0.7824666500091553
2.189847946166992
2.92126727104187
1.5564073324203491
1.0162817239761353
0.9943276047706604
0.7836973667144775
-0.5176678895950317
0.2754462957382202
0.4156981110572815
-0.17016518115997314
-1.6495280265808105
-2.1714041233062744
-1.6468571424484253
-1.7449493408203125
-0.32117950916290283
-0.2507771849632263
-1.1466439962387085
-2.398871898651123
-2.534119129180908
-3.7421443462371826
-3.9436087608337402
-2.8968007564544678
-0.5247847437858582
0.2271602898836136
-1.120134711265564
-1.5972099304199219
-0.6525768041610718
-1.585170030593872
-2.108252763748169
-1.605965256690979
-0.6240859031677246
0.033005181699991226
-0.6255659461021423
-0.19977165758609772
-1.0359739065170288
-0.9449687600135803
-0.6912989020347595
-0.8267244696617126
-0.3480839431285858
-0.7157027721405029
-0.688339352607727
-0.6733892560005188
-1.1695433855056763
-1.0061169862747192
-0.8644998669624329
-0.45639753341674805
-0.8295567631721497
-0.9932810068130493
-0.6106697916984558
-0.27260059118270874
-1.111416220664978
-1.2184183597564697
-1.0385260581970215
-1.0052381753921509
-1.908087968826294
-1.8019959926605225
-0.12766744196414948
1.2462598085403442
0.8481955528259277
-0.6741536855697632
-0.8823988437652588
-1.717586874961853
-1.0449613332748413
-0.6179967522621155
0.563843309879303
1.8085530996322632
3.7881600856781006
2.4676294326782227
0.4673773944377899
-0.8922588229179382
-2.1024465560913086
-1.7349218130111694
-1.2110679149627686
0.3167632222175598
2.4909162521362305
1.9392461776733398
1.2799383401870728
0.1639414280653
-1.1677314043045044
-1.0813735723495483
-0.8438798189163208
-0.9620136022567749
-0.06170784682035446
0.7818575501441956
1.0062710046768188
0.9949342608451843
-0.6319655776023865
-1.095067024230957
-2.0179028511047363
-2.9599690437316895
-1.9841688871383667
-0.14823439717292786
0.694085955619812
0.7583867907524109
-1.14011549949646
-0.663784384727478
-0.05518840625882149
-0.25308284163475037
-0.9013327956199646
-0.4015595018863678
0.1512969583272934
0.21425187587738037
-1.593570351600647
-1.3740813732147217
-1.0842595100402832
-0.7412537932395935
-1.6919084787368774
-1.3644297122955322
-1.241578221321106
-0.8936913013458252
-0.3047018349170685
-0.6187029480934143
-0.5187314748764038
-0.8653045296669006
-0.448061466217041
-0.3189462125301361
-0.1021200492978096
0.056858841329813004
1.62158203125
1.104758620262146
0.7789008617401123
-0.8079800605773926
-0.3268319368362427
-0.6512398719787598
0.463535875082016
-0.06664719432592392
2.334784746170044
1.529371976852417
0.15523424744606018
-0.9690834879875183
-1.0289812088012695
-1.4514819383621216
-0.07306461781263351
-0.18224215507507324
2.0876243114471436
0.9476762413978577
-0.7577834725379944
-2.230456590652466
-2.796304702758789
-3.3234713077545166
-2.004322052001953
-1.4694843292236328
-0.21907974779605865
-1.5165714025497437
-2.8459742069244385
-3.30574369430542
-3.002535104751587
-3.5152828693389893
-3.5588736534118652
-2.4852402210235596
-0.5122742056846619
-0.0998968780040741
-0.2873702645301819
-0.7492170929908752
-0.5403292179107666
-1.2262659072875977
-1.8348208665847778
-1.8499432802200317
-0.4535749554634094
1.0592913627624512
1.6684341430664062
1.219012975692749
0.32431504130363464
0.010818492621183395
-0.8755918741226196
-1.1213479042053223
-0.9951567053794861
-0.31529924273490906
0.1283092200756073
0.3530633747577667
-0.2391314059495926
-0.5171196460723877
-0.8817179203033447
-0.8298644423484802
-0.9929590225219727
-1.8048250675201416
-1.8561583757400513
-2.150054693222046
-3.4626901149749756
-5.4679436683654785
-5.26339864730835
-4.012324333190918
-2.926525354385376
-3.9867424964904785
-3.5506322383880615
-2.7180285453796387
-4.234524250030518
-5.407356262207031
-6.598910808563232
-4.65049934387207
-1.7852860689163208
-2.690856456756592
-3.306788206100464
-3.598050355911255
-3.5847363471984863
-3.2665791511535645
-4.011575222015381
-2.7792365550994873
-1.1917386054992676
-2.3914668560028076
-3.238722801208496
-4.5119309425354
-3.775956869125366
-3.132220983505249
-3.6702141761779785
-2.6266367435455322
-1.5860772132873535
-3.351109266281128
-4.613358974456787
-5.0569658279418945
-5.620945453643799
-5.524487495422363
-4.906628131866455
-2.1919965744018555
-2.228867530822754
-3.919506549835205
-4.591094017028809
-6.280348777770996
-7.154256820678711
-5.085834980010986
-3.4040706157684326
-0.6754396557807922
-2.1670799255371094
-2.3015236854553223
-1.1135575771331787
-2.3890843391418457
-3.3171815872192383
-2.6612708568573
-1.3795874118804932
-0.3914825916290283
-1.8417093753814697
-2.16170334815979
-0.7698840498924255
-1.599362850189209
-1.8976235389709473
-1.374732255935669
-0.5682000517845154
-0.43047890067100525
-0.6895646452903748
-1.0822604894638062
-1.5064327716827393
-0.7103375792503357
-1.106765627861023
1.300154685974121
0.5647879838943481
0.040874917060136795
0.3401806652545929
-0.3526313304901123
-2.8703441619873047
-1.3429689407348633
-0.08706581592559814
3.0733790397644043
1.8520691394805908
0.46891388297080994
0.9344356656074524
-0.018172934651374817
-1.8883928060531616
-0.8178127408027649
1.6407567262649536
2.904477119445801
1.1293585300445557
-0.33346661925315857
0.9659284949302673
0.04422256723046303
-2.0842936038970947
-3.033994674682617
-0.7913113832473755
0.28772273659706116
0.751763105392456
-0.6225063800811768
-1.3980015516281128
-2.412707805633545
-3.795163154602051
-4.8440632820129395
-2.0162782669067383
-0.1101512610912323
1.2610408067703247
-0.11365668475627899
-2.162369728088379
-2.7094149589538574
-4.0295538902282715
-4.888815402984619
-1.401675820350647
0.013644633814692497
0.7981125712394714
-0.24880346655845642
-2.212550163269043
-2.984832525253296
-3.123823642730713
-3.1386921405792236
-1.8145954608917236
-1.371922492980957
-1.3635071516036987
-1.0807760953903198
-1.6874637603759766
-1.9854472875595093
-0.7886471152305603
0.14106208086013794
-0.7006648778915405
-1.3663928508758545
-1.637032389640808
-1.1974040269851685
-0.08470931649208069
0.5833165049552917
1.2494902610778809
1.402031660079956
-0.08071328699588776
-1.4371379613876343
-2.2559969425201416
-1.3591822385787964
-1.0667415857315063
0.03806557133793831
1.944888710975647
3.231879711151123
0.4255851209163666
-2.056795597076416
-2.8144423961639404
-1.590597152709961
-1.3698433637619019
-0.299285888671875
2.61281681060791
4.131870746612549
1.930961012840271
-0.12984788417816162
-1.5725033283233643
-0.4825759530067444
-1.682417631149292
-0.74827641248703
1.9177734851837158
2.285895824432373
2.2274575233459473
1.694665789604187
0.9147827625274658
0.8880765438079834
-0.4790118336677551
0.41838979721069336
2.0710086822509766
0.563541829586029
-1.7253961563110352
-0.9598143696784973
-0.20813222229480743
0.6105785965919495
0.022150782868266106
0.8760058283805847
2.203246831893921
1.175993800163269
-0.8439587950706482
0.04536159336566925
-0.07249002903699875
0.8272249698638916
-0.46114659309387207
0.9545518755912781
2.2192606925964355
2.4196717739105225
-0.16835355758666992
-0.5167964696884155
-0.7362905740737915
-0.20663583278656006
-0.778809130191803
-0.02283192239701748
0.8716393709182739
0.42663857340812683
-0.823887288570404
-0.27257102727890015
-0.10085988789796829
0.09459545463323593
-0.5469662547111511
-2.1506545543670654
-2.473212718963623
-1.515078067779541
-2.0079751014709473
-1.0402456521987915
-1.2501187324523926
-0.5899096727371216
1.930535078048706
-2.3638241291046143
-3.3835649490356445
-3.2535362243652344
-1.5671199560165405
2.328836441040039
3.1682677268981934
0.804850161075592
3.468369245529175
2.3054466247558594
-1.370269536972046
-2.0153608322143555
0.8788865208625793
2.707632541656494
1.7114137411117554
0.10077011585235596
2.8309144973754883
2.6686573028564453
-1.2073049545288086
-3.3723275661468506
-0.8484140038490295
1.471299171447754
2.230262279510498
1.2158221006393433
1.590399980545044
0.7945614457130432
-1.4729163646697998
-3.8565833568573
-0.6795228719711304
0.8012488484382629
2.650029182434082
0.7245043516159058
-1.7643952369689941
-3.5218324661254883
-4.380576133728027
-3.521747350692749
-2.5578620433807373
-2.773904323577881
-0.7202111482620239
-0.5801696181297302
-2.515303134918213
-4.9535017013549805
-4.946451187133789
-4.065845489501953
-2.7419638633728027
-2.3433401584625244
-1.401073932647705
-0.8269066214561462
-1.0448694229125977
-1.6104505062103271
-1.8141427040100098
-1.9403966665267944
-1.2262059450149536
-1.4757732152938843
-1.5588738918304443
-1.1278184652328491
-0.3632083535194397
-0.2438419610261917
-0.733790934085846
-1.516944408416748
-1.456692099571228
-1.6383730173110962
-2.4210336208343506
-1.8623712062835693
0.5603296756744385
0.20841892063617706
-0.5136247277259827
-2.9767935276031494
-3.621546745300293
-3.2689428329467773
-2.4852068424224854
-1.8156936168670654
-0.4495397210121155
-1.3446601629257202
-0.8550251126289368
-4.027906894683838
-5.319417476654053
-3.3613877296447754
-2.8270602226257324
-1.9137258529663086
0.026809025555849075
0.3358186185359955
0.1717272698879242
-3.0896778106689453
-4.8870673179626465
-3.854882001876831
-3.6555492877960205
-2.4623754024505615
-0.6522973775863647
-0.143992617726326
-1.9398289918899536
-4.062759876251221
-6.000805854797363
-6.268467426300049
-5.1885809898376465
-3.1018176078796387
-2.1941475868225098
-2.239004135131836
-3.0096969604492188
-3.525040626525879
-4.095684051513672
-3.785651683807373
-3.2625036239624023
-1.9664859771728516
-1.5029449462890625
-1.4640247821807861
-1.987510323524475
-1.9753458499908447
-1.8343876600265503
-1.6816678047180176
-2.0464744567871094
-1.1069045066833496
-1.1416484117507935
-2.073505163192749
-1.596427083015442
-0.9775827527046204
-0.9476765394210815
-0.9667453169822693
-0.8644837141036987
-0.3210659921169281
-0.6818466782569885
-0.9541947245597839
-0.4725773334503174
-0.3151792585849762
0.2682066261768341
0.3614223003387451
0.07568376511335373
-0.17401081323623657
0.42176130414009094
0.2575412094593048
0.5047033429145813
-0.15453475713729858
0.5207890868186951
0.9880384802818298
0.03915545716881752
-0.39285144209861755
-0.605573296546936
-0.3560464382171631
-0.7945021390914917
-0.28125378489494324
1.0307824611663818
0.7325459122657776
0.30160844326019287
-1.404983401298523
-1.3759970664978027
-1.0648006200790405
-2.3605923652648926
-1.359580397605896
-0.4224465489387512
-1.6827503442764282
-1.50495445728302
-2.58459734916687
-2.2672646045684814
-3.280181884765625
-3.680487632751465
-3.2601423263549805
-2.0397560596466064
-1.3336092233657837
-1.1153693199157715
-0.9906979203224182
-1.5140266418457031
-2.434126377105713
-2.760430335998535
-2.4290990829467773
-1.0102094411849976
-0.5216289162635803
-0.2480393499135971
-0.024349283427000046
-1.0966136455535889
-1.443204402923584
-0.8526846170425415
-0.09684869647026062
0.46378257870674133
0.6817193627357483
0.7540194392204285
-0.028405742719769478
-1.5501214265823364
-1.103313684463501
0.36138784885406494
1.0961512327194214
1.0209208726882935
0.7017309665679932
0.3498956263065338
-0.2807707190513611
-0.7258282899856567
-0.749523937702179
-0.6578409075737
-0.7466923594474792
-1.304089069366455
-2.2665822505950928
-3.11497163772583
-2.06796932220459
-1.1386526823043823
-1.0822027921676636
0.0995870977640152
-0.6061148643493652
-1.8698222637176514
-2.7016732692718506
-2.9224154949188232
-2.3934719562530518
-1.1242879629135132
-0.6634998917579651
0.46572864055633545
-0.8660913705825806
-2.146610975265503
-4.065954685211182
-4.397383213043213
-3.20019268989563
-1.5832635164260864
-2.3539695739746094
-2.0278480052948
-2.8257741928100586
-3.6944704055786133
-4.352632522583008
-4.414919376373291
-2.874708652496338
-0.9158809185028076
-1.8949888944625854
-2.790224075317383
-2.5665640830993652
-3.338601589202881
-3.552689552307129
-3.511573553085327
-1.1872600317001343
-1.1270414590835571
-2.3033154010772705
-2.9124953746795654
-2.9697952270507812
-3.6153485774993896
-3.9924917221069336
-3.345780611038208
-0.9823622703552246
-1.0706700086593628
-1.7466408014297485
-2.1759705543518066
-2.0700442790985107
-2.506281614303589
-1.981850504875183
-1.2757214307785034
-0.2942696213722229
-0.974611222743988
-0.4815855324268341
-0.29173797369003296
-0.11807820945978165
-0.28149929642677307
-0.3332597613334656
-0.16636578738689423
-0.1949215829372406
-0.8199560046195984
-0.6631783843040466
-0.10741611570119858
-0.1489376574754715
-0.5834586024284363
-1.8169288635253906
-1.9408080577850342
-1.5577751398086548
-1.1657851934432983
-0.5430731177330017
-0.09091024845838547
0.3601135015487671
-0.19517166912555695
-1.8144025802612305
-2.931959390640259
-2.2808804512023926
-2.245372772216797
-0.8288882970809937
1.5480031967163086
2.7331626415252686
2.2958478927612305
1.0448639392852783
-0.6158237457275391
-0.31817737221717834
-2.6670095920562744
-1.8297595977783203
1.2396445274353027
3.553870916366577
2.64015793800354
0.5260405540466309
-0.43328794836997986
-0.311657577753067
-0.7185540795326233
-0.5901972055435181
0.28560519218444824
1.394332766532898
0.02499592863023281
0.012887666933238506
0.14422819018363953
0.3704685568809509
0.14466165006160736
0.8979114890098572
1.2527354955673218
2.254204511642456
1.2125134468078613
1.4299246072769165
1.036220669746399
1.0448940992355347
-0.40069901943206787
1.2843660116195679
2.627678871154785
2.7586135864257812
1.4995583295822144
1.4314844608306885
1.0972100496292114
0.5926995277404785
-1.0845692157745361
-0.2823171019554138
0.9671159982681274
0.8658249378204346
0.5145666599273682
0.5781148672103882
0.7331652641296387
0.42791739106178284
-0.523786723613739
-1.0043613910675049
-0.8729203939437866
-0.7387661337852478
-0.9263982772827148
-1.0287692546844482
0.7228747010231018
0.31783726811408997
0.18504729866981506
0.6160503029823303
0.36787521839141846
-0.6961984038352966
-1.0833852291107178
-2.52070951461792
-0.5210112929344177
-0.2474496066570282
0.2097388505935669
0.7946729063987732
0.7241166830062866
-0.8611716032028198
-1.1426637172698975
-2.2790844440460205
-2.371631383895874
-1.2021113634109497
-1.3344454765319824
0.20091217756271362
0.32968851923942566
-0.9271180629730225
-3.791125535964966
-4.31683349609375
-3.9638850688934326
-2.4057247638702393
-1.1211472749710083
-0.27679139375686646
-1.2055686712265015
-2.1220736503601074
-4.294577598571777
-4.067345142364502
-2.836030960083008
-1.2091395854949951
-0.2114085555076599
0.1819712221622467
-0.26846832036972046
-0.6632322669029236
-1.7489843368530273
-1.8659533262252808
-2.145702838897705
-0.5738540291786194
0.18045689165592194
1.4709917306900024
1.5277026891708374
1.2083522081375122
1.3914446830749512
0.15288075804710388
-0.8256507515907288
-0.05384187772870064
-0.185873880982399
0.9762936234474182
1.5078994035720825
1.3512630462646484
0.9066783785820007
-0.23898091912269592
-0.5076434016227722
-0.2377268671989441
-1.5821973085403442
-3.503350019454956
-2.6021173000335693
-2.0733652114868164
-2.3763930797576904
-1.3888412714004517
-1.9418548345565796
-1.6913580894470215
-1.3733142614364624
-3.820242404937744
-3.5032567977905273
-4.336101055145264
-4.528112411499023
-0.9175596833229065
-0.6042563915252686
-1.61863112449646
1.0011948347091675
-0.3459019362926483
-2.3321125507354736
-4.611142158508301
-3.6974422931671143
-1.3447307348251343
-0.9991600513458252
-2.192021131515503
-0.09647483378648758
-0.8102694749832153
-3.8346028327941895
-6.608105659484863
-5.372763633728027
-4.17046594619751
-3.0251142978668213
-2.3753416538238525
0.5951036214828491
-1.3284372091293335
-4.572690010070801
-7.24107027053833
-6.031435489654541
-5.310779094696045
-3.414689540863037
-1.8148291110992432
-0.4219459891319275
-2.493635654449463
-4.684105396270752
-6.693655014038086
-6.781013011932373
-5.8669257164001465
-3.1486639976501465
-1.1153258085250854
-1.0472182035446167
-1.9826884269714355
-2.6263625621795654
-3.551443099975586
-3.940075635910034
-3.544820547103882
-1.467772364616394
-0.5275385975837708
-0.6558319330215454
-0.2235693782567978
-0.7077652812004089
-0.6917121410369873
-0.3231588900089264
-0.5929524302482605
-0.8325779438018799
-0.6406018733978271
0.7434200048446655
0.5818806886672974
-0.35642528533935547
-0.36761778593063354
1.007496953010559
2.568336009979248
2.8800041675567627
1.2018769979476929
1.135465145111084
1.8993159532546997
2.3578073978424072
3.7210631370544434
5.549137592315674
4.723215579986572
4.1583251953125
1.9287350177764893
0.8251614570617676
1.4054452180862427
3.7163503170013428
7.4601335525512695
7.258831024169922
4.999515533447266
4.1446003913879395
2.410550832748413
1.2621409893035889
2.068763494491577
3.686849355697632
7.167135238647461
6.13532829284668
5.388038158416748
3.5449442863464355
1.6696243286132812
0.9216085076332092
1.882642149925232
1.74454927444458
2.242962598800659
2.4953932762145996
1.8614606857299805
0.6747685074806213
0.44142472743988037
0.29192787408828735
0.7437736392021179
-0.3551355004310608
0.11306562274694443
0.3377082645893097
-0.12052687257528305
-0.42097973823547363
-0.06111123785376549
0.3681241571903229
0.3835567533969879
-1.1080639362335205
-1.6724773645401
-1.4996663331985474
-1.5661057233810425
-1.0268276929855347
-0.4776513874530792
-0.24211375415325165
-0.4635202884674072
-1.1036009788513184
-1.3775017261505127
-0.6551865339279175
-0.45225805044174194
-0.2936144173145294
-0.21800297498703003
-0.8032911419868469
-0.6792437434196472
-0.25019335746765137
-0.8513780236244202
-1.1727832555770874
-0.9021905660629272
-1.8494045734405518
-1.8110371828079224
-1.5371885299682617
-0.5855134129524231
-0.48752012848854065
0.20928257703781128
0.9345682263374329
1.5802682638168335
-0.08181952685117722
-1.578684687614441
-0.32046809792518616
0.13561157882213593
0.8116503357887268
2.865483522415161
3.9169204235076904
3.872516393661499
2.501715660095215
0.5236342549324036
1.574719786643982
2.4093310832977295
2.5515599250793457
3.8970558643341064
7.074187278747559
7.414237022399902
5.671882629394531
2.3664889335632324
1.7008898258209229
3.7921557426452637
4.212037563323975
4.057534694671631
6.653007507324219
6.365954875946045
5.176514625549316
2.592700958251953
0.775837242603302
2.0995614528656006
3.0368921756744385
3.1975765228271484
5.006319046020508
5.070331573486328
4.4763007164001465
2.024050712585449
-0.7564368844032288
-1.0855928659439087
0.705132246017456
1.7714519500732422
3.15310001373291
3.5014102458953857
2.6480960845947266
0.8915184736251831
-1.0138968229293823
-1.3273125886917114
-0.39315080642700195
0.42429637908935547
0.49260830879211426
0.2836271822452545
-0.2023065686225891
-0.28395017981529236
