0.0
0.0
0.0032202876172959805
0.525831401348114
0.0
0.0
0.0
0.0
0.0
0.0
0.0
0.0
0.0
0.0
0.0
0.0
0.0
0.0
0.0
0.0
0.0
0.0
0.0
0.0
0.0
0.0
0.0
0.2965717315673828
0.0
0.0
1.2841280698776245
1.365402340888977
0.0
0.0
0.0
0.0
0.0
0.6924098134040833
2.0964162349700928
1.1762784719467163
1.2190823554992676
0.0
0.0
0.0
0.0
1.032578706741333
0.0
1.1819946765899658
0.4757726788520813
0.47725710272789
0.6434242725372314
0.0
0.0
0.0
0.0
0.0
0.23685331642627716
0.0
0.0
0.0
0.0
0.7491300106048584
0.9354981184005737
0.6106903553009033
0.8637750744819641
0.952400803565979
0.09963949769735336
0.0
0.0
0.33034077286720276
3.624934434890747
2.7897000312805176
0.0
0.8776417374610901
0.0
0.0
0.0
0.0
0.8361333012580872
2.3960390090942383
0.23098763823509216
2.789311647415161
0.0
0.0
0.05093339458107948
0.0
0.0
0.6089364290237427
1.521390676498413
1.3908534049987793
0.0
0.0
0.0
0.0
0.0
1.246051549911499
0.36263978481292725
0.8026799559593201
0.7928677797317505
0.8962411284446716
0.0
0.0
0.11845207959413528
1.8298922777175903
1.4361741542816162
1.2589811086654663
0.9834660887718201
2.0732648372650146
1.0981659889221191
0.0
1.1006243228912354
0.8186740279197693
1.2588759660720825
1.33555006980896
0.9274567365646362
1.8352919816970825
1.7321749925613403
0.6409432291984558
1.3574860095977783
1.2139149904251099
0.0
0.6217719316482544
1.0684844255447388
1.0568808317184448
0.20958387851715088
0.0
0.0
0.0
0.0
0.0
0.0
0.0
0.0
0.47836577892303467
0.0
0.0
0.0
0.0
0.0
0.28828760981559753
0.6998482942581177
1.7222485542297363
1.2832527160644531
0.0
0.0
0.0
0.0
0.27897393703460693
0.6583272218704224
0.04176817461848259
0.808025598526001
0.0
1.0118162631988525
0.40875113010406494
0.0
0.0
0.817654013633728
0.0
0.0
0.09235692024230957
0.0
0.0
0.0
0.0
2.618119478225708
0.0
0.0
0.0
0.0
0.0
2.6533355712890625
2.800959825515747
2.8147096633911133
0.0
0.0
0.0
2.164031982421875
0.0
0.0
3.0154125690460205
0.9076650142669678
0.0
0.0
0.0
2.153339147567749
1.8145333528518677
0.0
0.16454872488975525
0.3680630326271057
0.0
0.07835084199905396
0.0
0.6843873858451843
0.26197636127471924
0.0
0.0
0.0
1.5683765411376953
3.8234996795654297
2.2434134483337402
0.10193759202957153
0.0
0.0
0.0
0.0
0.872063934803009
0.0
0.0
0.0
0.0
0.0
0.0
0.0
0.0
0.2803448438644409
0.0
0.0
0.0
0.0
0.0
0.35248327255249023
0.0
0.0
0.0
0.22693350911140442
0.0
0.0
0.0
0.42559587955474854
0.0
0.0
0.0
0.04997988045215607
0.0
0.0
0.0
0.0
0.0
0.0
0.0
0.0
0.0
0.0
0.0
0.0
0.0
0.0
0.0
0.0
0.0
0.0
0.0
0.0
0.0
0.2521907389163971
0.8683370351791382
0.7998830080032349
0.18859586119651794
0.0
0.0
0.0
0.0
0.0
0.31595349311828613
0.0
0.0
0.0
0.0
0.0
0.09557506442070007
0.0
0.8979138731956482
0.0
0.0
1.9005684852600098
0.0
0.0
0.0
0.0
0.3165585994720459
0.9919782876968384
0.0
1.1073698997497559
0.051346372812986374
0.5297739505767822
0.0
0.0
0.19928225874900818
0.0
0.0
0.0
0.0
0.0
0.0
0.0
0.017563384026288986
0.0
0.0
0.0
0.0
0.24439474940299988
0.0
0.0
0.0
0.7523140907287598
0.0
0.0
0.0
0.6084831953048706
1.0674841403961182
0.7545738816261292
0.5051344633102417
0.23932501673698425
0.0
0.0
0.0
1.507829189300537
1.2329282760620117
0.0
0.0
0.0
0.17783069610595703
0.8269350528717041
0.533310055732727
0.10152590274810791
1.1097553968429565
0.0
0.0
0.0
0.0
0.3692032992839813
0.1160893440246582
0.19712495803833008
2.634537696838379
1.1465643644332886
0.0
0.3669432997703552
0.0
0.9568229913711548
0.0
2.7511672973632812
2.2807345390319824
2.500389575958252
0.4639699459075928
0.36053788661956787
0.0
0.0
0.07680284231901169
0.16619972884655
0.6269914507865906
1.4642523527145386
0.11171460896730423
0.0
0.0
0.6843695044517517
2.076439380645752
0.8737744688987732
0.41067007184028625
1.0271068811416626
0.0
0.0
0.0
0.5382326245307922
0.0
0.0
0.0
0.0
0.0
0.0
0.0
0.0
0.0
0.0
0.0
0.0
0.0
0.0
0.0
0.0
0.0
1.0389845371246338
2.161081314086914
0.8941194415092468
0.0
1.5577603578567505
1.4461661577224731
1.3749897480010986
0.0
0.0
0.0
1.4784727096557617
0.14076630771160126
1.1938894987106323
0.0
0.7648980021476746
0.0
0.0
0.0
1.0400516986846924
0.0
0.0
0.0
0.0
0.0
0.0
0.0
0.0
0.0
0.5924017429351807
0.0
0.0
0.0
0.0
1.148533582687378
0.6217578649520874
0.0
0.41197264194488525
0.0
0.0
0.0
0.0
0.0
0.5300679206848145
0.0
1.969754934310913
0.011931606568396091
0.0
0.0
0.0
0.0
3.018749237060547
1.5254285335540771
1.251428484916687
0.2202271819114685
0.0
0.0
0.8348594903945923
0.5581066608428955
1.0692641735076904
1.4284472465515137
0.1369258165359497
0.0
0.0
0.09665648639202118
1.0879887342453003
0.6401550769805908
0.2714928984642029
1.192420244216919
0.0032543838024139404
0.0
0.4418753981590271
0.3193790316581726
0.0
0.0
0.0
0.0
0.0
0.0
0.0
0.0
0.0
0.0
0.0
0.0
0.7371698617935181
0.0
0.1338745355606079
0.0
0.0
0.0
0.0
0.0
2.1150360107421875
1.3339020013809204
2.1283788681030273
0.0
0.0
0.0
0.0
0.0
0.0
1.3375996351242065
1.6397559642791748
0.0
0.0
0.0
0.0
0.0
0.0
0.4309130311012268
1.1081016063690186
0.0
0.0
0.0
0.0
0.0
0.2674514651298523
0.4246440529823303
0.0
0.0
0.0
0.0
0.0
0.0
0.0
0.10885828733444214
0.0
0.0
0.0
0.43570640683174133
0.0
0.0
0.0
0.0
0.06733737885951996
0.015327397733926773
0.0686110183596611
1.3358224630355835
0.0
0.0
0.0
1.1277036666870117
0.0
0.0
0.0
0.5979381799697876
0.0
0.0
0.0
0.8940093517303467
0.08269169926643372
1.9374531507492065
2.610586166381836
2.4626731872558594
3.053044319152832
0.0
0.0
0.0
0.0
2.2905099391937256
0.0
0.0
0.0
0.0
0.0
0.0
0.0
0.0
0.0
0.0
0.0
0.0
0.0
0.0
0.0
0.0
0.0
0.0
0.0
0.0
0.0
0.0
0.0
0.0
0.0
0.0
0.3285164535045624
0.0
0.0
0.0
0.0
0.14343243837356567
0.13847532868385315
1.307342767715454
0.653008222579956
0.03668546304106712
0.36684128642082214
0.0764707401394844
0.0
0.6313529014587402
0.0
0.0
0.0
0.0
0.3681116998195648
0.7764111757278442
0.0
0.0
0.927107572555542
0.0
0.0
0.0
0.158993661403656
1.4403436183929443
0.9310581684112549
0.038369059562683105
1.5616106986999512
2.7732439041137695
0.7542020678520203
0.0
0.0
0.0
1.1744425296783447
0.6799190044403076
0.43076467514038086
0.9514465928077698
1.1712135076522827
0.0
0.0
0.0
0.8542528748512268
1.4906773567199707
0.0
0.061921000480651855
0.09363669157028198
0.0
0.0
0.0
0.0
1.7402422428131104
1.5196352005004883
0.42389780282974243
0.0
0.0
0.0
0.0
0.0
1.7093533277511597
1.9082324504852295
0.0
0.0
0.0
0.0
0.0
0.0
0.0
0.0
0.0
0.0
0.0
0.0
0.0
0.0
0.0
0.0
0.0
0.0
0.0
0.0
0.0
0.0
0.24552077054977417
0.0
0.0
0.0
0.0
0.0
0.0
0.0
0.0
0.0
0.0
0.0
1.2552953958511353
0.3953583836555481
0.04808875918388367
0.0
0.0
1.2208125591278076
0.9675975441932678
3.2164344787597656
1.173264503479004
0.0
0.6667490601539612
0.6067416667938232
0.0
0.0
0.0
0.8365030288696289
0.1887686401605606
0.0
0.0
0.6846383810043335
0.0
0.0
0.0
0.0
0.0
0.0
0.0
0.0
0.0
0.0
0.0
0.0
0.0
0.0
0.0
0.0
0.0
0.0
0.0
0.0
0.0
0.0
0.0
0.0
0.0
0.0
0.0
0.0
0.0
0.0
0.0
0.0
0.0
0.0
0.0
0.0
0.3999653160572052
0.0
0.0
0.7517396211624146
0.5960161685943604
0.0
0.0
0.0
0.0
0.0
0.1006365418434143
0.0
0.0
0.0
0.0
0.0
0.0
0.0
0.0
0.0
0.3039659261703491
0.007455536164343357
0.0
0.0
0.7320666909217834
0.0
0.0
1.5416176319122314
2.758568048477173
3.8449668884277344
3.2004313468933105
0.45126163959503174
0.15969514846801758
0.0
1.0889302492141724
2.2031984329223633
1.8265548944473267
0.708920955657959
0.7063832879066467
0.0
0.0
0.0
0.5316740274429321
1.2942883968353271
0.0
0.0
0.0
0.0
0.24639052152633667
1.1393424272537231
0.0
0.0
0.0
0.0
0.0
0.0
0.0
0.0
0.0
0.0
0.0
0.0
0.0
0.0
0.0
0.7081029415130615
0.1288204938173294
0.569597601890564
0.0
0.0
0.0
0.24388247728347778
0.0
0.0
0.12946102023124695
0.0
0.15366452932357788
0.08652829378843307
0.0
0.0
0.0
0.0
0.0
0.0
0.15297362208366394
2.330831289291382
2.1896731853485107
0.7700439691543579
0.0
0.0
0.0
0.2279984951019287
0.0
0.10470948368310928
0.0
0.06092017889022827
0.0
0.0
0.0
0.0
0.0
0.0
0.42818284034729004
0.866479754447937
0.09006666392087936
0.0
0.0
0.0
0.0
0.0
0.0
0.0
0.0
0.7649411559104919
0.3957056403160095
0.0
0.2650294601917267
1.1951897144317627
2.0743942260742188
2.4837851524353027
0.18523667752742767
1.1461620330810547
3.3542635440826416
0.0
0.7585240006446838
2.2182092666625977
2.3556952476501465
2.6360647678375244
0.0
0.0
0.40114325284957886
0.0
0.0
0.034933820366859436
0.0
0.0
0.0
0.0
0.0787147805094719
0.9458786249160767
1.0467272996902466
0.9752069115638733
0.671592116355896
0.0
0.0
0.0
0.0
0.3705744743347168
0.1437860131263733
0.12653674185276031
0.0
0.0
0.25480884313583374
0.0
1.7559146881103516
0.7662678360939026
0.0
0.0
0.0
0.28187617659568787
0.1060640960931778
0.0
1.1079355478286743
0.5027961134910583
0.0
0.13554473221302032
0.6550034880638123
0.0
0.0
0.0
0.6799614429473877
0.4799777567386627
0.0
0.0
0.19064655900001526
0.6162172555923462
0.47719764709472656
0.0
0.0
0.0
0.02578187920153141
0.0
0.0
0.0
0.20565035939216614
0.0
0.0
0.0
0.0
0.0
1.864042043685913
2.6793441772460938
2.2002110481262207
0.0
0.13972735404968262
0.4403943121433258
1.3324105739593506
1.6725552082061768
2.9465670585632324
1.299888014793396
0.14482779800891876
0.0
1.6818962097167969
3.129246473312378
1.4422719478607178
0.0
1.2247951030731201
0.0
0.0
0.23249931633472443
0.0
0.0032162070274353027
0.0
0.0
1.4070791006088257
0.0
0.4891873598098755
0.02478599362075329
0.0
0.0
0.0
0.3667668104171753
1.529083490371704
2.2577555179595947
0.7922883629798889
0.0
0.4375941753387451
0.33886075019836426
1.4486252069473267
2.6599996089935303
2.0227653980255127
1.7837263345718384
0.0
0.0
0.0
0.0
0.0
0.0
0.0
0.0
0.0
0.0
0.46062207221984863
1.6073968410491943
1.1625909805297852
0.20178361237049103
1.4936583042144775
0.24797631800174713
0.3100886642932892
0.0
0.0
0.767940878868103
0.48065099120140076
0.08310237526893616
0.5954853296279907
0.0
0.0
0.0
0.0
0.2178705483675003
1.067784309387207
0.7868512272834778
0.3806891143321991
0.1764930933713913
0.0
0.0
0.0
0.0
0.8157068490982056
0.7961936593055725
1.6467499732971191
0.9578288197517395
0.0
0.0
1.394509196281433
0.0
0.0
0.36109623312950134
1.3080520629882812
1.0095884799957275
0.0
0.0
1.7743502855300903
1.5552421808242798
0.0
0.0
0.0
0.0
0.0
0.0
0.0
0.0
0.0
0.0
0.0
0.28984126448631287
1.4001655578613281
1.3557835817337036
0.0
0.0
0.847752034664154
0.0
0.0
0.0
0.0
0.0
0.0
0.0
0.0
0.0
0.0
0.0
0.0
4.397462844848633
1.880044937133789
0.3374323844909668
1.5413446426391602
0.0
0.0
0.0
0.0
2.370340585708618
0.0
3.1922590732574463
0.131791353225708
0.19510142505168915
0.0
0.02622435986995697
0.0
0.0
0.0
0.0
0.0
0.0
0.0
0.0
0.0
0.0
0.0
0.0
0.0
0.0
1.729856252670288
0.0
0.32186955213546753
0.7840070724487305
0.0
0.0
0.0
0.0
0.4674589931964874
0.3162582814693451
0.0
0.0
0.0
1.91774582862854
0.0
0.0
0.0
0.0
0.03665187954902649
0.004326760768890381
0.6617701053619385
0.5000569224357605
0.0
0.0
0.0
0.0
2.5527517795562744
0.0
0.37859097123146057
0.0
0.0
0.0
0.028195736929774284
0.0
0.0
0.0
0.0
0.0
0.0
0.0
2.7484679222106934
0.9515886902809143
0.0
0.0
0.0
0.0
0.0
1.6510074138641357
1.046820878982544
2.3210859298706055
0.3107944428920746
0.4388033151626587
0.8567505478858948
0.5491821765899658
0.0
0.8259181380271912
0.1460191309452057
0.23527240753173828
0.12038889527320862
0.0
0.0
0.049037545919418335
0.0
0.0
0.0
0.0
0.0
0.0
0.0
0.0
0.0
0.0
0.0
0.0
0.0
0.0
0.0
0.0
0.0
0.0
0.12187027931213379
0.0
0.0
0.0
0.0
0.0
0.6795215606689453
0.0
0.30052852630615234
0.8401932716369629
1.6212230920791626
0.7924962639808655
0.2328805923461914
0.0
0.0
0.0
0.0
0.0
0.17295898497104645
1.0448509454727173
0.0
0.0
1.4817593097686768
5.480528354644775
0.0
0.0
0.0
1.2596697807312012
0.0
1.3352774381637573
2.058469295501709
0.7781356573104858
0.7213656306266785
2.424365997314453
1.859266996383667
0.0
0.0
0.3112074136734009
0.0
0.0
0.30415624380111694
1.1282016038894653
0.43824100494384766
0.0
0.1300182193517685
0.6123986840248108
0.0
0.0
0.0
0.20235119760036469
0.19657672941684723
0.0
0.10991258174180984
0.0
0.0
0.0
0.0
0.06799057126045227
2.245041608810425
0.0
0.0
0.0
0.0
0.0
0.0
0.0
1.2779258489608765
0.0
0.0
0.0
0.0
0.24593664705753326
0.0
0.0
0.47942864894866943
1.1628336906433105
0.4109114408493042
0.6071929931640625
0.0
0.0
0.0
0.030176063999533653
0.7143369317054749
0.0
0.0
0.6397193670272827
0.2182917594909668
0.0
0.0
0.0
0.0
1.1532493829727173
1.1160926818847656
0.0
0.7731307744979858
0.0
0.0
0.0
0.0
2.0969676971435547
0.0
0.0
0.0
0.0
1.8194780349731445
0.0
0.9856022596359253
0.9858723878860474
0.8671385645866394
0.9291812777519226
0.3558658957481384
0.34449654817581177
0.6682278513908386
0.8678316473960876
2.166879892349243
0.0
2.165919542312622
1.2101402282714844
0.0
0.0
0.0
0.0
0.47878122329711914
0.0
0.0
0.0
0.0
0.0
0.0
0.0
0.0
0.0
0.0
0.0
0.0
0.0
0.0
0.0
0.0
0.0
0.0
0.19750961661338806
3.1945807933807373
0.31057751178741455
0.0
0.0
0.3113458454608917
2.2430150508880615
2.761878490447998
2.395087957382202
3.8745534420013428
1.3260774612426758
0.0
0.0
1.520180583000183
0.0
0.0
0.0
0.0989794135093689
0.0
0.7169322967529297
0.0
0.0
0.0
0.0
0.0
0.12939918041229248
0.0
0.0
0.0
0.0
0.0
0.726730465888977
0.5432562232017517
0.0
0.0
0.0
0.0
0.0
0.0
0.5172646641731262
0.0
0.0
0.0
0.0
0.0
0.0
0.0
0.0
0.2410995364189148
0.0
0.0
0.0
0.14271360635757446
0.007504969835281372
1.4982497692108154
0.0
0.0
0.4629783630371094
1.1084777116775513
0.8475334644317627
1.4465913772583008
0.13440167903900146
0.0
0.0
0.0
0.0
0.16056878864765167
1.970749020576477
0.8908145427703857
0.0
2.812150716781616
0.1858445405960083
0.0
0.0
0.8404011726379395
2.8522679805755615
0.0
0.0
0.5039643049240112
0.0
0.0
0.0
0.0
0.7775974869728088
0.4435141086578369
0.0
0.0
0.0
0.0
0.0
0.0
0.4111631512641907
1.0335710048675537
0.0
0.0
0.0
0.0
0.0
0.07053399831056595
0.0
0.0
0.03787243366241455
0.0
0.0
0.0
0.022407373413443565
1.2593424320220947
0.6487123966217041
0.0
0.0
0.0
0.0
0.1567424088716507
0.0
0.0
0.0
0.0
0.0
0.14414404332637787
0.09057394415140152
0.03253016620874405
0.0
0.0
0.0
0.0
0.0
0.3121342658996582
0.0
0.0
1.4835782051086426
0.9725035429000854
0.0
0.0
0.38564202189445496
0.0
0.0
0.0
1.3918668031692505
1.312856674194336
0.0
0.0
0.9294758439064026
0.0
0.0
0.46946489810943604
0.0
0.0
0.3293202817440033
0.0
0.4108923077583313
0.07925309240818024
0.0
0.370120108127594
0.0
0.0
0.1322178840637207
0.0
0.25588154792785645
0.0
0.0
0.0
0.0
0.0
0.0
0.0
0.9753385782241821
0.0
1.428933024406433
0.0
0.0
0.0
0.0
0.0
0.23679859936237335
0.0
0.9162698984146118
0.845599353313446
0.0
0.0
0.0
0.2948957681655884
1.2746654748916626
0.0
0.0
0.3944444954395294
0.0
0.0
0.0
0.7446092367172241
1.529870629310608
0.9760710597038269
0.705665111541748
0.0
0.0
0.0
0.0
0.0
0.6034060716629028
0.0
0.0
0.0
0.0
0.0
0.0
0.0
0.31464123725891113
0.0
0.0
0.0
0.0
0.0
0.0
0.0
0.0
0.0
0.0
0.3658974766731262
0.9277833700180054
0.5999727249145508
0.21869206428527832
2.9155893325805664
0.0
0.0
0.0
1.9316848516464233
1.144940733909607
1.4003602266311646
2.5047311782836914
3.0947513580322266
0.0
0.3707422912120819
2.313866138458252
1.5392637252807617
1.417382001876831
0.33066263794898987
3.1124932765960693
1.0540329217910767
0.17610546946525574
0.0
0.7900793552398682
2.240328073501587
1.0254054069519043
0.0
0.0
0.0
0.0
0.0
0.0
0.631273627281189
0.0
0.0
0.0
0.0
0.0
0.0
0.0
0.0
0.0
0.0
0.0
0.6075323224067688
0.4787806272506714
0.0
0.2912061810493469
0.0
0.0
0.0
0.0
0.22762638330459595
0.5441210269927979
0.0
0.0710705891251564
0.334907591342926
0.04523277282714844
0.6052879691123962
0.0
0.0
0.6458173990249634
0.0
0.7415313124656677
0.4572400152683258
0.4439522624015808
0.4858451783657074
0.0
0.6479809284210205
0.0
0.09139052778482437
0.32603615522384644
0.0
0.0
0.0
0.0
0.0
0.0
0.0
0.0
0.0
0.0
0.0
0.0
0.0
0.0
1.046979546546936
0.0
0.0
0.8015031218528748
0.7618199586868286
1.4871042966842651
2.922513484954834
2.5453853607177734
1.9912645816802979
0.0
0.0
3.4411866664886475
3.6247828006744385
3.091883659362793
2.901719808578491
2.709073781967163
0.0
0.0
0.0
0.0
0.0
0.0
0.0
0.0
0.0
0.0
0.0
0.0
0.0
0.0
0.0
0.0
1.5423403978347778
0.0
0.0
0.8536303639411926
0.8850619196891785
1.0364515781402588
2.131056308746338
2.0270395278930664
2.4662179946899414
0.582888126373291
1.6797828674316406
1.16255784034729
3.8083739280700684
1.886518120765686
0.4284991919994354
0.30979302525520325
2.085639476776123
1.390427589416504
0.0
0.0
2.5823121070861816
0.2486945241689682
0.0
0.04265487194061279
0.0
0.0
0.0
0.0
1.82609224319458
0.06502187252044678
0.0
0.0
2.2332639694213867
0.0
0.0
1.0407154560089111
0.3599243760108948
0.5729498863220215
0.0
0.0
2.7716004848480225
2.242790699005127
0.0
0.13543665409088135
0.0
0.0
0.0
0.4645886719226837
0.0
0.0
0.0
0.0
0.0
0.0
0.0
0.0
0.0
0.21992003917694092
2.1573996543884277
1.5486433506011963
0.0
0.0
0.0
0.0
0.02248537540435791
1.1995619535446167
1.3747997283935547
1.030189037322998
0.0
0.0
0.0
0.546698272228241
0.0
0.0
0.10776525735855103
1.7425956726074219
2.1003382205963135
0.1008194088935852
0.0
0.0
0.0
0.0
1.2110869884490967
0.39058589935302734
0.0
0.0
0.0
0.06880348920822144
0.0
0.0
0.0
0.0
0.0
0.0
0.1674167811870575
0.5337897539138794
0.0
0.0
0.0
0.0
0.0
0.0
0.0
0.0
0.31282711029052734
0.0
0.09558480232954025
0.0
0.0
0.12427374720573425
0.38849762082099915
0.0
0.0
0.0
0.0
1.0029311180114746
0.10531586408615112
0.0
0.0
0.0
0.0
0.0
0.0
0.6111459732055664
1.601870059967041
0.0
0.0
0.0
0.0
0.0
0.0
0.0
0.1672355979681015
0.0
0.0
0.7641936540603638
0.0
0.0
0.0
0.0
2.0249366760253906
0.2240791916847229
0.45798826217651367
3.2671496868133545
0.325716108083725
0.0
0.0
0.0
0.20173151791095734
0.0
0.0
0.13706687092781067
0.0
0.29790690541267395
0.08600229024887085
0.013359427452087402
0.0
0.0
0.0
0.0
1.6236151456832886
0.4941755533218384
0.0
0.0
0.0
0.0
0.0
0.0
0.0
6.065353870391846
0.0
0.0
0.0
0.0
0.0
0.0
0.0
0.0
0.5802493095397949
0.0
1.8154330253601074
0.99000483751297
0.6569397449493408
1.0680774450302124
0.0
0.0
0.9501339197158813
0.911381185054779
0.6114645004272461
0.0
0.0
0.0
0.0
0.0
1.168076515197754
0.01768289878964424
0.0
0.0
0.0
0.0
0.0
0.0
1.473840355873108
1.5610610246658325
0.0
0.9515952467918396
0.8029916286468506
0.0
0.0
0.0
0.06332552433013916
0.12009608745574951
0.8841773867607117
0.5669959783554077
0.0
0.21045275032520294
0.0
0.11978255212306976
1.052356243133545
0.85940021276474
0.30021747946739197
0.0
0.0
0.0
0.0
0.0
0.0
0.0
0.3028702735900879
0.9278281927108765
0.0
0.0
0.0
0.0950806736946106
0.0
0.0
0.0
0.0
0.0
0.0
0.0
0.0
0.0
0.0
0.0
0.0
0.0
0.0
0.0
0.0
0.0
0.0
0.0
0.0
0.0
0.1579604148864746
2.6017043590545654
0.3428621292114258
0.0
0.0
0.0
1.0030755996704102
0.0
0.0
0.5987458229064941
0.0
0.0
0.0
0.0
0.0
0.0
0.0
0.0
0.0
0.0
0.0
0.0
0.0
0.0
0.0
1.6478735208511353
2.2199277877807617
2.461500883102417
0.11094876378774643
1.8538817167282104
0.0
0.0
0.0
0.0
4.235608100891113
2.851877450942993
0.0
0.8283128142356873
0.0
0.0
0.0
0.0
0.34499067068099976
0.0
0.0
0.4986221492290497
0.11231634020805359
0.0
0.21812736988067627
1.8679934740066528
2.2544894218444824
2.8566341400146484
1.8580865859985352
1.3267327547073364
0.0
0.0
0.6694017648696899
0.7791973352432251
0.7239347100257874
0.8623656630516052
0.0
0.0
0.0
0.0
0.0
0.0
0.0
0.0
0.0
0.0
0.0
0.0
0.0
0.0
0.0
0.0
0.0
0.0
0.0
0.0
0.0
0.0
0.0
0.0
0.0
0.0
0.0
0.0
0.0
0.0
0.0
0.0
0.0
0.0
0.0
0.0
0.08902636915445328
0.22637322545051575
0.0
0.0
0.0
3.088148832321167
1.8126885890960693
1.185503363609314
0.8402249813079834
0.0
0.0
0.6586365699768066
1.7995978593826294
2.119086980819702
1.1055958271026611
0.0
0.0
0.0
0.0
0.2220410406589508
1.0596582889556885
0.0
0.0
0.0
0.0
1.0998996496200562
0.3050450086593628
0.0
0.7062756419181824
0.0
0.0
0.0
1.6401855945587158
2.227818489074707
0.8616344928741455
0.0
0.0
0.2918243110179901
0.056232377886772156
0.0
2.9970755577087402
1.1163458824157715
0.0
0.0
0.0
0.07335417717695236
0.22596782445907593
0.0
0.11307132244110107
1.0702359676361084
2.5966603755950928
0.0
0.0
0.0
0.0
0.0
1.5067120790481567
0.0
0.0
0.0
0.0
0.0
0.0
0.0
0.028519129380583763
0.0
0.0
0.0
0.0
0.0
0.0
0.0
1.7532708644866943
1.330190658569336
0.0
0.24264349043369293
0.0
0.0
0.0
0.0
1.0822340250015259
0.46832481026649475
0.0
0.0
0.0
0.0
0.06508621573448181
0.0
0.0
0.3461494445800781
0.0
0.0
0.0
0.0
1.592520833015442
1.5264333486557007
0.0
1.1577016115188599
1.9508070945739746
0.0
0.0
1.6906989812850952
0.0
0.0
0.0
2.181121587753296
0.9455768465995789
0.0
0.0
0.7189003229141235
0.0
0.08954024314880371
0.0
0.1943332552909851
0.0
0.0
0.0
0.27192723751068115
0.0
0.0
0.0
0.5120949149131775
0.0
0.0
1.2780849933624268
0.11358100175857544
0.0
0.624267578125
1.5752520561218262
3.2732901573181152
3.8143773078918457
0.0
4.940851211547852
1.6871166229248047
1.2082360982894897
0.20208394527435303
2.0377955436706543
1.5212643146514893
3.5524747371673584
3.033708095550537
3.7887380123138428
1.8677335977554321
1.7257599830627441
1.452775239944458
2.68257474899292
0.0
0.0
0.0
0.0
0.5207616090774536
0.0
0.0
0.0
0.0
0.2809399366378784
0.0
0.0
0.0
0.0
0.0
0.0
0.2026684433221817
1.9046812057495117
0.0
0.0
0.0
0.0
0.0
0.0
0.9616650342941284
0.0
0.0
1.107360601425171
0.3150726556777954
1.0843534469604492
0.36855292320251465
0.8574797511100769
0.0
0.0
0.0
0.4932483434677124
1.503021478652954
0.0
1.055402159690857
2.2000553607940674
0.2685789167881012
0.15235790610313416
0.28670066595077515
2.800313949584961
0.04490417242050171
0.0
0.0
0.5513490438461304
0.0
1.9966590404510498
4.070816993713379
1.2790428400039673
0.0
0.0
0.03596985340118408
0.0
0.0
0.0
0.0
0.0
0.0
0.0
0.0
0.7206358909606934
0.0
0.0
0.0
0.21932613849639893
0.0
0.0
1.078221321105957
0.0
2.1390271186828613
0.1833477020263672
0.0
0.0
0.0
1.1369056701660156
7.484979629516602
2.369025945663452
0.0
1.9404879808425903
0.2011081725358963
0.0
1.3775161504745483
0.0
0.0
2.5242886543273926
0.0
0.5364769697189331
0.0098910266533494
0.0
0.38166311383247375
0.0
0.0
0.725039541721344
0.31357499957084656
0.715411365032196
0.0
0.28933143615722656
0.8299303650856018
0.0
0.0
0.3698776960372925
2.3214221000671387
0.4860565662384033
0.0
0.0
0.6715279817581177
0.0
0.0
0.4579089283943176
1.6756789684295654
0.0
0.0
0.6445046663284302
0.03610129654407501
0.6314516663551331
0.09580154716968536
0.23496228456497192
0.0
0.0
0.0
0.0
0.0
0.302188515663147
0.1165333166718483
0.4575294256210327
0.0
0.0
0.0
0.01107555627822876
0.0
0.2102840542793274
0.0
0.0
0.0
0.0
1.6734012365341187
0.0
0.0
0.9886809587478638
0.0
0.0
0.0
0.12731927633285522
0.0
0.0944715142250061
0.7986534237861633
2.4899003505706787
0.15966886281967163
1.0539482831954956
0.0
0.0
0.0
2.8600761890411377
1.1594598293304443
1.0151997804641724
3.3653957843780518
1.0952404737472534
0.0
0.0
0.9361510872840881
1.6926432847976685
1.161583662033081
0.39099907875061035
0.0
0.0
0.0
0.122109055519104
1.4432587623596191
1.1007022857666016
0.45434191823005676
0.0
0.0
0.0
0.0
1.826833724975586
0.3287010192871094
0.5391885042190552
1.632167935371399
1.3729231357574463
1.2620186805725098
0.9667245149612427
0.32002007961273193
0.0
0.7419303059577942
0.3993385434150696
1.9235289096832275
2.2468535900115967
1.9372577667236328
0.0
0.12707200646400452
0.0
0.0
0.0
0.0
1.4476542472839355
2.17671275138855
1.2285856008529663
2.5804357528686523
1.0936648845672607
0.0
3.0188584327697754
4.802103042602539
0.9153147339820862
1.3498412370681763
2.543001651763916
1.153749704360962
0.3977527916431427
0.630724310874939
1.4264088869094849
1.287244439125061
0.6069886684417725
0.0
2.7416398525238037
0.0
0.0
0.0
0.0
0.0
0.0
0.0
0.0
0.0
0.0
1.0052592754364014
0.0
0.0
0.0
0.0
1.485686182975769
0.25882282853126526
0.0
0.4153435230255127
2.0259745121002197
0.0
1.231008529663086
0.0
3.258092164993286
1.1497873067855835
0.24058771133422852
0.3389366567134857
0.07021759450435638
0.0
0.0
0.0
0.17396849393844604
0.0
0.2224431037902832
0.9339972138404846
0.09106576442718506
0.0
0.0
0.0
0.26820385456085205
0.0
0.6197363138198853
1.2008812427520752
0.0
0.0
1.1934291124343872
0.5174612998962402
0.8617798089981079
0.15557581186294556
0.0
0.405214786529541
0.0
0.0
0.0
0.0
0.0
0.0
0.0
0.0
0.0
0.0
0.0
0.0
0.0
0.0
0.0
0.0
0.0
0.0
0.0
0.0
0.0
0.0
0.0
0.0
0.0
0.0
0.0
0.0
0.0
0.6330572366714478
0.04036499932408333
0.0
2.5350863933563232
3.3145627975463867
2.107778310775757
3.500943660736084
4.089415073394775
0.0
0.0
0.0
0.7027281522750854
1.9855222702026367
0.0
0.0
0.35592740774154663
0.0
0.0
0.0
0.847985029220581
0.0
0.0
0.0
0.0
0.0
0.0
0.0
0.0
0.0
0.0
0.0
0.0
0.0
0.0
0.4312763512134552
0.0
0.0
0.47872471809387207
0.0
0.0
2.896456241607666
1.538679838180542
2.845658302307129
0.9610511064529419
0.0
0.0
0.0
0.2809019088745117
2.261169910430908
1.797953486442566
0.18445289134979248
0.0
0.2684633135795593
0.7046315670013428
0.0
0.5606511831283569
1.1755053997039795
1.3531193733215332
0.0
0.0
0.0
0.0
0.0
0.15857189893722534
0.23941399157047272
0.7975624799728394
0.4220463037490845
0.0
0.0
0.0
0.0
2.5453858375549316
1.9154982566833496
1.0597206354141235
1.9574265480041504
0.0
0.0
0.0
0.0
2.940553903579712
0.8352000117301941
0.5674746036529541
0.0
0.0
0.0
0.0
0.1725778579711914
1.685849666595459
0.0
0.0
0.0
0.0
0.0
0.0
0.0
0.1953805685043335
0.0
0.0
0.0
0.0
0.0
0.8972359299659729
3.6165931224823
1.2908909320831299
0.10152231901884079
0.7926464676856995
1.3313490152359009
1.0819483995437622
1.1773489713668823
0.0
1.205856442451477
0.0
0.5038214921951294
0.8767543435096741
1.5032892227172852
1.456455111503601
0.0
0.0
0.0
0.0
0.0
0.0
0.0
0.0
0.12237685173749924
1.6740827560424805
0.0
0.0
0.0
0.6190979480743408
0.16989098489284515
0.0
0.0
0.0
0.0
0.0
0.32291483879089355
0.0
0.0
0.0
0.0
0.0
0.0
0.0
1.3787100315093994
0.0
0.7303606271743774
0.3069327175617218
0.0
0.0
0.0
0.0
0.0
0.0
0.0
0.0
0.0
0.0
0.0
0.0
1.502388834953308
0.7231749892234802
0.5742225646972656
3.2357723712921143
3.219862937927246
0.0
0.0
0.19002944231033325
0.2739149332046509
0.5065090656280518
3.0232605934143066
2.1909279823303223
0.670849621295929
0.0
0.0
0.0
0.0
0.5045908689498901
2.52705717086792
0.03517831116914749
0.0
0.0
0.0
0.0
0.0
0.0
0.0
0.0
0.0
0.0
0.0
0.0
0.0
0.0
0.0
0.0
0.0
0.0
0.0
0.0
0.0
0.07368840277194977
0.0
0.0
0.0
0.0
0.0
1.0384467840194702
0.1429583728313446
0.9716858863830566
0.0
0.0
0.0
1.3174728155136108
2.1780433654785156
1.786227822303772
0.0
0.0
0.0
0.0
0.0
0.0
0.14494355022907257
1.2749254703521729
0.0
0.7072713375091553
0.0
0.0
0.0
1.3751132488250732
1.9836313724517822
1.2215814590454102
0.0
0.04641043022274971
0.0
0.6939204335212708
0.47433459758758545
0.3833175301551819
0.40511882305145264
0.7261297106742859
0.0
0.26617759466171265
1.0133692026138306
0.0
0.0
0.0
0.0
0.6647314429283142
0.0
1.1090564727783203
1.833465814590454
1.7658461332321167
1.1218962669372559
0.18255597352981567
0.0
0.0
0.0
0.9443644285202026
0.165453240275383
0.8192185759544373
0.7594488859176636
1.0323725938796997
0.0
0.0
0.0
0.15370745956897736
0.0
0.0
0.0
0.0
0.0
0.0
0.0
0.0
0.0
0.0
0.09265999495983124
0.441733181476593
0.9823848009109497
1.1286128759384155
0.0
0.3639886975288391
0.0
0.0
0.2046385556459427
0.0
0.0
0.0
0.0
0.0
0.022440984845161438
0.6997324228286743
1.7021983861923218
0.5830833911895752
0.3950084447860718
0.0
0.0
0.4642865061759949
0.9136393666267395
1.1315758228302002
0.0
0.21204334497451782
3.4345452785491943
0.6647398471832275
0.0
0.0
0.0
1.5217909812927246
0.0
0.0
0.0
0.0
0.0
0.0
0.0
0.0
1.3969197273254395
1.3821853399276733
0.7515304684638977
0.0
0.0
0.0
0.358421266078949
0.0
0.0
0.0
0.0
0.0
0.0
0.0
1.450456976890564
0.0
0.0
0.0
0.0
0.0
0.0
0.0
0.11514230817556381
0.0
0.0
0.0
0.0
0.0
0.46829521656036377
0.0
0.0
0.0
0.0
0.3682423233985901
0.0
0.0
0.412299782037735
0.0
0.0
0.0
0.0
5.309018135070801
5.380263805389404
0.2830529808998108
0.6411628127098083
0.0
0.0
0.0
1.6221158504486084
0.28130483627319336
3.098256826400757
1.0925606489181519
0.27217504382133484
0.16366678476333618
0.20658913254737854
0.7120808362960815
0.8545950651168823
1.355849027633667
0.6027303338050842
0.0
0.14633183181285858
1.0365660190582275
0.9447049498558044
0.5102434754371643
0.0
0.42770278453826904
1.3183104991912842
0.0
0.0
0.3039160668849945
2.699784755706787
0.0
0.0
0.0
0.0
0.0
0.025990312919020653
0.7133731245994568
0.15793660283088684
1.7491647005081177
0.06633991748094559
0.4916835129261017
0.08237282931804657
0.05760779231786728
0.0
0.1858416497707367
0.0
0.0
0.32967478036880493
0.48212844133377075
0.1638338714838028
1.0402817726135254
0.0
0.0
0.0
0.0
0.0
0.0
0.0
0.0
0.0
0.0
0.0
0.0
0.0
0.0
0.0
0.0
0.0
0.0
0.0
0.10868560522794724
1.604628562927246
0.8087019324302673
0.0
0.0
0.0
0.01395085547119379
0.0
1.6629819869995117
0.0
0.014514926820993423
0.0
1.717070460319519
0.0
0.4500747323036194
0.6580176949501038
0.790501594543457
0.0
0.2634534239768982
0.3281067907810211
0.0
0.0
0.0
0.2974446415901184
0.0
0.0
0.0
0.0
0.0
0.0
0.8818308115005493
0.0
0.3237532675266266
0.4629085063934326
0.0
0.0
0.0
0.0
0.1162472516298294
0.6235482692718506
0.0
0.0
0.44468703866004944
0.31722399592399597
0.0853705182671547
0.0
0.0
0.0
0.0
0.0
0.0
0.8064392805099487
0.3168725371360779
3.417487144470215
0.7180206179618835
0.24333244562149048
1.8654546737670898
0.0
1.6683746576309204
4.015232563018799
0.2796408534049988
2.0004618167877197
1.9550604820251465
0.021138787269592285
0.2213396430015564
1.7038469314575195
0.014909863471984863
0.46964380145072937
0.9788635969161987
0.0
0.0
1.6903685331344604
1.231610894203186
0.0
0.0
0.0
1.4411972761154175
0.0
0.0
0.21687030792236328
1.2993303537368774
2.2723870277404785
2.530794143676758
2.0698094367980957
0.0
0.0
0.19783353805541992
0.0
0.0
0.0
0.13584750890731812
1.0399091243743896
0.0
0.047684431076049805
0.7365131378173828
0.0
0.0
0.0
0.2692040503025055
0.0
0.0
0.6215440034866333
0.0
0.0
0.020466655492782593
0.0063822269439697266
0.1942330151796341
0.0
1.967397928237915
0.0
0.0
0.0
0.0
0.47031545639038086
0.677139937877655
0.0
0.0
1.484161376953125
0.4963926672935486
0.0
1.2179226875305176
2.224233388900757
0.4299492835998535
1.761040210723877
0.0
0.3648970127105713
1.892483115196228
0.1325436383485794
1.6129653453826904
1.7072327136993408
0.0
0.2630292475223541
3.7978127002716064
0.0
0.6873828172683716
0.0
0.0
0.04224453866481781
0.0
0.0
0.3631058931350708
0.0
0.7742992043495178
0.0
0.0
0.0
0.0
0.0
0.0
0.2366214394569397
0.0
0.0
0.0
1.755077600479126
0.0
0.0
0.33256810903549194
0.06560510396957397
1.2608391046524048
0.0
0.0
0.0
0.0
0.3415120840072632
0.5498495697975159
0.0
1.2995197772979736
0.9783020615577698
0.6870290637016296
0.055672965943813324
0.0032670500222593546
0.0
0.7147050499916077
0.024110734462738037
0.9280587434768677
0.2516135275363922
0.0
0.0724218338727951
0.17736904323101044
0.5826448202133179
0.0
0.0
0.0
0.0
0.0
0.0
0.0
0.0
0.0
0.0
0.0
0.0
0.0
0.0
0.0
0.0
0.0
0.0
0.0
0.0
0.0
0.0
0.0
0.5748828649520874
1.0190757513046265
0.0
0.0
0.0
0.0
0.0
0.0
0.7250202894210815
1.1068339347839355
0.0
0.0
0.0
3.641829490661621
1.0987151861190796
1.9160308837890625
0.95487380027771
0.0
0.0
0.6386590003967285
2.1033523082733154
2.581841468811035
0.7812318801879883
0.0
0.0
0.0
0.0
0.035737667232751846
1.2867215871810913
0.0
0.0
0.0
0.1508924663066864
0.25185009837150574
0.17845207452774048
0.41086918115615845
0.0
0.0
0.0
0.0
0.0
0.0
0.5944623351097107
0.4746742844581604
0.0
0.0
0.0
0.0
0.0
0.0
1.3798121213912964
0.78228759765625
0.0
1.486250400543213
3.0150649547576904
0.0
0.0
0.0
0.0
0.0
0.4629182517528534
1.973422646522522
3.45709228515625
0.0
0.0
0.0
0.0
0.0
1.6453990936279297
2.831754684448242
2.2769615650177
1.9535313844680786
1.6964807510375977
0.0
0.0
0.0
0.0
0.0
0.0
0.0
0.0
0.0
0.0
0.0
0.0
0.0
0.0
0.0
0.0
0.0
0.0
0.0
0.0
0.0
0.0
0.0
0.0
0.0
0.3046548664569855
0.0
0.0
0.568087637424469
1.8246915340423584
2.353663206100464
1.0028672218322754
0.7455600500106812
0.0
0.0
0.0
0.0
0.0
0.0
0.1795680969953537
0.0
0.0
0.0
1.4051848649978638
0.0
0.0
0.0
1.2356752157211304
0.010262787342071533
1.0434441566467285
0.0
1.27531099319458
0.0
0.0
0.0
0.1218983605504036
2.375077486038208
1.8063044548034668
1.2000463008880615
0.929323673248291
1.3505789041519165
1.609867811203003
0.9739986658096313
0.5545886158943176
1.6933854818344116
1.2454428672790527
3.185490608215332
2.368614673614502
3.3588030338287354
2.511507987976074
1.603991150856018
0.9981108903884888
0.04683145135641098
0.0
0.0
1.328749656677246
1.5742820501327515
0.706174910068512
0.0
0.0
0.0
0.0
0.0
0.5789156556129456
0.577609121799469
0.0
0.0
0.0
0.6023727059364319
0.4765776991844177
1.1880158185958862
0.19025136530399323
0.39838406443595886
0.5357868671417236
0.5849726796150208
1.015038013458252
1.5391112565994263
0.3822070360183716
0.6658715605735779
0.21016709506511688
0.0
0.0
0.0
0.0
0.042632024735212326
0.49416598677635193
0.0
0.0
1.5695880651474
0.6852658987045288
0.0
0.0
0.0
0.0
1.6249845027923584
0.5118851661682129
0.1871088296175003
0.8094667792320251
1.063473105430603
0.0
0.0
0.0
0.0
0.51778644323349
0.7135757803916931
0.7676905393600464
2.8784127235412598
0.0
0.0
0.923129141330719
0.0
0.0
1.0525752305984497
0.0
0.4020087718963623
2.4180750846862793
1.7023112773895264
2.0105860233306885
0.8538422584533691
0.7494274973869324
0.962436318397522
0.0
0.0
0.0
0.08785177767276764
0.0
0.0
0.6518168449401855
0.6891418099403381
0.009419246576726437
0.12318489700555801
0.27344444394111633
0.17048344016075134
0.0
0.0
0.2907222509384155
0.0
0.0
0.0
0.0
0.3647260069847107
0.0
0.0
0.0
0.0
0.0
1.1051241159439087
1.8841722011566162
0.804145872592926
0.11421798169612885
0.0
0.0
0.0
0.0
0.0
0.39813196659088135
0.0
0.0
0.0
0.1381775438785553
0.0
0.0
0.0
0.073722243309021
0.0
0.0
0.0
0.0
0.0
0.0
0.0
0.0
0.0
0.0
0.0
0.0
0.38730907440185547
1.266984462738037
0.0
0.0
0.0
0.0
0.0
0.0
0.0
0.9169872999191284
0.18249326944351196
0.0
0.0
0.6134214401245117
0.0
0.0
0.08684977889060974
0.0
0.0
0.0
0.0
0.38542789220809937
0.6380268335342407
0.3921459913253784
0.9894634485244751
0.31153714656829834
0.0
0.0
0.0
0.0
0.0
0.0
0.0
0.0
0.0
0.0
0.0
0.0
0.0
0.0
0.0
0.0
0.0
0.06943178176879883
0.0
0.0
0.0
0.0
0.0
0.0
0.34068363904953003
0.5847738981246948
0.0
0.0
0.005393505096435547
0.0
0.0
0.0
0.0
0.0
0.0
0.0
0.0
0.0
0.0
0.0
0.0
0.0
0.3199370205402374
0.0
0.0
0.0
0.0
0.0
0.6786699891090393
1.9691803455352783
1.2013592720031738
0.0
0.0
0.0
0.0
0.33999305963516235
0.33711671829223633
0.11928317695856094
0.0
0.0
0.0
0.0
0.0
0.0
0.0
0.0
0.0
0.0
0.0
0.0
0.0
0.0
0.0
0.0
0.0
2.6436378955841064
0.0
0.0
0.0
0.4533267319202423
2.4044697284698486
2.051635265350342
0.32385897636413574
0.3881341516971588
0.0
0.0
0.0
0.0
0.18307004868984222
2.16298770904541
0.0
0.0
0.0
0.0
0.0
0.0
0.24178168177604675
0.9608259797096252
0.0
0.0
0.0
0.0
0.0
0.0
0.0
0.03969603776931763
0.0
0.0
0.0
0.0
0.0
0.0
0.0
0.0
0.9885356426239014
0.0
0.0
0.0
0.0
0.0
0.0
0.0
0.8844068050384521
0.0
0.20962555706501007
0.09649290144443512
0.3890998363494873
1.4390980005264282
0.9679259061813354
0.0
0.2472984343767166
0.0
0.0
0.0
0.0
0.5093842148780823
0.5605466365814209
0.0
0.0
0.0
0.0
0.0
0.7320035696029663
0.20666614174842834
0.0
0.23543286323547363
0.0
0.23065996170043945
0.0
0.21856988966464996
1.223555088043213
1.2258450984954834
0.23398512601852417
2.5144295692443848
1.414412498474121
0.0
0.0
0.0
1.9793509244918823
0.0
0.0
0.8414157032966614
1.5454403162002563
0.0
0.0
0.0
0.09959173202514648
0.0
1.6414909362792969
3.0570292472839355
1.2268455028533936
0.0
0.0
1.9447180032730103
0.42221158742904663
0.0
0.0
0.7359224557876587
0.0
0.0
0.0
0.0
0.031162559986114502
0.4581873118877411
0.6051989793777466
0.3817903995513916
0.0
0.0
0.0
0.0
1.0997895002365112
0.6985630393028259
0.0
0.0
0.3157570958137512
0.5363079309463501
0.0
0.0
0.0
0.0
0.6346099376678467
0.0
0.0
1.9827262163162231
0.0
0.0
0.13864922523498535
0.04172562435269356
1.9958937168121338
0.8265053033828735
0.0
1.091254711151123
0.0
0.0
0.06123867630958557
0.0
0.8874169588088989
0.8190313577651978
0.0
0.6491943001747131
0.0
0.0
0.0
0.0
0.3692033290863037
0.08823072910308838
0.0
0.574810802936554
0.0
0.0
0.0
0.0
0.0
0.0
0.0
0.36191409826278687
0.37240833044052124
0.0
1.3082507848739624
0.0
0.0
0.0
0.0
0.0
0.0
1.2050669193267822
1.7857029438018799
0.5209907293319702
0.0
0.0
0.0
0.9964807629585266
0.0
0.0
0.0
0.0
0.0
0.0
0.0
0.838391900062561
0.0
0.0
0.0
0.0
0.0
0.0
0.0
0.0
0.0
0.0
0.0
0.06573864072561264
0.0
0.0
0.0
0.0
0.2593829929828644
0.4573427736759186
0.24117493629455566
0.053211141377687454
0.0
0.23970560729503632
0.0
0.0
0.0
0.0
0.22065994143486023
0.17567090690135956
1.618402123451233
1.0577654838562012
0.7695730328559875
0.0
0.0
0.0
0.0
0.0
0.0
0.0
0.0
0.0
0.0
0.0
0.0
0.0
0.0
0.0
0.0
0.0
0.0
0.0
0.0
0.0
0.0
0.0
0.0
0.0
0.0
0.0
0.0
0.0
0.0
0.0
0.0
0.0
0.2757578194141388
1.0218935012817383
2.4884064197540283
0.44972485303878784
0.0
0.0
0.0
1.5491867065429688
0.752924382686615
0.05402230843901634
1.7278761863708496
1.6877204179763794
1.659123420715332
0.594597578048706
0.88536536693573
0.453266441822052
0.0
0.0
0.41660454869270325
0.6354084610939026
0.0
0.2803095281124115
0.8855791091918945
0.0
0.7474005222320557
0.12566006183624268
0.0
0.0
0.0
0.10737355053424835
1.4087892770767212
0.0
0.0
0.0
0.5898999571800232
0.0
0.0
0.0
0.22172752022743225
0.0
0.0
0.3453209400177002
0.6914396286010742
0.0
0.0
0.0
0.0
0.0
0.0
0.0
0.0
0.0
0.0
0.0
0.0
0.0
0.0
0.0
0.0
0.0
0.06442216038703918
0.5558763146400452
0.0
0.0
0.8659892082214355
0.0
0.0
0.0
0.24119213223457336
1.037886381149292
0.0
4.301246643066406
0.9487801194190979
0.0
0.0
0.1794525384902954
2.602459192276001
0.6661865711212158
0.0
2.6730072498321533
0.10394831001758575
0.0
0.4002211093902588
0.0
0.0
0.0
0.0
0.0
0.0
0.0
0.0
0.0
0.0
0.0
0.0
0.6533520221710205
0.0
0.0
0.7135900855064392
0.0
0.0
0.0
0.9403239488601685
0.9926843047142029
0.0
0.6422719955444336
1.3095893859863281
0.0
0.0
0.0
0.0
0.272176057100296
0.0
0.5492056608200073
0.05382508039474487
0.0
0.0
0.0
0.47077757120132446
0.0
0.0
0.0
0.0
0.0
0.0
0.0
0.0
0.0
0.0
0.0
0.0
0.0
0.0
0.0
0.0
0.0
0.0
0.0
0.0
0.0
0.0
0.0
0.0
0.0
0.638315737247467
0.0
0.0
0.0
0.0
0.0
0.0
0.0
0.0
0.31850531697273254
0.0
0.0
0.0
0.0
0.13904501497745514
0.0
0.0
1.5253106355667114
2.442905902862549
0.2752588391304016
0.0
0.0
0.7437536120414734
0.0
1.129671573638916
0.0
0.0
0.0
0.0
0.0
0.0
0.0
2.0673766136169434
1.3064616918563843
0.0
0.0
0.0
0.0
0.0
0.0
0.0
0.0
0.0
0.05016796290874481
0.2547215521335602
0.10757778584957123
0.0
0.0
0.0
0.0
0.0
0.0
0.5772501826286316
0.0
0.0
0.0
0.0
0.0
0.3286084532737732
0.0
0.0
0.736153244972229
0.0
0.0
0.0
0.28192228078842163
0.0
0.0
0.0
1.081368327140808
0.7968763113021851
0.0
0.0
0.0
0.0
0.0
0.0
0.0
0.1054074764251709
0.0
0.0
0.0
0.33170199394226074
0.3443143367767334
0.6582654118537903
0.0
0.0
0.0
0.0
0.0
0.54244065284729
0.0
0.0
0.40273433923721313
0.0
0.0
0.0
0.0
0.0
0.0
0.0
0.0
0.0
0.0
0.0
0.47606366872787476
2.1778786182403564
1.3918728828430176
0.0
0.0
0.0
0.0
0.0
0.0
0.0
0.0
0.0
0.0
0.0
0.0
0.0
0.0
0.0
0.0
0.0
0.0
0.0
0.0
0.0
0.0
0.0
0.0
0.0
0.0
0.0
0.0
0.0
0.0
0.0
0.0
0.0
0.5220465660095215
0.0
0.0
0.14714789390563965
0.7142137885093689
0.0
0.0
0.0
0.0
0.0
0.0
0.0
0.04318644851446152
0.0
0.0
0.0
0.0
0.0
0.0
0.0
0.0
0.0
0.0
0.0
0.001254818169400096
0.0
0.0
0.0
0.2039153128862381
0.48045533895492554
0.8315805196762085
0.6527437567710876
0.3380759656429291
1.3327800035476685
0.0
0.021272046491503716
0.37636715173721313
0.0
0.0
0.0
0.0
0.0
0.0
0.5342763662338257
2.5036702156066895
0.0
0.0
0.0
0.0
0.0
0.0
0.0
1.3367899656295776
0.0
0.0
0.0
0.47998011112213135
1.0462920665740967
0.0
0.0
0.0
1.0732747316360474
0.12966196238994598
1.4488908052444458
1.4372037649154663
0.4505234956741333
0.0
0.0
1.4664334058761597
1.7744871377944946
1.0966124534606934
1.1637989282608032
0.0
0.0
0.0
0.5452712774276733
1.9717962741851807
0.0
0.0
0.0
0.0
0.0
0.0
0.0
0.1311182975769043
0.0
0.0
0.0
0.0
0.0
0.610421359539032
0.07101911306381226
0.3764292001724243
0.06879549473524094
1.4959304332733154
3.2665579319000244
0.0
0.2824304401874542
0.0
0.0
0.0
0.0
0.0
3.7419536113739014
0.0
0.0
0.0
0.0
0.0
0.0
0.0
1.4826083183288574
0.0
0.0
0.0
0.17874860763549805
1.9738876819610596
0.48030591011047363
0.0
0.0
0.0
0.0
0.0
0.0
1.8380851745605469
0.9468721151351929
0.0
0.5802401900291443
0.0
0.0
0.0
0.0
1.4781239032745361
0.5475080013275146
0.0
1.823865294456482
0.0
0.0
0.0
0.0
1.0637174844741821
2.818662643432617
2.018322467803955
3.0563273429870605
1.180096983909607
0.0
0.0
0.0
2.0564324855804443
3.278691291809082
0.9676061868667603
0.0
0.0
0.053176019340753555
