0.01696835644543171
0.19585442543029785
-0.7381861805915833
-0.6132273077964783
-0.623910665512085
-0.08873569220304489
0.6916996836662292
0.5513712763786316
-0.487441748380661
0.42660021781921387
0.06323249638080597
0.42913293838500977
0.5278188586235046
0.23587782680988312
0.6918988227844238
0.9323522448539734
-1.2291826009750366
0.9030536413192749
2.118694543838501
3.124544382095337
1.6220097541809082
0.7284724712371826
1.4535107612609863
1.5664962530136108
-0.4171563386917114
1.1823128461837769
3.4409263134002686
5.440798759460449
2.999739646911621
3.0064258575439453
3.8951663970947266
3.804133415222168
-0.13459978997707367
1.5693402290344238
3.511322021484375
4.869900703430176
3.352789878845215
3.992021083831787
4.399563789367676
3.2137398719787598
2.0342190265655518
3.0551438331604004
4.550881862640381
5.853471279144287
4.169007301330566
4.077938556671143
1.3355439901351929
2.598757266998291
0.5708393454551697
2.5419867038726807
4.34343147277832
4.199367523193359
3.0424041748046875
1.2306077480316162
-0.1547914296388626
0.006734063383191824
-0.16865499317646027
0.10786823183298111
0.47051578760147095
0.5246962904930115
0.5803574919700623
1.1398687362670898
0.9472187161445618
0.6451066136360168
0.04292792081832886
-0.12500536441802979
-0.8933660387992859
-0.8672791719436646
-1.0847282409667969
-0.16571956872940063
3.463388204574585
3.0436580181121826
0.641215443611145
0.5527712106704712
-0.8671855926513672
-0.7173624038696289
-1.0434846878051758
-0.657572329044342
0.913964033126831
2.9095406532287598
1.4511196613311768
4.073848724365234
1.1226465702056885
0.16316434741020203
-0.7543002963066101
-0.3710070848464966
0.518531858921051
1.3671238422393799
1.8736672401428223
2.581242561340332
1.949757695198059
1.5628050565719604
0.4911556839942932
-0.04821928218007088
1.080377221107483
1.3665919303894043
0.30344414710998535
0.7405835390090942
0.739062488079071
0.9355537295341492
0.6552339792251587
0.1564299315214157
0.09105317294597626
0.7723314762115479
1.2837563753128052
2.0258138179779053
1.7122764587402344
4.010581970214844
4.418758392333984
2.1716203689575195
1.3390986919403076
0.5486937761306763
1.2684297561645508
2.537381649017334
1.45417320728302
3.428232192993164
3.9730324745178223
2.1410951614379883
1.4498469829559326
0.7971212863922119
0.3688274025917053
1.9549237489700317
1.3969411849975586
1.3710017204284668
0.5696477293968201
0.009173041209578514
-0.423728883266449
-0.5257134437561035
0.028877008706331253
0.1475345939397812
-0.27026286721229553
-0.3374102711677551
0.4450025260448456
-1.0650404691696167
-1.5124363899230957
-0.6507533192634583
0.27928510308265686
2.0388526916503906
2.2532620429992676
1.1774097681045532
1.353672981262207
1.166135549545288
0.07077145576477051
-0.19367362558841705
-0.007552689407020807
2.0038609504699707
2.872671127319336
2.3126449584960938
2.6661429405212402
2.493950605392456
2.1580328941345215
1.839786410331726
0.3345719575881958
3.2290635108947754
5.257082939147949
6.315754413604736
3.949211597442627
3.2068183422088623
1.1171166896820068
0.8527030944824219
-0.14374427497386932
3.305262327194214
3.666234254837036
3.8926737308502197
4.4210357666015625
1.783189058303833
0.31140121817588806
-1.100361943244934
-0.33050400018692017
1.9286285638809204
4.594552516937256
4.703383445739746
4.869104385375977
2.362112045288086
0.09075696766376495
-0.8469098210334778
1.4142677783966064
-0.07403822243213654
-0.4876980483531952
2.6791839599609375
0.9408907294273376
0.42785632610321045
-0.6469430327415466
-0.7885651588439941
1.691656470298767
0.8073258399963379
-1.3472751379013062
-1.7064577341079712
-1.2829079627990723
-1.198872447013855
-0.4944601058959961
-0.17242935299873352
-0.1320837140083313
-0.9113954305648804
-1.4386626482009888
-0.9488310813903809
-1.3893548250198364
0.33975720405578613
1.516392469406128
1.1658066511154175
-0.40697264671325684
-1.5224761962890625
-2.370279312133789
-2.093031883239746
-2.068577766418457
-0.2897340655326843
-0.621660590171814
-0.5786737203598022
0.392496258020401
-1.0819834470748901
-1.964203953742981
-1.0285499095916748
-1.2710607051849365
-1.2962130308151245
-1.0978084802627563
-1.779396891593933
-0.5963384509086609
-2.0135586261749268
-2.49363374710083
-2.6891894340515137
-2.969275951385498
-4.324465751647949
-3.346893548965454
-2.888855218887329
-1.1196740865707397
-2.5842814445495605
-3.762371063232422
-4.340554237365723
-4.653284549713135
-5.082311153411865
-2.6385366916656494
-1.6288903951644897
-1.6843392848968506
-2.9182233810424805
-3.93276309967041
-5.497089862823486
-6.13438606262207
-5.733708381652832
-2.9208035469055176
-1.3972110748291016
-0.9770283102989197
-1.718165397644043
-2.3009092807769775
-3.2199347019195557
-3.346053123474121
-3.2370426654815674
-1.9841864109039307
-0.5987558960914612
-0.16687247157096863
-0.11111070215702057
-0.3961160182952881
-0.4448343813419342
-0.2855587601661682
-0.8256957530975342
-0.43520304560661316
0.4737469255924225
0.4317266047000885
-0.4845321476459503
-0.09973257035017014
0.5378226041793823
-0.2954261004924774
-0.8249115347862244
-0.96855628490448
-1.106289029121399
0.24071986973285675
-1.1097698211669922
-1.3419597148895264
0.4842081367969513
0.37358054518699646
0.0598759651184082
0.018268965184688568
-0.6255726218223572
0.22657261788845062
-1.2000185251235962
-0.6989517211914062
-1.65751314163208
-0.5316393971443176
-0.8017264008522034
-0.4386463761329651
-0.6877912282943726
0.8065980672836304
-1.3928184509277344
-2.4790587425231934
-3.3252968788146973
-1.2188469171524048
-1.8615316152572632
-0.9155870676040649
-0.4992539584636688
0.16221767663955688
-0.42546555399894714
-1.9920809268951416
-2.533426523208618
-1.5908286571502686
-0.6432174444198608
0.6405020952224731
0.14577411115169525
-0.37440329790115356
-0.8029056191444397
-0.749283492565155
-1.587834119796753
-0.19961366057395935
0.6459887623786926
1.4465335607528687
0.7533258199691772
0.18377798795700073
-0.8886722922325134
0.012049604207277298
0.17390072345733643
2.332385301589966
2.9703969955444336
2.8508005142211914
1.4900367259979248
-0.3961040675640106
-0.5680579543113708
0.356527715921402
0.6612199544906616
2.7499685287475586
1.7987501621246338
0.3318955898284912
0.09195055812597275
-0.5387169718742371
-1.0435295104980469
-0.0925745964050293
0.48521503806114197
1.2590017318725586
3.2867159843444824
2.5367274284362793
0.8427494764328003
0.10137450695037842
-0.5989035367965698
0.9689353704452515
2.3651320934295654
4.924644947052002
7.6108269691467285
5.753800868988037
1.4449549913406372
0.728779673576355
0.7562580704689026
4.242247104644775
6.160196781158447
10.67342472076416
7.655406475067139
6.358038425445557
1.7033038139343262
-0.7298147678375244
0.600132405757904
4.170870780944824
6.901105880737305
6.36265230178833
4.9368414878845215
4.295102596282959
1.7949025630950928
-0.8409168720245361
0.6910513639450073
3.6478278636932373
7.841560363769531
4.7393388748168945
4.425991058349609
3.685995578765869
1.5366015434265137
-0.290128618478775
1.1774592399597168
2.86077618598938
3.8313794136047363
1.387535572052002
0.954025149345398
-0.3619685471057892
0.1628105640411377
-0.1817968189716339
0.2396848052740097
-0.2252853363752365
-0.17417429387569427
-1.480109453201294
-1.8625953197479248
-1.767261266708374
-0.5598623752593994
-0.7364969849586487
-0.057579897344112396
0.14931215345859528
0.382295697927475
0.9194400310516357
1.3639012575149536
0.10724878311157227
-0.5725916028022766
0.5998132824897766
0.3556267023086548
0.040705084800720215
-2.690462827682495
-3.2633187770843506
-3.27888560295105
-1.4370176792144775
-1.174467921257019
0.48146235942840576
-1.2091870307922363
-2.811286449432373
-4.698445796966553
-4.023489475250244
-1.9294641017913818
-2.129513740539551
-1.7850360870361328
1.45924711227417
0.9253632426261902
-1.0818767547607422
-2.2811620235443115
-1.2471431493759155
-1.115635871887207
-2.2376036643981934
-2.0741562843322754
2.1623241901397705
0.9675357341766357
-0.8763147592544556
-2.3241190910339355
-0.9744816422462463
-2.7447173595428467
-3.5709590911865234
-3.4784719944000244
0.3387470543384552
-1.1727039813995361
-2.431391477584839
-3.758762836456299
-1.4324606657028198
-3.095109224319458
-1.6963160037994385
-1.3095731735229492
0.9612427949905396
-2.2858519554138184
-3.0052480697631836
-3.692234754562378
-0.8334133625030518
-1.539941430091858
2.9554519653320312
2.0548059940338135
0.5601261854171753
-1.3301630020141602
0.056191302835941315
0.08001294732093811
3.137643814086914
2.5446128845214844
3.1855907440185547
2.9181787967681885
0.22964315116405487
-0.9310286641120911
0.14306586980819702
0.7462889552116394
2.1164376735687256
1.2742011547088623
0.8624666333198547
1.7749861478805542
-0.7915050983428955
-0.6534666419029236
0.3957507908344269
0.831183671951294
-0.9695257544517517
-2.863152027130127
-2.632009267807007
-1.5209380388259888
-1.8457145690917969
0.3340213894844055
1.8270373344421387
2.676729917526245
0.32014524936676025
-2.1468825340270996
-2.056607484817505
-0.6866617202758789
-1.6057900190353394
1.3624788522720337
2.8874616622924805
3.301192283630371
1.5822263956069946
0.11417414993047714
0.00397504260763526
0.5302934646606445
-0.2560451030731201
2.7673959732055664
6.0434160232543945
5.337328910827637
4.100795745849609
2.376096248626709
1.98018479347229
2.478641986846924
0.6205256581306458
3.6741414070129395
5.547084808349609
4.649734973907471
3.6212191581726074
2.902749538421631
2.2345099449157715
2.7510111331939697
0.7953976392745972
2.844949245452881
5.108678817749023
4.812318325042725
3.1990582942962646
2.6741459369659424
1.6029584407806396
2.2608609199523926
0.038857877254486084
1.6216740608215332
2.260545492172241
3.3339028358459473
1.3805873394012451
0.8509119153022766
0.44616830348968506
0.8044291138648987
-0.9759160280227661
0.08605565130710602
0.3790849447250366
0.6083037257194519
-0.5088469982147217
0.38663768768310547
0.19861072301864624
0.356280118227005
-0.21552251279354095
-1.245752215385437
-1.4132556915283203
-0.32278549671173096
-0.5356403589248657
-0.14844322204589844
-2.1784896850585938
-1.5822786092758179
1.09828782081604
0.9983657598495483
0.2511782944202423
0.6928157806396484
-0.4778822660446167
0.963515043258667
0.1695617437362671
-0.6726788878440857
1.1315090656280518
1.6020933389663696
0.74176025390625
2.177741050720215
2.5166983604431152
2.7801830768585205
2.0089950561523438
-1.290209412574768
0.8487192392349243
0.05251789838075638
-0.031365543603897095
0.9975465536117554
-1.4171676635742188
0.5128052830696106
1.0099061727523804
0.3599745035171509
0.4069271683692932
-0.016686342656612396
-0.866274356842041
-1.8085569143295288
-3.231109142303467
-2.315560817718506
-0.33018675446510315
0.3304532766342163
-0.3509015440940857
-0.7339964509010315
-1.4675750732421875
-1.115429401397705
-3.2913296222686768
-3.2624154090881348
-1.2027709484100342
0.07773278653621674
-0.48511114716529846
-1.3758776187896729
-2.7555112838745117
-2.271197557449341
-2.7896389961242676
-2.5535435676574707
-0.9966741800308228
-0.46961328387260437
-0.669335126876831
-1.185242772102356
-1.265676736831665
-0.8339734673500061
-0.5517563819885254
0.5103515386581421
0.0015644431114196777
-0.630209743976593
0.07167506217956543
-0.6294799447059631
0.2534382939338684
1.1073822975158691
0.5682658553123474
1.280403971672058
0.7321744561195374
-0.2458692193031311
1.6780658960342407
1.4229068756103516
0.5094956755638123
0.8915109038352966
2.247981071472168
1.9945158958435059
1.8658074140548706
0.039832379668951035
1.5370733737945557
2.684391975402832
1.5482842922210693
0.31235471367836
2.840857982635498
4.335200309753418
3.194469690322876
0.7748994827270508
1.5993876457214355
2.2198097705841064
3.32568097114563
3.3568849563598633
3.230686902999878
3.8879036903381348
4.817681312561035
1.5250283479690552
1.2782975435256958
2.190570116043091
3.0327584743499756
4.7544779777526855
2.02646803855896
3.040635108947754
3.29038667678833
0.9049313068389893
0.05748341977596283
0.8056026101112366
1.4219812154769897
5.318087100982666
4.117393493652344
3.272881031036377
2.066800117492676
0.5992944240570068
-0.9291651844978333
-0.3852194845676422
0.06281029433012009
2.9083733558654785
2.7308382987976074
0.4061824381351471
0.21162617206573486
-0.3105301260948181
-1.0195831060409546
-0.3434126675128937
0.559701681137085
1.2488716840744019
0.9487690925598145
0.4257444739341736
0.14489230513572693
-0.18732574582099915
-0.8845258951187134
-0.3719635009765625
0.07005362957715988
-0.2496834695339203
0.27712541818618774
0.6637430787086487
-0.06969480216503143
-0.2970963418483734
0.11215349286794662
0.74705970287323
1.7567028999328613
1.9041473865509033
1.5097198486328125
2.0430519580841064
1.9397797584533691
0.5536870956420898
0.8626489639282227
1.9885903596878052
4.29136323928833
4.807859420776367
3.8103208541870117
3.5407910346984863
4.521386623382568
3.535987377166748
3.022181987762451
4.173442363739014
5.419157981872559
5.785801887512207
6.412362098693848
4.8513407707214355
5.987065315246582
2.281825065612793
1.0829448699951172
3.252732753753662
2.9338982105255127
3.80073618888855
5.308478832244873
3.7119157314300537
0.8406051993370056
-0.5239706635475159
-0.27368757128715515
1.78120756149292
2.1885011196136475
2.5842947959899902
3.9751436710357666
3.1036460399627686
-0.07432888448238373
-0.9275550842285156
-0.7375006079673767
-0.22147409617900848
1.026584506034851
1.0522252321243286
1.8850586414337158
1.519798755645752
0.18929140269756317
-0.524946928024292
-0.09472845494747162
-0.5017133355140686
-0.33592891693115234
-0.20408973097801208
0.07175072282552719
0.24535782635211945
-0.06546732783317566
-0.2713268995285034
-0.6108939051628113
-0.5047601461410522
0.002702325116842985
-0.7051660418510437
-1.8577286005020142
-1.9482784271240234
-0.8978909254074097
-0.39878445863723755
-1.440704107284546
-0.5505287051200867
0.3673321008682251
-0.07636425644159317
0.251858651638031
0.2408725470304489
-1.0902235507965088
-0.10631862282752991
-1.3975129127502441
-0.7562615275382996
-0.010534226894378662
0.5991664528846741
1.210833191871643
1.1800588369369507
-0.540076732635498
-0.3685973584651947
-1.3239617347717285
-1.3265087604522705
-0.38430947065353394
0.7786133885383606
1.0022748708724976
1.5804717540740967
1.387637972831726
0.42701950669288635
0.13895246386528015
0.7431618571281433
2.3773908615112305
2.645824909210205
3.040712594985962
3.273923873901367
2.706207036972046
1.6418191194534302
0.4192095100879669
1.3048044443130493
5.006157875061035
5.966113090515137
7.108797073364258
5.82744836807251
2.022010326385498
0.7806058526039124
0.37059929966926575
2.1538467407226562
3.831782817840576
3.3907968997955322
2.1800994873046875
1.8833539485931396
0.9376575946807861
0.3432266116142273
-0.600447952747345
0.08607396483421326
0.8039524555206299
-0.32733985781669617
-0.5235939621925354
-0.7780397534370422
-0.8499762415885925
-0.33966922760009766
-0.3404628038406372
-1.8493201732635498
-0.9775686264038086
-2.004282236099243
-3.60551381111145
-3.957206964492798
-4.045066833496094
-3.3157005310058594
-3.395188331604004
-3.0717859268188477
-3.0992074012756348
-3.3217196464538574
-4.304669380187988
-3.1492104530334473
-4.184010028839111
-3.7816271781921387
-2.1216444969177246
-2.6738524436950684
-3.184048652648926
-2.141939163208008
-0.7821775674819946
-0.7433202266693115
-3.4532201290130615
-2.6506693363189697
-1.3662314414978027
-1.8854622840881348
-3.639321804046631
-2.9176018238067627
0.3444305956363678
0.39840376377105713
-2.191106081008911
-3.0687096118927
0.39992454648017883
0.47457608580589294
0.24062871932983398
-1.3809664249420166
1.5924433469772339
1.312012791633606
-1.6205862760543823
-2.781590461730957
0.03903062641620636
-0.19183781743049622
-0.9428150653839111
-3.6456565856933594
-2.6762828826904297
-1.5173603296279907
-2.2527668476104736
-1.5270137786865234
-1.4678947925567627
-2.151818037033081
-1.6207356452941895
-1.2809616327285767
-1.0618736743927002
0.20621874928474426
0.7720347046852112
-0.14020809531211853
-1.699423909187317
-1.7698650360107422
-1.1489603519439697
-1.0791841745376587
-1.346827745437622
-1.326533317565918
-1.273317813873291
-0.8136289715766907
-0.32651907205581665
-0.4234082102775574
0.015530903823673725
0.44302529096603394
1.7034833431243896
3.1306536197662354
3.1975035667419434
0.6052336096763611
0.9932249784469604
3.984440803527832
2.412236213684082
2.620803117752075
3.2637593746185303
2.9800689220428467
2.194540500640869
-1.188896656036377
1.4855867624282837
3.108854293823242
3.7477481365203857
3.1208038330078125
3.8634586334228516
3.6020426750183105
3.298859119415283
1.216944932937622
1.0949715375900269
2.0421838760375977
4.890271186828613
7.630345821380615
7.871756076812744
6.562553882598877
4.795673847198486
1.5805132389068604
-0.28573763370513916
0.12702220678329468
1.6368706226348877
4.582564830780029
3.8534815311431885
3.77013897895813
2.765230417251587
0.9515472054481506
-1.0065209865570068
0.8750041127204895
0.957137942314148
2.4954464435577393
1.7781380414962769
1.6870914697647095
1.2735270261764526
0.21038037538528442
-0.7644557952880859
0.19660133123397827
0.6867954134941101
0.2978161871433258
-0.25183355808258057
0.5510706901550293
-0.1295950710773468
-0.684039831161499
-0.3820037543773651
0.4954018294811249
1.1084705591201782
0.7152827978134155
0.49377453327178955
0.24314455687999725
0.4894828200340271
0.13488438725471497
-1.2497426271438599
-1.8962458372116089
-1.1033941507339478
-0.2997936010360718
-0.12994346022605896
0.2706642746925354
-0.34293290972709656
-0.1188499927520752
-0.4960192143917084
-0.7080668807029724
1.5027461051940918
1.906332015991211
2.2494468688964844
4.471477031707764
3.868983507156372
2.966625690460205
0.9684076905250549
2.891716957092285
4.864393711090088
5.743414878845215
8.086237907409668
8.992109298706055
4.876256942749023
2.677027702331543
0.7108014225959778
5.30732536315918
8.267857551574707
7.776838302612305
8.456814765930176
9.935552597045898
6.4747161865234375
4.896505832672119
1.8825101852416992
3.294198513031006
4.001629829406738
4.695192813873291
5.776691913604736
7.0028839111328125
5.3304057121276855
4.4986467361450195
0.4406346082687378
1.1861392259597778
1.6289499998092651
2.592268943786621
2.682727336883545
3.9411213397979736
5.579896926879883
3.4110007286071777
-1.1365426778793335
-1.6960809230804443
-2.3066203594207764
0.358750581741333
2.5200774669647217
2.7483935356140137
2.725881576538086
0.5532566905021667
-0.9718170762062073
-1.098461627960205
-0.09615807235240936
0.35206544399261475
0.3902866244316101
0.02453276701271534
-0.16179876029491425
-0.3663524091243744
-0.4282269775867462
0.3238760232925415
1.614027738571167
0.11403477191925049
-1.6578885316848755
-1.6643531322479248
-3.065999746322632
-2.5196826457977295
-0.49073025584220886
-0.18911439180374146
0.40652692317962646
-1.5705024003982544
-2.62208890914917
-3.2587809562683105
-2.9373440742492676
-3.2209861278533936
-1.5619291067123413
-0.8273333311080933
-0.1030135303735733
-0.8721127510070801
-1.89794921875
-3.229290008544922
-2.814070224761963
-1.8267751932144165
-1.0643731355667114
-1.0060920715332031
-0.5522093176841736
-1.4130734205245972
-1.9936678409576416
-1.081242561340332
-2.0672149658203125
-1.624038577079773
-1.460740327835083
-0.40235137939453125
-2.2460031509399414
-4.0436787605285645
-3.8019979000091553
-2.268244981765747
-2.9382245540618896
-1.9146089553833008
-1.4279946088790894
0.7174315452575684
-0.15791785717010498
-2.6741256713867188
-2.6659913063049316
-2.624309539794922
-2.2333993911743164
-1.4009013175964355
-1.5127297639846802
-0.597028374671936
-0.8020020723342896
-1.835915446281433
-2.307943344116211
-1.8928707838058472
-1.372037410736084
0.6117620468139648
0.04681241512298584
-1.2306941747665405
-1.3657078742980957
-0.5917721390724182
-1.4291776418685913
-0.9948523640632629
-0.9848705530166626
-0.46834006905555725
-0.13841161131858826
-0.574093759059906
-1.290033221244812
-0.8044670224189758
-1.2765065431594849
-1.9689948558807373
-1.9857803583145142
-1.368856430053711
3.0072555541992188
0.7844909429550171
-0.775121808052063
2.1114094257354736
0.5822526216506958
-0.11566135287284851
-1.321088194847107
-1.0693010091781616
0.8545345067977905
-1.416117787361145
1.7409138679504395
0.032712697982788086
0.2978265881538391
0.7521695494651794
-1.4133977890014648
-0.9847886562347412
-0.476855993270874
-0.35132357478141785
0.9429043531417847
1.5891369581222534
1.7785311937332153
4.366424083709717
2.316136360168457
1.7318639755249023
0.05030301958322525
1.287477731704712
3.0578672885894775
3.900219440460205
4.1095733642578125
5.96080207824707
2.469878673553467
2.589632272720337
0.38225501775741577
1.2886269092559814
2.9579856395721436
3.639662981033325
2.530059337615967
2.9817922115325928
1.1082044839859009
1.2957308292388916
-0.04925939068198204
1.1419358253479004
2.873497247695923
0.8582199811935425
-1.0067882537841797
-0.7736858129501343
-1.298661708831787
-0.47283050417900085
-0.9873878359794617
-0.4594237804412842
-0.36583733558654785
-0.1819894164800644
-0.8281910419464111
-0.3915601372718811
-0.5574129819869995
2.137345790863037
0.048065390437841415
-0.11491629481315613
-0.8484091758728027
-1.0714833736419678
-0.9892868995666504
-0.6015502214431763
-1.340428113937378
-1.6116582155227661
-1.4135075807571411
-2.1852619647979736
-1.899492859840393
-1.0264981985092163
0.02559218555688858
1.4321962594985962
-1.9405763149261475
-3.2253856658935547
-1.3646960258483887
-2.0309338569641113
-1.2402546405792236
0.36324018239974976
2.305107355117798
0.5087757706642151
0.013139724731445312
-1.9096676111221313
0.5238127708435059
-1.0356204509735107
-3.1057655811309814
-3.672091007232666
-1.995326042175293
-2.463592052459717
-1.9187357425689697
-0.8988536596298218
-1.3872673511505127
-4.603061199188232
-6.874661445617676
-8.333063125610352
-6.213181972503662
-4.3298492431640625
-3.2974631786346436
-1.2802364826202393
-2.5201122760772705
-4.131131649017334
-4.2901411056518555
-5.3307623863220215
-2.9704103469848633
-0.8210178017616272
-0.9103179574012756
-0.4545438885688782
-1.2268438339233398
-0.6083847880363464
-0.5830122828483582
-0.2404426634311676
-0.6812683343887329
-0.20244354009628296
-0.8164526224136353
-0.783558189868927
-1.3734714984893799
-0.4806016683578491
0.04314657300710678
0.8821888566017151
-1.1447950601577759
-1.166385531425476
-0.5326178073883057
0.8268817067146301
0.2710866332054138
-0.4832959771156311
-0.021249327808618546
1.718118667602539
1.9915212392807007
1.204750418663025
0.9970147609710693
0.5963891744613647
0.29781532287597656
-0.38163599371910095
2.2244489192962646
5.965124130249023
9.369873046875
1.2767186164855957
-0.05706958845257759
-0.6909965872764587
0.14601421356201172
0.14888478815555573
3.5565414428710938
5.398528575897217
3.6960673332214355
1.545114517211914
2.9148130416870117
1.281451940536499
-0.41113489866256714
1.8036800622940063
3.2482986450195312
5.079161643981934
3.3439645767211914
2.3280539512634277
2.0488200187683105
0.4218258559703827
-0.003010089974850416
1.877307653427124
2.6190907955169678
3.0207486152648926
1.0595703125
1.2716259956359863
1.617693543434143
0.8507094383239746
0.7562904357910156
1.8213013410568237
1.941179633140564
2.1459603309631348
1.6573888063430786
2.6214609146118164
1.7408506870269775
2.927112340927124
0.14571374654769897
0.6797425150871277
1.4491169452667236
1.5265965461730957
1.5891594886779785
1.2843496799468994
1.0382705926895142
1.4027364253997803
-0.5368351340293884
-0.3884945511817932
0.01792600005865097
-0.33471930027008057
-0.049606576561927795
-0.460734099149704
-0.19625212252140045
0.3206421136856079
0.5913721919059753
0.019644737243652344
0.2739170789718628
-0.3333926498889923
-1.1441702842712402
-0.7911988496780396
-1.9817479848861694
-0.5797185301780701
-1.1870954036712646
-0.5397105813026428
1.6435407400131226
2.5138235092163086
2.011852741241455
0.9371697902679443
-1.5164134502410889
-1.9137382507324219
-0.023848772048950195
1.0637521743774414
3.1257379055023193
5.372880935668945
4.782989025115967
3.037975311279297
-0.21651078760623932
-0.9371774196624756
1.0839570760726929
0.4967457950115204
1.8820698261260986
2.868812322616577
4.235426902770996
5.424943447113037
1.6348367929458618
2.0156683921813965
2.397364616394043
3.8463528156280518
3.0018880367279053
1.5237185955047607
2.8741979598999023
3.512922525405884
3.240283966064453
3.6432154178619385
1.1577585935592651
4.268623352050781
2.9944705963134766
0.7042911648750305
1.4035871028900146
1.1472941637039185
1.1345057487487793
0.9636954069137573
-0.2340557873249054
-0.3521435856819153
-0.12994617223739624
-0.607330858707428
-0.6186832189559937
-0.4224270284175873
-0.05031727999448776
-0.2811967134475708
-0.9030411839485168
-1.8610788583755493
-1.7928810119628906
-1.5709980726242065
-1.4935088157653809
-1.2181591987609863
-0.9687938094139099
-0.6754170656204224
0.13520939648151398
0.4593077301979065
0.8158841133117676
3.6857476234436035
0.1909654438495636
-2.2028424739837646
-2.5764780044555664
-1.49630868434906
2.669687032699585
4.133862018585205
4.108704566955566
4.605830669403076
1.5120084285736084
-1.7104536294937134
-1.648169994354248
0.17817234992980957
-0.6920515894889832
0.6581433415412903
2.002763271331787
1.702514410018921
1.3908251523971558
0.9314191341400146
0.03566616773605347
-0.6608893871307373
-0.8017792701721191
0.7993249893188477
2.5331296920776367
3.8420047760009766
2.3963799476623535
2.2236742973327637
0.36058539152145386
-0.5706949234008789
-0.9383866786956787
1.7014260292053223
2.3367207050323486
2.0530271530151367
0.7491041421890259
-0.12068750709295273
-2.2300140857696533
-2.4366836547851562
0.006349906791001558
2.4055774211883545
1.7386314868927002
2.648827075958252
1.5656228065490723
0.060331791639328
-1.812159538269043
-2.472060203552246
0.1085067093372345
0.9987661242485046
1.20896577835083
1.559348225593567
0.4859686493873596
0.061955686658620834
-0.7710645794868469
-0.9561938047409058
1.2807810306549072
-0.21375975012779236
0.0940101221203804
0.6346954107284546
0.8590261936187744
0.8579087853431702
1.4776806831359863
0.1113632321357727
0.2157333791255951
0.6673475503921509
0.45998671650886536
1.2290616035461426
1.9558789730072021
4.119495391845703
2.183366537094116
1.7439302206039429
3.73268985748291
3.387295722961426
3.37068247795105
3.766432046890259
3.2484638690948486
6.008114814758301
4.238186359405518
4.6018171310424805
1.6034342050552368
3.1621041297912598
4.100621700286865
4.656128883361816
2.7664132118225098
3.7558844089508057
4.542769432067871
4.097183704376221
1.142575740814209
3.27681303024292
5.126168251037598
4.1540374755859375
3.6297197341918945
3.805342674255371
5.365363121032715
2.983703136444092
0.7143632769584656
0.6231560111045837
1.8172105550765991
1.9170711040496826
1.5035310983657837
-0.44929176568984985
0.2775140404701233
0.0034174956381320953
0.35632389783859253
0.6287960410118103
0.4326937198638916
0.8793879747390747
2.1622769832611084
0.31473326683044434
-0.3841138184070587
0.09872538596391678
0.9862966537475586
1.6219797134399414
0.7186514735221863
1.0109561681747437
0.3887525498867035
-0.783921480178833
-0.801143229007721
-0.19280825555324554
0.8019139170646667
1.076632022857666
0.5378879904747009
-0.15074153244495392
-0.697780191898346
-0.5064469575881958
-0.5840758681297302
-0.18843889236450195
-0.4605945348739624
-0.8606001734733582
-0.21056781709194183
0.4241265058517456
-1.8361767530441284
-2.6297354698181152
-2.964609384536743
-1.1650371551513672
-1.3161438703536987
-1.5121673345565796
-0.4196714460849762
-0.008222341537475586
-1.07694673538208
-1.8712971210479736
-2.2513089179992676
-0.2518572211265564
-1.1183922290802002
-1.1068828105926514
-0.36710554361343384
-1.227586269378662
-1.8872276544570923
-2.177604913711548
-3.331186532974243
-1.338970422744751
-1.4490045309066772
-2.1296534538269043
-1.9976065158843994
-2.9322221279144287
-4.122264862060547
-4.177078723907471
-3.044154405593872
-1.1737099885940552
0.628013014793396
0.5150460004806519
0.5563726425170898
-1.550581932067871
-3.2661986351013184
-2.93514084815979
-0.5661307573318481
0.739517092704773
0.6183164715766907
1.8990085124969482
1.2668646574020386
0.010655018500983715
-1.214321494102478
-0.8849819302558899
0.4882315993309021
0.6293741464614868
0.44805747270584106
0.6226769089698792
1.1865284442901611
0.5159886479377747
-0.35708847641944885
-0.7316889762878418
0.10767155885696411
1.085518717765808
0.10331004112958908
-0.187900573015213
0.0969741940498352
-0.6848939657211304
-1.1737509965896606
-1.0515557527542114
0.0921623706817627
1.0314961671829224
0.2450319528579712
0.12199205160140991
-0.14576587080955505
-0.5289741158485413
0.3138260245323181
1.0923033952713013
2.3515729904174805
2.2558281421661377
0.1572171002626419
-0.14941301941871643
0.8705546855926514
-1.0640721321105957
0.09709225594997406
0.6718630790710449
2.799083709716797
2.55979323387146
1.1394363641738892
1.28193199634552
0.7233114838600159
-2.5048511028289795
-1.2258411645889282
-0.16397535800933838
2.656877279281616
1.484216570854187
1.409930944442749
2.0700058937072754
1.7189593315124512
0.6549965739250183
1.398319959640503
2.3182737827301025
5.437390327453613
0.5654329657554626
0.2554309666156769
-0.2781851291656494
1.3375978469848633
1.0673867464065552
2.436859607696533
5.367632865905762
5.215756416320801
-0.5910705327987671
-0.1275855302810669
1.7019610404968262
1.9357209205627441
3.5555386543273926
2.7752020359039307
5.93996524810791
3.1646151542663574
-0.14051860570907593
-0.390556275844574
-0.09848994016647339
2.005601167678833
1.8150579929351807
2.2440242767333984
2.557623863220215
1.7093135118484497
0.270437628030777
-0.46331965923309326
0.26807519793510437
0.8846142292022705
0.062065016478300095
0.49752095341682434
0.39768853783607483
0.21105524897575378
-0.15856488049030304
-0.4341304898262024
-0.17908598482608795
0.044540371745824814
-0.6990492939949036
-0.8960360288619995
-0.8594861030578613
0.31556186079978943
0.271689772605896
-0.04260803759098053
0.5669115781784058
-0.802452802658081
-2.106187105178833
-2.648533344268799
-1.5211697816848755
-0.3526080250740051
0.6288325190544128
-0.012287722900509834
0.247867614030838
-0.821220338344574
-2.1582205295562744
-1.8041551113128662
-0.5570502281188965
0.15241947770118713
0.5625450015068054
0.28060269355773926
1.4493598937988281
-0.26857516169548035
-0.7950931191444397
-1.1016522645950317
-0.4951949715614319
1.1587615013122559
-0.3736857771873474
0.09047899395227432
0.7030670642852783
-0.06021256372332573
-0.37733638286590576
-0.3894501328468323
-0.5913099646568298
0.4506411850452423
-0.14776477217674255
-0.05029865726828575
0.37636446952819824
-0.02356419339776039
-0.27978453040122986
-0.41419923305511475
-0.7111022472381592
0.10886143893003464
0.02562643773853779
1.0739634037017822
0.3117421567440033
0.3840787708759308
0.7944323420524597
0.7147895097732544
1.3047014474868774
2.6309309005737305
2.3415579795837402
1.8611866235733032
-0.014884401112794876
0.10034409165382385
3.2435262203216553
3.5129785537719727
3.057600975036621
2.899432897567749
2.6894800662994385
-0.27905479073524475
-0.47731226682662964
-0.4217066466808319
-0.006360930856317282
-1.2362931966781616
-1.8750081062316895
-1.5592166185379028
-0.7596135139465332
0.4324016869068146
0.701134979724884
0.6358898878097534
-0.6772074699401855
-1.3142696619033813
-1.4662740230560303
-1.16854989528656
-0.3997771143913269
2.4595725536346436
1.7410491704940796
1.3625961542129517
-0.09137105941772461
-0.5699108242988586
-0.14820921421051025
1.2892804145812988
1.6962757110595703
4.758937358856201
3.2527105808258057
2.7154810428619385
-0.8041348457336426
0.7960741519927979
-0.6303690671920776
-1.0627580881118774
-0.39537420868873596
2.5505926609039307
1.9305131435394287
-0.5346434712409973
-1.6745421886444092
0.7532463073730469
-1.8428632020950317
-2.3296639919281006
-1.551408290863037
-0.3730960488319397
0.3135231137275696
-0.6393595933914185
-1.8131237030029297
0.5073666572570801
-2.308466911315918
-2.6619629859924316
-2.0172195434570312
1.4632093906402588
-0.14072667062282562
-0.9364197850227356
-1.371675729751587
-1.350149393081665
-1.0011872053146362
-1.5759108066558838
-1.4890477657318115
1.9098141193389893
0.8858963251113892
-1.4736177921295166
-1.6137992143630981
-1.232102394104004
-0.8745890259742737
-0.8425538539886475
-0.3184628188610077
-1.1301205158233643
-1.8825528621673584
-1.7290607690811157
-1.3100007772445679
-1.904363751411438
-1.299063801765442
-1.492963194847107
-1.4804415702819824
-1.2330560684204102
-1.8059519529342651
0.6045962572097778
0.5405503511428833
-1.1715961694717407
-0.25335103273391724
-0.6972280740737915
-1.4524530172348022
0.2450675219297409
1.556461215019226
1.4409642219543457
0.2482021450996399
-1.1095173358917236
0.5723927617073059
-0.32529354095458984
-0.7969500422477722
0.2136705368757248
0.12802483141422272
-1.684464693069458
-1.4900286197662354
-1.769334077835083
-2.5125508308410645
-1.4412647485733032
-1.5489825010299683
-0.5383917093276978
-1.6931400299072266
-2.1774251461029053
-4.339583396911621
-3.9009828567504883
-3.266563892364502
-2.3111183643341064
-1.6169562339782715
-0.3548920154571533
-1.0541858673095703
-1.6614677906036377
-2.748239755630493
-1.8084696531295776
-1.454934000968933
-0.6899594068527222
-0.45898669958114624
-0.6238366365432739
-0.5966049432754517
-0.8325219750404358
-0.2710932791233063
0.47315627336502075
0.932811439037323
1.1229043006896973
0.43041953444480896
-0.7600849866867065
-1.214312195777893
-0.8517314195632935
-0.1258230209350586
0.2923015058040619
0.2140163630247116
0.44510841369628906
-0.059064071625471115
0.3610492944717407
0.32885950803756714
0.02156275138258934
0.9583562612533569
0.053126636892557144
-1.1719719171524048
-1.4955776929855347
-0.9708595275878906
-0.1700492948293686
-0.4095187485218048
-0.22353389859199524
0.06032282114028931
1.107466459274292
-0.42060476541519165
-0.7336830496788025
-0.9580426812171936
-1.3526229858398438
-1.4828627109527588
-0.9954309463500977
-0.9645171165466309
-0.9418655633926392
-0.15248771011829376
-0.1456429362297058
-0.32457637786865234
-1.5979194641113281
-1.6788642406463623
-0.45785585045814514
0.09078666567802429
0.4136381149291992
-0.19315648078918457
-0.7393019199371338
2.4413318634033203
-0.5819189548492432
0.03005247376859188
-0.18031999468803406
-0.41748756170272827
-2.1847565174102783
-1.3085352182388306
-1.222931146621704
-0.9188443422317505
-1.0253651142120361
1.0391515493392944
1.084937572479248
0.7663571238517761
-0.606207549571991
-0.3017311990261078
-0.623572826385498
-0.6812635660171509
1.4074627161026
1.278717279434204
1.7100543975830078
1.448689579963684
0.023182343691587448
-0.46237730979919434
-0.9401497840881348
-0.683708667755127
-0.0041140723042190075
6.22606897354126
0.39485153555870056
0.13186432421207428
-0.7408970594406128
-0.7387391328811646
-0.5446075201034546
-0.2257138341665268
0.022594284266233444
0.6646697521209717
0.9810941219329834
-1.3162009716033936
0.014328598976135254
-0.7559874653816223
-1.3375898599624634
-0.9001033306121826
-0.24272313714027405
0.9217167496681213
-0.615105152130127
-1.9826674461364746
-1.5738065242767334
-2.2342138290405273
-2.2636115550994873
-2.668083429336548
-0.9162064790725708
-1.4112993478775024
-1.7555842399597168
-2.253373622894287
-1.9138075113296509
-2.0342724323272705
-1.347143530845642
-1.9170929193496704
-1.5732550621032715
-2.683501958847046
-1.9503589868545532
-0.7968357801437378
-2.510169267654419
-1.9737393856048584
-1.759587049484253
-3.3202383518218994
-1.491260051727295
-1.8510451316833496
-1.5059882402420044
-1.2813982963562012
-1.163675308227539
-1.2876924276351929
-0.9254705309867859
-1.2635754346847534
-0.3508612811565399
-0.04219655692577362
0.8040378093719482
-0.8591755032539368
-2.0476386547088623
-0.9365990161895752
-0.5053967237472534
-1.3148581981658936
-1.3862566947937012
-1.2090096473693848
0.229093998670578
0.22714462876319885
-0.2825067639350891
0.6337129473686218
-0.2205258309841156
-0.6597234010696411
-1.4629499912261963
-2.0908942222595215
-1.153801679611206
-0.3811022639274597
-0.8233392238616943
-0.870688259601593
-0.7505616545677185
-0.39152005314826965
-0.13137251138687134
0.2615072429180145
-0.7438868284225464
-0.9769248366355896
-2.390200614929199
-3.839214563369751
-4.490055084228516
-2.210575580596924
-2.0937530994415283
-0.5804128646850586
0.37336668372154236
1.640804409980774
-1.0166819095611572
-3.084735870361328
-4.424647331237793
-2.536194086074829
0.30903005599975586
-0.11662614345550537
2.4901068210601807
4.198360443115234
1.3706976175308228
0.5198942422866821
-2.174013376235962
-0.9523614645004272
0.5538695454597473
2.1497576236724854
4.539559364318848
4.28653621673584
2.3520259857177734
2.94026517868042
1.1328381299972534
1.3782309293746948
1.911877989768982
4.059957504272461
4.78285026550293
3.370811939239502
1.5550795793533325
0.2725910246372223
-0.3463689982891083
0.33197036385536194
3.110734462738037
5.9602766036987305
6.224917411804199
1.9602090120315552
2.989875555038452
0.3123372793197632
0.04707478731870651
0.2565825879573822
-0.054833002388477325
5.873230457305908
5.132411003112793
1.8534858226776123
2.0673365592956543
0.2832329571247101
0.05427964776754379
-0.2417222559452057
-0.8310580253601074
-0.9290056824684143
-1.2124894857406616
-1.9369970560073853
-1.6172564029693604
-0.9543792009353638
-0.8360196352005005
-0.06597200036048889
1.4416652917861938
2.23347806930542
2.860586404800415
0.8006575107574463
-0.3513222932815552
-1.7954328060150146
-0.28911298513412476
0.642619252204895
1.135465145111084
0.8530743718147278
0.018203318119049072
-1.9598256349563599
-2.5395216941833496
-1.6287871599197388
0.556499719619751
0.3546881675720215
0.058934472501277924
-0.9289851188659668
-2.3062381744384766
-2.9151108264923096
-2.2484352588653564
-0.9438278675079346
-0.2776700258255005
-0.07932104170322418
1.056365728378296
1.044926643371582
-1.525763988494873
-2.7231252193450928
-3.0156285762786865
-0.6153337955474854
-0.046213336288928986
0.23241806030273438
-0.04451305791735649
0.18436503410339355
-1.6697077751159668
-3.0618457794189453
-2.733969211578369
-0.6055319905281067
0.5326429605484009
0.14305537939071655
-0.531956136226654
-0.547791063785553
-0.5718085169792175
-0.9028618335723877
-0.6173393726348877
0.5710031986236572
1.5254449844360352
0.8071467280387878
0.5340664386749268
0.01939827762544155
0.4964505434036255
0.24588803946971893
4.111843109130859
3.4591712951660156
2.548637866973877
1.6192185878753662
0.23389534652233124
0.5643855929374695
1.2456815242767334
2.515559196472168
3.1394870281219482
1.5332190990447998
0.016444562003016472
-0.14488694071769714
-0.17134679853916168
0.21583567559719086
0.5668100118637085
2.028181552886963
0.4709117114543915
-0.2691798210144043
-0.05564060062170029
-0.0007984177791513503
0.7569908499717712
0.8884013295173645
2.7087225914001465
4.727740287780762
4.100325107574463
2.339733600616455
2.1471025943756104
2.869215488433838
1.453232765197754
1.3853504657745361
2.564534902572632
3.981982469558716
4.392575263977051
4.133945465087891
3.24611759185791
5.475229740142822
-0.023944973945617676
0.2881113290786743
4.190234184265137
6.210058689117432
6.608908653259277
7.432060241699219
5.597897052764893
4.130662441253662
0.2346835732460022
3.0843143463134766
2.6139931678771973
4.499325275421143
3.9846651554107666
3.437429666519165
1.92728590965271
3.7407631874084473
-0.10102006047964096
1.6352485418319702
2.287057638168335
3.1087610721588135
1.6135004758834839
1.279208779335022
0.5042868256568909
1.7652732133865356
-0.07076098769903183
0.24143260717391968
-1.0481637716293335
-0.7661696076393127
-1.2144029140472412
-1.1903347969055176
-1.0154309272766113
1.6590062379837036
0.8311084508895874
-0.6512405872344971
-0.1866629272699356
-0.10017143189907074
-0.13905714452266693
-0.14527614414691925
-0.26533159613609314
0.9000100493431091
-0.2297106683254242
-0.248581662774086
0.04361356422305107
-0.36064329743385315
-1.1543397903442383
-2.6538772583007812
-2.285076379776001
-1.1109029054641724
-1.5389870405197144
-0.846996009349823
-0.539843738079071
-1.1114599704742432
-2.9099671840667725
-1.8278344869613647
-1.5877257585525513
-1.406078577041626
-0.5679728984832764
1.3125860691070557
-0.31731414794921875
-0.7658898830413818
-0.7755917310714722
-2.2023234367370605
-1.9294753074645996
-0.6988816857337952
1.9037548303604126
1.7174863815307617
0.9317950010299683
0.5023157596588135
1.4209883213043213
1.127789855003357
1.4562246799468994
1.242428183555603
0.7554778456687927
1.9506020545959473
3.3176097869873047
2.3835911750793457
2.724778652191162
1.5882514715194702
1.8823949098587036
1.0802571773529053
1.1212339401245117
1.838950753211975
3.3081002235412598
4.951115608215332
3.9308555126190186
2.9477579593658447
2.9961483478546143
2.878448963165283
3.5212202072143555
4.307714462280273
1.4667942523956299
7.793704032897949
4.976269245147705
3.9780402183532715
2.1417670249938965
2.873898983001709
1.579906702041626
3.4465949535369873
2.6708602905273438
3.4007465839385986
1.6270016431808472
1.9133614301681519
1.7083284854888916
2.920727014541626
-0.5389087200164795
-0.2869521677494049
0.13627532124519348
0.4714169502258301
0.17671692371368408
-0.9980673789978027
-1.7616491317749023
-1.3053629398345947
-0.9064750671386719
-0.2643394470214844
0.1608344167470932
1.7273825407028198
0.9660646915435791
-0.9038590788841248
-2.0131614208221436
-2.0880420207977295
-1.2149875164031982
1.371215581893921
1.343864917755127
2.94439697265625
2.1858346462249756
0.5520142912864685
-0.2712412476539612
-0.2570077180862427
-0.5418390035629272
0.2274390608072281
1.5391714572906494
4.008143901824951
3.2156825065612793
3.4897279739379883
1.5933290719985962
1.7479896545410156
0.41645801067352295
1.707106351852417
2.498549222946167
2.9369564056396484
3.1104846000671387
2.0682809352874756
2.689225673675537
3.903029441833496
1.0256751775741577
2.027372121810913
2.3381032943725586
5.196462154388428
1.4749009609222412
2.1062796115875244
1.8228366374969482
2.3795974254608154
0.09428876638412476
3.1714465618133545
5.841421127319336
3.1977639198303223
0.13810451328754425
0.3204101026058197
0.7078872919082642
0.5940372347831726
-0.43690481781959534
-0.10216713696718216
0.22751197218894958
0.29276028275489807
-0.34687507152557373
0.38641396164894104
0.3876928985118866
1.0605144500732422
-0.2478131204843521
-0.7466729283332825
-0.15318463742733002
0.5342155694961548
0.3863913118839264
0.9546745419502258
0.9566100239753723
-0.28343072533607483
3.1688146591186523
1.4684498310089111
2.019414186477661
1.8009026050567627
1.6875942945480347
2.699362277984619
8.778694152832031
2.977132558822632
1.795301079750061
4.383893966674805
3.741304397583008
3.1749062538146973
4.437510013580322
2.603180170059204
2.428889751434326
3.5130929946899414
1.4972748756408691
3.1616926193237305
2.756265878677368
3.4700732231140137
3.888610601425171
2.9443137645721436
2.8524091243743896
1.7594881057739258
0.9833918809890747
1.5269241333007812
-0.2250693291425705
0.0473761260509491
0.3643297851085663
0.7295128107070923
1.7313649654388428
0.6841764450073242
1.719411849975586
-0.6016212701797485
-1.3590306043624878
-1.3968387842178345
-0.6686468124389648
-0.3748627007007599
0.22968168556690216
-0.09896302223205566
1.4606359004974365
-1.088632345199585
-1.0110907554626465
-0.9745426177978516
-0.741027295589447
0.00483471155166626
-0.4642411470413208
-0.44503939151763916
-0.0562724694609642
-0.19889432191848755
0.5450834035873413
0.05366514250636101
0.28100353479385376
0.4325489103794098
-0.0031084194779396057
0.3125046491622925
-0.8173600435256958
-0.7692829370498657
-0.9071500301361084
-1.0313663482666016
0.15753383934497833
0.3335259258747101
0.5035849809646606
-0.43179067969322205
-0.9593830108642578
-0.49949654936790466
0.3190748691558838
-0.6070431470870972
1.3962312936782837
3.966176986694336
2.7921204566955566
1.3421995639801025
0.10286255925893784
0.12011317908763885
-1.6956000328063965
-0.3910965025424957
2.113229513168335
4.475249767303467
2.417102336883545
2.940865993499756
0.7969965934753418
1.0592392683029175
1.3555742502212524
3.472233533859253
3.215937614440918
3.8310179710388184
6.609442710876465
4.587413787841797
-0.13123548030853271
-0.09773726016283035
1.318190336227417
2.1559345722198486
2.8167238235473633
2.258578300476074
2.6289548873901367
3.0757269859313965
-0.4441307485103607
-0.2746770679950714
2.5344581604003906
4.259248733520508
4.379643440246582
3.758913516998291
3.5807619094848633
2.7823033332824707
-0.31561461091041565
2.240912675857544
2.1649465560913086
3.821108818054199
4.671012878417969
3.7673583030700684
2.8034579753875732
1.902355670928955
-0.29597651958465576
0.3356190025806427
1.6241698265075684
1.9635982513427734
2.9794631004333496
2.784698486328125
1.9766061305999756
-0.02266504429280758
-0.7311358451843262
-0.5666779279708862
-0.7901756763458252
-0.6404298543930054
-0.8566492795944214
1.1886793375015259
1.1037135124206543
0.665949285030365
1.1788266897201538
0.33685243129730225
-1.3695873022079468
2.3050365447998047
4.474850177764893
1.7173142433166504
0.472109854221344
1.4797282218933105
0.835898220539093
0.1724306344985962
-0.6239049434661865
0.9980370998382568
0.7970938086509705
1.0047907829284668
-0.3369987905025482
1.9721765518188477
0.4100487530231476
1.3706623315811157
0.27337151765823364
-0.7917376160621643
-1.4375584125518799
0.7170584201812744
0.8329716324806213
0.021990060806274414
0.3530447483062744
1.261914849281311
2.487335443496704
-1.10269296169281
-1.6575095653533936
-0.28193536400794983
0.6095841526985168
0.4677140712738037
0.16527357697486877
0.585939884185791
1.5946340560913086
1.6862659454345703
-0.0853469967842102
1.757370948791504
0.5353556275367737
2.477862596511841
0.7747463583946228
-0.18301674723625183
1.1458942890167236
1.2908457517623901
1.288175344467163
0.9708378911018372
0.36203843355178833
-0.22212553024291992
0.41820815205574036
0.36854031682014465
1.168151617050171
-0.10319235920906067
-0.7293760180473328
-0.8886657953262329
-0.8825728893280029
-0.30039894580841064
0.16352412104606628
0.5486587285995483
0.38989055156707764
-1.153643250465393
-0.9867031574249268
-0.15688157081604004
0.4261903166770935
0.8515236377716064
0.3953862190246582
0.17307044565677643
-0.4848981499671936
-1.8650498390197754
-1.446446418762207
-1.056497573852539
-0.0015658618649467826
0.4204603433609009
0.14839164912700653
0.2250044047832489
-0.4946206510066986
-1.1479219198226929
-1.3395594358444214
-0.6081088185310364
0.18343640863895416
-0.11281487345695496
0.14492051303386688
1.3796449899673462
0.33471500873565674
-0.5162755846977234
-2.0972373485565186
-1.040020227432251
-0.8126946687698364
-0.77302485704422
-0.25921279191970825
0.3612363934516907
-0.19085562229156494
-0.971474826335907
-1.7804841995239258
-0.8106588125228882
-0.4332308769226074
-0.25770270824432373
0.8258063197135925
0.9616676568984985
1.0149157047271729
2.617476224899292
2.2695188522338867
1.7088375091552734
3.288792133331299
3.7854928970336914
0.13837860524654388
0.12944035232067108
0.7880009412765503
1.2739408016204834
2.69953989982605
0.3729228377342224
-0.0462767519056797
0.16364388167858124
-0.14968661963939667
-0.29746654629707336
-0.009330080822110176
0.748663604259491
-0.08324389159679413
-0.38605043292045593
-0.5112078785896301
-0.34260791540145874
-0.1070559099316597
-0.25649550557136536
-0.5417917966842651
-0.0066014742478728294
-0.5749217867851257
-1.3655959367752075
-1.9146686792373657
-0.8350631594657898
1.2952804565429688
0.3675723969936371
0.28020668029785156
-1.6056777238845825
-1.716149926185608
-0.8702372312545776
-1.2269850969314575
-1.0010724067687988
3.7454206943511963
1.7952836751937866
3.362238883972168
0.6819641590118408
-1.245679259300232
-1.1193418502807617
-1.5892313718795776
-1.6913124322891235
1.7332388162612915
1.2745747566223145
-0.8460884094238281
-2.8564045429229736
-2.9012136459350586
-2.669874429702759
-2.560807466506958
-1.417968988418579
0.09593379497528076
-0.47875988483428955
-4.014106750488281
-4.687755584716797
-4.801525592803955
-3.982626438140869
-3.243419885635376
-2.051820993423462
-1.0013045072555542
-0.9810347557067871
-2.852877616882324
-3.1444013118743896
-3.1726958751678467
-2.9783873558044434
-2.662794351577759
1.0153610706329346
1.3760616779327393
0.3938339948654175
0.7182319164276123
-1.9518108367919922
-1.747645616531372
-2.2789571285247803
-1.8348833322525024
2.000767707824707
0.7046950459480286
0.5010711550712585
0.0657728910446167
-0.47087183594703674
-0.6899052262306213
-1.0773305892944336
-0.8392086029052734
0.9119327068328857
-0.15232239663600922
-0.4480026364326477
-0.3164101541042328
-0.3102874755859375
0.32166531682014465
0.5508555769920349
0.6200164556503296
0.5253883600234985
1.642807126045227
0.702778160572052
1.7049578428268433
0.9828509092330933
1.446560025215149
2.4037411212921143
5.266988754272461
2.674807548522949
1.6130564212799072
2.225379228591919
3.9006600379943848
3.234227180480957
3.8806447982788086
2.4378414154052734
3.438816547393799
1.8190257549285889
1.5367398262023926
3.0352230072021484
4.917560577392578
5.788111209869385
3.3876545429229736
3.3305249214172363
2.879647731781006
1.4164228439331055
-0.16242215037345886
0.6043127775192261
1.3847711086273193
2.8545238971710205
3.102468729019165
4.16128396987915
0.7204474210739136
-0.22725585103034973
-0.49486416578292847
1.2446422576904297
1.4382413625717163
3.208519220352173
3.4835946559906006
1.9985405206680298
-0.2557762861251831
-0.7455715537071228
0.06021338701248169
0.9421338438987732
0.6738152503967285
1.0431934595108032
0.6852768659591675
0.047510452568531036
-0.9686163067817688
-0.8716342449188232
1.3641072511672974
0.715010941028595
1.140660285949707
0.40497690439224243
-0.06874120980501175
-0.10759502649307251
-0.3698975145816803
-0.5029781460762024
-0.260477751493454
0.05050056427717209
0.10001102089881897
0.7625570297241211
0.31811800599098206
-0.8054110407829285
-1.0907063484191895
-0.8659071922302246
0.05863535404205322
0.6679556369781494
2.2809560298919678
5.6459197998046875
4.666074752807617
1.0827206373214722
1.1310490369796753
0.6745548248291016
-0.42560088634490967
0.44999539852142334
4.1545209884643555
3.87567400932312
1.7413077354431152
0.8370482921600342
0.7070899605751038
0.9100161790847778
0.06506659835577011
1.0177760124206543
4.323002815246582
2.2842798233032227
1.9832295179367065
1.8168132305145264
2.11089825630188
2.3968796730041504
0.7291111946105957
2.2969794273376465
2.6026992797851562
2.9179506301879883
1.4724687337875366
0.3082091510295868
1.0650112628936768
1.7210026979446411
0.1151670441031456
1.8076450824737549
1.7783547639846802
1.581749677658081
-0.3976207673549652
-0.8441638350486755
-0.5633779764175415
0.4165751039981842
0.030814042314887047
0.054788872599601746
-1.0181270837783813
-1.2222867012023926
-1.9665441513061523
-1.285154104232788
-0.5529343485832214
0.8106733560562134
-0.5522531270980835
-0.12221920490264893
-1.2071226835250854
-1.6722333431243896
-1.523168683052063
0.5885732769966125
1.8267970085144043
1.4275538921356201
0.08436087518930435
0.1406446397304535
0.444145143032074
0.6024038791656494
0.2913563549518585
0.06223272159695625
-0.24580715596675873
0.902173638343811
0.7662299275398254
1.8606711626052856
1.5767608880996704
1.3847631216049194
1.2287925481796265
2.2673044204711914
2.3871960639953613
0.40266817808151245
0.15982310473918915
0.5686679482460022
1.1071934700012207
2.2899749279022217
2.7416114807128906
3.491546392440796
2.09598445892334
0.4836190938949585
0.0764414593577385
1.654644250869751
2.3679254055023193
2.4930331707000732
3.138395071029663
2.960721492767334
1.0994282960891724
-0.5169680714607239
-0.0875064879655838
2.4046268463134766
1.847228765487671
1.8381991386413574
1.9851925373077393
0.8109490275382996
-1.1119928359985352
-2.079068660736084
-0.21184231340885162
1.6082159280776978
-0.544829785823822
-0.5828691124916077
-0.5858738422393799
-0.2587374448776245
-1.5773717164993286
-2.0383236408233643
-0.14763669669628143
0.002466246485710144
-0.649446427822113
-1.5447423458099365
-1.9606281518936157
-1.3724550008773804
-1.1645218133926392
-1.4382209777832031
-0.41648560762405396
-0.738474428653717
-1.213870882987976
-1.6816432476043701
-1.4859447479248047
-0.8582717776298523
-0.04547441005706787
0.23536086082458496
-0.733404278755188
-0.7639376521110535
-0.7054060697555542
-0.420792818069458
-1.1561753749847412
-1.7262043952941895
-2.8587024211883545
-1.7605352401733398
-1.2310210466384888
-1.0769661664962769
-0.13625815510749817
0.8968050479888916
1.3490411043167114
-0.08174318075180054
-2.163698673248291
-1.626702070236206
0.44033363461494446
1.6960601806640625
3.140409469604492
2.852837324142456
2.1585328578948975
2.9726576805114746
3.6555376052856445
0.9024953842163086
1.4013630151748657
2.5243165493011475
2.4379191398620605
3.918463945388794
4.617493629455566
5.646517276763916
3.2692949771881104
1.8649944067001343
2.1484298706054688
3.1968870162963867
2.12591552734375
2.36918306350708
5.110951900482178
4.640883922576904
2.3413007259368896
1.0100646018981934
1.0035678148269653
1.746451497077942
1.1328034400939941
0.734123945236206
1.573401927947998
0.8900954127311707
0.571198582649231
0.5356424450874329
-0.262296587228775
-0.5135131478309631
0.7465683221817017
-1.0551475286483765
-0.2719089388847351
0.16260361671447754
0.6387752294540405
0.3011007606983185
-1.1765350103378296
-1.8942136764526367
-1.0246456861495972
-1.229297161102295
-0.9358091950416565
-0.3844158947467804
-0.10058340430259705
0.05698773264884949
0.5551548004150391
0.1452275961637497
0.4701744616031647
0.5853033661842346
0.49339815974235535
0.5823725461959839
0.5488156676292419
0.17548459768295288
-0.018851757049560547
1.1904751062393188
2.8356759548187256
3.7422564029693604
3.6668777465820312
7.528209686279297
6.333314418792725
0.8246510624885559
0.5821971297264099
1.8327428102493286
3.5541436672210693
5.367709636688232
6.635093688964844
4.710245132446289
5.27933406829834
2.5190088748931885
0.36406928300857544
1.8499839305877686
3.010413885116577
5.4588303565979
6.597122669219971
7.0288286209106445
4.310944557189941
2.5067596435546875
1.3924059867858887
3.343864917755127
3.3055176734924316
3.411388397216797
3.6267197132110596
3.312699317932129
3.8188865184783936
1.880760908126831
0.5847128629684448
1.9555193185806274
4.381121635437012
1.338052749633789
1.6722265481948853
1.0842305421829224
1.1119966506958008
0.7728196382522583
-0.3252340853214264
0.6043933033943176
-0.10809394717216492
1.1496132612228394
-0.1945045292377472
0.6849428415298462
0.2777023911476135
0.00528750941157341
-0.8253069519996643
-1.3187273740768433
-1.4851404428482056
-1.314012050628662
-0.7044413685798645
-0.14181172847747803
-0.5092455744743347
0.7458637952804565
-0.7690533399581909
-1.0258071422576904
-0.4109032452106476
0.0922645777463913
-0.08986268192529678
-1.0346027612686157
-0.7035898566246033
-0.589296817779541
-1.686702013015747
-0.989630401134491
0.7061653137207031
0.7757053375244141
0.05063515529036522
-0.9524560570716858
-1.019273042678833
-0.43250423669815063
-2.3137030601501465
-1.5018677711486816
0.2562910318374634
0.046164266765117645
1.3635040521621704
0.006539881229400635
-1.977162480354309
-1.065330982208252
-2.578601121902466
-1.438849925994873
0.37216243147850037
2.383286952972412
-0.022874295711517334
-0.745406448841095
-1.5048034191131592
0.8312467932701111
-0.8579699993133545
-0.458163857460022
1.0835338830947876
2.345355272293091
0.7520267367362976
0.4706849455833435
-0.790308952331543
-0.3354891538619995
-0.3174051344394684
0.01965264417231083
2.323770761489868
3.8475632667541504
2.771742343902588
1.407242774963379
-0.8601129651069641
-0.13181138038635254
-0.2473333179950714
1.433788776397705
0.44166141748428345
1.5449737310409546
1.222050666809082
-0.01665147766470909
-1.0215038061141968
-0.3509334325790405
-0.757462739944458
-0.0923345535993576
0.5911492705345154
0.5225548148155212
0.11764545738697052
0.15764746069908142
-0.13750341534614563
-0.3299354016780853
-0.07114271819591522
-0.06851597875356674
-0.8016361594200134
-1.2098387479782104
-0.41826558113098145
1.1554453372955322
2.805234909057617
1.0964102745056152
2.6850972175598145
0.2622133195400238
-0.9288507103919983
-0.36338305473327637
-0.35694101452827454
2.7985782623291016
5.194605827331543
0.48633670806884766
2.0043177604675293
1.7127987146377563
-0.43736714124679565
0.20001521706581116
2.6614203453063965
0.6330729722976685
0.6695556044578552
0.165557861328125
0.8804165720939636
0.7196682095527649
1.726025938987732
1.672541856765747
0.1858736127614975
0.26341280341148376
0.24440306425094604
0.5769510269165039
0.03271527960896492
-0.05030065029859543
0.07544472813606262
0.9889294505119324
1.808199167251587
1.735796332359314
1.172163963317871
-0.7080368399620056
-0.25045499205589294
0.2801881432533264
-0.04601823911070824
-0.4635828137397766
-0.8143700957298279
-1.190608024597168
-0.3486591577529907
-0.7783560752868652
-0.14129821956157684
0.9072726964950562
0.4349074065685272
-0.06308039277791977
-0.30566567182540894
-0.910590410232544
-1.3674451112747192
-1.1089717149734497
-0.06367707252502441
-0.5776605606079102
-0.5231055021286011
-0.4310212731361389
-0.47032368183135986
-0.8333306908607483
-1.3307007551193237
0.9534183740615845
-0.843221127986908
-1.6236255168914795
-2.992037057876587
-3.080728054046631
-1.9715971946716309
-0.6957643628120422
-1.1875874996185303
-0.7065792083740234
1.5784486532211304
-0.2578907608985901
-4.0659685134887695
-4.215281009674072
-1.4903242588043213
0.8296805620193481
0.771447479724884
-1.5604499578475952
1.3299238681793213
2.2490603923797607
-2.5074753761291504
-3.383195161819458
-2.301145315170288
-0.09447755664587021
-0.34132811427116394
2.1835947036743164
1.5941658020019531
1.7638732194900513
-0.5642497539520264
-3.0929203033447266
-2.6469545364379883
0.4485709071159363
0.73533034324646
-0.02007851004600525
0.17815469205379486
0.33293604850769043
-0.7763929963111877
-0.059726785868406296
0.4399970471858978
2.0085997581481934
1.9854902029037476
0.006027691997587681
-0.38332295417785645
-1.2368550300598145
-0.3225267827510834
1.5286107063293457
2.533123254776001
1.2598364353179932
1.3336803913116455
0.25953590869903564
-1.1168773174285889
0.040981411933898926
-0.5996980667114258
0.20475436747074127
0.056884635239839554
-0.12991759181022644
0.05393344163894653
0.1053643524646759
-1.5591720342636108
-0.05105888843536377
0.1575414538383484
0.7443450689315796
-0.19364488124847412
-0.6846105456352234
-0.6655725836753845
0.13053256273269653
-0.2279520034790039
0.7846816182136536
0.4827020764350891
0.13339687883853912
-0.1226101964712143
-0.8294323086738586
-0.8811506032943726
-1.0093587636947632
0.41166242957115173
0.8524073958396912
0.16241925954818726
-1.5719562768936157
-2.1026084423065186
-1.0810099840164185
-1.2678828239440918
-1.0311176776885986
0.2322496771812439
-0.13017316162586212
-0.8517417311668396
-0.899273693561554
-1.0013867616653442
-0.3932759463787079
-1.3742756843566895
-1.1727765798568726
-0.17829498648643494
-0.6943065524101257
-1.7921448945999146
-2.455287456512451
-3.356363534927368
-5.033666610717773
-3.9784646034240723
-2.7973060607910156
0.032834891229867935
0.092217355966568
-1.7212798595428467
-3.1808128356933594
-3.568474531173706
-5.9714884757995605
-4.409204959869385
-3.93131160736084
-0.05255807936191559
-0.1531783491373062
-3.4108779430389404
-2.866224765777588
-3.6226911544799805
-3.550046443939209
-3.171908140182495
-3.928602933883667
-0.45738518238067627
-1.195068359375
-1.0953006744384766
-1.3655376434326172
-2.197362184524536
-2.5587167739868164
-1.7614762783050537
-1.776375651359558
-0.28013521432876587
-1.7909669876098633
-0.7000219821929932
-2.4286115169525146
-2.0380280017852783
-1.7710579633712769
-1.2681115865707397
-0.7966791391372681
-0.27271053194999695
-0.08954530954360962
0.03527294844388962
1.350508451461792
1.6828255653381348
0.1883748173713684
-1.9592361450195312
-1.8167011737823486
-0.30056530237197876
-0.3762025237083435
1.6408952474594116
4.0673346519470215
3.538821220397949
0.5037092566490173
-1.706100344657898
-1.575459599494934
0.09240710735321045
0.49777159094810486
2.397207021713257
3.7271735668182373
5.2874345779418945
2.5964174270629883
1.6229829788208008
1.356319546699524
0.12219462543725967
2.6734719276428223
4.616936206817627
6.070714950561523
7.544815540313721
5.089230537414551
3.6049113273620605
3.1096386909484863
0.8491632342338562
3.432316780090332
3.979168653488159
5.7219085693359375
4.108082294464111
4.912816524505615
3.6624867916107178
1.7958159446716309
0.31253886222839355
3.238847017288208
3.2394580841064453
3.7618613243103027
3.062530517578125
3.518101930618286
2.1215884685516357
1.7522777318954468
-0.17745009064674377
1.31380295753479
1.711922526359558
1.6762911081314087
1.1234005689620972
1.052757978439331
1.1783244609832764
0.40649470686912537
-0.8863869905471802
-0.4033561646938324
0.7496424913406372
0.1722491830587387
-0.17662571370601654
0.11660104244947433
0.5680015683174133
0.5464742183685303
-0.3605123460292816
-0.693202018737793
0.24913614988327026
0.9920361638069153
1.3813540935516357
1.2299695014953613
-0.9407647848129272
-0.2619863748550415
-0.6226268410682678
0.23714450001716614
1.151998519897461
1.020506739616394
0.560829758644104
-0.09302107989788055
-0.6730213165283203
-0.5698064565658569
-0.6245563626289368
0.7824666500091553
3.5950326919555664
2.92126727104187
1.5564073324203491
1.0162817239761353
2.2300028800964355
0.7939601540565491
0.5257762670516968
0.2754462957382202
1.6910090446472168
-0.17016518115997314
-1.6495280265808105
-2.1714041233062744
-1.5249587297439575
0.6301281452178955
1.485124945640564
0.9492691159248352
-0.21732032299041748
-1.0482929944992065
-0.9242513179779053
-2.7681455612182617
-3.3890202045440674
-1.2034152746200562
0.7206581234931946
3.4126508235931396
1.248479962348938
1.7615931034088135
1.8589311838150024
0.018821120262145996
-1.1101418733596802
-1.559133768081665
-0.6240859031677246
0.033005181699991226
0.7031837105751038
1.374510407447815
-0.32979899644851685
-0.9449687600135803
-0.6912989020347595
-0.8267244696617126
-0.3480839431285858
-0.7157027721405029
-0.1094236969947815
-0.0957801342010498
-1.1695433855056763
-1.0061169862747192
-0.8644998669624329
0.14597517251968384
-0.35297906398773193
0.19473481178283691
-0.4204184412956238
0.12578347325325012
-0.5756293535232544
-0.633445680141449
-0.02348804473876953
0.5338730812072754
-1.5258809328079224
-1.1361243724822998
0.08249965310096741
1.2462598085403442
0.8481955528259277
-0.6741536855697632
-0.8823988437652588
-1.674954891204834
-0.550795316696167
-0.6179967522621155
0.563843309879303
3.378141164779663
4.47342586517334
2.4676294326782227
0.4673773944377899
-0.8922588229179382
-2.1024465560913086
-0.10993731021881104
-0.6991827487945557
0.5038720369338989
3.3003830909729004
3.0027194023132324
1.2799383401870728
0.1639414280653
-1.1677314043045044
-1.0813735723495483
-0.3260933756828308
-0.2484378218650818
0.7059826850891113
3.6602702140808105
1.0062710046768188
0.9949342608451843
0.2911635637283325
-1.095067024230957
-2.0179028511047363
-1.9073938131332397
-1.9841688871383667
0.25377437472343445
3.112161159515381
2.460698127746582
0.8704705238342285
0.1900578737258911
0.69423907995224
0.7093534469604492
-0.9013327956199646
-0.4015595018863678
0.1512969583272934
0.3021036386489868
-1.593570351600647
-1.3740813732147217
-0.43244266510009766
-0.05211198329925537
-1.682489275932312
-1.2412447929382324
-0.968133807182312
-0.7232078313827515
-0.3047018349170685
-0.6187029480934143
-0.22800922393798828
-0.8653045296669006
-0.448061466217041
-0.3189462125301361
-0.1021200492978096
0.4215848445892334
1.62158203125
1.104758620262146
0.7789008617401123
-0.8079800605773926
-0.3268319368362427
0.4538842439651489
2.347707986831665
0.7374987006187439
2.449002742767334
1.529371976852417
0.15523424744606018
-0.9690834879875183
-1.0289812088012695
-1.4514819383621216
0.32506734132766724
-0.18224215507507324
2.0876243114471436
0.9476762413978577
-0.6196058988571167
-2.230456590652466
-2.796304702758789
-3.3234713077545166
-1.9305998086929321
-1.4694843292236328
-0.21907974779605865
-1.5165714025497437
-2.8459742069244385
-3.30574369430542
-3.002535104751587
-3.5152828693389893
-3.5588736534118652
-2.4852402210235596
-0.5122742056846619
-0.0998968780040741
-0.2873702645301819
-0.3619080185890198
0.7266552448272705
-1.2262659072875977
-1.8348208665847778
-1.8499432802200317
-0.4535749554634094
1.0592913627624512
1.6684341430664062
1.219012975692749
1.2413023710250854
0.19331176578998566
-0.8755918741226196
-1.1213479042053223
-0.38173526525497437
-0.31529924273490906
0.1283092200756073
0.43991315364837646
-0.2391314059495926
-0.5171196460723877
-0.8817179203033447
-0.8298644423484802
-0.6075311303138733
-1.1667982339859009
-1.4640123844146729
-1.1605912446975708
-3.151153087615967
-5.4679436683654785
-5.26339864730835
-4.012324333190918
-2.926525354385376
-3.9867424964904785
-3.5506322383880615
-2.7180285453796387
-4.234524250030518
-5.407356262207031
-6.598910808563232
-4.65049934387207
-1.7852860689163208
-2.690856456756592
-3.306788206100464
-3.598050355911255
-3.5847363471984863
-3.2665791511535645
-3.942143440246582
-2.7792365550994873
-1.1917386054992676
-2.3914668560028076
-3.238722801208496
-4.5119309425354
-3.775956869125366
-2.791537284851074
-3.085440158843994
-2.6266367435455322
-1.5860772132873535
-3.3457157611846924
-4.613358974456787
-5.0569658279418945
-5.620945453643799
-5.524487495422363
-4.906628131866455
-2.1919965744018555
-2.228867530822754
-3.919506549835205
-4.591094017028809
-6.280348777770996
-7.154256820678711
-5.085834980010986
-3.4040706157684326
-0.3555026352405548
-2.1670799255371094
-2.3015236854553223
-1.1135575771331787
-2.3890843391418457
-3.3171815872192383
-1.9826009273529053
0.5895929336547852
0.8098766803741455
-1.8417093753814697
-2.16170334815979
-0.7698840498924255
-1.599362850189209
-1.5576305389404297
-1.0376155376434326
-0.44891688227653503
-0.43047890067100525
-0.6895646452903748
-1.0822604894638062
-1.5064327716827393
-0.7103375792503357
-1.106765627861023
1.300154685974121
0.5647879838943481
0.040874917060136795
0.3401806652545929
-0.3526313304901123
-2.8703441619873047
-1.3429689407348633
-0.08706581592559814
3.0733790397644043
1.8520691394805908
0.46891388297080994
3.578073501586914
-0.018172934651374817
-1.8883928060531616
-0.8178127408027649
2.094083547592163
5.30894660949707
3.1809937953948975
-0.009607642889022827
1.3540626764297485
0.04422256723046303
-2.0842936038970947
-3.033994674682617
-0.7913113832473755
0.4707927703857422
2.914750814437866
-0.6225063800811768
-1.3980015516281128
-2.412707805633545
-3.795163154602051
-4.8440632820129395
-2.0162782669067383
0.13163042068481445
2.2218668460845947
-0.11365668475627899
-2.162369728088379
-2.7094149589538574
-4.0295538902282715
-4.888815402984619
-1.401675820350647
0.013644633814692497
0.8378086090087891
-0.24880346655845642
-2.212550163269043
-2.984832525253296
-3.123823642730713
-3.1386921405792236
-1.8145954608917236
-1.371922492980957
-1.3635071516036987
-0.09224045276641846
-1.6874637603759766
-1.9854472875595093
-0.7886471152305603
0.14106208086013794
-0.7006648778915405
-1.3663928508758545
-1.637032389640808
-0.3129972219467163
-0.08470931649208069
0.7929420471191406
1.3459831476211548
1.7911314964294434
1.3583847284317017
-0.46921205520629883
-2.2559969425201416
-1.1118837594985962
-1.0667415857315063
0.03806557133793831
1.944888710975647
3.231879711151123
0.9349693059921265
-1.4962489604949951
-2.8144423961639404
-1.590597152709961
-1.3698433637619019
-0.299285888671875
2.61281681060791
4.863874435424805
2.137627124786377
-0.12984788417816162
-1.3370704650878906
-0.4825759530067444
-1.4517576694488525
-0.74827641248703
2.136343479156494
3.509450912475586
3.4533026218414307
1.9286508560180664
3.4292123317718506
2.3024890422821045
-0.4790118336677551
0.41838979721069336
2.0710086822509766
2.5428926944732666
-1.7253961563110352
-0.9598143696784973
0.6332834959030151
2.1560189723968506
0.022150782868266106
0.8760058283805847
2.203246831893921
1.2755855321884155
-0.8439587950706482
1.6868525743484497
2.984539270401001
2.054070472717285
-0.46114659309387207
0.9545518755912781
4.163978576660156
2.841883420944214
-0.16835355758666992
-0.5167964696884155
-0.0003681182861328125
-0.20663583278656006
-0.778809130191803
-0.02283192239701748
0.8716393709182739
0.45780113339424133
-0.36569997668266296
0.33262795209884644
0.2809305191040039
0.09459545463323593
-0.5469662547111511
-2.1506545543670654
-2.473212718963623
-0.4152885675430298
-1.3094120025634766
-1.0402456521987915
-1.2501187324523926
-0.27415257692337036
2.4668431282043457
-2.3638241291046143
-3.3835649490356445
-3.2535362243652344
-1.5671199560165405
2.9634463787078857
3.1682677268981934
0.804850161075592
5.4510955810546875
2.3054466247558594
-1.370269536972046
-1.8767116069793701
0.9206121563911438
4.703526496887207
2.537919044494629
0.10077011585235596
3.9221692085266113
2.6686573028564453
-1.2073049545288086
-3.311088800430298
-0.8484140038490295
2.3587160110473633
3.0492935180664062
1.2158221006393433
2.2395942211151123
0.7945614457130432
-1.4729163646697998
-3.8565833568573
-0.6795228719711304
1.1704521179199219
2.738259792327881
0.7245043516159058
-1.189584493637085
-3.5218324661254883
-4.380576133728027
-3.521747350692749
-2.5578620433807373
-2.773904323577881
-0.7202111482620239
-0.5801696181297302
-2.1533889770507812
-4.5810933113098145
-4.946451187133789
-2.757594585418701
-2.7419638633728027
-2.3433401584625244
-1.401073932647705
-0.8269066214561462
-1.0448694229125977
-1.6104505062103271
-0.6090757846832275
-0.15469372272491455
-0.7052152156829834
-1.4757732152938843
-1.5588738918304443
-1.1278184652328491
0.6332724094390869
-0.2438419610261917
-0.733790934085846
-1.516944408416748
-1.456692099571228
-1.6383730173110962
-2.4210336208343506
-1.8623712062835693
1.3987215757369995
0.20841892063617706
-0.5136247277259827
-2.9767935276031494
-3.621546745300293
-3.2689428329467773
-2.4852068424224854
-1.8156936168670654
-0.4495397210121155
-1.3446601629257202
-0.8550251126289368
-4.027906894683838
-5.253678798675537
-3.3613877296447754
-2.8270602226257324
-1.9137258529663086
0.026809025555849075
0.5952016115188599
0.6290700435638428
-2.8485028743743896
-4.833856105804443
-3.854882001876831
-3.4158437252044678
-2.4623754024505615
-0.6522973775863647
-0.143992617726326
-1.9398289918899536
-3.842099905014038
-5.825134754180908
-4.6500654220581055
-4.130815505981445
-2.332244634628296
-2.1941475868225098
-2.239004135131836
-3.0096969604492188
-3.525040626525879
-4.095684051513672
-3.785651683807373
-3.2625036239624023
-1.9664859771728516
-1.5029449462890625
-1.4640247821807861
-1.987510323524475
-1.9753458499908447
-1.8343876600265503
-1.6816678047180176
-2.0464744567871094
-1.1069045066833496
-1.1416484117507935
-2.073505163192749
-1.596427083015442
-0.9775827527046204
-0.9476765394210815
-0.9667453169822693
-0.8644837141036987
-0.3210659921169281
-0.6818466782569885
-0.9541947245597839
-0.4725773334503174
-0.3151792585849762
0.2682066261768341
0.3614223003387451
0.07568376511335373
-0.17401081323623657
0.42176130414009094
0.5332990288734436
1.5265967845916748
2.333871603012085
0.9705139398574829
0.9880384802818298
0.03915545716881752
-0.39285144209861755
0.9436134099960327
0.3968779444694519
-0.7404798269271851
1.446622371673584
2.718502998352051
2.391669273376465
0.8962060213088989
-0.519618034362793
-0.9227306246757507
-1.0648006200790405
-2.3605923652648926
-0.9429758787155151
0.21296191215515137
-1.6827503442764282
-1.2246448993682861
-1.6990182399749756
-2.2672646045684814
-2.5327813625335693
-3.5548276901245117
-3.2601423263549805
-2.0397560596466064
-1.3336092233657837
-1.0079957246780396
0.418091356754303
-1.5140266418457031
-2.434126377105713
-2.760430335998535
-1.8391990661621094
-1.0102094411849976
-0.5216289162635803
-0.2480393499135971
0.1973782330751419
-1.0966136455535889
-1.443204402923584
-0.5073636770248413
0.5945909023284912
0.46378257870674133
0.6817193627357483
0.7540194392204285
-0.028405742719769478
-1.5501214265823364
-1.103313684463501
0.36138784885406494
1.0961512327194214
1.0209208726882935
0.7017309665679932
0.3498956263065338
-0.2807707190513611
-0.7258282899856567
-0.749523937702179
-0.6578409075737
-0.7466923594474792
-1.304089069366455
-2.202160120010376
-2.5590953826904297
-2.06796932220459
-1.1386526823043823
-0.21621358394622803
0.0995870977640152
-0.6061148643493652
-1.8698222637176514
-2.4604811668395996
-1.8845291137695312
-2.3934719562530518
3.1769585609436035
0.2852802276611328
0.46572864055633545
-0.8660913705825806
-1.9671584367752075
-1.4634954929351807
-3.731196641921997
-3.20019268989563
1.089743733406067
-2.25002121925354
-2.0278480052948
-2.4255530834198
-3.6944704055786133
-4.352632522583008
-4.414919376373291
-2.874708652496338
-0.9158809185028076
-1.8949888944625854
-2.790224075317383
-2.5665640830993652
-3.338601589202881
-3.552689552307129
-3.511573553085327
-1.1872600317001343
-0.4736894369125366
-2.3033154010772705
-2.9124953746795654
-2.2562050819396973
-3.6153485774993896
-3.9924917221069336
-3.345780611038208
-0.04203832149505615
-0.07798570394515991
-1.7466408014297485
-1.533698558807373
-0.7604548931121826
-2.506281614303589
-1.981850504875183
-1.2757214307785034
-0.2942696213722229
-0.7024351358413696
-0.4815855324268341
0.25746768712997437
-0.06425312906503677
-0.28149929642677307
-0.3332597613334656
-0.16636578738689423
0.27585598826408386
-0.8199560046195984
-0.6631783843040466
-0.10741611570119858
-0.1489376574754715
-0.5834586024284363
-1.8169288635253906
-1.9408080577850342
-1.5577751398086548
-1.1657851934432983
-0.5430731177330017
-0.09091024845838547
0.3601135015487671
-0.19517166912555695
-1.8144025802612305
-2.931959390640259
-2.2808804512023926
-2.245372772216797
-0.8288882970809937
1.5480031967163086
2.7331626415252686
2.2958478927612305
1.0448639392852783
-0.6158237457275391
-0.31817737221717834
-2.6670095920562744
-1.191443920135498
1.2396445274353027
3.553870916366577
2.64015793800354
0.5260405540466309
-0.43328794836997986
-0.311657577753067
-0.7185540795326233
-0.5901972055435181
0.6041104793548584
1.394332766532898
0.02499592863023281
0.012887666933238506
0.14422819018363953
0.5095135569572449
0.14466165006160736
0.8979114890098572
2.778046131134033
4.697110176086426
1.4877722263336182
1.4299246072769165
1.036220669746399
1.7886476516723633
-0.40069901943206787
2.4140377044677734
2.627678871154785
2.7586135864257812
1.4995583295822144
1.4314844608306885
1.0972100496292114
0.5926995277404785
-1.0845692157745361
1.7850594520568848
2.2735776901245117
0.8658249378204346
0.5145666599273682
0.5781148672103882
0.7331652641296387
0.42791739106178284
-0.523786723613739
-1.0043613910675049
-0.8729203939437866
-0.7387661337852478
-0.8762302994728088
-0.7740477323532104
0.8304525017738342
0.31783726811408997
0.18504729866981506
0.6160503029823303
0.36787521839141846
-0.6961984038352966
-1.0833852291107178
-1.9434592723846436
-0.5210112929344177
-0.2474496066570282
0.2097388505935669
0.7946729063987732
0.7241166830062866
-0.5325631499290466
-1.1426637172698975
-2.2790844440460205
-1.635478138923645
-1.2021113634109497
-1.3344454765319824
0.20091217756271362
0.6116107702255249
-0.9271180629730225
-3.791125535964966
-4.31683349609375
-2.882516860961914
-1.6088484525680542
-1.1211472749710083
-0.27679139375686646
-1.2055686712265015
-2.1220736503601074
-4.294577598571777
-4.067345142364502
-2.836030960083008
-1.1037321090698242
-0.2114085555076599
0.1819712221622467
-0.26846832036972046
-0.33153027296066284
-1.404670000076294
-1.2076878547668457
-2.145702838897705
-0.5738540291786194
0.18045689165592194
1.4709917306900024
1.5277026891708374
1.7507928609848022
1.3914446830749512
0.15288075804710388
-0.4229164123535156
-0.05384187772870064
-0.185873880982399
0.9762936234474182
1.5078994035720825
1.3512630462646484
0.9066783785820007
-0.23898091912269592
-0.5076434016227722
-0.2377268671989441
-1.5821973085403442
-3.503350019454956
-2.12605357170105
0.10451340675354004
-0.9845201969146729
-1.3888412714004517
-1.9418548345565796
-1.6913580894470215
-1.3733142614364624
-3.820242404937744
-3.5032567977905273
-4.336101055145264
-4.528112411499023
-0.9175596833229065
-0.6042563915252686
-1.61863112449646
1.0011948347091675
-0.3459019362926483
-2.3321125507354736
-4.611142158508301
-3.6974422931671143
-1.3447307348251343
-0.9991600513458252
-2.192021131515503
-0.09647483378648758
-0.8102694749832153
-3.8346028327941895
-6.608105659484863
-5.372763633728027
-4.17046594619751
-3.0251142978668213
-2.3753416538238525
0.5951036214828491
-1.3284372091293335
-4.572690010070801
-7.24107027053833
-6.031435489654541
-5.310779094696045
-2.8926429748535156
-1.8148291110992432
-0.4219459891319275
-2.3464877605438232
-3.9698915481567383
-6.693655014038086
-6.781013011932373
-5.8669257164001465
-3.1486639976501465
-1.1153258085250854
-1.0472182035446167
-1.9826884269714355
-2.5831761360168457
-3.551443099975586
-3.940075635910034
-3.544820547103882
-1.467772364616394
-0.5275385975837708
-0.6558319330215454
-0.2235693782567978
-0.7077652812004089
-0.6917121410369873
-0.3231588900089264
-0.5929524302482605
-0.8313231468200684
-0.6406018733978271
0.7434200048446655
0.5818806886672974
-0.15250997245311737
0.11283755302429199
1.8390774726867676
3.2210798263549805
3.2180800437927246
2.5346570014953613
1.135465145111084
1.9205880165100098
2.7341744899749756
3.7210631370544434
5.549137592315674
4.723215579986572
4.1583251953125
1.9287350177764893
0.8251614570617676
1.9397215843200684
6.220020294189453
7.4601335525512695
7.258831024169922
4.999515533447266
4.1446003913879395
2.410550832748413
1.2621409893035889
2.068763494491577
5.02363920211792
7.167135238647461
6.13532829284668
5.388038158416748
4.024924278259277
2.715916395187378
0.9216085076332092
1.882642149925232
1.74454927444458
3.316237449645996
2.6250553131103516
3.3103513717651367
2.1119723320007324
0.8919482231140137
0.29192787408828735
0.7437736392021179
1.111297845840454
1.8875527381896973
1.4343206882476807
1.0432720184326172
-0.42097973823547363
-0.06111123785376549
0.3681241571903229
0.9288280010223389
0.8637323379516602
-1.6724773645401
-1.4996663331985474
-1.5661057233810425
-1.0268276929855347
-0.4776513874530792
-0.24211375415325165
-0.4635202884674072
-0.9724826812744141
-1.3775017261505127
-0.6551865339279175
-0.45225805044174194
-0.2936144173145294
-0.21800297498703003
-0.19286978244781494
-0.608224630355835
0.12623584270477295
-0.7825825214385986
0.323147177696228
2.3643674850463867
-1.8494045734405518
-1.5286067724227905
-1.5371885299682617
-0.5855134129524231
-0.48752012848854065
0.20928257703781128
0.9345682263374329
5.322221755981445
-0.08181952685117722
-1.578684687614441
-0.32046809792518616
0.13561157882213593
0.8116503357887268
2.865483522415161
3.9169204235076904
5.355124473571777
2.501715660095215
0.5236342549324036
1.574719786643982
2.5880796909332275
4.525447845458984
4.37736177444458
7.074187278747559
7.414237022399902
5.671882629394531
2.3664889335632324
1.7008898258209229
3.7921557426452637
6.0501227378845215
5.004406929016113
6.653007507324219
6.946195125579834
5.176514625549316
2.592700958251953
0.775837242603302
2.0995614528656006
4.515016078948975
3.745084524154663
5.006319046020508
6.8941969871521
4.4763007164001465
2.024050712585449
-0.7564368844032288
-1.0855928659439087
1.7688497304916382
4.590114593505859
5.171422481536865
6.557737350463867
3.828193187713623
0.8915184736251831
-1.0138968229293823
-1.3273125886917114
1.6632816791534424
3.7029876708984375
1.4602144956588745
0.2836271822452545
-0.2023065686225891
-0.2307741641998291
