-0.010474743321537971
0.036112964153289795
-0.2079799920320511
-0.31154149770736694
-0.17738032341003418
-0.03800348564982414
0.16524705290794373
0.12870101630687714
-0.141839399933815
0.09620660543441772
0.0015739351511001587
0.09686621278524399
0.12256720662117004
0.04653634503483772
0.1652989238500595
0.2279207408428192
-0.33501264452934265
0.22029045224189758
0.5368825793266296
0.7988383173942566
0.4075298309326172
0.17482389509677887
0.3636472225189209
0.39307230710983276
-0.12353481352329254
0.29301854968070984
0.8812344074249268
1.3248287439346313
0.7663351893424988
0.768076479434967
0.6651048064231873
0.6202303767204285
-0.04994797706604004
0.39381298422813416
0.899567723274231
1.253385305404663
0.8582807779312134
0.8444314002990723
0.5849201083183289
0.5157268643379211
0.1973940134048462
0.7807641625404358
1.1703025102615356
1.5095387697219849
1.070850133895874
0.7782161235809326
0.33292487263679504
0.3540768325328827
0.009864576160907745
0.5228284001350403
0.9487074017524719
1.0787569284439087
0.7774463295936584
0.30559608340263367
-0.055206529796123505
-0.013140082359313965
-0.12050129473209381
0.013198519125580788
0.10764364898204803
0.1217540055513382
0.13624995946884155
0.08686713874340057
-0.011841431260108948
-0.005930744111537933
-0.20941266417503357
-0.2806585133075714
-0.25722062587738037
-0.2223067432641983
-0.2826918065547943
-0.11922015249729156
-0.026326365768909454
0.08905816078186035
0.1965986043214798
-0.07168114185333252
-0.22228074073791504
-0.180675208568573
-0.2712385654449463
-0.16407164931297302
0.040148019790649414
0.1611327826976776
0.3573623597621918
0.3752475678920746
0.33029088377952576
0.06384497135877609
-0.20507685840129852
-0.08449316024780273
0.16252967715263367
0.2290814071893692
0.11636099964380264
0.3491028845310211
0.559977650642395
0.4525218605995178
0.15492738783359528
0.005144238471984863
0.31855279207229614
0.05200841277837753
0.0020961258560419083
0.0012905821204185486
0.003593016415834427
0.029451634734869003
0.2004915177822113
0.06197483837604523
0.010926010087132454
-0.2751474976539612
-0.02379142865538597
0.23148222267627716
0.2209234982728958
0.5565228462219238
0.9406552910804749
0.6215883493423462
0.08475838601589203
-0.05643824487924576
0.0211876779794693
0.3522803783416748
0.16480253636837006
0.4608902931213379
0.6408154368400574
0.4351232349872589
0.044183023273944855
-0.09720800817012787
0.12095710635185242
0.3887477219104767
0.10974626988172531
0.10576523095369339
0.1185234934091568
0.021081946790218353
-0.09913388639688492
-0.1274547576904297
-0.18455854058265686
-0.15330538153648376
-0.26334884762763977
-0.28103476762771606
-0.07495544850826263
-0.5986814498901367
-0.5905243158340454
-0.3635660409927368
-0.1186036765575409
0.34484800696372986
0.401321142911911
0.0420210063457489
-0.019953899085521698
-0.3386387526988983
-0.5115193128585815
-0.24317604303359985
-0.19415374100208282
0.33563148975372314
0.5644669532775879
0.3434831202030182
0.3366730809211731
0.45371466875076294
0.16341328620910645
0.292415976524353
-0.3705434799194336
0.5506762266159058
1.1924960613250732
1.4713389873504639
0.6326549053192139
0.6524778008460999
0.10207238793373108
0.00810275599360466
-0.23002517223358154
0.6784068942070007
0.773483157157898
0.8331249952316284
0.28270477056503296
0.27750879526138306
-0.11014462262392044
-0.48198825120925903
-0.2792157232761383
0.3158160448074341
0.3191317617893219
0.3089139461517334
0.3489415645599365
0.4299910068511963
-0.16826000809669495
-0.4152315855026245
-0.38964444398880005
-0.2116653323173523
-0.32061898708343506
-0.280723512172699
-0.18341313302516937
-0.07947156578302383
-0.3625624477863312
-0.39986422657966614
-0.31376680731773376
-0.45745232701301575
-0.5470225811004639
-0.6849679350852966
-0.6270129084587097
-0.5079348683357239
-0.34303683042526245
-0.23758052289485931
-0.38538631796836853
-0.4896946847438812
-0.5672290325164795
-0.4240700602531433
-0.552818238735199
-0.5058414340019226
-0.8210420608520508
-0.4617062509059906
-0.2954980731010437
-0.5917245149612427
-0.8395048975944519
-0.7584760785102844
-0.7513291239738464
-0.4863121211528778
-0.32845067977905273
-0.3158872723579407
-0.03205152601003647
-0.46298539638519287
-0.7208245992660522
-0.4473688006401062
-0.5182453989982605
-0.5255964994430542
-0.5495445132255554
-0.6668125987052917
-0.3210499882698059
-0.7352490425109863
-0.8755565881729126
-0.9327101111412048
-1.1175858974456787
-1.4106385707855225
-1.1249316930770874
-0.991064727306366
-0.540324866771698
-0.9020494818687439
-1.2463598251342773
-1.415340542793274
-1.6311249732971191
-1.6321277618408203
-0.9179062247276306
-0.6228253245353699
-0.6536381244659424
-0.999647855758667
-1.2961589097976685
-1.7533515691757202
-1.9396089315414429
-1.822506070137024
-1.0004019737243652
-0.5551143288612366
-0.4323110282421112
-0.6489169597625732
-0.8192306756973267
-1.0878264904022217
-1.1246861219406128
-1.09282648563385
-0.7266647219657898
-0.321756511926651
-0.19553355872631073
-0.1792365312576294
-0.26253265142440796
-0.2767711579799652
-0.2302210032939911
-0.3880823254585266
-0.34766197204589844
-0.2620866894721985
-0.2587016224861145
-0.34438765048980713
-0.1832842081785202
-0.0041542062535882
-0.23826703429222107
-0.3870333433151245
-0.4273923337459564
-0.5548617839813232
-0.08762935549020767
-0.46706822514533997
-0.5323052406311035
-0.019217945635318756
-0.05030030757188797
-0.1652931123971939
-0.150130033493042
-0.583307683467865
-0.09160421788692474
-0.492424875497818
-0.8856343030929565
-0.6209643483161926
-0.3046344518661499
-0.38051915168762207
-0.2785067558288574
-0.43744903802871704
-0.20734810829162598
-0.5465946793556213
-1.1629199981689453
-1.103977918624878
-0.6465623378753662
-0.6782861948013306
-0.41250988841056824
-0.3515264391899109
-0.10968563705682755
-0.27480342984199524
-0.7149658203125
-0.867064356803894
-0.6022284030914307
-0.33598384261131287
0.024695025756955147
-0.11924036592245102
-0.26045677065849304
-0.3808504641056061
-0.36578458547592163
-0.601387083530426
-0.2800132930278778
0.026236597448587418
0.25116080045700073
0.05639442801475525
-0.31500110030174255
-0.40494781732559204
-0.15187744796276093
-0.10640311986207962
0.329091340303421
0.3793869912624359
0.4337010681629181
0.12145902961492538
-0.33379560708999634
-0.3148667514324188
-0.055091530084609985
0.03051600232720375
0.19373342394828796
0.0037125851958990097
-0.062012266367673874
-0.12942816317081451
-0.18332526087760925
-0.3697453737258911
-0.2873142957687378
-0.04934341832995415
0.27988073229789734
0.5582873821258545
0.6565345525741577
0.19393344223499298
-0.008525434881448746
-0.19976134598255157
0.12756890058517456
0.5779721140861511
1.2548086643218994
1.3227440118789673
1.2219610214233398
0.35838717222213745
0.06260298937559128
0.17031389474868774
0.860992968082428
1.6460522413253784
2.1272459030151367
1.4315366744995117
1.0172593593597412
0.3022350072860718
-0.3339690566062927
0.12767821550369263
1.1027957201004028
1.8274102210998535
1.6559531688690186
1.1407490968704224
0.7368553280830383
0.4234451949596405
-0.2658517360687256
0.15250688791275024
0.7730686664581299
1.5381627082824707
1.0194209814071655
1.0603172779083252
0.6898952126502991
0.3834145665168762
-0.11543933302164078
0.2853379249572754
0.5980440974235535
1.0100854635238647
0.34270673990249634
0.22432127594947815
-0.13505779206752777
0.008251877501606941
-0.08585546910762787
0.029245132580399513
-0.0977315604686737
-0.08377386629581451
-0.44040608406066895
-0.5448575019836426
-0.5188231468200684
-0.1890997588634491
-0.2373361438512802
-0.05193360522389412
0.004565659910440445
0.06819012761116028
-0.06885525584220886
-0.25390782952308655
-0.25109246373176575
-0.19257593154907227
-0.3546886742115021
-0.39078086614608765
-0.4571293592453003
-0.8262866735458374
-0.982220470905304
-0.9864578247070312
-0.8875401616096497
-0.45194369554519653
-0.2878571152687073
-0.42307722568511963
-1.067383885383606
-1.3728681802749634
-1.1891422271728516
-0.6191396713256836
-0.9567004442214966
-0.579825758934021
0.3032817244529724
0.1579563170671463
-0.3884228467941284
-0.7148733139038086
-0.43340906500816345
-0.39761224389076233
-0.7030165195465088
-0.6585254669189453
0.33340802788734436
0.16943582892417908
-0.3324680030345917
-0.7265663743019104
-0.3591894507408142
-1.1536906957626343
-1.2352067232131958
-1.0407861471176147
-0.11386376619338989
-0.41314640641212463
-0.7557663917541504
-1.1170824766159058
-0.4838532507419586
-0.9364331364631653
-0.6999624967575073
-0.45040276646614075
-0.36845269799232483
-0.719397783279419
-0.9119725823402405
-1.098973274230957
-0.3207900822162628
-0.5131099820137024
-0.11116121709346771
0.05016731098294258
-0.28210684657096863
-0.5159541368484497
-0.07863594591617584
-0.07215159386396408
0.5328961610794067
0.44680386781692505
0.4821414649486542
0.31157970428466797
-0.06869340687990189
-0.34736135601997375
-0.054988324642181396
0.08290121704339981
0.18601666390895844
0.07865852862596512
0.06693407148122787
0.06464540958404541
-0.2218281328678131
-0.1838604360818863
-0.020657723769545555
0.12926697731018066
-0.26879069209098816
-0.7776390314102173
-0.7155271768569946
-0.4169641435146332
-0.5042369365692139
0.08149372041225433
0.4826914668083191
0.7110177278518677
0.07776496559381485
-0.5851656794548035
-0.5609073042869568
-0.1927804946899414
-0.6378548741340637
0.3578570485115051
0.7316704392433167
0.8788209557533264
0.41690677404403687
0.02241717092692852
-0.0071951281279325485
0.1342352330684662
-0.645411491394043
0.37693992257118225
1.0437711477279663
1.425964117050171
1.0936874151229858
0.630232572555542
0.5238446593284607
0.6577882766723633
0.15848208963871002
0.6196036338806152
1.0416996479034424
1.2411963939666748
0.9648174047470093
0.7717528939247131
0.5921859741210938
0.7309783101081848
0.20547305047512054
0.6404277086257935
1.066757082939148
1.2848851680755615
0.8513758778572083
0.7103233933448792
0.4224778413772583
0.5992669463157654
-0.06969011574983597
0.31339824199676514
0.5991821885108948
0.8876108527183533
0.36272311210632324
0.22039063274860382
0.1116294264793396
0.20789994299411774
-0.2705078721046448
-0.014390729367733002
0.09360302239656448
0.1551978588104248
-0.14499877393245697
-0.021448850631713867
0.045106664299964905
0.0874749943614006
-0.054582029581069946
-0.31986725330352783
-0.38033902645111084
-0.0861491784453392
-0.15468013286590576
-0.3812847137451172
-0.5600481629371643
-0.4065231382846832
0.2837255299091339
-0.03238939493894577
0.06559392064809799
0.17931602895259857
-0.12213994562625885
0.09505166858434677
0.04457757622003555
-0.1723002791404724
0.29228004813194275
0.1832476109266281
0.17062608897686005
0.06278965622186661
-0.023260965943336487
0.08267436176538467
-0.2679285705089569
-0.3313150405883789
0.2194613516330719
0.014438658952713013
-0.007161414250731468
-0.3320241868495941
-0.3640069365501404
0.1329631507396698
0.2609671354293823
0.09360906481742859
0.10569942742586136
-0.003381505608558655
-0.22215132415294647
-0.46479007601737976
-0.8310987949371338
-0.5953441262245178
-0.08410819619894028
0.08600731939077377
-0.08944227546453476
-0.18808962404727936
-0.37698689103126526
-0.28630900382995605
-0.846605658531189
-0.8391602039337158
-0.30879953503608704
0.02093151956796646
-0.1240013912320137
-0.353374719619751
-0.7086318135261536
-0.5839205384254456
-0.7174198031425476
-0.656624972820282
-0.3403227627277374
-0.12001067399978638
-0.1714392602443695
-0.30428603291511536
-0.32499784231185913
-0.2507677972316742
-0.17682015895843506
-0.2043108493089676
-0.16683220863342285
-0.1708109825849533
-0.22134040296077728
-0.34101513028144836
-0.06151425838470459
0.0033337008208036423
0.030205138027668
0.23767387866973877
0.07795698195695877
-0.20697860419750214
0.24628281593322754
0.052995990961790085
0.013083487749099731
0.1243768185377121
0.24946394562721252
0.44571763277053833
0.40822070837020874
-0.12374453246593475
0.2661299407482147
0.22708235681056976
0.04446883499622345
-0.055528149008750916
0.2373369187116623
0.3196992576122284
0.5755794048309326
0.09040417522192001
0.33060410618782043
0.5113530158996582
0.49137601256370544
0.6445373296737671
0.6803584098815918
0.7201354503631592
0.9269843101501465
0.3089408278465271
0.23706020414829254
0.5028345584869385
0.49931979179382324
0.8155011534690857
0.4550263583660126
0.7324462532997131
0.7959670424461365
0.12828662991523743
-0.1186022162437439
0.09934896230697632
0.27891987562179565
0.9069923758506775
0.6214616298675537
0.6946515440940857
0.46677637100219727
0.039244767278432846
-0.40604472160339355
-0.2475758194923401
-0.11705032736063004
0.21396411955356598
0.10430256277322769
-0.01701497845351696
-0.07369547337293625
-0.22581639885902405
-0.4323863089084625
-0.235396146774292
0.02771012857556343
0.2284875065088272
0.14105798304080963
-0.011315930634737015
-0.09313719719648361
-0.1899230033159256
-0.32606467604637146
-0.1812378317117691
-0.05634385347366333
-0.14668704569339752
0.0021652374416589737
0.11140583455562592
-0.09583041816949844
-0.16008377075195312
-0.04444834589958191
0.13494732975959778
0.42022666335105896
0.39251473546028137
0.35044047236442566
0.5011358857154846
0.471955806016922
0.08030901104211807
0.1676076203584671
0.4857475161552429
1.1364065408706665
1.2823450565338135
1.000485897064209
0.9243289232254028
1.2014007568359375
0.5682822465896606
0.6660832762718201
1.0894999504089355
1.4550701379776
1.5586670637130737
1.3907583951950073
1.0212316513061523
0.7067167162895203
0.2370910495519638
0.22985322773456573
0.6545437574386597
0.5814110040664673
0.9977777004241943
1.4237972497940063
0.9726809859275818
-0.07497874647378922
-0.2775256037712097
-0.153469517827034
0.42715054750442505
0.34878551959991455
0.6540665626525879
1.0470573902130127
0.8008116483688354
-0.09713979810476303
-0.33822280168533325
-0.28452202677726746
-0.13871635496616364
0.21392832696437836
0.2211732268333435
0.45649418234825134
0.35328832268714905
-0.022652678191661835
-0.22446399927139282
-0.10290379077196121
-0.21789924800395966
-0.1710560917854309
-0.1338043212890625
-0.05586433410644531
-0.006810853257775307
-0.09463592618703842
-0.1528024971485138
0.022153746336698532
0.049676623195409775
0.18127305805683136
-0.0022931406274437904
-0.30117854475975037
-0.32466015219688416
-0.052271030843257904
0.07715850323438644
-0.19303467869758606
0.037807807326316833
0.2758297622203827
0.16076931357383728
0.24588489532470703
0.2430359572172165
-0.10214722156524658
0.049281466752290726
-0.18183425068855286
-0.015543341636657715
-0.017102472484111786
0.1813892275094986
0.4945685863494873
0.48658809065818787
0.04051824286580086
0.08498669415712357
-0.16276076436042786
-0.18951858580112457
0.08091219514608383
0.3824842572212219
0.4404847025871277
0.5904241800308228
0.5404180288314819
0.29130804538726807
0.2166057825088501
0.37329086661338806
0.7970832586288452
0.7878689169883728
0.9671640992164612
1.0295743942260742
0.8823526501655579
0.4164915680885315
0.28928273916244507
0.5189374089241028
1.0790055990219116
1.01236093044281
1.0269569158554077
0.8618168234825134
0.5879027843475342
0.34158840775489807
0.2766770124435425
0.45672908425331116
0.6029008030891418
0.5862154364585876
0.5620819330215454
0.4857872724533081
0.42372798919677734
0.2695786654949188
0.024862613528966904
0.06501816213130951
0.0534171536564827
0.0956856980919838
0.04479259252548218
-0.021190926432609558
-0.039845675230026245
0.02859381213784218
-0.3820309340953827
-0.4766373932361603
-0.2534438967704773
-0.5163121819496155
-0.9262735843658447
-1.0163171291351318
-1.0388118028640747
-0.852073073387146
-0.8724241256713867
-0.7896237969398499
-0.7966445088386536
-0.8536140322685242
-1.1052775382995605
-0.8094467520713806
-1.0743852853775024
-0.9713636636734009
-0.7276550531387329
-0.7207231521606445
-0.9641996622085571
-0.5515562891960144
-0.20341815054416656
-0.1934695541858673
-0.949722945690155
-0.6818058490753174
-0.3529527485370636
-0.519036591053009
-0.9349294304847717
-0.789490818977356
0.0628722682595253
0.09884468466043472
-0.5641444325447083
-0.7888362407684326
0.09923404455184937
0.11834697425365448
0.05844971537590027
-0.395891010761261
-0.1922067403793335
-0.22786450386047363
-0.6152283549308777
-0.7153254747390747
0.006834801286458969
-0.05227416753768921
-0.3029201626777649
-0.9365512132644653
-0.715172290802002
-0.3916461169719696
-0.5955287218093872
-0.39411768317222595
-0.3789815306663513
-0.5540855526924133
-0.41811317205429077
-0.3311212360858917
-0.27502840757369995
-0.05998736619949341
-0.027338817715644836
-0.0621151365339756
-0.43825963139533997
-0.45629456639289856
-0.29732510447502136
-0.2794604003429413
-0.3479848802089691
-0.3427889049053192
-0.32916420698165894
-0.2114706188440323
-0.5521668195724487
-0.4757208228111267
-0.24144107103347778
-0.19583815336227417
-0.10312550514936447
0.05068514496088028
-0.04546404257416725
-0.12790988385677338
-0.2887290120124817
-0.06891348958015442
0.43129974603652954
0.27692997455596924
0.04767908155918121
-0.0705425813794136
-0.3697337210178375
-0.5795166492462158
0.17119477689266205
0.514237642288208
0.806169867515564
0.6301904320716858
0.8288434147834778
0.7652712464332581
0.680169403553009
0.0957886353135109
0.06155141815543175
0.3053334653377533
0.8613667488098145
1.6021816730499268
1.6900193691253662
1.4077569246292114
1.1003162860870361
0.19784006476402283
-0.32600533962249756
-0.21014612913131714
0.10964123159646988
1.0001379251480103
0.8003304600715637
0.8124548196792603
0.5303829908370972
-0.050230227410793304
-0.5283249020576477
-0.49306681752204895
-0.1922244131565094
0.45465630292892456
0.2533121407032013
0.22775593400001526
0.03254994377493858
-0.2165195494890213
-0.46037864685058594
-0.5016065239906311
-0.19415301084518433
-0.1622052937746048
-0.3545352518558502
-0.2749738097190857
-0.28217706084251404
-0.4378063678741455
-0.3530266582965851
-0.2976052761077881
-0.06938636302947998
-0.04502492398023605
-0.10720096528530121
-0.23106463253498077
-0.28137409687042236
-0.3418857753276825
-0.3662387430667877
-0.5380665063858032
-0.3273422420024872
-0.12061342597007751
-0.06861831247806549
0.037855297327041626
-0.125226691365242
-0.12032768130302429
-0.16591399908065796
-0.22227206826210022
0.365318238735199
0.4725833833217621
0.5637765526771545
0.6589227318763733
0.282100647687912
0.1696159541606903
0.22330167889595032
0.6973423957824707
1.141729474067688
1.1382757425308228
1.6705478429794312
1.57270348072052
0.9164461493492126
0.6389266848564148
0.1548350304365158
0.9294853210449219
1.331659197807312
1.6495203971862793
2.2135720252990723
2.281064987182617
1.6867693662643433
1.2673122882843018
0.40445831418037415
0.8414508104324341
1.028617262840271
1.2138073444366455
1.5012483596801758
1.4531720876693726
1.3826342821121216
1.031553030014038
0.0764424055814743
0.28117042779922485
0.39886075258255005
0.654891848564148
0.5814545154571533
0.6069900393486023
0.8488774299621582
0.6619200110435486
-0.33615246415138245
-0.601170539855957
-0.7371984720230103
-0.32374900579452515
-0.07127047330141068
0.15877565741539001
0.21632426977157593
0.1129627600312233
-0.2923716604709625
-0.32603126764297485
-0.05963882431387901
0.05949011072516441
0.06964854896068573
-0.02756158821284771
-0.07708481699228287
-0.13145112991333008
-0.32043391466140747
-0.23935160040855408
-0.19946792721748352
-0.49299314618110657
-0.7186242341995239
-1.0797879695892334
-1.1231732368469238
-0.9884802103042603
-0.3378206789493561
-0.2539190948009491
-0.30184829235076904
-0.7718892693519592
-0.9538253545761108
-1.273467779159546
-1.0184041261672974
-1.0973058938980103
-0.6357999444007874
-0.43145477771759033
-0.29057395458221436
-0.7409406900405884
-0.9481531381607056
-1.2055134773254395
-1.0332083702087402
-0.709473192691803
-0.49739301204681396
-0.48118075728416443
-0.3549225330352783
-0.8213003873825073
-0.9773783683776855
-0.9601680636405945
-1.0427998304367065
-0.6530771851539612
-0.6076518893241882
-0.7011517286300659
-0.8260913491249084
-1.3261572122573853
-1.3593753576278687
-1.1961439847946167
-1.299489974975586
-0.7339062094688416
-0.5985429286956787
-0.4953193962574005
-0.6778684258460999
-0.9451837539672852
-0.9429209232330322
-0.9313262104988098
-0.8225852847099304
-0.5910062789916992
-0.6221140027046204
-0.3673900067806244
-0.42440828680992126
-0.7120157480239868
-0.8433214426040649
-0.7278591990470886
-0.6636033058166504
-0.4206255376338959
-0.5654337406158447
-0.5436591506004333
-0.5812163949012756
-0.6017501354217529
-0.5988720059394836
-0.4780541658401489
-0.47527748346328735
-0.331592321395874
0.040423277765512466
-0.07678558677434921
-0.2693903148174286
-0.1387614607810974
-0.26575130224227905
-0.4520471394062042
-0.4565628170967102
-0.2905956506729126
-0.2963395118713379
-0.2170707881450653
-0.22164422273635864
0.2310202717781067
0.23429909348487854
0.04654363915324211
-0.2777448296546936
-0.21000808477401733
-0.33012858033180237
-0.3033100366592407
-0.31278708577156067
0.05100477859377861
0.10529480129480362
0.28001078963279724
-0.3096332848072052
-0.18727226555347443
-0.05062630772590637
-0.016855105757713318
0.3313229978084564
0.5051749348640442
0.5561264157295227
1.2523311376571655
0.7007550001144409
0.5435718297958374
0.09119199961423874
0.4240214228630066
0.9002982974052429
1.1269110441207886
1.183232307434082
1.2158842086791992
0.742115318775177
0.6877412796020508
-0.030421562492847443
0.42433056235313416
0.87342768907547
1.0568151473999023
0.7583053708076477
0.7540746927261353
0.2907116413116455
0.4262416958808899
0.0644073411822319
0.3848671615123749
0.33477917313575745
0.30854088068008423
-0.19319067895412445
-0.1304805725812912
-0.2717115879058838
-0.05940358340740204
-0.18913550674915314
-0.2239685207605362
-0.15528684854507446
0.028699809685349464
-0.1451437920331955
-0.027679692953824997
-0.07229805737733841
-0.03409479930996895
-0.16569483280181885
-0.3087756037712097
-0.40253889560699463
-0.4614739716053009
-0.4397580921649933
-0.3447691798210144
-0.5325278639793396
-0.6041854619979858
-0.5518350601196289
-0.7557286620140076
-0.6802299618721008
-0.4495891332626343
-0.17163214087486267
-0.5261458158493042
-0.9424888491630554
-1.0305241346359253
-0.5389392971992493
-0.7149559855461121
-0.5060625076293945
-0.0824272483587265
-0.005583573132753372
-0.32054227590560913
-0.7881412506103516
-0.7650283575057983
-0.1559343934059143
-0.6783483624458313
-1.1440123319625854
-1.1485414505004883
-0.9237520098686218
-0.8678396344184875
-0.7474716305732727
-0.4476722180843353
-0.544902503490448
-1.3944989442825317
-2.0075998306274414
-2.379946708679199
-1.8198847770690918
-1.3223177194595337
-1.049566626548767
-0.5166255235671997
-0.8441944718360901
-1.269817590713501
-1.3118271827697754
-1.5867539644241333
-0.9631609916687012
-0.3953022360801697
-0.41889488697052
-0.29848167300224304
-0.502519428730011
-0.3391256630420685
-0.3324223756790161
-0.2419172078371048
-0.35838112235069275
-0.26407554745674133
-0.39409613609313965
-0.38540560007095337
-0.5412577390670776
-0.30536600947380066
-0.1669943630695343
-0.12484978884458542
-0.48084256052970886
-0.5659447908401489
-0.5410832762718201
-0.38825446367263794
-0.14794783294200897
-0.200285404920578
-0.013545317575335503
0.4538556933403015
0.5273241996765137
0.31590399146080017
0.2600814700126648
0.10594846308231354
-0.20857781171798706
-0.11038802564144135
0.5899161696434021
1.1969295740127563
1.0373051166534424
0.33524319529533386
-0.023170899599790573
-0.19351905584335327
-0.3070955276489258
0.03217293322086334
0.589060366153717
0.8897018432617188
0.7762681245803833
0.21352165937423706
0.12395717203617096
-0.16310502588748932
-0.11831493675708771
0.47684767842292786
0.7814165949821472
1.3570314645767212
0.8907511830329895
0.536024272441864
0.2395523637533188
-0.012246284633874893
-0.008644092828035355
0.4616944193840027
0.5314008593559265
0.803896963596344
0.2768913209438324
0.3338746726512909
0.3724939823150635
0.1679425984621048
0.19539429247379303
0.4520472586154938
0.5137964487075806
0.568824827671051
0.43753647804260254
0.6966009140014648
0.44169387221336365
0.17545007169246674
0.031320806592702866
0.17482444643974304
0.38156986236572266
0.40239009261131287
0.41920194029808044
0.337293803691864
0.27116769552230835
0.025703752413392067
-0.15209296345710754
-0.11223104596138
-0.0030181664042174816
-0.09778062254190445
-0.08725327253341675
-0.1316431760787964
-0.06057187542319298
-0.0505041629076004
-0.3990188539028168
-0.3482381999492645
-0.3318958282470703
-0.33192873001098633
-0.5604137778282166
-0.46094298362731934
-0.8049551844596863
-0.6026528477668762
-0.5725104808807373
-0.3900711238384247
0.0449112132191658
0.408927857875824
0.32898426055908203
0.026128152385354042
-0.6653155088424683
-0.7772855162620544
-0.5696931481361389
-0.2527255117893219
0.6428879499435425
1.0582789182662964
1.109917402267456
0.6181556582450867
-0.29899027943611145
-0.5020811557769775
-0.5234516859054565
-0.09798763692378998
0.2924101948738098
0.5704838037490845
0.9556092023849487
0.7780797481536865
0.22273753583431244
0.05230726674199104
0.15979686379432678
0.6015961170196533
0.3461334705352783
0.09113685041666031
0.47491908073425293
0.5636872053146362
0.4306047260761261
0.1780703067779541
0.08829222619533539
0.35458695888519287
0.26486629247665405
-0.039499297738075256
0.1575690656900406
0.08534323424100876
0.08173935115337372
-0.10132189095020294
-0.30393463373184204
-0.3372129201889038
-0.2745955288410187
-0.4091271758079529
-0.4123263955116272
-0.35701948404312134
-0.2521553337574005
-0.31721940636634827
-0.492461234331131
-0.7624455690383911
-0.7432267665863037
-0.6806979775428772
-0.6588607430458069
-0.5812645554542542
-0.5109909772872925
-0.42831453680992126
-0.1875278800725937
-0.1029951199889183
-0.06150663644075394
-0.09468548744916916
-0.2539915442466736
-0.7973488569259644
-0.8948021531105042
-0.6942742466926575
-0.11150729656219482
0.13505299389362335
0.22415924072265625
-0.03205879032611847
-0.1742984652519226
-0.6689218878746033
-0.6526767611503601
-0.5728223323822021
-0.4032977521419525
-0.05113394558429718
0.2995757460594177
0.19544732570648193
0.13996733725070953
-0.16685038805007935
-0.21349118649959564
-0.3951698839664459
-0.4319173991680145
-0.014310337603092194
0.4379083216190338
0.74554443359375
0.4022406041622162
0.357194721698761
-0.12874431908130646
-0.3716449737548828
-0.4675479531288147
0.03143063187599182
0.24498556554317474
0.3126857876777649
-0.027409136295318604
-0.2542720437049866
-0.8044358491897583
-0.8583403825759888
-0.22113758325576782
0.2697243094444275
0.23068374395370483
0.46808502078056335
0.18555890023708344
-0.20705778896808624
-0.6954492330551147
-0.8675674796104431
-0.19449259340763092
0.037708818912506104
0.02964937314391136
0.18392232060432434
-0.09604129940271378
-0.20663423836231232
-0.46112945675849915
-0.4741499722003937
-0.27951496839523315
-0.2785475552082062
-0.1982736587524414
-0.17800579965114594
-0.2878568470478058
-0.2200876623392105
-0.21468493342399597
-0.22880278527736664
-0.09804046899080276
0.024393543601036072
-0.03182261809706688
0.1766759753227234
0.33018773794174194
0.42600539326667786
0.19388841092586517
0.3162584602832794
0.09303462505340576
0.7113969326019287
0.7572760581970215
0.8645649552345276
0.4963068664073944
0.6990333795547485
0.9924591183662415
1.0910406112670898
0.14154326915740967
0.7007299065589905
0.9551648497581482
1.105764627456665
0.5934568047523499
0.6508964896202087
0.9547943472862244
0.9542327523231506
0.15322938561439514
0.7318277955055237
1.2331937551498413
0.9696460366249084
0.8275019526481628
0.7636462450027466
1.0178358554840088
0.6523647904396057
0.03713967278599739
0.01241309940814972
0.3361250162124634
0.3631974756717682
0.23196353018283844
-0.27833086252212524
-0.08129153400659561
-0.16586729884147644
-0.05992593616247177
0.013942113146185875
-0.03922184556722641
0.07580365240573883
0.08826190233230591
-0.24706923961639404
-0.26066091656684875
-0.1297616958618164
0.11086165904998779
0.2831973433494568
-0.004191160202026367
0.1175469383597374
-0.05113442987203598
-0.3690500259399414
-0.37371888756752014
-0.2087973803281784
0.021797023713588715
0.1107969880104065
-0.019522391259670258
-0.19739295542240143
-0.3456968367099762
-0.29382580518722534
-0.31487125158309937
-0.20761282742023468
-0.17577365040779114
-0.1986265778541565
-0.029571007937192917
-0.25034239888191223
-0.7052686810493469
-0.6587300896644592
-0.7458215951919556
-0.37809720635414124
-0.31710097193717957
-0.36808130145072937
-0.0839531198143959
-0.3389328420162201
-0.5963303446769714
-0.46148109436035156
-0.5603117346763611
-0.28204038739204407
-0.2656712234020233
-0.262677937746048
-0.19237710535526276
-0.2940695881843567
-0.4656241834163666
-0.626790463924408
-0.8411582112312317
-0.4298993647098541
-0.3722659647464752
-0.5286725163459778
-0.5905887484550476
-0.7373985648155212
-1.046895980834961
-1.0955379009246826
-0.7665090560913086
-0.3466055989265442
0.18852081894874573
0.15914122760295868
0.16988912224769592
-0.3780719041824341
-0.8242566585540771
-0.7381576299667358
-0.1220431700348854
-0.03613879531621933
0.1859990507364273
0.14744561910629272
0.35466858744621277
0.027962971478700638
-0.29061979055404663
-0.20496760308742523
0.15216754376888275
0.1272900104522705
0.14171934127807617
-0.051163580268621445
0.11385820806026459
0.15938638150691986
-0.06767701357603073
-0.1651003062725067
-0.023499978706240654
-0.023999987170100212
0.052060000598430634
-0.02367587946355343
-0.05217195674777031
-0.15293021500110626
-0.2800685167312622
-0.2482888549566269
-0.14449161291122437
-0.10442161560058594
-0.11096770316362381
-0.0720471739768982
0.04360754415392876
-0.057600755244493484
0.16498935222625732
0.37059131264686584
0.7031742930412292
0.5185230374336243
0.12362770736217499
0.042644303292036057
0.3120257556438446
-0.19892431795597076
0.10774827003479004
0.25954973697662354
0.8213653564453125
0.675067663192749
0.3830395042896271
0.4206737279891968
0.2731376886367798
-0.5794453024864197
-0.2416488081216812
0.03879827633500099
0.7838075160980225
0.47409865260124207
0.45447924733161926
0.6288102269172668
0.4394596517086029
0.010060319676995277
0.292955219745636
0.6366214156150818
0.7481328248977661
0.2314407229423523
0.14956676959991455
0.008634578436613083
-0.07479757070541382
0.061622824519872665
0.3558530807495117
0.8382202982902527
0.6422795057296753
-0.07400090992450714
-0.04950682818889618
-0.07950348407030106
0.18681290745735168
0.6468093395233154
0.7277274131774902
0.8288630247116089
0.6395267248153687
-0.0015174464788287878
-0.02104351669549942
-0.1525726616382599
0.020112209022045135
0.2906588912010193
0.6747698187828064
0.7575939297676086
0.5335485339164734
0.15353013575077057
-0.04026089608669281
0.15290620923042297
0.1490146815776825
0.09849730879068375
0.2135046124458313
0.18713809549808502
0.13784678280353546
0.04022722318768501
0.012372534722089767
0.08303136378526688
0.14498594403266907
-0.061021916568279266
-0.11559613794088364
-0.10547016561031342
0.051757268607616425
0.07527274638414383
0.12084190547466278
0.20902907848358154
-0.0896693542599678
-0.4508625268936157
-0.6011168956756592
-0.2887863516807556
-0.028104841709136963
0.15611515939235687
0.12924200296401978
0.18162700533866882
-0.1876533180475235
-0.47780969738960266
-0.534878134727478
-0.021681778132915497
0.17487332224845886
0.10957605391740799
0.21038584411144257
0.3287467360496521
-0.06843728572130203
-0.21062520146369934
-0.3071621358394623
-0.00454508513212204
0.27415552735328674
0.02911844477057457
0.1323937177658081
0.23710080981254578
0.11596465855836868
0.028107061982154846
0.02475101128220558
-0.031173277646303177
0.257494181394577
0.09170874953269958
0.11871126294136047
0.236916184425354
0.12611791491508484
0.05513332411646843
0.01789439469575882
-0.06436113268136978
0.16280578076839447
0.13974593579769135
0.14012199640274048
0.21901290118694305
0.2390533983707428
0.13068732619285583
0.11961670964956284
0.08211243152618408
0.05186472460627556
0.07617685943841934
0.09660880267620087
0.1285226047039032
0.16044609248638153
0.07788540422916412
0.10167144984006882
0.12314842641353607
0.13201270997524261
0.12721793353557587
-0.15634553134441376
-0.2113342136144638
-0.1959114372730255
-0.08071117103099823
-0.42184513807296753
-0.5989990234375
-0.5114111304283142
-0.28963327407836914
0.04098400101065636
0.11551985889673233
0.0974235013127327
-0.2667771279811859
-0.44347265362739563
-0.48563259840011597
-0.4030558466911316
-0.18982906639575958
0.17545659840106964
0.40395039319992065
0.298982709646225
-0.34105244278907776
-0.48249804973602295
-0.40752434730529785
-0.3124218285083771
-0.17068754136562347
0.5569616556167603
0.6615548729896545
0.20831428468227386
-0.6244286894798279
-0.9144381880760193
-0.7770305871963501
-0.4925619661808014
-0.2745320498943329
0.05001247301697731
0.07085119932889938
-0.2272355854511261
-0.543397843837738
-0.5862565040588379
-0.6590612530708313
-0.725102424621582
-0.5210762023925781
-0.18242880702018738
0.008011853322386742
-0.2562796473503113
-0.5818347930908203
-0.44470855593681335
-0.7372575998306274
-0.8172688484191895
-0.6384428143501282
-0.29252922534942627
-0.11797884851694107
-0.3386722505092621
-0.7480475902557373
-0.5532528758049011
-0.5155494809150696
-0.5160414576530457
-0.4919491112232208
-0.31797194480895996
-0.45529505610466003
-0.4876694679260254
-0.5641148686408997
-0.42068275809288025
-0.32152286171913147
-0.312637597322464
-0.29613402485847473
-0.41754359006881714
-0.617165207862854
-0.5764434933662415
-0.4652661979198456
-0.6229516863822937
-0.4623645544052124
-0.5138064026832581
-0.5104843974113464
-0.4448525905609131
-0.6551880836486816
-0.5296820998191833
-0.38516950607299805
-0.4285471737384796
-0.18493513762950897
-0.30269649624824524
-0.5030589699745178
-0.058669235557317734
-0.02303466573357582
-0.10016712546348572
-0.3251831531524658
-0.41207757592201233
0.03413611277937889
-0.204021617770195
-0.47419294714927673
-0.061033498495817184
-0.08375546336174011
-0.5932024121284485
-0.9753414988517761
-1.1443514823913574
-0.8110523223876953
-0.5000907182693481
-0.5286684036254883
-0.2605569362640381
-0.5669136643409729
-1.0166988372802734
-1.3726428747177124
-1.152658224105835
-0.9843457341194153
-0.730864405632019
-0.5649556517601013
-0.21187414228916168
-0.3973980247974396
-0.558510959148407
-0.8468334674835205
-0.597510814666748
-0.5037171840667725
-0.3451840579509735
-0.3811059892177582
-0.2832256257534027
-0.2760010063648224
-0.33859020471572876
-0.18964219093322754
0.00780852884054184
0.12975585460662842
0.18018782138824463
-0.0035296231508255005
-0.40236613154411316
-0.43987977504730225
-0.36904531717300415
-0.1511017382144928
-0.04017255827784538
-0.0939117968082428
-0.10270173102617264
-0.13339047133922577
-0.09700637310743332
-0.10503416508436203
-0.18167078495025635
-0.19816482067108154
-0.2000637650489807
-0.47932595014572144
-0.5600298643112183
-0.4291706085205078
-0.2294568419456482
-0.2891780436038971
-0.24279534816741943
-0.3244178891181946
-0.31034743785858154
-0.2919427752494812
-0.370021253824234
-0.4259742200374603
-0.5243784785270691
-0.5568588972091675
-0.43529847264289856
-0.42758888006210327
-0.46364665031433105
-0.22507716715335846
-0.22337014973163605
-0.4585762619972229
-0.5855528712272644
-0.6057396531105042
-0.30123281478881836
-0.16440705955028534
-0.588889479637146
-0.2911025583744049
-0.4856400489807129
-0.39299869537353516
-0.41340309381484985
-0.1795535385608673
-0.23201824724674225
-0.29116538166999817
-0.7822136282920837
-0.5133834481239319
-0.4920346438884735
-0.4503816068172455
-0.44276371598243713
-0.00218958780169487
0.06207577884197235
0.0007415171712636948
-0.3382301926612854
-0.2622969448566437
-0.34256091713905334
-0.3569483757019043
-0.24095448851585388
0.008608230389654636
0.23942150175571442
0.174239844083786
-0.1812668740749359
-0.3023604154586792
-0.4215119183063507
-0.35755816102027893
-0.18807432055473328
-0.1469675898551941
-0.08857643604278564
-0.1541627198457718
-0.3718203604221344
-0.3712821900844574
-0.3228677809238434
-0.24333900213241577
-0.19364561140537262
-0.03107631392776966
-0.09787507355213165
-0.5326197743415833
-0.6553941369056702
-0.6414400935173035
-0.7043681144714355
-0.6976967453956604
-0.26082223653793335
0.034006260335445404
-0.5956745743751526
-0.9321204423904419
-0.7526625394821167
-0.7650546431541443
-0.7724978923797607
-0.8749075531959534
-0.43134379386901855
-0.5566980242729187
-0.9396179914474487
-0.7743828296661377
-0.6839298009872437
-0.7144307494163513
-0.5404542088508606
-0.684761643409729
-0.5977041721343994
-0.8788113594055176
-1.066351056098938
-0.796370267868042
-0.8349246978759766
-0.9400418400764465
-0.848194420337677
-1.0400288105010986
-0.576943576335907
-0.6680387854576111
-0.5967062711715698
-0.5542154908180237
-0.7178691625595093
-0.668961226940155
-0.4336893856525421
-0.5725805759429932
-0.28820210695266724
-0.24037837982177734
-0.26223891973495483
-0.6344984173774719
-0.793828010559082
-0.43650704622268677
-0.32732945680618286
-0.5322797894477844
-0.5503574013710022
-0.505479633808136
-0.14136123657226562
-0.14185480773448944
-0.3475799560546875
-0.27383437752723694
-0.2552020251750946
-0.3664039671421051
-0.5697756409645081
-0.7528408169746399
-0.4915013313293457
-0.2958589196205139
-0.4078304171562195
-0.4198188781738281
-0.3894036114215851
-0.29849663376808167
-0.3587725758552551
-0.2528441548347473
-0.5239189863204956
-0.5867508053779602
-0.9677988290786743
-1.3584827184677124
-1.533962607383728
-0.919368326663971
-0.8878706097602844
-0.47984305024147034
-0.2226845622062683
0.11904259026050568
-0.5974701046943665
-1.155059814453125
-1.5163273811340332
-1.0497510433197021
-0.9415038228034973
-0.44723930954933167
0.3480319678783417
0.808612048625946
0.046216294169425964
-0.45362743735313416
-0.9095103740692139
-0.580128014087677
-0.3354514241218567
0.25626683235168457
0.9006062746047974
0.8323860764503479
0.31080251932144165
0.46940380334854126
-0.017915502190589905
0.04824744164943695
0.19212959706783295
0.7712959051132202
0.9662024974822998
0.5854880213737488
0.09592944383621216
-0.24985574185848236
-0.4167400300502777
-0.23384584486484528
0.07106545567512512
0.6851228475570679
0.691342294216156
0.17524659633636475
-0.017064671963453293
-0.23913933336734772
-0.3106595277786255
-0.2541719377040863
-0.3381359577178955
0.1181846559047699
0.29152676463127136
0.17638590931892395
0.010714292526245117
-0.24698644876480103
-0.30871695280075073
-0.388525128364563
-0.5474221110343933
-0.6668473482131958
-0.6502638459205627
-0.8456059098243713
-0.8938360214233398
-0.6109548211097717
-0.5487598776817322
-0.39995086193084717
-0.024523751810193062
0.08717381954193115
0.09405332058668137
-0.19844308495521545
-0.36947569251060486
-0.4018227159976959
0.01329013705253601
0.0855833888053894
0.19114470481872559
0.12855255603790283
-0.13967083394527435
-0.44712626934051514
-0.6068794131278992
-0.355898380279541
0.24632477760314941
0.19070939719676971
0.10920535027980804
-0.16304637491703033
-0.5425909161567688
-0.7103846073150635
-0.5266615152359009
-0.16713674366474152
0.016443591564893723
0.07110477238893509
0.3840782940387726
0.38092589378356934
-0.3275071978569031
-0.6574770212173462
-0.7380853295326233
-0.07661007344722748
0.08022862672805786
0.15701410174369812
0.0806971937417984
0.14377160370349884
-0.3671753406524658
-0.7508218884468079
-0.6604653596878052
-0.07390888780355453
0.23975032567977905
0.1323874592781067
-0.05363278463482857
-0.05799659341573715
-0.06461534649133682
-0.15584729611873627
-0.07716277241706848
0.2503216862678528
0.5133475661277771
0.29086434841156006
0.17775848507881165
0.09830993413925171
0.22977639734745026
0.1607261598110199
0.37507468461990356
0.5467032194137573
0.4686179459095001
0.30763983726501465
0.15742120146751404
0.24849799275398254
0.25474247336387634
0.2902693450450897
0.3741668462753296
0.2108089178800583
0.09749594330787659
0.05303606763482094
0.036887288093566895
0.1427018642425537
0.1779385358095169
0.34840670228004456
0.21241258084774017
0.010150130838155746
0.06850907951593399
0.08349711447954178
-0.009999550879001617
0.2431429922580719
0.8239924907684326
1.182757019996643
1.2043089866638184
0.7231500744819641
0.6705052256584167
0.41960155963897705
-0.12797421216964722
0.22684365510940552
0.7845869064331055
1.1719666719436646
1.20442533493042
1.1981291770935059
0.9708592295646667
0.7609795928001404
-0.22791916131973267
0.16245436668395996
1.228880524635315
1.780886173248291
1.8698421716690063
2.053096055984497
1.613586187362671
1.181698203086853
-0.14463602006435394
0.21698816120624542
0.7981035113334656
1.313353180885315
1.1726998090744019
1.0231436491012573
0.6104306578636169
0.6942676901817322
0.05610715225338936
0.5306186676025391
0.7087540626525879
0.9333205223083496
0.5246750712394714
0.4333151876926422
0.22153379023075104
0.5583595037460327
0.06437677145004272
0.14969734847545624
-0.20274139940738678
-0.12567412853240967
-0.2481735348701477
-0.24159586429595947
-0.19379569590091705
0.057953380048274994
-0.05268076807260513
-0.09426473081111908
-0.0336114838719368
0.0563390776515007
0.04571185261011124
0.04401223734021187
0.011201822198927402
0.03391462191939354
-0.13878940045833588
-0.010202236473560333
0.07339378446340561
-0.04226267337799072
-0.26933643221855164
-0.7169697284698486
-0.5928362011909485
-0.2569093108177185
-0.4784148037433624
-0.18140646815299988
-0.0935312807559967
-0.2570686936378479
-0.771615207195282
-0.917635440826416
-0.8300337791442871
-0.3413580358028412
-0.4327933192253113
-0.12167670577764511
-0.029866360127925873
-0.15820230543613434
-0.644680917263031
-0.5691608786582947
-0.491100013256073
-0.13903149962425232
-0.01843756064772606
0.2817566990852356
0.3274993598461151
0.20462685823440552
0.2617809772491455
0.3835727870464325
0.45191967487335205
0.4163703918457031
0.2214575707912445
0.6189764738082886
1.0100724697113037
0.7428531050682068
0.7626683115959167
0.5153092741966248
0.5994626879692078
0.3699738383293152
0.23518861830234528
0.5870334506034851
1.0073518753051758
1.1117572784423828
1.1530247926712036
0.9042592644691467
0.7395028471946716
0.43375614285469055
0.13184800744056702
0.2020581066608429
0.4805607199668884
0.8771073818206787
1.0019309520721436
0.8533474206924438
0.6158525943756104
0.30012238025665283
0.07769349217414856
0.030624255537986755
-0.042893409729003906
-0.050086863338947296
-0.007956475019454956
0.11458822339773178
0.13402895629405975
0.129050612449646
-0.2510557472705841
-0.18416200578212738
-0.07179629057645798
0.017182858660817146
-0.19931989908218384
-0.3729610741138458
-0.5756899118423462
-0.4545471966266632
-0.34864357113838196
-0.25274714827537537
-0.06527592241764069
0.35063818097114563
0.14851045608520508
-0.3479490280151367
-0.6424657106399536
-0.6623463034629822
-0.4843606650829315
-0.24961063265800476
0.2488153576850891
0.6737520694732666
0.47235599160194397
0.038581229746341705
-0.17999079823493958
-0.17621183395385742
-0.5071530938148499
-0.04759257286787033
0.3006686866283417
0.662172794342041
0.6621267795562744
0.5306431651115417
0.21719761192798615
0.12845087051391602
0.0025914236903190613
0.34525492787361145
0.5553807616233826
0.5408205986022949
0.3187999427318573
0.44114574790000916
0.32579854130744934
0.344157874584198
0.09302990138530731
0.3898339867591858
0.4366645812988281
0.5281935930252075
0.27168312668800354
0.4512343108654022
0.37598100304603577
0.37741783261299133
-0.08294360339641571
0.20392578840255737
0.36211347579956055
0.40143805742263794
-0.07131064683198929
-0.022909022867679596
0.0704151839017868
0.049738217145204544
-0.22397400438785553
-0.13510209321975708
-0.047573212534189224
-0.030249973759055138
-0.20007136464118958
-0.005385183729231358
-0.005045635625720024
-0.017740197479724884
-0.3197401165962219
-0.45663002133369446
-0.2937735319137573
-0.1653313934803009
-0.14571088552474976
0.010229207575321198
-0.28510963916778564
-0.3295137882232666
0.030840635299682617
0.10090037435293198
0.30239972472190857
0.2424388974905014
0.21134641766548157
0.17700794339179993
0.10326366871595383
-0.08487097173929214
0.24090173840522766
0.4187454283237457
0.7197107672691345
0.6194731593132019
0.587940514087677
0.462588369846344
0.41476207971572876
0.019594645127654076
0.1591217815876007
0.4686349630355835
0.5018817186355591
0.7004685997962952
0.7105870842933655
0.5561972856521606
0.5309781432151794
0.03211959823966026
-0.06793734431266785
-0.02905520424246788
-0.3134990930557251
-0.3181326985359192
-0.37950220704078674
-0.051556430757045746
0.22335734963417053
-0.16549347341060638
-0.4169337749481201
-0.5502036809921265
-0.6246643662452698
-0.6350391507148743
-0.6194902658462524
-0.35460323095321655
-0.18871288001537323
-0.4045475721359253
-0.31074783205986023
-0.5504655838012695
-0.5291877388954163
-0.696014404296875
-0.46498721837997437
-0.4236859977245331
-0.40541765093803406
-0.4383350610733032
-0.26718029379844666
-0.3063165247440338
-0.10216488689184189
-0.2370128035545349
-0.17462988197803497
-0.21596719324588776
-0.2845691740512848
-0.291534423828125
-0.10416534543037415
-0.0911518931388855
-0.1284695863723755
-0.16509021818637848
0.15971775352954865
0.1504356414079666
0.2533864676952362
0.00020010527805425227
-0.1426079422235489
-0.018126439303159714
-0.2495107352733612
-0.04723701998591423
0.49500685930252075
0.9230217337608337
0.8728444576263428
0.48038163781166077
0.14491939544677734
0.11512614786624908
-0.3418863117694855
-0.014356274157762527
0.4729045331478119
0.6544686555862427
0.7281160354614258
0.6278253197669983
0.3328067660331726
0.40379029512405396
0.48400187492370605
0.2827747166156769
0.6737216114997864
0.879258930683136
0.9951713681221008
1.0623339414596558
0.08155402541160583
0.09062128514051437
0.2204866111278534
0.2424798309803009
0.5650880336761475
0.6225907802581787
0.8286790251731873
0.9496107697486877
-0.0031400881707668304
0.009675092995166779
0.4124412536621094
0.9720282554626465
1.179572582244873
1.1345348358154297
1.086313009262085
0.8701871633529663
0.031646501272916794
0.22915905714035034
0.6141093969345093
1.0054229497909546
0.9396275281906128
0.7651994824409485
0.5343115925788879
0.37033218145370483
-0.04966052249073982
0.20792162418365479
0.3558802306652069
0.540488600730896
0.40289562940597534
0.2626599073410034
0.1277274340391159
0.11094173789024353
-0.29395297169685364
-0.21516746282577515
-0.2755673825740814
-0.23509880900382996
-0.29353177547454834
-0.13201120495796204
-0.35200002789497375
-0.2140752226114273
-0.4408062994480133
-0.26655101776123047
-0.43215247988700867
-0.25493288040161133
-0.1504632532596588
0.15471550822257996
-0.2992291748523712
-0.34937164187431335
-0.14792250096797943
-0.12291659414768219
-0.4010852575302124
-0.17779044806957245
-0.1944860816001892
0.04548180475831032
-0.1530970335006714
-0.2699699103832245
0.04879142716526985
0.30839577317237854
0.01185460016131401
-0.27598950266838074
-0.4505215585231781
0.13176029920578003
0.1630856692790985
-0.05608084797859192
0.033386167138814926
0.2790069282054901
0.33850517868995667
-0.36002472043037415
-0.5099630355834961
-0.13821622729301453
0.10271555930376053
-0.33712902665138245
-0.08730516582727432
0.09632571786642075
0.2566778063774109
-0.15382933616638184
-0.08508852124214172
0.08022498339414597
0.0826554149389267
-0.2728794515132904
-0.16337786614894867
-0.1765020787715912
0.15605542063713074
0.26784923672676086
0.2861037850379944
0.2003438025712967
0.03581670671701431
-0.16906742751598358
0.05099648982286453
-0.02254108153283596
0.0012562191113829613
-0.1145215854048729
-0.2591363787651062
-0.30218419432640076
-0.3005375862121582
-0.21568766236305237
0.03588040918111801
-0.026352470740675926
-0.22262947261333466
-0.3135250508785248
-0.2692407965660095
-0.3656950891017914
-0.031709179282188416
-0.010218340903520584
0.05611690133810043
0.03841276839375496
-0.24361826479434967
-0.5022401213645935
-0.3911970555782318
-0.28775519132614136
-0.007913067936897278
0.10403797030448914
0.03186621516942978
0.052189309149980545
-0.13870587944984436
-0.3120073676109314
-0.3628431260585785
-0.16881093382835388
0.04116255044937134
-0.037424128502607346
0.030945423990488052
0.358481228351593
0.0812922790646553
-0.14445029199123383
-0.5638325810432434
-0.28338423371315
-0.22308148443698883
-0.21255826950073242
-0.07625916600227356
0.08832761645317078
-0.05812603235244751
-0.2652011811733246
-0.47980737686157227
-0.2225414365530014
-0.12242100387811661
-0.07585858553647995
0.043632932007312775
0.2368966042995453
0.26172935962677
0.014357877895236015
-0.2847169041633606
-0.113324835896492
-0.0637751892209053
-0.0881192535161972
0.029210053384304047
0.02683899737894535
0.20153561234474182
0.14402809739112854
0.18191002309322357
0.09142768383026123
-0.019773542881011963
-0.05850480869412422
-0.047205109149217606
-0.08640674501657486
-0.00997268594801426
-0.0338447205722332
-0.029579827561974525
-0.1099054291844368
-0.14310598373413086
-0.0983814224600792
-0.061595477163791656
-0.10252668708562851
-0.18066877126693726
-0.03408120572566986
-0.18974299728870392
-0.40630707144737244
-0.5566969513893127
-0.26099520921707153
0.32250162959098816
0.06840425729751587
-0.07365076243877411
-0.4720650017261505
-0.5023230910301208
-0.4017510712146759
-0.3683418333530426
-0.3064647912979126
0.2002566009759903
0.038010187447071075
0.10921730101108551
-0.10871443897485733
-0.37346211075782776
-0.33885857462882996
-0.467560350894928
-0.5724586248397827
-0.1768723428249359
-0.17562545835971832
-0.31453627347946167
-0.8146365284919739
-0.9004412889480591
-0.9565434455871582
-0.733673095703125
-0.5742131471633911
-0.3279655873775482
-0.5340211391448975
-1.1317288875579834
-1.3162399530410767
-1.3474013805389404
-1.1231064796447754
-0.9206392765045166
-0.6376952528953552
-0.37210336327552795
-0.5194272994995117
-0.9292681813240051
-0.8935182690620422
-0.9012680649757385
-0.8480474352836609
-0.7616071105003357
-0.4513438045978546
-0.1800236701965332
-0.21465809643268585
-0.37168601155281067
-0.5668701529502869
-0.5109496712684631
-0.6564748883247375
-0.534843921661377
-0.2896786630153656
-0.06801813095808029
-0.050460852682590485
-0.014258014038205147
-0.16124393045902252
-0.22123673558235168
-0.32735174894332886
-0.3093993663787842
-0.24424737691879272
0.02589736506342888
-0.05242076888680458
-0.0175652876496315
-0.01594354584813118
0.15144458413124084
0.21215124428272247
0.2304701805114746
0.1536543071269989
0.5013812780380249
0.25239163637161255
0.5178434252738953
0.32657575607299805
0.4494004547595978
0.46527841687202454
0.5033913254737854
0.4328077733516693
0.4666104316711426
0.44573795795440674
0.7467884421348572
0.6363272666931152
0.7822776436805725
0.7119655609130859
0.6576977372169495
0.5480570793151855
0.33983734250068665
0.6379668712615967
0.9705967903137207
1.2135885953903198
0.9635468125343323
0.9484146237373352
0.828988790512085
0.4414178729057312
0.023222198709845543
0.22631067037582397
0.43303415179252625
0.8223341107368469
0.8555938601493835
0.7250397205352783
0.2570717930793762
0.0060494085773825645
-0.06483319401741028
0.2319343537092209
0.4021972715854645
0.916098415851593
0.9889588952064514
0.5956059694290161
-0.0015049296198412776
-0.1312391608953476
-0.003339226357638836
0.3157908618450165
0.24472011625766754
0.34255897998809814
0.2477559894323349
0.07882797718048096
-0.1903180330991745
-0.1646299511194229
0.062375783920288086
0.25563177466392517
0.17492157220840454
0.09221307188272476
0.0480358824133873
0.03774449974298477
-0.031732719391584396
-0.06698238849639893
-0.02808920294046402
0.05611367151141167
0.06951950490474701
0.24891555309295654
0.12857581675052643
-0.17563951015472412
-0.2528882622718811
-0.19201992452144623
-0.3484819829463959
0.02748813107609749
0.5045679807662964
0.6950297355651855
0.43402716517448425
0.3356055021286011
0.34869128465652466
0.17363354563713074
-0.14696651697158813
0.02713768184185028
0.3487485349178314
0.49861449003219604
0.33228519558906555
0.2690853774547577
0.23389685153961182
0.28884270787239075
0.060057684779167175
0.18139371275901794
0.5287237763404846
0.6514236330986023
0.5794341564178467
0.5343739986419678
0.6140027642250061
0.6914372444152832
0.239859476685524
0.6643874645233154
0.7471665143966675
0.8325263857841492
0.4411366879940033
0.12589281797409058
0.3308103680610657
0.508431613445282
0.07362326234579086
0.5318915843963623
0.5239607095718384
0.4707264006137848
-0.0652230978012085
-0.1861325353384018
-0.11010478436946869
0.15523481369018555
0.050783198326826096
0.03732237219810486
-0.2332361489534378
-0.28851595520973206
-0.4900367856025696
-0.3055384159088135
-0.10727699100971222
-0.019233934581279755
-0.14580103754997253
-0.2537543773651123
-0.2844100296497345
-0.41034695506095886
-0.36998504400253296
-0.15492267906665802
-0.05266641825437546
-0.05467754602432251
-0.1743355542421341
-0.15947997570037842
-0.07937384396791458
-0.03760291263461113
-0.11970101296901703
-0.18017607927322388
-0.2997368574142456
-0.29498621821403503
0.005637474358081818
0.10782735049724579
0.2195696234703064
0.16889356076717377
0.12772653996944427
0.038883741945028305
-0.09008464962244034
-0.412746399641037
-0.1544180065393448
-0.058756791055202484
0.09563162177801132
0.22466199100017548
0.40182486176490784
0.623786449432373
0.24968650937080383
-0.2606102526187897
-0.17642581462860107
0.16987109184265137
0.16092075407505035
0.46141117811203003
0.6317484378814697
0.5848531723022461
0.09358209371566772
-0.5085004568099976
-0.21969835460186005
0.14535199105739594
-0.19296923279762268
-0.17750492691993713
0.03125721961259842
-0.030743293464183807
-0.49010202288627625
-0.7453527450561523
-0.25251564383506775
-0.02138439565896988
-0.38407444953918457
-0.5666698813438416
-0.5516873002052307
-0.5373783707618713
-0.6129344701766968
-0.7345984578132629
-0.23556916415691376
-0.23652054369449615
-0.36801719665527344
-0.6043222546577454
-0.7140914797782898
-0.5588486194610596
-0.5039665699005127
-0.5762069225311279
-0.30652934312820435
-0.39151531457901
-0.5169917941093445
-0.640455961227417
-0.6132599115371704
-0.5397260785102844
-0.4678957462310791
-0.4323674142360687
-0.5293369293212891
-0.6354759335517883
-0.5218045115470886
-0.445234477519989
-0.6981301307678223
-0.7964317798614502
-1.1011098623275757
-0.8056678771972656
-0.6632117033004761
-0.6217660307884216
-0.3747229278087616
-0.27900898456573486
-0.42703837156295776
-0.5108873248100281
-1.0204015970230103
-0.7696624994277954
-0.21356402337551117
-0.0006414661183953285
0.26704439520835876
0.13104641437530518
0.24868632853031158
0.4106653928756714
-0.272573858499527
-0.2680639922618866
0.04498349875211716
0.34709376096725464
0.3238500952720642
0.3127536475658417
0.9102252125740051
1.1870653629302979
0.5475167632102966
0.16971509158611298
0.245968297123909
0.5280366539955139
0.23991119861602783
0.30535802245140076
0.6671652793884277
0.5446659922599792
0.09567102044820786
-0.06028822436928749
-0.062036097049713135
0.13782328367233276
-0.12369433790445328
-0.13452506065368652
0.09126747399568558
-0.09256377071142197
-0.17835718393325806
-0.1879229098558426
-0.4025939404964447
-0.4701792001724243
-0.521396279335022
-0.6158961057662964
-0.4051799774169922
-0.28828224539756775
-0.16017690300941467
-0.2510221004486084
-0.648553192615509
-0.8416316509246826
-0.638667106628418
-0.6627479195594788
-0.5837903022766113
-0.43544793128967285
-0.3590879440307617
-0.31669628620147705
-0.11470411717891693
-0.09809499233961105
-0.005628540180623531
0.027132390066981316
0.0009799781255424023
-0.07848814129829407
0.016749519854784012
-0.08948510140180588
-0.2621086835861206
0.19933925569057465
0.6674955487251282
0.925470769405365
0.904021143913269
0.49206963181495667
0.1317780613899231
0.014695681631565094
-0.15619996190071106
0.3821021020412445
0.8719416856765747
1.388007640838623
1.2870656251907349
1.1208727359771729
0.48122382164001465
0.2664874792098999
-0.11327146738767624
0.3404354751110077
0.658431887626648
1.2113080024719238
1.494665265083313
1.47487473487854
0.9157838821411133
0.573899507522583
0.21516048908233643
0.5171411633491516
0.5323689579963684
0.6861252784729004
0.8925938010215759
0.6815299987792969
0.5721399188041687
0.39576607942581177
0.02696436084806919
0.33055728673934937
0.33901822566986084
0.24133378267288208
0.3364258110523224
0.16910648345947266
0.1770075410604477
0.08049177378416061
-0.23936472833156586
-0.1704319268465042
-0.2151220738887787
-0.3100283443927765
-0.2136463224887848
-0.08442714065313339
-0.08383804559707642
-0.1543089598417282
-0.374269038438797
-0.5675589442253113
-0.5620303750038147
-0.513334333896637
-0.4336875081062317
-0.3169683814048767
-0.33095136284828186
-0.2231999635696411
-0.013985387980937958
-0.08232235163450241
0.08133895695209503
0.215260848402977
0.1667863130569458
-0.08466335386037827
0.003438226878643036
0.033858172595500946
-0.2582244575023651
-0.07269361615180969
0.3786551356315613
0.3971637189388275
0.20418086647987366
-0.06279939413070679
-0.08058323711156845
0.07558969408273697
-0.425105482339859
-0.20902946591377258
0.2589177191257477
0.17406341433525085
0.1265268474817276
-0.022797508165240288
-0.33553266525268555
-0.09284187108278275
-0.4956100881099701
-0.1959698647260666
0.28975775837898254
0.38241851329803467
0.18461577594280243
-0.011554837226867676
-0.2098107784986496
-0.045064669102430344
-0.03765121474862099
-0.05103057250380516
0.3039582669734955
0.6045399308204651
0.39086151123046875
0.24586015939712524
-0.10697078704833984
0.10141098499298096
0.1062241792678833
0.19593463838100433
0.7300258874893188
1.214761734008789
0.9284240007400513
0.5652521848678589
-0.0382215678691864
0.15562134981155396
0.12487432360649109
0.33761170506477356
0.3082554340362549
0.5157409310340881
0.39275532960891724
0.1862720251083374
-0.08117695152759552
0.09730037301778793
-0.010900449007749557
0.13518832623958588
0.1820807009935379
0.3297858238220215
0.22201615571975708
0.11430620402097702
0.06967482715845108
0.08016715198755264
0.034755248576402664
0.0354149267077446
-0.14870010316371918
-0.2512156665325165
-0.05242082476615906
0.34279927611351013
0.5545973777770996
0.24839426577091217
-0.13130970299243927
-0.06184901297092438
-0.24175889790058136
-0.5071260333061218
-0.03701983392238617
0.336460143327713
0.34880855679512024
0.10453134030103683
0.053590353578329086
-0.008219398558139801
-0.06252674013376236
0.04726656526327133
0.29310593008995056
0.20786678791046143
0.10282760113477707
-0.15163080394268036
0.2737288475036621
0.233358696103096
0.06157693639397621
0.16335690021514893
0.09930206090211868
0.11877516657114029
0.1140010878443718
-0.16442394256591797
0.060838039964437485
0.03998950123786926
0.017104484140872955
-0.025331802666187286
-0.063953697681427
-0.1470329612493515
-0.17281179130077362
-0.12519368529319763
-0.010277049615979195
0.07330440729856491
0.04106498509645462
-0.06380174309015274
-0.1518981009721756
-0.28050267696380615
-0.2961016297340393
-0.14285357296466827
0.005161050707101822
0.09550634771585464
0.1618441343307495
0.03678001090884209
-0.02414260059595108
-0.24367038905620575
-0.29079678654670715
-0.22588405013084412
-0.11946374177932739
-0.09245111793279648
-0.07875021547079086
-0.06076424568891525
-0.06709746271371841
-0.20543931424617767
-0.28156882524490356
-0.2020278126001358
-0.16721267998218536
-0.36682823300361633
-0.7168470621109009
-0.7395328283309937
-0.5761336088180542
-0.3026975691318512
-0.25529634952545166
-0.1322617530822754
0.07258772104978561
-0.14446376264095306
-0.9915422797203064
-1.341260313987732
-0.9016568064689636
0.150715634226799
-0.2046523094177246
-0.35066890716552734
0.2953096628189087
0.139677494764328
-0.6268061995506287
-1.2294713258743286
-0.9768115878105164
0.02430453710258007
-0.1061149463057518
-0.3644219934940338
0.45623382925987244
0.3238203227519989
-0.09585603326559067
-0.7426514625549316
-0.6393857002258301
0.16320806741714478
0.2365567684173584
-0.04954228177666664
0.09403972327709198
-0.06442351639270782
-0.15011905133724213
0.033193256705999374
0.16101500391960144
0.5622397661209106
0.5563286542892456
0.0500122532248497
-0.11010187864303589
-0.26789823174476624
-0.03402698412537575
0.43946579098701477
0.24748270213603973
0.37071743607521057
0.3896056115627289
0.02978993020951748
-0.2539905607700348
-0.2635505795478821
-0.10492318123579025
0.10084351152181625
0.06302068382501602
0.015239514410495758
-0.025087781250476837
-0.06522209197282791
-0.3503420352935791
-0.29698702692985535
-0.16146762669086456
0.06313101947307587
-0.015301249921321869
-0.12747815251350403
-0.1217728853225708
-0.10095196962356567
-0.22239582240581512
-0.19260811805725098
-0.08997748792171478
-0.11675205826759338
-0.2067652940750122
-0.4292486906051636
-0.5544980764389038
-0.4299496114253998
-0.04048720747232437
0.08030872046947479
-0.1087978333234787
-0.5841419696807861
-0.729578971862793
-0.44958722591400146
-0.5008038878440857
-0.4359131455421448
-0.08965925127267838
-0.1889892816543579
-0.3867511749267578
-0.3997783660888672
-0.4277647137641907
-0.2610984444618225
-0.5299631953239441
-0.47473788261413574
-0.20217813551425934
-0.34360256791114807
-0.6444895267486572
-0.8262384533882141
-1.0731984376907349
-1.5329004526138306
-1.4012584686279297
-1.1992766857147217
-0.14431330561637878
-0.128038227558136
-0.625067412853241
-1.0250848531723022
-1.1313321590423584
-1.7899314165115356
-1.5604609251022339
-1.534128189086914
-0.16771714389324188
-0.1952943652868271
-1.088139295578003
-1.936989188194275
-1.44731867313385
-1.6514123678207397
-1.2843486070632935
-1.230033278465271
-0.27866899967193604
-0.6558861136436462
-1.029974341392517
-1.2351793050765991
-0.9696623086929321
-0.854585587978363
-0.6360841393470764
-0.6401676535606384
-0.2300897091627121
-0.6539614200592041
-0.6978236436843872
-0.8189273476600647
-0.7118792533874512
-0.6387102007865906
-0.5422220230102539
-0.4406851530075073
-0.3477432131767273
-0.36013391613960266
-0.22536660730838776
0.10551807284355164
0.189121812582016
-0.18684950470924377
-0.7271417379379272
-0.6912830471992493
-0.45941001176834106
-0.44830262660980225
0.17857307195663452
0.7890124917030334
0.6560499668121338
-0.10751822590827942
-0.6634582877159119
-0.6305919289588928
-0.5581236481666565
-0.3058185577392578
0.3688446581363678
0.3295270800590515
0.33743828535079956
0.41896167397499084
0.1740667223930359
0.10697998851537704
-0.20349900424480438
0.43834689259529114
0.8108201622962952
0.7965492606163025
0.7941418290138245
1.046099305152893
0.6726768016815186
0.5480769872665405
-0.020609498023986816
0.6292557716369629
0.3528851270675659
0.49285924434661865
0.22642965614795685
0.5102512836456299
0.2603638470172882
0.21754775941371918
-0.1556125283241272
0.5805830359458923
0.5807366371154785
0.7121620178222656
0.5362256169319153
0.6508374810218811
0.29950499534606934
0.20659448206424713
-0.27888309955596924
0.09628375619649887
0.19644196331501007
0.18747788667678833
0.048382632434368134
0.030610494315624237
0.06220030039548874
-0.13197527825832367
-0.4572362005710602
-0.3357161581516266
-0.04564676061272621
-0.19090636074543
-0.27867570519447327
-0.20490622520446777
-0.09134366363286972
-0.09675948321819305
-0.4361182153224945
-0.4437709152698517
-0.18653909862041473
-0.13882023096084595
-0.37556493282318115
-0.5612830519676208
-0.7851032018661499
-0.5295780897140503
-0.42450588941574097
-0.18981248140335083
0.05991695448756218
0.024023398756980896
-0.10145551711320877
-0.27993839979171753
-0.4872792065143585
-0.4100874066352844
-0.4250325858592987
-0.04095487296581268
0.34322062134742737
0.5428775548934937
0.1703091710805893
0.022870078682899475
0.01687723770737648
-0.040618911385536194
-0.39585503935813904
-0.17935717105865479
-0.1410723626613617
-0.3009965717792511
-0.7048210501670837
-0.8472785949707031
-0.7040919661521912
-0.730868399143219
-0.3422192335128784
-0.3230013847351074
-0.5675478577613831
-0.9093708395957947
-0.9462894797325134
-1.2760465145111084
-1.331040620803833
-1.0452914237976074
-0.39779773354530334
-0.19253788888454437
-0.5603115558624268
-0.6905396580696106
-0.4326813817024231
-0.6872531175613403
-0.830039918422699
-0.6929296255111694
-0.4249041676521301
-0.24553677439689636
-0.4253081679344177
-0.30907830595970154
-0.5373380184173584
-0.5124961733818054
-0.44325143098831177
-0.4802187979221344
-0.3495633900165558
-0.44991299510002136
-0.4424435496330261
-0.43836259841918945
-0.5737987160682678
-0.5291879177093506
-0.49053043127059937
-0.37912994623184204
-0.13091570138931274
-0.1751367598772049
-0.07179553061723709
0.019515128806233406
-0.20704442262649536
-0.23594513535499573
-0.18735720217227936
-0.17836631834506989
-0.4222211539745331
-0.3935662508010864
0.05866079032421112
0.42975109815597534
0.3222361207008362
-0.08894217759370804
-0.14518806338310242
-0.37076783180236816
-0.18909531831741333
-0.07377449423074722
0.24543409049510956
0.5816234946250916
1.1163045167922974
0.759636402130127
0.21937918663024902
-0.14785119891166687
-0.47471633553504944
-0.37544992566108704
-0.2339598387479782
0.1786990910768509
0.7659260630607605
0.6169229745864868
0.43884748220443726
0.13742277026176453
-0.22225485742092133
-0.1989300549030304
-0.1347842812538147
-0.16669157147407532
0.07647611945867538
0.3043185770511627
0.3649314343929291
0.3618694245815277
-0.07754740118980408
-0.20262859761714935
-0.4518815577030182
-0.7063285708427429
-0.44277018308639526
0.05310576781630516
0.28061193227767944
0.2979792356491089
-0.21479594707489014
-0.08614149689674377
0.07823698222637177
0.024786770343780518
-0.15030202269554138
-0.015315975062549114
0.1340075582265854
0.15101133286952972
-0.33727163076400757
-0.27798885107040405
-0.19970954954624176
-0.10706556588411331
-0.3638322353363037
-0.27538198232650757
-0.24220047891139984
-0.14823809266090393
-0.14550291001796722
-0.23923607170581818
-0.20939335227012634
-0.31284961104393005
-0.18829749524593353
-0.14975503087043762
-0.08502978831529617
-0.03757265955209732
0.4295162260532379
0.27523815631866455
0.1779656708240509
-0.2957375645637512
-0.15210901200771332
-0.24894873797893524
0.08382537961006165
-0.07444071024656296
0.6424158811569214
0.4019903540611267
-0.008206404745578766
-0.34382888674736023
-0.3617090880870819
-0.4878306984901428
-0.07635638862848282
-0.10894721001386642
0.5686354637145996
0.22834715247154236
-0.2807532846927643
-0.7203640937805176
-0.8892766237258911
-1.0466423034667969
-0.6528602242469788
-0.49320462346076965
-0.11994367837905884
-0.5072606801986694
-0.9041035771369934
-1.0413503646850586
-0.9508388638496399
-1.1039003133773804
-1.1169127225875854
-0.796420156955719
-0.2074657827615738
-0.08436614274978638
-0.14032922685146332
-0.2781960964202881
-0.21584054827690125
-0.4206009805202484
-0.602262020111084
-0.606776237487793
-0.1899433434009552
0.26166561245918274
0.44350212812423706
0.30934447050094604
0.04226627200841904
-0.051316261291503906
-0.31592050194740295
-0.389281690120697
-0.35161206126213074
-0.1486663669347763
-0.01624385640025139
0.05084798485040665
-0.1259293407201767
-0.2089122086763382
-0.3177492022514343
-0.3022703230381012
-0.5295021533966064
-0.7524685263633728
-0.7665663957595825
-0.8472804427146912
-1.207775354385376
-1.7584868669509888
-1.7023118734359741
-1.358723759651184
-1.0605260133743286
-1.3516981601715088
-1.2319272756576538
-1.003265619277954
-1.4197475910186768
-1.7418476343154907
-2.069089651107788
-1.5339887142181396
-0.7471024394035339
-0.9958032965660095
-1.1649593114852905
-1.2449499368667603
-1.2412934303283691
-1.1539164781570435
-1.358518123626709
-1.0200754404067993
-0.5840938687324524
-0.9135805368423462
-1.146266222000122
-1.4959330558776855
-1.293809175491333
-1.117017149925232
-1.2647686004638672
-0.9781662821769714
-0.6923928260803223
-1.1771314144134521
-1.523788571357727
-1.6456183195114136
-1.8005064725875854
-1.7740157842636108
-1.6043304204940796
-0.858799159526825
-0.868925154209137
-1.3332328796386719
-1.5176738500595093
-1.981601357460022
-2.221606731414795
-1.6535468101501465
-1.191676378250122
-0.442300409078598
-0.8519561886787415
-0.8888790607452393
-0.5626226663589478
-0.9129262566566467
-1.1678136587142944
-0.9876779913902283
-0.6356835961341858
-0.36431601643562317
-0.7625982165336609
-0.8504796028137207
-0.46823808550834656
-0.6960415244102478
-0.7779541611671448
-0.6343502402305603
-0.41284871101379395
-0.37502574920654297
-0.23115268349647522
-0.3261345326900482
-0.42872968316078186
-0.23617705702781677
-0.33206164836883545
0.2501034140586853
0.07223927229642868
-0.05448029190301895
0.01791319251060486
-0.1496581733226776
-0.7586207389831543
-0.38919246196746826
-0.0854254886507988
0.6789955496788025
0.38359570503234863
0.04905005916953087
0.16164644062519073
-0.06876227259635925
-0.5211148262023926
-0.26217222213745117
0.33248522877693176
0.638143002986908
0.20879267156124115
-0.14502277970314026
0.16926363110542297
-0.05367059260606766
-0.5684975981712341
-0.7982031106948853
-0.2557623088359833
0.005225120112299919
0.11746318638324738
-0.21493321657180786
-0.40250325202941895
-0.6479315757751465
-0.9823079109191895
-1.2360068559646606
-0.5520466566085815
-0.09100919216871262
0.24064286053180695
-0.09185705333948135
-0.5873820185661316
-0.719696581363678
-1.039000391960144
-1.2468310594558716
-0.40339195728302
-0.06106651574373245
0.1286737620830536
-0.12454518675804138
-0.5995191931724548
-0.7863121628761292
-0.8199301362037659
-0.8235263824462891
-0.503265380859375
-0.39619550108909607
-0.39416006207466125
-0.32577553391456604
-0.47251591086387634
-0.5445895195007324
-0.25511789321899414
-0.030247891321778297
-0.23383751511573792
-0.3948580026626587
-0.4603179693222046
-0.3539844751358032
-0.21730682253837585
-0.05003693699836731
0.1167692095041275
0.15496474504470825
-0.21630623936653137
-0.5559473037719727
-0.7609849572181702
-0.5364276170730591
-0.4632021486759186
-0.18656468391418457
0.2908930778503418
0.6131483912467957
-0.08953197300434113
-0.7111060619354248
-0.9008165597915649
-0.5943726301193237
-0.5390971302986145
-0.2710355818271637
0.45813843607902527
0.8385010957717896
0.28740566968917847
-0.22860926389694214
-0.5898420214653015
-0.3169303834438324
-0.6173639297485352
-0.38346028327941895
0.2841035723686218
0.3762792646884918
0.36164671182632446
0.22823867201805115
0.03296034410595894
0.02627325803041458
-0.31603795289993286
-0.09133364260196686
0.32247278094291687
-0.05498839542269707
-0.6281255483627319
-0.4364281892776489
-0.24821121990680695
-0.04321065917611122
-0.19054965674877167
0.023250825703144073
0.3555844724178314
0.0983661413192749
-0.4074186086654663
-0.18473780155181885
-0.2142471820116043
0.011036385782063007
-0.3115645945072174
0.04291829839348793
0.3595942556858063
0.4097760319709778
-0.23825086653232574
-0.3254989981651306
-0.38045910000801086
-0.24783653020858765
-0.3911055028438568
-0.20181307196617126
0.022157490253448486
-0.08926819264888763
-0.40239280462265015
-0.26434633135795593
-0.22135083377361298
-0.17240992188453674
-0.32365521788597107
-0.7366451621055603
-0.8197119832038879
-0.5729683041572571
-0.6999016404151917
-0.450687050819397
-0.5047346353530884
-0.33471423387527466
0.314363569021225
-0.7915416955947876
-1.0541505813598633
-1.020664930343628
-0.5863704085350037
0.41693612933158875
0.6331108212471008
0.024471420794725418
0.7103943824768066
0.4109126329421997
-0.5356764793395996
-0.7018036842346191
0.04353763908147812
0.5144855976104736
0.2579343020915985
-0.15684685111045837
0.5462337732315063
0.5044485926628113
-0.493708997964859
-1.0512566566467285
-0.4012855887413025
0.19609874486923218
0.39155083894729614
0.13030701875686646
0.22677016258239746
0.021821826696395874
-0.5621106028556824
-1.1759647130966187
-0.35779187083244324
0.02354397624731064
0.49965131282806396
0.003780356142669916
-0.6371737122535706
-1.0897579193115234
-1.310905933380127
-1.089735984802246
-0.8415113687515259
-0.8971475958824158
-0.3682701289653778
-0.3322059214115143
-0.8305513858795166
-1.4584487676620483
-1.4566330909729004
-1.229854941368103
-0.8889222145080566
-0.786266565322876
-0.5436093807220459
-0.3957468867301941
-0.45187777280807495
-0.5975291132926941
-0.6499849557876587
-0.6824985146522522
-0.49857649207115173
-0.562846302986145
-0.584246814250946
-0.4732392430305481
-0.38327500224113464
-0.3499733507633209
-0.4866626560688019
-0.705152153968811
-0.6883425712585449
-0.7390291094779968
-0.9573811292648315
-0.8015216588973999
-0.1256200671195984
-0.22379852831363678
-0.4252391755580902
-1.1124308109283447
-1.2923084497451782
-1.1939365863800049
-0.9752846360206604
-0.7884992361068726
-0.407360315322876
-0.6570870876312256
-0.5204854011535645
-1.4056775569915771
-1.7659919261932373
-1.2197275161743164
-1.0706571340560913
-0.8158489465713501
-0.27446529269218445
-0.1882556974887848
-0.23403501510620117
-1.1439239978790283
-1.6453720331192017
-1.3574059009552002
-1.3017946481704712
-0.9689148664474487
-0.4639270305633545
-0.3221167027950287
-0.8231313824653625
-1.4154009819030762
-1.9560903310775757
-2.03076434135437
-1.7294902801513672
-1.1473108530044556
-0.8940829038619995
-0.9065973162651062
-1.121610403060913
-1.2653844356536865
-1.424586534500122
-1.338091492652893
-1.1921401023864746
-0.8305683135986328
-0.7012465000152588
-0.6903882622718811
-0.8364338278770447
-0.8330401182174683
-0.7937146425247192
-0.7511078119277954
-0.8528841137886047
-0.5907564163208008
-0.6004495024681091
-0.8604252934455872
-0.7273267507553101
-0.5546773672103882
-0.546333909034729
-0.5516538619995117
-0.5231242179870605
-0.3715178370475769
-0.08239221572875977
-0.15988734364509583
-0.022845786064863205
0.021940959617495537
0.18794019520282745
0.2144642174243927
0.133158877491951
0.06210966780781746
0.23163333535194397
0.18490540981292725
0.255234032869339
0.06765147298574448
0.259811133146286
0.3927643895149231
0.122764952480793
-0.00016022101044654846
-0.0606890544295311
0.01031243521720171
-0.1144477054476738
0.03159427270293236
0.40492692589759827
0.32006537914276123
0.19744449853897095
-0.28815674781799316
-0.2799088656902313
-0.19135963916778564
-0.5600700378417969
-0.2752375900745392
-0.00858134776353836
-0.3671938180923462
-0.31660300493240356
-0.6238094568252563
-0.533514142036438
-0.8217341899871826
-0.935638964176178
-0.8160320520401001
-0.4687778353691101
-0.2678476572036743
-0.20574867725372314
-0.17027415335178375
-0.31918442249298096
-0.5809937119483948
-0.6738417148590088
-0.5795632600784302
-0.1758260279893875
-0.03680314123630524
0.041045259684324265
0.10469502955675125
-0.200411856174469
-0.2990323603153229
-0.1310032159090042
0.08406572043895721
0.24359026551246643
0.3056029677391052
0.3261755406856537
0.10354078561067581
-0.3294549882411957
-0.20231834053993225
0.21445439755916595
0.4235272705554962
0.4021208882331848
0.31129714846611023
0.21118435263633728
0.03173172473907471
-0.1862204372882843
-0.19298885762691498
-0.16680054366588593
-0.1921800673007965
-0.3513946831226349
-0.6263209581375122
-0.8686546683311462
-0.5695891976356506
-0.30413949489593506
-0.2880151867866516
0.049550995230674744
-0.15202553570270538
-0.5129905939102173
-0.750600278377533
-0.8136529922485352
-0.6625657081604004
-0.30003637075424194
-0.16841697692871094
0.1541355699300766
-0.2262851446866989
-0.5920524001121521
-1.1402932405471802
-1.2349623441696167
-0.8929972052574158
-0.4311380088329315
-0.6512822508811951
-0.5581290125846863
-0.786048412322998
-1.0341825485229492
-1.2221797704696655
-1.239971399307251
-0.800025999546051
-0.24050703644752502
-0.5201791524887085
-0.7758939266204834
-0.7120077013969421
-0.9325323104858398
-0.9936842918395996
-0.981939971446991
-0.3180237114429474
-0.3008228838443756
-0.6368134617805481
-0.8108194470405579
-0.8271865248680115
-1.0115822553634644
-1.1193093061447144
-0.9345828890800476
-0.2594967484474182
-0.2847209572792053
-0.47780507802963257
-0.6004387140274048
-0.5701819062232971
-0.6947886347770691
-0.5449903011322021
-0.3432917892932892
-0.06295014172792435
-0.25728273391723633
-0.11645500361919403
-0.06222699582576752
-0.012622871436178684
-0.059302423149347305
-0.07408726960420609
-0.026415720582008362
-0.03457238897681236
-0.29449862241744995
-0.25272536277770996
-0.10464297235012054
-0.11570635437965393
-0.2314840853214264
-0.5601412057876587
-0.5931487083435059
-0.49108994007110596
-0.38664451241493225
-0.22072342038154602
-0.10024499893188477
0.019929897040128708
-0.1280253678560257
-0.5594680905342102
-0.8572402000427246
-0.6837607622146606
-0.6742997765541077
-0.2968786358833313
0.33644211292266846
0.6522268056869507
0.5357046723365784
0.20238108932971954
-0.24010775983333588
-0.16080012917518616
-0.7866445779800415
-0.5635599493980408
0.2542802095413208
0.8709038496017456
0.6274458169937134
0.06414102017879486
-0.19147124886512756
-0.1590629369020462
-0.26748016476631165
-0.23327958583831787
7.721502333879471e-05
0.29549676179885864
-0.06936189532279968
-0.07258813083171844
-0.037592560052871704
0.02268899418413639
-0.03747705742716789
0.16322572529315948
0.25776830315589905
0.524608850479126
0.24705111980438232
0.30498018860816956
0.2000780701637268
0.20238910615444183
-0.1827879548072815
0.26619622111320496
0.6241207718849182
0.659008264541626
0.3235340118408203
0.30539578199386597
0.2163286656141281
0.08190226554870605
-0.3650045692920685
-0.15124519169330597
0.18166521191596985
0.15467625856399536
0.061083827167749405
0.07801618427038193
0.11932922154664993
0.03799618408083916
-0.23146404325962067
-0.35809147357940674
-0.32345786690711975
-0.28810933232307434
-0.3375488519668579
-0.3645227551460266
0.09702093154191971
-0.009703081101179123
-0.04469214379787445
0.0688735768198967
0.0034814998507499695
-0.27689307928085327
-0.37891361117362976
-0.7576366662979126
-0.2307327538728714
-0.15865150094032288
-0.038186121731996536
0.11593916267156601
0.0973481759428978
-0.3203621506690979
-0.3945329785346985
-0.6939704418182373
-0.7183557748794556
-0.4101969599723816
-0.4450659155845642
-0.040511876344680786
-0.006580371409654617
-0.3377385139465332
-1.0923808813095093
-1.230900526046753
-1.1379015445709229
-0.7273390889167786
-0.38886359333992004
-0.1663828194141388
-0.4111079275608063
-0.6525993943214417
-1.2250362634658813
-1.165162444114685
-0.8407212495803833
-0.4120488464832306
-0.14915497601032257
-0.045502662658691406
-0.16418975591659546
-0.26820677518844604
-0.5542934536933899
-0.5851138234138489
-0.6588255167007446
-0.24465635418891907
-0.04590167850255966
0.29414358735084534
0.30908647179603577
0.2249402403831482
0.27318358421325684
-0.053167760372161865
-0.3110027015209198
-0.10763746500015259
-0.14242680370807648
0.16379471123218536
0.30386847257614136
0.262596070766449
0.14545167982578278
-0.15642006695270538
-0.2272104173898697
-0.1560896337032318
-0.47548025846481323
-0.9808357954025269
-0.7437682747840881
-0.6046810746192932
-0.684391975402832
-0.42461833357810974
-0.5700874924659729
-0.5041947960853577
-0.4205339848995209
-1.0641937255859375
-0.9808112978935242
-1.1998894214630127
-1.2503976821899414
-0.30064859986305237
-0.21823477745056152
-0.4850640892982483
0.20407609641551971
-0.1502751260995865
-0.6727440357208252
-1.2722384929656982
-1.0318914651870728
-0.4130151569843292
-0.32211342453956604
-0.6358932852745056
-0.08466380089521408
-0.27242612838745117
-1.0679712295532227
-1.797536015510559
-1.4725816249847412
-1.1563193798065186
-0.8550368547439575
-0.6841153502464294
0.09725459665060043
-0.4087291657924652
-1.262123703956604
-1.9640361070632935
-1.6458438634872437
-1.4562766551971436
-0.9575138688087463
-0.5366736054420471
-0.1702783703804016
-0.7152323722839355
-1.2914313077926636
-1.8200395107269287
-1.843018889427185
-1.6025700569152832
-0.887536346912384
-0.3526706099510193
-0.3347550332546234
-0.5808286666870117
-0.7501459121704102
-0.9934865832328796
-1.0957156419754028
-0.9917445778846741
-0.4453809857368469
-0.19805429875850677
-0.2318016141653061
-0.1180957779288292
-0.2454625964164734
-0.24123984575271606
-0.14429260790348053
-0.2152612805366516
-0.27829432487487793
-0.22779537737369537
0.17072278261184692
0.1272582858800888
-0.12520664930343628
-0.1282181590795517
0.24177654087543488
0.6617431044578552
0.745602011680603
0.2940773665904999
0.2762082517147064
0.481733500957489
0.6050972938537598
0.9719011783599854
1.4637714624404907
1.2415448427200317
1.089552879333496
0.48964911699295044
0.19271652400493622
0.3488503694534302
0.9706331491470337
1.9779527187347412
1.9237892627716064
1.315887451171875
1.0858601331710815
0.6192887425422668
0.31029224395751953
0.5273258686065674
0.9626954197883606
1.8991172313690186
1.6214945316314697
1.4204251766204834
0.9245138168334961
0.4199315905570984
0.21866700053215027
0.4772471785545349
0.44009125232696533
0.5741966366767883
0.6421168446540833
0.4715479910373688
0.15225110948085785
0.08946654945611954
0.049242231994867325
0.17081794142723083
-0.12485961616039276
0.0011167367920279503
0.06156012415885925
-0.06173473596572876
-0.1425759643316269
-0.045748092234134674
0.06974396854639053
0.07389632612466812
-0.32744601368904114
-0.47930970788002014
-0.432812362909317
-0.4506888687610626
-0.3055882155895233
-0.15782430768013
-0.09444946050643921
-0.15402212738990784
-0.3262452185153961
-0.39994218945503235
-0.20559273660182953
-0.15099185705184937
-0.10830647498369217
-0.08796210587024689
-0.3175923824310303
-0.28262650966644287
-0.16168782114982605
-0.33114689588546753
-0.42174309492111206
-0.3454696834087372
-0.6124658584594727
-0.6016510725021362
-0.5244598984718323
-0.2562062442302704
-0.22858436405658722
-0.03217293694615364
0.1722671240568161
0.3542740046977997
-0.11422740668058395
-0.5361566543579102
-0.1814965307712555
-0.05293896049261093
0.13761964440345764
0.7165443301200867
1.0129183530807495
1.0004019737243652
0.6140071749687195
0.05643502250313759
0.3527100384235382
0.58796626329422
0.628057062625885
1.0073189735412598
1.9028737545013428
1.9987252950668335
1.5075987577438354
0.5758901238441467
0.3882741928100586
0.9777503609657288
1.0961045026779175
1.0525540113449097
1.7841535806655884
1.7032405138015747
1.3679667711257935
0.6396536827087402
0.12752482295036316
0.5006498694419861
0.764860212802887
0.8101531267166138
1.3199927806854248
1.3380364179611206
1.1705938577651978
0.4793652594089508
-0.30438533425331116
-0.39716625213623047
0.1075948104262352
0.4081639349460602
0.7976163029670715
0.8957963585853577
0.6552681922912598
0.1601324826478958
-0.37695690989494324
-0.4653010964393616
-0.2019839882850647
0.028434133157134056
0.04768957942724228
-0.011217031627893448
-0.1481897234916687
-0.17120303213596344
