-0.06343422830104828
-0.48849281668663025
0.0032202876172959805
0.525831401348114
-0.3041042387485504
-0.37016525864601135
-0.3716380298137665
-0.454537570476532
-0.017528768628835678
-0.9657186269760132
-0.015770897269248962
-0.4530293941497803
-2.1037423610687256
-2.111563205718994
-1.2660138607025146
-1.4430673122406006
-0.7008942365646362
-0.46766194701194763
-0.8233710527420044
-0.6291683316230774
-1.1391417980194092
-0.8420937657356262
-0.8682079315185547
-0.8208411335945129
-1.7963203191757202
-0.1256549209356308
-1.2144519090652466
0.2965717315673828
-1.3138649463653564
-0.46962589025497437
1.2841280698776245
1.365402340888977
-1.4271409511566162
-1.7999069690704346
-1.3455655574798584
-0.9370694160461426
-0.9484696984291077
0.6924098134040833
2.0964162349700928
1.1762784719467163
1.2190823554992676
-0.9459760189056396
-0.3717363476753235
-1.2302734851837158
-0.9093843698501587
1.032578706741333
-0.08636915683746338
1.1819946765899658
0.4757726788520813
0.47725710272789
0.6434242725372314
-0.878344714641571
-0.8650079369544983
-0.7263150215148926
-1.4436826705932617
-0.4341545104980469
0.23685331642627716
-0.8488931655883789
-0.26717162132263184
-1.2582759857177734
-0.06114232540130615
0.7491300106048584
0.9354981184005737
0.6106903553009033
0.8637750744819641
0.952400803565979
0.09963949769735336
-0.4436444342136383
-0.8263587355613708
0.33034077286720276
3.624934434890747
2.7897000312805176
-0.8838409185409546
0.8776417374610901
-1.241767406463623
-2.8117423057556152
-1.5293142795562744
-0.3935023546218872
0.8361333012580872
2.3960390090942383
0.23098763823509216
2.789311647415161
-1.6490501165390015
-1.1520662307739258
0.05093339458107948
-1.846083641052246
-2.072416067123413
0.6089364290237427
1.521390676498413
1.3908534049987793
-1.0445200204849243
-0.4390923082828522
-0.48517510294914246
-2.073578119277954
-1.2209503650665283
1.246051549911499
0.36263978481292725
0.8026799559593201
0.7928677797317505
0.8962411284446716
-0.0769258439540863
-0.7544782161712646
0.11845207959413528
1.8298922777175903
1.4361741542816162
1.2589811086654663
0.9834660887718201
2.0732648372650146
1.0981659889221191
-0.07003161311149597
1.1006243228912354
0.8186740279197693
1.2588759660720825
1.33555006980896
0.9274567365646362
1.8352919816970825
1.7321749925613403
0.6409432291984558
1.3574860095977783
1.2139149904251099
-0.11304289102554321
0.6217719316482544
1.0684844255447388
1.0568808317184448
0.20958387851715088
-0.3458542823791504
-0.5303788185119629
-0.4773394465446472
-0.6138776540756226
-1.1907192468643188
-0.40018516778945923
-0.44339266419410706
-0.5674978494644165
0.47836577892303467
-0.9048671722412109
-0.6548416018486023
-1.5361835956573486
-2.0545337200164795
-0.9806780219078064
0.28828760981559753
0.6998482942581177
1.7222485542297363
1.2832527160644531
-0.5590392351150513
-0.22509679198265076
-0.5218027830123901
-0.4181535243988037
0.27897393703460693
0.6583272218704224
0.04176817461848259
0.808025598526001
-0.18688295781612396
1.0118162631988525
0.40875113010406494
-0.15115803480148315
-1.384696364402771
0.817654013633728
-1.249116063117981
-1.458884358406067
0.09235692024230957
-0.01315319538116455
-0.07726871967315674
-0.6619963645935059
-0.9119340181350708
2.618119478225708
-1.3457294702529907
-0.09998810291290283
-0.12408632785081863
-0.35913559794425964
-0.3181164562702179
2.6533355712890625
2.800959825515747
2.8147096633911133
-0.4372836947441101
-1.3733700513839722
-0.5314891934394836
2.164031982421875
-0.6629416942596436
-0.4040735363960266
3.0154125690460205
0.9076650142669678
-1.3081002235412598
-1.5958430767059326
-0.28141525387763977
2.153339147567749
1.8145333528518677
-0.6829361319541931
0.16454872488975525
0.3680630326271057
-0.13602623343467712
0.07835084199905396
-0.07946223020553589
0.6843873858451843
0.26197636127471924
-1.4320646524429321
-1.1558388471603394
-0.05306804180145264
1.5683765411376953
3.8234996795654297
2.2434134483337402
0.10193759202957153
-0.29854816198349
-1.9195846319198608
-2.5332272052764893
-0.2604553699493408
0.872063934803009
-0.7323728799819946
-0.5229064226150513
-1.2231590747833252
-0.9704460501670837
-0.9899329543113708
-2.563525915145874
-1.3567757606506348
-0.09091395884752274
0.2803448438644409
-1.693954348564148
-0.09641359746456146
-2.184818744659424
-0.5757845044136047
-0.3435063362121582
0.35248327255249023
-0.6211831569671631
-0.21493858098983765
-0.7129637002944946
0.22693350911140442
-1.9964191913604736
-1.5699529647827148
-0.21043884754180908
0.42559587955474854
-1.2998801469802856
-1.31314218044281
-0.01855611801147461
0.04997988045215607
-1.101757287979126
-1.6264450550079346
-1.216170072555542
-1.4732344150543213
-1.2488676309585571
-2.107130765914917
-0.8731760382652283
-1.3026798963546753
-2.045443058013916
-2.540847063064575
-1.9610202312469482
-2.355254650115967
-1.6081125736236572
-1.1170636415481567
-0.20989376306533813
-0.4261986315250397
-0.9948490262031555
-1.3868838548660278
-1.2644073963165283
-0.8110089302062988
-0.2876352369785309
0.2521907389163971
0.8683370351791382
0.7998830080032349
0.18859586119651794
-1.2862894535064697
-1.6603443622589111
-1.0701693296432495
-0.8128350973129272
-0.5939383506774902
0.31595349311828613
-1.3570159673690796
-1.567608118057251
-1.4698994159698486
-3.1906375885009766
-2.004039764404297
0.09557506442070007
-1.8447096347808838
0.8979138731956482
-1.4238309860229492
-1.060896635055542
1.9005684852600098
-0.6224697828292847
-1.4372800588607788
-1.0179104804992676
-2.1104588508605957
0.3165585994720459
0.9919782876968384
-0.48229265213012695
1.1073698997497559
0.051346372812986374
0.5297739505767822
-0.28787732124328613
-0.9329116940498352
0.19928225874900818
-0.36578935384750366
-2.4134323596954346
-2.207235813140869
-1.849199891090393
-0.2750052213668823
-1.3049534559249878
-1.5833419561386108
0.017563384026288986
-0.39439380168914795
-1.1909412145614624
-2.034559488296509
-1.6700053215026855
0.24439474940299988
-0.32366618514060974
-1.888689637184143
-0.5195621252059937
0.7523140907287598
-0.02270185947418213
-1.6946009397506714
-1.2715791463851929
0.6084831953048706
1.0674841403961182
0.7545738816261292
0.5051344633102417
0.23932501673698425
-0.7964146733283997
-1.5136650800704956
-0.546034038066864
1.507829189300537
1.2329282760620117
-0.516749918460846
-0.5817534327507019
-0.5484764575958252
0.17783069610595703
0.8269350528717041
0.533310055732727
0.10152590274810791
1.1097553968429565
-0.19728364050388336
-1.7621784210205078
-1.2350831031799316
-0.421650767326355
0.3692032992839813
0.1160893440246582
0.19712495803833008
2.634537696838379
1.1465643644332886
-0.7685637474060059
0.3669432997703552
-0.7878818511962891
0.9568229913711548
-0.8904104232788086
2.7511672973632812
2.2807345390319824
2.500389575958252
0.4639699459075928
0.36053788661956787
-3.258592367172241
-1.202193021774292
0.07680284231901169
0.16619972884655
0.6269914507865906
1.4642523527145386
0.11171460896730423
-1.508102536201477
-2.2787394523620605
0.6843695044517517
2.076439380645752
0.8737744688987732
0.41067007184028625
1.0271068811416626
-0.2689671814441681
-1.2956393957138062
-1.8676707744598389
0.5382326245307922
-0.8516833186149597
-1.0589179992675781
-1.2901437282562256
-1.6396172046661377
-1.601299524307251
-1.8358702659606934
-2.406569004058838
-1.3458752632141113
-1.9187582731246948
-1.407562494277954
-1.5584264993667603
-2.0078511238098145
-2.0130937099456787
-1.0530818700790405
-1.8268094062805176
-1.5025217533111572
-0.6842436194419861
1.0389845371246338
2.161081314086914
0.8941194415092468
-0.330816388130188
1.5577603578567505
1.4461661577224731
1.3749897480010986
-0.6485323905944824
-1.2836374044418335
-0.2900006175041199
1.4784727096557617
0.14076630771160126
1.1938894987106323
-0.08365968614816666
0.7648980021476746
-0.8193143010139465
-1.575883388519287
-0.48322269320487976
1.0400516986846924
-0.2024667114019394
-0.4175741672515869
-1.478749394416809
-0.41433170437812805
-1.1841630935668945
-1.3448909521102905
-0.2909679412841797
-0.5178674459457397
-0.9610897302627563
0.5924017429351807
-1.2566940784454346
-1.1891236305236816
-0.8166511058807373
-0.23391008377075195
1.148533582687378
0.6217578649520874
-1.4827165603637695
0.41197264194488525
-0.16923673450946808
-1.3063678741455078
-0.5332770943641663
-0.5610926747322083
-0.045716166496276855
0.5300679206848145
-0.6026120185852051
1.969754934310913
0.011931606568396091
-1.5529783964157104
-1.4512988328933716
-0.8307754397392273
-0.6300281286239624
3.018749237060547
1.5254285335540771
1.251428484916687
0.2202271819114685
-1.8979668617248535
-1.2690593004226685
0.8348594903945923
0.5581066608428955
1.0692641735076904
1.4284472465515137
0.1369258165359497
-0.15552470088005066
-0.622124195098877
0.09665648639202118
1.0879887342453003
0.6401550769805908
0.2714928984642029
1.192420244216919
0.0032543838024139404
-0.6349020600318909
0.4418753981590271
0.3193790316581726
-0.2619069218635559
-1.5277975797653198
-1.8382641077041626
-0.301151841878891
-1.1100025177001953
-1.466294527053833
-0.3253558874130249
-1.8900693655014038
-1.2822248935699463
-2.143526315689087
-3.210322380065918
-0.8261886239051819
0.7371698617935181
-0.20906352996826172
0.1338745355606079
-0.07433712482452393
-1.7567341327667236
-2.637117385864258
-3.799856185913086
-1.6194219589233398
2.1150360107421875
1.3339020013809204
2.1283788681030273
-0.6566686034202576
-0.8140171766281128
-1.8700238466262817
-3.246328592300415
-1.7190344333648682
-0.5859800577163696
1.3375996351242065
1.6397559642791748
-0.011778942309319973
-0.9786465167999268
-2.0783255100250244
-1.8058427572250366
-0.5718397498130798
-0.6009113788604736
0.4309130311012268
1.1081016063690186
-0.9262170791625977
-1.037616491317749
-0.8356480002403259
-1.0074938535690308
-0.23554006218910217
0.2674514651298523
0.4246440529823303
-0.35122913122177124
-2.0752291679382324
-1.4933183193206787
-0.29529768228530884
-0.19019395112991333
-0.5915026664733887
-0.4766639471054077
0.10885828733444214
-0.7415794134140015
-1.3442331552505493
-0.14526166021823883
0.43570640683174133
-0.3924005329608917
-0.38649213314056396
-1.584364652633667
-1.2904400825500488
0.06733737885951996
0.015327397733926773
0.0686110183596611
1.3358224630355835
-1.1956193447113037
-0.08351421356201172
-1.5705503225326538
1.1277036666870117
-0.8226608037948608
-0.31080663204193115
-0.10235437750816345
0.5979381799697876
-0.33976852893829346
-0.9693084955215454
-0.6682608127593994
0.8940093517303467
0.08269169926643372
1.9374531507492065
2.610586166381836
2.4626731872558594
3.053044319152832
-0.21588556468486786
-1.0253920555114746
-1.6045953035354614
-0.3221398591995239
2.2905099391937256
-0.3376487195491791
-1.727437138557434
-1.0669729709625244
-1.3017433881759644
-3.41583251953125
-3.5417394638061523
-1.1559498310089111
-1.0421274900436401
-2.1538896560668945
-1.318636178970337
-0.22684170305728912
-1.1793103218078613
-2.4698617458343506
-2.9927167892456055
-0.4613090455532074
-1.5233397483825684
-2.938261032104492
-2.1996188163757324
-0.8190905451774597
-0.7568188309669495
-2.0752832889556885
-3.2830138206481934
-1.2923331260681152
-2.728231906890869
-2.975069284439087
-0.5717636942863464
0.3285164535045624
-0.4963344633579254
-0.06764161586761475
-1.7847408056259155
-0.5436242818832397
0.14343243837356567
0.13847532868385315
1.307342767715454
0.653008222579956
0.03668546304106712
0.36684128642082214
0.0764707401394844
-0.08369913697242737
0.6313529014587402
-0.16534580290317535
-0.8905559182167053
-0.6089940667152405
-0.8173251152038574
0.3681116998195648
0.7764111757278442
-0.023290395736694336
-0.2679927349090576
0.927107572555542
-0.12610971927642822
-1.2130541801452637
-1.481805443763733
0.158993661403656
1.4403436183929443
0.9310581684112549
0.038369059562683105
1.5616106986999512
2.7732439041137695
0.7542020678520203
-0.7461097836494446
-0.7201604843139648
-2.3880889415740967
1.1744425296783447
0.6799190044403076
0.43076467514038086
0.9514465928077698
1.1712135076522827
-0.9304513335227966
-1.594569206237793
-2.0206234455108643
0.8542528748512268
1.4906773567199707
-0.7611055374145508
0.061921000480651855
0.09363669157028198
-0.14989469945430756
-0.24259592592716217
-1.3914530277252197
-1.4451618194580078
1.7402422428131104
1.5196352005004883
0.42389780282974243
-0.6628535389900208
-0.4912545680999756
-0.13463278114795685
-1.1091647148132324
-0.518792986869812
1.7093533277511597
1.9082324504852295
-1.1343038082122803
-1.980477213859558
-0.8617589473724365
-0.7711664438247681
-1.737641453742981
-1.0965352058410645
-1.1584467887878418
-0.8436370491981506
-1.2496987581253052
-1.9002609252929688
-1.0063493251800537
-0.7955239415168762
-0.23025864362716675
-0.24391880631446838
-0.017163097858428955
-0.8435108065605164
-1.43399178981781
-0.9208473563194275
-0.1995706558227539
-0.9177331328392029
-1.0098059177398682
-1.5474389791488647
0.24552077054977417
-1.7081401348114014
-2.588050127029419
-2.4550271034240723
-2.252856969833374
-0.4438838064670563
-1.3834437131881714
-1.28043532371521
-0.43205854296684265
-1.3271950483322144
-0.986644446849823
-0.34494075179100037
1.2552953958511353
0.3953583836555481
0.04808875918388367
-0.5969338417053223
-0.6834568381309509
1.2208125591278076
0.9675975441932678
3.2164344787597656
1.173264503479004
-0.42977967858314514
0.6667490601539612
0.6067416667938232
-0.8847499489784241
-0.5051807761192322
-0.43945378065109253
0.8365030288696289
0.1887686401605606
-0.8068367838859558
-0.2444058507680893
0.6846383810043335
-0.4119405448436737
-1.113406777381897
-1.5193661451339722
-1.3177833557128906
-1.3514537811279297
-0.054308176040649414
-0.10002309083938599
-1.4188851118087769
-0.8358721137046814
-1.5329773426055908
-1.3875890970230103
-1.0531378984451294
-0.6568792462348938
-0.5138720870018005
-0.4320037066936493
-0.7996367812156677
-0.25719383358955383
-0.8947241306304932
-0.7490134239196777
-0.6163938045501709
-0.27681487798690796
-0.9858169555664062
-1.0555974245071411
-1.6089072227478027
-1.6485176086425781
-1.4307552576065063
-1.268161654472351
-0.022362884134054184
-0.9984504580497742
-1.2515721321105957
-1.1070923805236816
-0.859998345375061
-1.4523171186447144
-1.444657802581787
-1.6987143754959106
-0.6315289735794067
0.3999653160572052
-0.7843241691589355
-0.35373741388320923
0.7517396211624146
0.5960161685943604
-0.5577537417411804
-1.7914084196090698
-2.3720381259918213
-1.088138222694397
-0.7626078128814697
0.1006365418434143
-0.1818193942308426
-0.00034811554360203445
-0.12314266711473465
-0.9299136400222778
-1.0583953857421875
-0.5181276798248291
-1.365742564201355
-1.4544882774353027
-0.02671682834625244
0.3039659261703491
0.007455536164343357
-0.7031635642051697
-0.5477429032325745
0.7320666909217834
-1.1175655126571655
-1.5164024829864502
1.5416176319122314
2.758568048477173
3.8449668884277344
3.2004313468933105
0.45126163959503174
0.15969514846801758
-0.5669091939926147
1.0889302492141724
2.2031984329223633
1.8265548944473267
0.708920955657959
0.7063832879066467
-0.6775705218315125
-0.8097276091575623
-0.9950896501541138
0.5316740274429321
1.2942883968353271
-0.07445979118347168
-0.14747434854507446
-0.9147824048995972
-0.3734719753265381
0.24639052152633667
1.1393424272537231
-0.40629053115844727
-0.8739283680915833
-2.2949025630950928
-2.109438419342041
-1.297082781791687
-1.4929962158203125
-1.234123706817627
-0.5937865972518921
-1.4833447933197021
-0.2284105122089386
-1.023630142211914
-2.090534210205078
-1.7672438621520996
-2.701416492462158
-2.261425495147705
0.7081029415130615
0.1288204938173294
0.569597601890564
-0.32906416058540344
-0.44922688603401184
-1.579418420791626
0.24388247728347778
-1.655640959739685
-0.5032503604888916
0.12946102023124695
-0.6743356585502625
0.15366452932357788
0.08652829378843307
-1.1621406078338623
-0.8862547874450684
-1.676478385925293
-1.5070912837982178
-1.5455105304718018
-0.1558516025543213
0.15297362208366394
2.330831289291382
2.1896731853485107
0.7700439691543579
-0.9674173593521118
-1.1493662595748901
-0.8345831632614136
0.2279984951019287
-0.047750771045684814
0.10470948368310928
-0.33884111046791077
0.06092017889022827
-0.3304198086261749
-1.0589179992675781
-0.827198326587677
-0.8998091816902161
-0.6630654335021973
-0.17388223111629486
0.42818284034729004
0.866479754447937
0.09006666392087936
-0.9268502593040466
-1.6966190338134766
-0.4997028112411499
-0.10404053330421448
-0.07743722945451736
-0.10356929898262024
-0.8004746437072754
-0.5523563027381897
0.7649411559104919
0.3957056403160095
-0.4307533800601959
0.2650294601917267
1.1951897144317627
2.0743942260742188
2.4837851524353027
0.18523667752742767
1.1461620330810547
3.3542635440826416
-0.9161911010742188
0.7585240006446838
2.2182092666625977
2.3556952476501465
2.6360647678375244
-0.7411293983459473
-0.6492006778717041
0.40114325284957886
-0.5792118906974792
-0.2438967227935791
0.034933820366859436
-0.49241945147514343
-1.9021012783050537
-3.1551949977874756
-1.0485286712646484
0.0787147805094719
0.9458786249160767
1.0467272996902466
0.9752069115638733
0.671592116355896
-0.10714343935251236
-0.8982532620429993
-0.5958728790283203
-0.06572508066892624
0.3705744743347168
0.1437860131263733
0.12653674185276031
-0.3428265452384949
-0.23476943373680115
0.25480884313583374
-0.2856488525867462
1.7559146881103516
0.7662678360939026
-0.9842994809150696
-0.7322952747344971
-0.40798285603523254
0.28187617659568787
0.1060640960931778
-0.15854543447494507
1.1079355478286743
0.5027961134910583
-0.12583379447460175
0.13554473221302032
0.6550034880638123
-0.04077821224927902
-0.43578505516052246
-1.1444915533065796
0.6799614429473877
0.4799777567386627
-0.3155621588230133
-0.2775435745716095
0.19064655900001526
0.6162172555923462
0.47719764709472656
-0.2650926411151886
-1.414772391319275
-0.4746738076210022
0.02578187920153141
-1.8589266538619995
-1.5294349193572998
-0.41495710611343384
0.20565035939216614
-1.3582274913787842
-1.7183761596679688
-1.3655428886413574
-1.3950363397598267
-0.27908533811569214
1.864042043685913
2.6793441772460938
2.2002110481262207
-1.851094126701355
0.13972735404968262
0.4403943121433258
1.3324105739593506
1.6725552082061768
2.9465670585632324
1.299888014793396
0.14482779800891876
-0.7657189965248108
1.6818962097167969
3.129246473312378
1.4422719478607178
-1.737889289855957
1.2247951030731201
-0.49068570137023926
-0.4542545676231384
0.23249931633472443
-0.49914807081222534
0.0032162070274353027
-0.47730058431625366
-0.31822431087493896
1.4070791006088257
-0.0944831445813179
0.4891873598098755
0.02478599362075329
-1.1335680484771729
-1.5847209692001343
-0.8606277704238892
0.3667668104171753
1.529083490371704
2.2577555179595947
0.7922883629798889
-0.12092942744493484
0.4375941753387451
0.33886075019836426
1.4486252069473267
2.6599996089935303
2.0227653980255127
1.7837263345718384
-0.18995621800422668
-0.11592042446136475
-0.6916328072547913
-0.8346715569496155
-0.3313220739364624
-0.6843836307525635
-0.600636899471283
-1.132907748222351
-1.1907970905303955
-0.33226191997528076
0.46062207221984863
1.6073968410491943
1.1625909805297852
0.20178361237049103
1.4936583042144775
0.24797631800174713
0.3100886642932892
-1.443565845489502
-1.3645888566970825
0.767940878868103
0.48065099120140076
0.08310237526893616
0.5954853296279907
-0.15647770464420319
-0.9650534987449646
-1.237916111946106
-1.280825138092041
0.2178705483675003
1.067784309387207
0.7868512272834778
0.3806891143321991
0.1764930933713913
-0.3428017497062683
-0.4533885717391968
-0.9571529626846313
-0.7715939283370972
0.8157068490982056
0.7961936593055725
1.6467499732971191
0.9578288197517395
-0.8901618719100952
-0.294473797082901
1.394509196281433
-0.15699228644371033
-0.24923983216285706
0.36109623312950134
1.3080520629882812
1.0095884799957275
-1.3138160705566406
-0.0779792070388794
1.7743502855300903
1.5552421808242798
-0.1697116196155548
-1.346486210823059
-1.1784199476242065
-0.7279855012893677
-1.0296835899353027
-0.5571810007095337
-2.0569396018981934
-1.3091869354248047
-0.41931307315826416
-1.5757129192352295
-1.1974982023239136
0.28984126448631287
1.4001655578613281
1.3557835817337036
-0.061813026666641235
-1.0743709802627563
0.847752034664154
-0.30212441086769104
-0.30934852361679077
-0.6268165111541748
-0.5036965608596802
-0.21416962146759033
-1.2064495086669922
-1.3306576013565063
-0.40709441900253296
-1.4952577352523804
-2.0204458236694336
-1.7691847085952759
-1.1623611450195312
4.397462844848633
1.880044937133789
0.3374323844909668
1.5413446426391602
-0.9526793360710144
-2.5651230812072754
-2.2195546627044678
-0.8148794770240784
2.370340585708618
-0.2358655482530594
3.1922590732574463
0.131791353225708
0.19510142505168915
-0.6819452047348022
0.02622435986995697
-0.33437690138816833
-0.014953196048736572
-0.05254048481583595
-0.4036705493927002
-0.5870711207389832
-0.9137201309204102
-0.5259753465652466
-0.9999876022338867
-0.7441157698631287
-0.9118565917015076
-0.5554898381233215
-1.1437236070632935
-0.02898573875427246
-1.0435278415679932
1.729856252670288
-0.6046558618545532
0.32186955213546753
0.7840070724487305
-1.1837061643600464
-1.153605580329895
-1.5933187007904053
-0.7696360349655151
0.4674589931964874
0.3162582814693451
-0.2704665958881378
-1.5379385948181152
-0.12830668687820435
1.91774582862854
-1.681462287902832
-1.9461612701416016
-1.8711497783660889
-1.3357998132705688
0.03665187954902649
0.004326760768890381
0.6617701053619385
0.5000569224357605
-1.4902392625808716
-1.9828951358795166
-0.9495639204978943
-0.6479480266571045
2.5527517795562744
-0.23778314888477325
0.37859097123146057
-0.44743889570236206
-1.32224440574646
-0.7685072422027588
0.028195736929774284
-0.026004770770668983
-1.2341794967651367
-0.8644344210624695
-0.4436129331588745
-1.0964808464050293
-2.9847910404205322
-1.4136366844177246
2.7484679222106934
0.9515886902809143
-1.6509610414505005
-0.6650086641311646
-0.6362078785896301
-0.04773101210594177
-0.2157999873161316
1.6510074138641357
1.046820878982544
2.3210859298706055
0.3107944428920746
0.4388033151626587
0.8567505478858948
0.5491821765899658
-0.6067324280738831
0.8259181380271912
0.1460191309452057
0.23527240753173828
0.12038889527320862
-0.27994588017463684
-0.16212071478366852
0.049037545919418335
-2.6954362392425537
-1.6573041677474976
-1.347800612449646
-1.4029273986816406
-1.0091222524642944
-1.0859135389328003
-2.3491601943969727
-1.5562913417816162
-2.387817144393921
-2.679058790206909
-2.264089345932007
-2.3257369995117188
-0.9127689599990845
-1.1786335706710815
-1.834938883781433
-1.7059096097946167
-0.246285080909729
-0.02608799934387207
0.12187027931213379
-0.22994601726531982
-0.5156234502792358
-0.23651233315467834
-0.13669636845588684
-0.058339595794677734
0.6795215606689453
-0.060985371470451355
0.30052852630615234
0.8401932716369629
1.6212230920791626
0.7924962639808655
0.2328805923461914
-2.1167492866516113
-1.4314804077148438
-0.8334742188453674
-1.7462412118911743
-0.20496320724487305
0.17295898497104645
1.0448509454727173
-0.7532848119735718
-1.5444928407669067
1.4817593097686768
5.480528354644775
-1.2280277013778687
-0.4701499938964844
-0.3376932144165039
1.2596697807312012
-0.3935709595680237
1.3352774381637573
2.058469295501709
0.7781356573104858
0.7213656306266785
2.424365997314453
1.859266996383667
-0.4474029839038849
-1.76117742061615
0.3112074136734009
-0.22481906414031982
-1.5049384832382202
0.30415624380111694
1.1282016038894653
0.43824100494384766
-0.37467658519744873
0.1300182193517685
0.6123986840248108
-2.0784568786621094
-2.2839272022247314
-0.7914649844169617
0.20235119760036469
0.19657672941684723
-0.8576551675796509
0.10991258174180984
-0.44312208890914917
-2.275214672088623
-2.3062994480133057
-1.3983532190322876
0.06799057126045227
2.245041608810425
-0.3149881362915039
-0.07999587059020996
-1.9100885391235352
-1.8008694648742676
-1.59444260597229
-1.1821544170379639
-0.4495929181575775
1.2779258489608765
-0.29361674189567566
-0.22236907482147217
-1.0551884174346924
-0.8759069442749023
0.24593664705753326
-0.14045822620391846
-0.19759313762187958
0.47942864894866943
1.1628336906433105
0.4109114408493042
0.6071929931640625
-0.38325443863868713
-0.5180254578590393
-0.45545557141304016
0.030176063999533653
0.7143369317054749
-0.40036827325820923
-0.905282735824585
0.6397193670272827
0.2182917594909668
-0.8782692551612854
-1.6180214881896973
-1.667258381843567
-1.3203060626983643
1.1532493829727173
1.1160926818847656
-0.04096543788909912
0.7731307744979858
-1.0349520444869995
-0.9248444437980652
-2.249744415283203
-0.8801683187484741
2.0969676971435547
-0.2328130602836609
-0.5836746692657471
-1.2029809951782227
-0.5763827562332153
1.8194780349731445
-0.17510750889778137
0.9856022596359253
0.9858723878860474
0.8671385645866394
0.9291812777519226
0.3558658957481384
0.34449654817581177
0.6682278513908386
0.8678316473960876
2.166879892349243
-0.33066800236701965
2.165919542312622
1.2101402282714844
-1.6275380849838257
-0.9253206849098206
-0.6423922181129456
-0.5729761123657227
0.47878122329711914
-0.9001440405845642
-1.0139977931976318
-0.2786639928817749
-0.7471566200256348
-0.3939487040042877
-0.19721896946430206
-0.24017010629177094
-0.7018411755561829
-0.6170883774757385
-1.003050684928894
-0.35114794969558716
-0.8219846487045288
-0.2503787875175476
-0.4074760675430298
-0.5677430033683777
-0.6777989864349365
-0.2838192284107208
-0.4444158673286438
0.19750961661338806
3.1945807933807373
0.31057751178741455
-1.057772159576416
-0.679452121257782
0.3113458454608917
2.2430150508880615
2.761878490447998
2.395087957382202
3.8745534420013428
1.3260774612426758
-0.08537918329238892
-1.4205598831176758
1.520180583000183
-0.8591189980506897
-1.754638433456421
-0.2067561149597168
0.0989794135093689
-0.6484457850456238
0.7169322967529297
-1.831658959388733
-1.6536986827850342
-1.802689552307129
-2.0722649097442627
-0.6637508869171143
0.12939918041229248
-0.8776565194129944
-0.9816093444824219
-2.258852958679199
-1.7367256879806519
-2.1603381633758545
0.726730465888977
0.5432562232017517
-0.28800690174102783
-0.5631899237632751
-0.911193311214447
-0.9743268489837646
-2.0615875720977783
-2.2253706455230713
0.5172646641731262
-2.0385615825653076
-1.747283697128296
-1.5443822145462036
-0.9725700616836548
-1.2563966512680054
-1.3346819877624512
-0.720211923122406
-0.7466518878936768
0.2410995364189148
-1.0145115852355957
-0.35130512714385986
-0.45054298639297485
0.14271360635757446
0.007504969835281372
1.4982497692108154
-1.062109351158142
-0.6773490309715271
0.4629783630371094
1.1084777116775513
0.8475334644317627
1.4465913772583008
0.13440167903900146
-0.8383082747459412
-1.9034391641616821
-0.8881158232688904
-0.7434467077255249
0.16056878864765167
1.970749020576477
0.8908145427703857
-0.7843548059463501
2.812150716781616
0.1858445405960083
-0.3713541030883789
-0.22790206968784332
0.8404011726379395
2.8522679805755615
-0.22230401635169983
-1.0482224225997925
0.5039643049240112
-2.108884334564209
-1.1532273292541504
-0.8888904452323914
-0.2615540623664856
0.7775974869728088
0.4435141086578369
-0.3653697669506073
-0.4053478240966797
-0.7428802847862244
-0.7797607183456421
-1.3724639415740967
-1.7018842697143555
0.4111631512641907
1.0335710048675537
-0.4400084614753723
-0.58324134349823
-0.36895740032196045
-0.658340573310852
-0.6077988743782043
0.07053399831056595
-0.2925167679786682
-1.3712857961654663
0.03787243366241455
-0.9468728303909302
-2.0794007778167725
-0.8293396830558777
0.022407373413443565
1.2593424320220947
0.6487123966217041
-0.5624392628669739
-1.1269447803497314
-0.7867203950881958
-1.1619760990142822
0.1567424088716507
-0.06581029295921326
-0.7861788868904114
-1.9852826595306396
-2.6296138763427734
-0.7579631805419922
0.14414404332637787
0.09057394415140152
0.03253016620874405
-0.9127311110496521
-1.9669902324676514
-1.866292953491211
-0.4102383852005005
-0.5444427132606506
0.3121342658996582
-0.6214139461517334
-0.32746219635009766
1.4835782051086426
0.9725035429000854
-0.5987676978111267
-0.19771450757980347
0.38564202189445496
-0.9778385162353516
-0.8985841274261475
-1.4330419301986694
1.3918668031692505
1.312856674194336
-0.26309868693351746
-0.8161629438400269
0.9294758439064026
-0.3147791624069214
-0.2006770223379135
0.46946489810943604
-1.1735702753067017
-0.3710556924343109
0.3293202817440033
-0.5147644281387329
0.4108923077583313
0.07925309240818024
-1.1074683666229248
0.370120108127594
-0.3975598216056824
-0.048708200454711914
0.1322178840637207
-0.6754018664360046
0.25588154792785645
-0.839782178401947
-1.7437676191329956
-1.5596225261688232
-1.8181378841400146
-1.9603166580200195
-1.5490554571151733
-0.39435678720474243
0.9753385782241821
-0.701017439365387
1.428933024406433
-0.7345606088638306
-0.8803492784500122
-1.7492913007736206
-1.7107274532318115
-0.9398744702339172
0.23679859936237335
-0.6257443428039551
0.9162698984146118
0.845599353313446
-0.5633159875869751
-1.2276407480239868
-0.8417798280715942
0.2948957681655884
1.2746654748916626
-0.5688474178314209
-0.46377602219581604
0.3944444954395294
-0.2494884878396988
-0.5746681094169617
-0.3572668433189392
0.7446092367172241
1.529870629310608
0.9760710597038269
0.705665111541748
-0.30605798959732056
-0.8717190623283386
-0.9733368754386902
-0.7501758933067322
-0.17246600985527039
0.6034060716629028
-0.7503361105918884
-0.9743742346763611
-0.36894690990448
-1.5805057287216187
-0.138186514377594
-0.6010203957557678
-0.04143022745847702
0.31464123725891113
-0.9283905029296875
-0.4137929677963257
-0.5889774560928345
-0.17777782678604126
-0.28319674730300903
-1.2773703336715698
-0.00912773609161377
-0.7054183483123779
-1.1348832845687866
-0.2329769879579544
0.3658974766731262
0.9277833700180054
0.5999727249145508
0.21869206428527832
2.9155893325805664
-1.0806634426116943
-0.011951565742492676
-0.7076594829559326
1.9316848516464233
1.144940733909607
1.4003602266311646
2.5047311782836914
3.0947513580322266
-0.21998246014118195
0.3707422912120819
2.313866138458252
1.5392637252807617
1.417382001876831
0.33066263794898987
3.1124932765960693
1.0540329217910767
0.17610546946525574
-1.983940601348877
0.7900793552398682
2.240328073501587
1.0254054069519043
-0.292191743850708
-1.0379656553268433
-0.21959766745567322
-0.49224644899368286
-0.9183213710784912
-0.9681000113487244
0.631273627281189
-1.2663164138793945
-0.9784506559371948
-1.5481442213058472
-1.1361701488494873
-0.9327750205993652
-0.2824338972568512
-0.1972121000289917
-0.3718370497226715
-0.2971571087837219
-1.0966644287109375
-0.6213890910148621
0.6075323224067688
0.4787806272506714
-0.8937411904335022
0.2912061810493469
-0.4070088863372803
-1.647182822227478
-1.8630344867706299
-1.6331771612167358
0.22762638330459595
0.5441210269927979
-1.182394027709961
0.0710705891251564
0.334907591342926
0.04523277282714844
0.6052879691123962
-1.7946089506149292
-1.7774688005447388
0.6458173990249634
-0.5807859301567078
0.7415313124656677
0.4572400152683258
0.4439522624015808
0.4858451783657074
-1.0076781511306763
0.6479809284210205
-0.2998315691947937
0.09139052778482437
0.32603615522384644
-1.6460974216461182
-2.0269570350646973
-1.3096171617507935
-1.3561599254608154
-1.4707707166671753
-0.05187433958053589
-0.09450577199459076
-0.2901700735092163
-2.445936441421509
-2.2104194164276123
-1.9540547132492065
-1.6404439210891724
-1.0985158681869507
-0.9143316745758057
1.046979546546936
-0.3865344822406769
-1.671986699104309
0.8015031218528748
0.7618199586868286
1.4871042966842651
2.922513484954834
2.5453853607177734
1.9912645816802979
-0.22454696893692017
-0.6959109306335449
3.4411866664886475
3.6247828006744385
3.091883659362793
2.901719808578491
2.709073781967163
-0.1882179230451584
-0.36789268255233765
-0.44313257932662964
-0.231695294380188
-0.8049452900886536
-1.61819589138031
-1.5077495574951172
-1.5429158210754395
-0.17008332908153534
-0.544796347618103
-0.7016222476959229
-0.9978591799736023
-2.5854859352111816
-0.28545117378234863
-0.7144408226013184
-0.15893562138080597
1.5423403978347778
-0.32509326934814453
-0.13056674599647522
0.8536303639411926
0.8850619196891785
1.0364515781402588
2.131056308746338
2.0270395278930664
2.4662179946899414
0.582888126373291
1.6797828674316406
1.16255784034729
3.8083739280700684
1.886518120765686
0.4284991919994354
0.30979302525520325
2.085639476776123
1.390427589416504
-1.715943455696106
-0.846596360206604
2.5823121070861816
0.2486945241689682
-1.2278649806976318
0.04265487194061279
-0.5959981679916382
-0.7333802580833435
-1.9109652042388916
-0.28673428297042847
1.82609224319458
0.06502187252044678
-1.554213285446167
-1.0112438201904297
2.2332639694213867
-0.25408339500427246
-0.6660237312316895
1.0407154560089111
0.3599243760108948
0.5729498863220215
-0.340837299823761
-0.37563928961753845
2.7716004848480225
2.242790699005127
-1.4416486024856567
0.13543665409088135
-1.1097915172576904
-1.492099642753601
-0.5559828877449036
0.4645886719226837
-1.4367831945419312
-0.9860490560531616
-0.6099238395690918
-1.5609592199325562
-1.8557182550430298
-1.420454978942871
-1.0847362279891968
-1.0624394416809082
-1.4269285202026367
0.21992003917694092
2.1573996543884277
1.5486433506011963
-0.35763970017433167
-0.32474610209465027
-0.6650923490524292
-0.902837336063385
0.02248537540435791
1.1995619535446167
1.3747997283935547
1.030189037322998
-0.32160860300064087
-1.7662791013717651
-0.320112943649292
0.546698272228241
-0.20539826154708862
-1.5861866474151611
0.10776525735855103
1.7425956726074219
2.1003382205963135
0.1008194088935852
-0.4237368702888489
-0.16285663843154907
-0.5602376461029053
-2.669646978378296
1.2110869884490967
0.39058589935302734
-0.3965529203414917
-0.6193361878395081
-0.9965150952339172
0.06880348920822144
-0.21026331186294556
-1.6190426349639893
-0.029122352600097656
-0.3844491243362427
-0.3246282935142517
-0.49684053659439087
0.1674167811870575
0.5337897539138794
-0.5164322257041931
-2.266350030899048
-1.204216480255127
-1.3974906206130981
-0.48844391107559204
-0.2646932005882263
-0.47298523783683777
-0.992088258266449
0.31282711029052734
-0.05673414468765259
0.09558480232954025
-0.05461066961288452
-0.33986929059028625
0.12427374720573425
0.38849762082099915
-0.7184988260269165
-1.459450602531433
-2.0968940258026123
-1.507173776626587
1.0029311180114746
0.10531586408615112
-1.1245074272155762
-3.0037102699279785
-1.4035991430282593
-0.8807426691055298
-1.8850821256637573
-1.3746240139007568
0.6111459732055664
1.601870059967041
-1.9381988048553467
-3.8010144233703613
-2.0918092727661133
-0.30783265829086304
-0.22099152207374573
-0.028549998998641968
-0.3282843828201294
0.1672355979681015
-1.0092099905014038
-0.7770307660102844
0.7641936540603638
-0.7956738471984863
-0.6064667105674744
-0.561977207660675
-0.09365709871053696
2.0249366760253906
0.2240791916847229
0.45798826217651367
3.2671496868133545
0.325716108083725
-0.26107361912727356
-1.8611729145050049
-1.4891448020935059
0.20173151791095734
-1.078589916229248
-1.5878779888153076
0.13706687092781067
-0.16432993113994598
0.29790690541267395
0.08600229024887085
0.013359427452087402
-0.15478944778442383
-1.8431010246276855
-1.14528226852417
-1.819824457168579
1.6236151456832886
0.4941755533218384
-1.0716623067855835
-1.502104640007019
-1.609174370765686
-0.5189340114593506
-1.8583335876464844
-1.6676673889160156
-0.4513578712940216
6.065353870391846
-1.0608196258544922
-2.669292449951172
-2.220447540283203
-1.3795164823532104
-0.40836775302886963
-1.5584276914596558
-0.48787403106689453
-0.5264464020729065
0.5802493095397949
-0.16615158319473267
1.8154330253601074
0.99000483751297
0.6569397449493408
1.0680774450302124
-1.6302449703216553
-2.046607255935669
0.9501339197158813
0.911381185054779
0.6114645004272461
-0.25195610523223877
-1.1217507123947144
-0.6328425407409668
-0.44793033599853516
-0.6444671154022217
1.168076515197754
0.01768289878964424
-0.8088066577911377
-0.7943043112754822
-1.3603988885879517
-1.4160726070404053
-0.3243814706802368
-0.7328202128410339
1.473840355873108
1.5610610246658325
-0.08789585530757904
0.9515952467918396
0.8029916286468506
-0.1642667055130005
-0.5817248225212097
-0.19027455151081085
0.06332552433013916
0.12009608745574951
0.8841773867607117
0.5669959783554077
-0.2904607653617859
0.21045275032520294
-1.2744852304458618
0.11978255212306976
1.052356243133545
0.85940021276474
0.30021747946739197
-0.5949797034263611
-0.8081321120262146
-0.5510441660881042
-1.227819800376892
-1.042656421661377
-1.0241349935531616
-0.3643757700920105
0.3028702735900879
0.9278281927108765
-0.22377672791481018
-0.7426829934120178
-0.41726383566856384
0.0950806736946106
-0.10526049137115479
-0.6604167222976685
-1.5871129035949707
-1.245703935623169
-0.6325233578681946
-0.32644122838974
-0.6698097586631775
-0.8874996900558472
-1.4434491395950317
-1.2580640316009521
-1.3739588260650635
-1.9907382726669312
-0.23464824259281158
-1.197147250175476
-1.0638713836669922
-0.7099584341049194
-1.1318268775939941
-1.436931848526001
-1.9532901048660278
-1.968036413192749
-1.1955353021621704
0.1579604148864746
2.6017043590545654
0.3428621292114258
-1.3142679929733276
-3.878556728363037
-1.643121600151062
1.0030755996704102
-0.7052628993988037
-0.36269134283065796
0.5987458229064941
-0.20824384689331055
-2.2372612953186035
-2.0250401496887207
-2.0918853282928467
-0.9634772539138794
-1.8823100328445435
-0.8502371907234192
-0.06305086612701416
-2.2319350242614746
-1.9800629615783691
-1.2965589761734009
-0.5795315504074097
-2.6946158409118652
-2.3583498001098633
-0.8386574387550354
1.6478735208511353
2.2199277877807617
2.461500883102417
0.11094876378774643
1.8538817167282104
-2.4510722160339355
-0.9741867184638977
-0.3577412962913513
-0.30496668815612793
4.235608100891113
2.851877450942993
-0.8429610729217529
0.8283128142356873
-0.7248735427856445
-1.1219408512115479
-0.8792533278465271
-1.4748408794403076
0.34499067068099976
-0.4175516664981842
-1.4618369340896606
0.4986221492290497
0.11231634020805359
-0.5230444669723511
0.21812736988067627
1.8679934740066528
2.2544894218444824
2.8566341400146484
1.8580865859985352
1.3267327547073364
-0.3860096335411072
-0.3507089614868164
0.6694017648696899
0.7791973352432251
0.7239347100257874
0.8623656630516052
-1.0555222034454346
-1.5611780881881714
-1.0772855281829834
-1.1348857879638672
-0.8982915282249451
-0.19838665425777435
-1.4009655714035034
-1.6411561965942383
-1.5601158142089844
-2.077390670776367
-1.458117961883545
-2.199051856994629
-1.4586695432662964
-0.3465927839279175
-0.18084917962551117
-0.7590381503105164
-1.2619268894195557
-2.187352418899536
-2.3796613216400146
-3.1120200157165527
-2.580655813217163
-0.9982883334159851
-0.6890237331390381
-1.0755336284637451
-1.2674487829208374
-1.7366036176681519
-1.717951774597168
-0.7958151698112488
-0.607410728931427
-0.28305724263191223
-2.848921775817871
-3.038346290588379
-1.9232521057128906
-1.6935629844665527
-1.6072393655776978
-0.01900860294699669
0.08902636915445328
0.22637322545051575
-1.1450072526931763
-1.5246509313583374
-0.20132893323898315
3.088148832321167
1.8126885890960693
1.185503363609314
0.8402249813079834
-0.16993123292922974
-0.9429450035095215
0.6586365699768066
1.7995978593826294
2.119086980819702
1.1055958271026611
-0.1699257642030716
-0.7676821351051331
-0.18865635991096497
-0.9921663403511047
0.2220410406589508
1.0596582889556885
-0.3404565751552582
-1.6799355745315552
-1.8322983980178833
-0.307270348072052
1.0998996496200562
0.3050450086593628
-0.36465615034103394
0.7062756419181824
-0.5002443790435791
-1.0464948415756226
-0.710798978805542
1.6401855945587158
2.227818489074707
0.8616344928741455
-0.18542848527431488
-0.8858751058578491
0.2918243110179901
0.056232377886772156
-0.08302705734968185
2.9970755577087402
1.1163458824157715
-0.5048951506614685
-1.1479889154434204
-0.8397467136383057
0.07335417717695236
0.22596782445907593
-0.06254518032073975
0.11307132244110107
1.0702359676361084
2.5966603755950928
-2.0734033584594727
-1.3054919242858887
-1.0054612159729004
-1.333001732826233
-0.9040406346321106
1.5067120790481567
-0.3432645797729492
-1.7527709007263184
-1.4862701892852783
-0.5212148427963257
-0.39918774366378784
-1.2315285205841064
-0.20552131533622742
0.028519129380583763
-0.11893296241760254
-2.741027593612671
-0.9265257716178894
-0.33211180567741394
-1.0532199144363403
-1.2452902793884277
-0.16911473870277405
1.7532708644866943
1.330190658569336
-0.5199375152587891
0.24264349043369293
-0.44087982177734375
-1.3840501308441162
-1.6037213802337646
-0.5807661414146423
1.0822340250015259
0.46832481026649475
-0.49085184931755066
-0.20500995218753815
-0.325758159160614
-0.3292308747768402
0.06508621573448181
-1.1024491786956787
-0.7613255381584167
0.3461494445800781
-0.052158914506435394
-0.6777579188346863
-1.5810712575912476
-0.9987532496452332
1.592520833015442
1.5264333486557007
-0.6021905541419983
1.1577016115188599
1.9508070945739746
-1.4249675273895264
-0.733090341091156
1.6906989812850952
-0.23064576089382172
-1.0950701236724854
-1.0582671165466309
2.181121587753296
0.9455768465995789
-0.8530628085136414
-0.39672571420669556
0.7189003229141235
-0.6958415508270264
0.08954024314880371
-1.2365224361419678
0.1943332552909851
-0.5162378549575806
-1.157383918762207
-0.8777612447738647
0.27192723751068115
-1.401861310005188
-1.0828007459640503
-1.9515701532363892
0.5120949149131775
-1.5294917821884155
-1.1537669897079468
1.2780849933624268
0.11358100175857544
-0.4123423099517822
0.624267578125
1.5752520561218262
3.2732901573181152
3.8143773078918457
-0.9919403195381165
4.940851211547852
1.6871166229248047
1.2082360982894897
0.20208394527435303
2.0377955436706543
1.5212643146514893
3.5524747371673584
3.033708095550537
3.7887380123138428
1.8677335977554321
1.7257599830627441
1.452775239944458
2.68257474899292
-0.18692177534103394
-0.061341047286987305
-0.10917717218399048
-1.363198161125183
0.5207616090774536
-0.5834616422653198
-0.6155937910079956
-0.5515201091766357
-0.4065427780151367
0.2809399366378784
-0.10931822657585144
-1.6980133056640625
-0.9056509733200073
-1.519968032836914
-0.9212784767150879
-0.7797773480415344
0.2026684433221817
1.9046812057495117
-0.13018755614757538
-2.282201051712036
-1.3173543214797974
-0.39379286766052246
-1.5050172805786133
-0.9377219080924988
0.9616650342941284
-0.6076812744140625
-1.080028772354126
1.107360601425171
0.3150726556777954
1.0843534469604492
0.36855292320251465
0.8574797511100769
-1.1659786701202393
-1.3036890029907227
-1.1220206022262573
0.4932483434677124
1.503021478652954
-0.3255805969238281
1.055402159690857
2.2000553607940674
0.2685789167881012
0.15235790610313416
0.28670066595077515
2.800313949584961
0.04490417242050171
-0.48199009895324707
-0.27908673882484436
0.5513490438461304
-0.3944932818412781
1.9966590404510498
4.070816993713379
1.2790428400039673
-0.0781753659248352
-0.9226768612861633
0.03596985340118408
-0.16493931412696838
-0.772261917591095
-0.9456396698951721
-0.47167345881462097
-0.7196899056434631
-1.3840601444244385
-0.893214225769043
-0.15991652011871338
0.7206358909606934
-0.2188577950000763
-1.1835557222366333
-0.7356342673301697
0.21932613849639893
-1.6133769750595093
-0.33207249641418457
1.078221321105957
-0.47037577629089355
2.1390271186828613
0.1833477020263672
-1.2616649866104126
-0.03719574213027954
-1.569257378578186
1.1369056701660156
7.484979629516602
2.369025945663452
-0.30068159103393555
1.9404879808425903
0.2011081725358963
-0.6205804944038391
1.3775161504745483
-1.3769911527633667
-0.648048996925354
2.5242886543273926
-0.9557682275772095
0.5364769697189331
0.0098910266533494
-0.8479406237602234
0.38166311383247375
-0.840194821357727
-0.33919650316238403
0.725039541721344
0.31357499957084656
0.715411365032196
-0.25393548607826233
0.28933143615722656
0.8299303650856018
-0.4975607395172119
-0.01647549495100975
0.3698776960372925
2.3214221000671387
0.4860565662384033
-2.493166923522949
-0.9518775343894958
0.6715279817581177
-1.0602718591690063
-0.47904786467552185
0.4579089283943176
1.6756789684295654
-0.42335566878318787
-2.4492921829223633
0.6445046663284302
0.03610129654407501
0.6314516663551331
0.09580154716968536
0.23496228456497192
-0.1713985651731491
-0.743407130241394
-1.1339521408081055
-0.4289296269416809
-0.15294763445854187
0.302188515663147
0.1165333166718483
0.4575294256210327
-0.38572224974632263
-0.6842840909957886
-0.35017332434654236
0.01107555627822876
-0.020743846893310547
0.2102840542793274
-0.42717865109443665
-0.615039587020874
-0.8437822461128235
-0.7915841341018677
1.6734012365341187
-0.9499349594116211
-1.1935858726501465
0.9886809587478638
-0.39799588918685913
-0.08443576097488403
-0.34629106521606445
0.12731927633285522
-0.026210814714431763
0.0944715142250061
0.7986534237861633
2.4899003505706787
0.15966886281967163
1.0539482831954956
-0.3524358868598938
-1.1614580154418945
-0.3294786810874939
2.8600761890411377
1.1594598293304443
1.0151997804641724
3.3653957843780518
1.0952404737472534
-0.6571589112281799
-1.266922950744629
0.9361510872840881
1.6926432847976685
1.161583662033081
0.39099907875061035
-0.21119946241378784
-0.5029395818710327
-0.9840965867042542
0.122109055519104
1.4432587623596191
1.1007022857666016
0.45434191823005676
-0.017416013404726982
-0.3709120750427246
-0.4016541540622711
-0.8251485228538513
1.826833724975586
0.3287010192871094
0.5391885042190552
1.632167935371399
1.3729231357574463
1.2620186805725098
0.9667245149612427
0.32002007961273193
-0.15191058814525604
0.7419303059577942
0.3993385434150696
1.9235289096832275
2.2468535900115967
1.9372577667236328
-0.08495674282312393
0.12707200646400452
-1.0359336137771606
-1.4907280206680298
-0.24453270435333252
-0.13832584023475647
1.4476542472839355
2.17671275138855
1.2285856008529663
2.5804357528686523
1.0936648845672607
-0.4591939151287079
3.0188584327697754
4.802103042602539
0.9153147339820862
1.3498412370681763
2.543001651763916
1.153749704360962
0.3977527916431427
0.630724310874939
1.4264088869094849
1.287244439125061
0.6069886684417725
-0.14382541179656982
2.7416398525238037
-0.47322821617126465
-0.3770819902420044
-0.6383262276649475
-0.5973251461982727
-1.6491626501083374
-1.3208469152450562
-1.4169185161590576
-0.34768256545066833
-0.6409691572189331
-0.8065022826194763
1.0052592754364014
-0.5206397771835327
-2.2183239459991455
-1.9779887199401855
-1.8596800565719604
1.485686182975769
0.25882282853126526
-0.8707379698753357
0.4153435230255127
2.0259745121002197
-1.1257799863815308
1.231008529663086
-0.9148606657981873
3.258092164993286
1.1497873067855835
0.24058771133422852
0.3389366567134857
0.07021759450435638
-0.19522303342819214
-1.7400885820388794
-1.7199174165725708
0.17396849393844604
-0.576828122138977
0.2224431037902832
0.9339972138404846
0.09106576442718506
-0.8026003241539001
-1.8944250345230103
-1.3003270626068115
0.26820385456085205
-0.2936941385269165
0.6197363138198853
1.2008812427520752
-0.48533543944358826
-0.3987334966659546
1.1934291124343872
0.5174612998962402
0.8617798089981079
0.15557581186294556
-0.4504922032356262
0.405214786529541
-1.3061580657958984
-1.902081847190857
-2.9340310096740723
-1.4082062244415283
-0.8146340250968933
-0.03530403599143028
-0.34483984112739563
-0.4014289379119873
-0.0793830081820488
-0.8952121734619141
-1.0248149633407593
-0.6134680509567261
-0.6749622821807861
-0.4994737207889557
-0.8298288583755493
-0.475056916475296
-1.0424717664718628
-0.7628452181816101
-0.8293148875236511
-0.9805838465690613
-0.43740198016166687
-0.7016575932502747
-0.8258316516876221
-1.1673898696899414
-0.7157680988311768
-0.7255300283432007
-1.1687546968460083
-1.078871488571167
-0.0004832744598388672
0.6330572366714478
0.04036499932408333
-0.5849659442901611
2.5350863933563232
3.3145627975463867
2.107778310775757
3.500943660736084
4.089415073394775
-0.6054775714874268
-0.2294718623161316
-1.0210546255111694
0.7027281522750854
1.9855222702026367
-0.8105410933494568
-0.6087885499000549
0.35592740774154663
-0.22236329317092896
-0.835334300994873
-1.0137228965759277
0.847985029220581
-0.30911630392074585
-0.6281073689460754
-0.5986633896827698
-0.6328500509262085
-0.4702151119709015
-0.9516878128051758
-0.2551526427268982
-0.12308936566114426
-0.38420048356056213
-0.44457095861434937
-0.8199502825737
-0.27924197912216187
-0.038670871406793594
-0.22183340787887573
0.4312763512134552
-0.5976189374923706
-1.3901114463806152
0.47872471809387207
-0.12589895725250244
-0.6596028804779053
2.896456241607666
1.538679838180542
2.845658302307129
0.9610511064529419
-0.13127446174621582
-0.007445335388183594
-0.15005850791931152
0.2809019088745117
2.261169910430908
1.797953486442566
0.18445289134979248
-0.843307375907898
0.2684633135795593
0.7046315670013428
-0.832432210445404
0.5606511831283569
1.1755053997039795
1.3531193733215332
-1.1718562841415405
-0.6813851594924927
-0.5977026224136353
-0.9871599674224854
-1.3158752918243408
0.15857189893722534
0.23941399157047272
0.7975624799728394
0.4220463037490845
-0.47401106357574463
-0.34760916233062744
-0.8907763957977295
-0.4646953344345093
2.5453858375549316
1.9154982566833496
1.0597206354141235
1.9574265480041504
-0.1493990421295166
-0.8968273401260376
-0.8251497149467468
-0.20609378814697266
2.940553903579712
0.8352000117301941
0.5674746036529541
-1.202443242073059
-0.7514182329177856
-0.10959497094154358
-0.13902613520622253
0.1725778579711914
1.685849666595459
-0.08476877212524414
-0.8461452722549438
-1.8065069913864136
-1.923236608505249
-0.6767672300338745
-0.9892014265060425
-0.03457629680633545
0.1953805685043335
-0.5852842926979065
-0.7829098701477051
-0.17144112288951874
-0.5962517261505127
-0.6061813831329346
0.8972359299659729
3.6165931224823
1.2908909320831299
0.10152231901884079
0.7926464676856995
1.3313490152359009
1.0819483995437622
1.1773489713668823
-1.164164662361145
1.205856442451477
-0.2386462688446045
0.5038214921951294
0.8767543435096741
1.5032892227172852
1.456455111503601
-1.6279760599136353
-1.0683419704437256
-0.5949863195419312
-0.6999916434288025
-0.4273013472557068
-0.3513360321521759
-0.5233107805252075
-0.3782384395599365
0.12237685173749924
1.6740827560424805
-0.7540964484214783
-0.07834136486053467
-0.9380821585655212
0.6190979480743408
0.16989098489284515
-0.24487359821796417
-0.3809494376182556
-0.7603601217269897
-0.7315422892570496
-1.0403711795806885
0.32291483879089355
-0.6666255593299866
-0.059966400265693665
-0.533135712146759
-1.2222909927368164
-2.0367515087127686
-1.7365458011627197
-1.8585532903671265
1.3787100315093994
-0.3667457699775696
0.7303606271743774
0.3069327175617218
-0.9330998659133911
-0.1959151029586792
-0.6724621653556824
-0.5736854076385498
-1.3512929677963257
-1.239302635192871
-0.7451640367507935
-0.5223665237426758
-0.5128470659255981
-2.04428768157959
-1.8980305194854736
-1.2827457189559937
1.502388834953308
0.7231749892234802
0.5742225646972656
3.2357723712921143
3.219862937927246
-1.5686503648757935
-1.39650297164917
0.19002944231033325
0.2739149332046509
0.5065090656280518
3.0232605934143066
2.1909279823303223
0.670849621295929
-1.6257638931274414
-3.1736488342285156
-1.138196349143982
-0.4083913564682007
0.5045908689498901
2.52705717086792
0.03517831116914749
-0.7637011408805847
-0.5567574501037598
-2.762592315673828
-1.0582671165466309
-0.47561025619506836
-0.5992376804351807
-0.5545367002487183
-1.635694146156311
-1.5208643674850464
-1.0490294694900513
-1.1541595458984375
-0.8245089054107666
-2.0385608673095703
-0.9757919311523438
-2.1307766437530518
-3.216996431350708
-2.5719521045684814
-1.9587476253509521
-1.8389296531677246
-1.0068793296813965
-0.7800102233886719
0.07368840277194977
-0.9936521053314209
-2.8287103176116943
-1.9239546060562134
-0.3327493369579315
-0.7253116369247437
1.0384467840194702
0.1429583728313446
0.9716858863830566
-0.8402475118637085
-1.210079550743103
-0.4359925091266632
1.3174728155136108
2.1780433654785156
1.786227822303772
-1.2444549798965454
-0.34474390745162964
-0.04565894603729248
-1.160043478012085
-1.0190510749816895
-0.1238827109336853
0.14494355022907257
1.2749254703521729
-0.3554488718509674
0.7072713375091553
-0.6838374733924866
-1.0144416093826294
-1.1714410781860352
1.3751132488250732
1.9836313724517822
1.2215814590454102
-0.45302367210388184
0.04641043022274971
-0.3544074296951294
0.6939204335212708
0.47433459758758545
0.3833175301551819
0.40511882305145264
0.7261297106742859
-0.18428009748458862
0.26617759466171265
1.0133692026138306
-0.22351709008216858
-0.45132148265838623
-0.8531085252761841
-0.40275871753692627
0.6647314429283142
-0.0582113154232502
1.1090564727783203
1.833465814590454
1.7658461332321167
1.1218962669372559
0.18255597352981567
-0.5537490844726562
-0.24052108824253082
-0.7680310010910034
0.9443644285202026
0.165453240275383
0.8192185759544373
0.7594488859176636
1.0323725938796997
-1.3910468816757202
-0.8123572468757629
-1.0675629377365112
0.15370745956897736
-0.6867842078208923
-0.8282083868980408
-1.1547784805297852
-1.1880563497543335
-0.9166259765625
-0.08907652646303177
-0.3152323365211487
-0.1597919464111328
-0.5518506169319153
-0.4083915054798126
0.09265999495983124
0.441733181476593
0.9823848009109497
1.1286128759384155
-0.4735575020313263
0.3639886975288391
-0.6733174920082092
-0.629391610622406
0.2046385556459427
-0.442342609167099
-1.5764821767807007
-1.1779608726501465
-0.5856673121452332
-0.377724289894104
0.022440984845161438
0.6997324228286743
1.7021983861923218
0.5830833911895752
0.3950084447860718
-1.2238653898239136
-0.36518630385398865
0.4642865061759949
0.9136393666267395
1.1315758228302002
-0.2583703398704529
0.21204334497451782
3.4345452785491943
0.6647398471832275
-0.9727962613105774
-1.0507434606552124
-0.12572163343429565
1.5217909812927246
-0.31362083554267883
-1.3491287231445312
-0.4760206341743469
-0.1891671121120453
-1.2235612869262695
-0.9240132570266724
-0.7452114820480347
-0.788873016834259
1.3969197273254395
1.3821853399276733
0.7515304684638977
-0.4414796829223633
-1.6173121929168701
-1.126638650894165
0.358421266078949
-1.428665280342102
-0.4676472544670105
-0.41621363162994385
-1.017495036125183
-0.3892962634563446
-1.061754822731018
-0.6956888437271118
1.450456976890564
-1.2622501850128174
-1.6666688919067383
-1.3073043823242188
-1.3530640602111816
-1.1435983180999756
-0.8356086015701294
-0.6352057456970215
0.11514230817556381
-1.0502803325653076
-1.0114545822143555
-0.8873015642166138
-1.0039945840835571
-1.0296452045440674
0.46829521656036377
-0.6840752959251404
-1.2724783420562744
-0.5603933930397034
-0.292551189661026
0.3682423233985901
-0.6212802529335022
-1.7550618648529053
0.412299782037735
-0.6614955067634583
-1.2915619611740112
-1.613692283630371
-0.07693663984537125
5.309018135070801
5.380263805389404
0.2830529808998108
0.6411628127098083
-0.9485353827476501
-0.6216895580291748
-0.008220463991165161
1.6221158504486084
0.28130483627319336
3.098256826400757
1.0925606489181519
0.27217504382133484
0.16366678476333618
0.20658913254737854
0.7120808362960815
0.8545950651168823
1.355849027633667
0.6027303338050842
-1.2748757600784302
0.14633183181285858
1.0365660190582275
0.9447049498558044
0.5102434754371643
-0.012298550456762314
0.42770278453826904
1.3183104991912842
-1.0769968032836914
-0.49042364954948425
0.3039160668849945
2.699784755706787
-0.7404940724372864
-1.3319523334503174
-0.8573993444442749
-0.10484787821769714
-0.4084639251232147
0.025990312919020653
0.7133731245994568
0.15793660283088684
1.7491647005081177
0.06633991748094559
0.4916835129261017
0.08237282931804657
0.05760779231786728
-0.41742604970932007
0.1858416497707367
-0.3865770101547241
-0.16185159981250763
0.32967478036880493
0.48212844133377075
0.1638338714838028
1.0402817726135254
-0.4671104848384857
-0.8953537940979004
-0.6312081813812256
-1.4555553197860718
-1.5916869640350342
-2.4627695083618164
-2.360447883605957
-0.9607461094856262
-1.4076335430145264
-1.8480116128921509
-1.4608715772628784
-1.8551112413406372
-1.7676258087158203
-2.5059385299682617
-1.0096278190612793
-1.2247151136398315
-1.1797553300857544
-0.11218427121639252
-0.1115487813949585
0.10868560522794724
1.604628562927246
0.8087019324302673
-1.3090081214904785
-0.9657285213470459
-0.0007306337356567383
0.01395085547119379
-0.23809202015399933
1.6629819869995117
-0.6376749277114868
0.014514926820993423
-0.43930336833000183
1.717070460319519
-0.6588149070739746
0.4500747323036194
0.6580176949501038
0.790501594543457
-0.562502920627594
0.2634534239768982
0.3281067907810211
-0.9066708087921143
-1.2595114707946777
-0.29100820422172546
0.2974446415901184
-0.6267380118370056
-1.456479549407959
-0.9527144432067871
-1.533907413482666
-1.877970814704895
-0.10211551189422607
0.8818308115005493
-0.402791827917099
0.3237532675266266
0.4629085063934326
-0.6700960993766785
-0.6699867844581604
-0.4492200016975403
-1.242524266242981
0.1162472516298294
0.6235482692718506
-0.16632463037967682
-0.35938146710395813
0.44468703866004944
0.31722399592399597
0.0853705182671547
-0.05234634876251221
-0.4051612615585327
-0.23438352346420288
-0.21861505508422852
-0.8322014808654785
-0.1630324274301529
0.8064392805099487
0.3168725371360779
3.417487144470215
0.7180206179618835
0.24333244562149048
1.8654546737670898
-0.026298753917217255
1.6683746576309204
4.015232563018799
0.2796408534049988
2.0004618167877197
1.9550604820251465
0.021138787269592285
0.2213396430015564
1.7038469314575195
0.014909863471984863
0.46964380145072937
0.9788635969161987
-0.960334300994873
-0.9133769869804382
1.6903685331344604
1.231610894203186
-0.034151554107666016
-0.8507232666015625
-0.8986411690711975
1.4411972761154175
-1.165653109550476
-1.576070785522461
0.21687030792236328
1.2993303537368774
2.2723870277404785
2.530794143676758
2.0698094367980957
-0.6098165512084961
-0.08057469129562378
0.19783353805541992
-0.7717108726501465
-0.802157998085022
-0.09340423345565796
0.13584750890731812
1.0399091243743896
-0.6778869032859802
0.047684431076049805
0.7365131378173828
-0.6802470684051514
-0.250630259513855
-0.07602597773075104
0.2692040503025055
-0.15138883888721466
-0.06744885444641113
0.6215440034866333
-1.4140560626983643
-1.0016016960144043
0.020466655492782593
0.0063822269439697266
0.1942330151796341
-0.3970367908477783
1.967397928237915
-0.31282708048820496
-1.1480587720870972
-0.07362353801727295
-0.6295551657676697
0.47031545639038086
0.677139937877655
-0.10356390476226807
-1.159696340560913
1.484161376953125
0.4963926672935486
-1.1575301885604858
1.2179226875305176
2.224233388900757
0.4299492835998535
1.761040210723877
-0.6262528896331787
0.3648970127105713
1.892483115196228
0.1325436383485794
1.6129653453826904
1.7072327136993408
-0.22362002730369568
0.2630292475223541
3.7978127002716064
-0.8328343033790588
0.6873828172683716
-0.6813103556632996
-0.37404167652130127
0.04224453866481781
-0.710329532623291
-0.5493541359901428
0.3631058931350708
-1.0720902681350708
0.7742992043495178
-2.106748104095459
-2.2327237129211426
-1.0779755115509033
-0.3508978486061096
-1.469160795211792
-0.8988832235336304
0.2366214394569397
-0.4259493350982666
-0.5981312990188599
-1.678922176361084
1.755077600479126
-0.33682405948638916
-0.06271624565124512
0.33256810903549194
0.06560510396957397
1.2608391046524048
-1.1721343994140625
-0.9679834246635437
-0.049155041575431824
-0.1601952612400055
0.3415120840072632
0.5498495697975159
-0.3789669871330261
1.2995197772979736
0.9783020615577698
0.6870290637016296
0.055672965943813324
0.0032670500222593546
-0.0783807784318924
0.7147050499916077
0.024110734462738037
0.9280587434768677
0.2516135275363922
-0.2865477502346039
0.0724218338727951
0.17736904323101044
0.5826448202133179
-0.16318409144878387
-0.6239300966262817
-0.23096483945846558
-1.2081979513168335
-1.1394717693328857
-0.8100722432136536
-2.400087356567383
-1.6265578269958496
-0.3751435875892639
-1.446548342704773
-0.6953301429748535
-1.0242217779159546
-0.19684267044067383
-1.799203634262085
-1.935691475868225
-0.9488807320594788
-0.5000208616256714
-1.0097663402557373
-0.4174456000328064
-0.4410499930381775
-0.8799982070922852
-1.138243556022644
-1.042262315750122
0.5748828649520874
1.0190757513046265
-0.028104720637202263
-0.6486356854438782
-0.8004779815673828
-0.05554286018013954
-0.59237140417099
-0.01058131456375122
0.7250202894210815
1.1068339347839355
-0.395672470331192
-0.5695361495018005
-0.11380577087402344
3.641829490661621
1.0987151861190796
1.9160308837890625
0.95487380027771
-0.8437672257423401
-0.8399225473403931
0.6386590003967285
2.1033523082733154
2.581841468811035
0.7812318801879883
-1.2314722537994385
-1.1646875143051147
-0.1387864649295807
-0.24830755591392517
0.035737667232751846
1.2867215871810913
-0.46576711535453796
-1.3876268863677979
-0.5720926523208618
0.1508924663066864
0.25185009837150574
0.17845207452774048
0.41086918115615845
-0.2480032742023468
-1.0569020509719849
-0.9836908578872681
-0.2777860462665558
-1.72769296169281
-1.728392243385315
0.5944623351097107
0.4746742844581604
-0.7378052473068237
-1.5142405033111572
-1.7849146127700806
-2.040756940841675
-2.578986644744873
-1.5989469289779663
1.3798121213912964
0.78228759765625
-1.5772817134857178
1.486250400543213
3.0150649547576904
-0.8645169734954834
-2.604396343231201
-1.717646837234497
-0.8484599590301514
-0.44178488850593567
0.4629182517528534
1.973422646522522
3.45709228515625
-0.0067592803388834
-1.870316743850708
-0.24268022179603577
-1.124712347984314
-0.5521820783615112
1.6453990936279297
2.831754684448242
2.2769615650177
1.9535313844680786
1.6964807510375977
-0.34272444248199463
-1.0123764276504517
-0.7993934154510498
-0.36340051889419556
-1.3502663373947144
-1.1064550876617432
-0.09978236258029938
-0.76044100522995
-1.1949962377548218
-2.064709424972534
-2.0207340717315674
-2.8878557682037354
-2.526930093765259
-2.0690197944641113
-1.8618755340576172
-2.664860725402832
-1.4659837484359741
-1.1174261569976807
-1.9878634214401245
-2.090492010116577
-1.8026123046875
-1.7341490983963013
-1.9007776975631714
-1.9263217449188232
-1.3995834589004517
0.3046548664569855
-0.4154113829135895
-0.49778586626052856
0.568087637424469
1.8246915340423584
2.353663206100464
1.0028672218322754
0.7455600500106812
-0.9761289358139038
-2.1315622329711914
-0.002783536911010742
-1.066927433013916
-0.4034261107444763
-0.11314193159341812
0.1795680969953537
-0.8738064765930176
-1.0386186838150024
-1.7288060188293457
1.4051848649978638
-0.8875517249107361
-1.3678163290023804
-1.19193434715271
1.2356752157211304
0.010262787342071533
1.0434441566467285
-0.6922576427459717
1.27531099319458
-0.7470558285713196
-0.03492867946624756
-1.093226432800293
0.1218983605504036
2.375077486038208
1.8063044548034668
1.2000463008880615
0.929323673248291
1.3505789041519165
1.609867811203003
0.9739986658096313
0.5545886158943176
1.6933854818344116
1.2454428672790527
3.185490608215332
2.368614673614502
3.3588030338287354
2.511507987976074
1.603991150856018
0.9981108903884888
0.04683145135641098
-0.40196120738983154
-0.1954345703125
1.328749656677246
1.5742820501327515
0.706174910068512
-1.1271306276321411
-0.688416600227356
-0.2141876369714737
-0.006575822830200195
-0.45932307839393616
0.5789156556129456
0.577609121799469
-0.5020678043365479
-1.039345383644104
-0.25203603506088257
0.6023727059364319
0.4765776991844177
1.1880158185958862
0.19025136530399323
0.39838406443595886
0.5357868671417236
0.5849726796150208
1.015038013458252
1.5391112565994263
0.3822070360183716
0.6658715605735779
0.21016709506511688
-0.10055100917816162
-0.5110542178153992
-0.5805525183677673
-0.46726834774017334
0.042632024735212326
0.49416598677635193
-0.6370603442192078
-0.2543121576309204
1.5695880651474
0.6852658987045288
-0.14057369530200958
-0.9260970950126648
-0.02023322321474552
-0.2446543425321579
1.6249845027923584
0.5118851661682129
0.1871088296175003
0.8094667792320251
1.063473105430603
-0.42604589462280273
-0.09694653749465942
-0.4819600582122803
-0.13366684317588806
0.51778644323349
0.7135757803916931
0.7676905393600464
2.8784127235412598
-0.10069935023784637
-0.8111887574195862
0.923129141330719
-1.7505371570587158
-0.5514291524887085
1.0525752305984497
-0.47381502389907837
0.4020087718963623
2.4180750846862793
1.7023112773895264
2.0105860233306885
0.8538422584533691
0.7494274973869324
0.962436318397522
-0.8533692359924316
-1.0680603981018066
-0.46598270535469055
0.08785177767276764
-0.11259523034095764
-0.42203187942504883
0.6518168449401855
0.6891418099403381
0.009419246576726437
0.12318489700555801
0.27344444394111633
0.17048344016075134
-0.6656522750854492
-0.5136030912399292
0.2907222509384155
-1.1472805738449097
-2.0850701332092285
-1.3875517845153809
-0.672477126121521
0.3647260069847107
-0.17298120260238647
-0.6898550391197205
-1.3951408863067627
-1.063303828239441
-0.9324953556060791
1.1051241159439087
1.8841722011566162
0.804145872592926
0.11421798169612885
-0.3585282266139984
-0.5557496547698975
-0.48215770721435547
-0.9169713258743286
-0.3040986955165863
0.39813196659088135
-1.01206636428833
-1.5933438539505005
-1.20676851272583
0.1381775438785553
-0.354419082403183
-0.3523939549922943
-0.4584011137485504
0.073722243309021
-1.3131909370422363
-1.1134084463119507
-2.1587934494018555
-1.1953041553497314
-1.9675483703613281
-1.4653733968734741
-2.0597686767578125
-2.8169162273406982
-0.6821125745773315
-1.2196646928787231
-2.1318299770355225
-0.17662453651428223
0.38730907440185547
1.266984462738037
-0.5147375464439392
-0.362895131111145
-0.7310916781425476
-0.2059762328863144
-1.4077035188674927
-1.7259995937347412
-0.03326821327209473
0.9169872999191284
0.18249326944351196
-0.632521390914917
-2.144197463989258
0.6134214401245117
-0.18085382878780365
-0.4314855933189392
0.08684977889060974
-0.46572256088256836
-1.4911510944366455
-1.2848455905914307
-0.699970006942749
0.38542789220809937
0.6380268335342407
0.3921459913253784
0.9894634485244751
0.31153714656829834
-0.8790844082832336
-0.10582739114761353
-0.6300985217094421
-0.9868351221084595
-0.3010859489440918
-0.5746417045593262
-2.3500609397888184
-1.245102882385254
-0.28789207339286804
-0.5456140041351318
-1.9250444173812866
-1.4049590826034546
-1.638130784034729
-2.4767282009124756
-0.7488991022109985
-0.24583125114440918
-0.5803064107894897
0.06943178176879883
-1.2366465330123901
-1.1380178928375244
-1.630807638168335
-2.8832457065582275
-0.2348722219467163
-0.5820856690406799
0.34068363904953003
0.5847738981246948
-0.0058817374520003796
-1.1943405866622925
0.005393505096435547
-1.5894012451171875
-1.6805801391601562
-0.4020676910877228
-0.1855226457118988
-0.25966164469718933
-0.07388540357351303
-0.48255136609077454
-0.2317245751619339
-2.862806558609009
-3.2550339698791504
-2.4962053298950195
-1.8240158557891846
-1.1193647384643555
0.3199370205402374
-0.909595787525177
-0.4719642400741577
-1.8838101625442505
-1.4810642004013062
-0.5412375926971436
0.6786699891090393
1.9691803455352783
1.2013592720031738
-1.1014771461486816
-1.8401761054992676
-1.0534559488296509
-0.43529579043388367
0.33999305963516235
0.33711671829223633
0.11928317695856094
-0.26023152470588684
-0.7295781373977661
-0.937851071357727
-1.4924991130828857
-1.9581390619277954
-1.124631404876709
-1.0904885530471802
-0.4789601266384125
-1.107778549194336
-0.3907209038734436
-0.7667402029037476
-0.5426455736160278
-2.094771146774292
-2.210805654525757
-1.2954190969467163
-0.6257849931716919
-1.3635858297348022
2.6436378955841064
-2.2469661235809326
-1.7566275596618652
-1.1675620079040527
0.4533267319202423
2.4044697284698486
2.051635265350342
0.32385897636413574
0.3881341516971588
-1.5236002206802368
-2.364300012588501
-1.2591633796691895
-0.14987289905548096
0.18307004868984222
2.16298770904541
-0.18748211860656738
-0.6229628324508667
-2.9220166206359863
-3.24998140335083
-1.4802825450897217
-1.4133297204971313
0.24178168177604675
0.9608259797096252
-0.7613670825958252
-0.513063371181488
-2.813777446746826
-1.0090718269348145
-1.3503366708755493
-0.8266931176185608
-0.7513483166694641
0.03969603776931763
-0.12194165587425232
-0.4292088449001312
-2.181764602661133
-1.239037275314331
-1.5301676988601685
-1.0505656003952026
-1.348832130432129
-0.6260884404182434
0.9885356426239014
-0.0340186171233654
-1.2566288709640503
-1.4354268312454224
-0.9021616578102112
-0.5037907958030701
-0.1369258165359497
-0.2949543595314026
0.8844068050384521
-0.44359728693962097
0.20962555706501007
0.09649290144443512
0.3890998363494873
1.4390980005264282
0.9679259061813354
-0.004689742811024189
0.2472984343767166
-0.9123309254646301
-0.9730249047279358
-0.3967689871788025
-0.1942509561777115
0.5093842148780823
0.5605466365814209
-1.31055748462677
-2.0353808403015137
-0.5535556077957153
-0.6769331097602844
-1.4383430480957031
0.7320035696029663
0.20666614174842834
-0.4285494387149811
0.23543286323547363
-2.2564871311187744
0.23065996170043945
-0.3960188627243042
0.21856988966464996
1.223555088043213
1.2258450984954834
0.23398512601852417
2.5144295692443848
1.414412498474121
-0.5410138964653015
-2.293046712875366
-0.2730606198310852
1.9793509244918823
-1.3707960844039917
-0.605063796043396
0.8414157032966614
1.5454403162002563
-0.9844152331352234
-1.9518598318099976
-1.5616235733032227
0.09959173202514648
-0.4772164821624756
1.6414909362792969
3.0570292472839355
1.2268455028533936
-1.2318698167800903
-1.4811267852783203
1.9447180032730103
0.42221158742904663
-0.3599029779434204
-0.01384537760168314
0.7359224557876587
-0.34136760234832764
-0.32092201709747314
-1.7935672998428345
-0.11558187007904053
0.031162559986114502
0.4581873118877411
0.6051989793777466
0.3817903995513916
-0.6351467967033386
-0.2311493158340454
-1.349918246269226
-0.7590057253837585
1.0997895002365112
0.6985630393028259
-1.5852309465408325
-1.5128461122512817
0.3157570958137512
0.5363079309463501
-0.6455760598182678
-0.5504071712493896
-0.24101945757865906
-0.07329314947128296
0.6346099376678467
-0.21659769117832184
-0.06335903704166412
1.9827262163162231
-0.987708330154419
-0.8059394955635071
0.13864922523498535
0.04172562435269356
1.9958937168121338
0.8265053033828735
-1.5313607454299927
1.091254711151123
-1.2661017179489136
-1.2010023593902588
0.06123867630958557
-0.7020906805992126
0.8874169588088989
0.8190313577651978
-1.7989068031311035
0.6491943001747131
-1.0040680170059204
-0.09987825155258179
-0.8009794354438782
-2.5856103897094727
0.3692033290863037
0.08823072910308838
-1.3639494180679321
0.574810802936554
-0.7769735455513
-1.1266433000564575
-0.9358649849891663
-1.9675668478012085
-1.4117405414581299
-0.7029656171798706
-0.6665903329849243
0.36191409826278687
0.37240833044052124
-0.021868014708161354
1.3082507848739624
-0.3693821132183075
-0.7174763083457947
-0.8393405675888062
-1.416700839996338
-0.7124954462051392
-1.5874593257904053
1.2050669193267822
1.7857029438018799
0.5209907293319702
-0.4414069354534149
-0.849361002445221
-1.325714111328125
0.9964807629585266
-0.5327602028846741
-0.5040649175643921
-0.35213732719421387
-1.305474877357483
-0.5377300381660461
-1.039605975151062
-0.8124027848243713
0.838391900062561
-0.20501840114593506
-0.6605522036552429
-0.3781108856201172
-1.3375823497772217
-0.7883391976356506
-0.9278716444969177
-0.8257723450660706
-0.06283330917358398
-0.10964882373809814
-0.334272176027298
-0.6607893705368042
0.06573864072561264
-0.34606367349624634
-0.7200117707252502
-1.2902331352233887
-0.6847258806228638
0.2593829929828644
0.4573427736759186
0.24117493629455566
0.053211141377687454
-0.13978509604930878
0.23970560729503632
-0.3579781651496887
-0.3564879894256592
-0.11882554739713669
-0.6790110468864441
0.22065994143486023
0.17567090690135956
1.618402123451233
1.0577654838562012
0.7695730328559875
-1.0484358072280884
-0.1350158452987671
-1.519588828086853
-1.3895939588546753
-1.1914480924606323
-1.7383724451065063
-0.1607954502105713
-0.3074704706668854
-1.7024625539779663
-1.2739760875701904
-0.01719832420349121
-1.4109623432159424
-2.3953824043273926
-2.710111379623413
-2.4925312995910645
-1.7316787242889404
-0.2793481647968292
-0.7859905958175659
-1.3944365978240967
-1.7732149362564087
-1.8302561044692993
-1.6032127141952515
-1.7122867107391357
-0.9003748297691345
-0.6095494627952576
-0.6743332147598267
-0.5509177446365356
-0.6380500793457031
-0.8730089664459229
-0.5104775428771973
-1.0353002548217773
-0.18096701800823212
-0.12318005412817001
0.2757578194141388
1.0218935012817383
2.4884064197540283
0.44972485303878784
-0.09165939688682556
-0.8381203413009644
-0.17357787489891052
1.5491867065429688
0.752924382686615
0.05402230843901634
1.7278761863708496
1.6877204179763794
1.659123420715332
0.594597578048706
0.88536536693573
0.453266441822052
-0.647097647190094
-1.3371076583862305
0.41660454869270325
0.6354084610939026
-0.7282533645629883
0.2803095281124115
0.8855791091918945
-0.1810760498046875
0.7474005222320557
0.12566006183624268
-0.36731818318367004
-0.5758037567138672
-0.8631535768508911
0.10737355053424835
1.4087892770767212
-0.9686087965965271
-1.037226676940918
-1.3266432285308838
0.5898999571800232
-0.690423846244812
-0.8222764730453491
-1.2542155981063843
0.22172752022743225
-0.9352477788925171
-1.2006319761276245
0.3453209400177002
0.6914396286010742
-0.6918173432350159
-0.42911016941070557
-1.1208093166351318
-0.9745749235153198
-0.7852632999420166
-1.6772881746292114
-0.025892019271850586
-0.8588677048683167
-1.2389755249023438
-0.0979650616645813
-0.4515596628189087
-0.11682510375976562
-0.8823855519294739
-0.5591095685958862
-0.4617534875869751
-0.7052652835845947
-1.2935791015625
0.06442216038703918
0.5558763146400452
-0.4884490966796875
-0.22210130095481873
0.8659892082214355
-0.30868202447891235
-1.2337400913238525
-2.011598587036133
0.24119213223457336
1.037886381149292
-1.070277452468872
4.301246643066406
0.9487801194190979
-1.2208377122879028
-0.6791085004806519
0.1794525384902954
2.602459192276001
0.6661865711212158
-0.9183862805366516
2.6730072498321533
0.10394831001758575
-1.3647724390029907
0.4002211093902588
-0.8670862317085266
-1.524595856666565
-0.304598331451416
-0.5308752655982971
-0.4074707627296448
-0.5725175142288208
-1.860508680343628
-0.9385918378829956
-0.6048619151115417
-0.917976438999176
-0.8688087463378906
-1.1337547302246094
0.6533520221710205
-0.6785964369773865
-0.8503225445747375
0.7135900855064392
-0.645605742931366
-1.0813789367675781
-1.1455729007720947
0.9403239488601685
0.9926843047142029
-1.0017791986465454
0.6422719955444336
1.3095893859863281
-0.7835707664489746
-2.22265625
-1.8386423587799072
-0.17961543798446655
0.272176057100296
-2.010260581970215
0.5492056608200073
0.05382508039474487
-0.9389508962631226
-1.398787260055542
-1.0166059732437134
0.47077757120132446
-0.5952255129814148
-0.47029778361320496
-0.20985372364521027
-0.8911635279655457
-1.4250783920288086
-1.6943378448486328
-0.23283296823501587
-0.25056692957878113
-1.533503770828247
-1.9721022844314575
-1.8940521478652954
-0.9732593297958374
-1.3770332336425781
-4.135376930236816
-2.35137939453125
-0.13057075440883636
-1.0087895393371582
-0.5862911343574524
-0.6407251954078674
-0.6518483757972717
-0.43670544028282166
-3.084826946258545
-2.5290071964263916
-0.29959043860435486
-0.9190502166748047
0.638315737247467
-0.34990978240966797
-1.378815770149231
-0.6302250623703003
-1.2467453479766846
-1.3470226526260376
-0.34183937311172485
-1.1632988452911377
-0.7666816115379333
0.31850531697273254
-0.6463173031806946
-0.7858233451843262
-1.9104925394058228
-0.8203867673873901
0.13904501497745514
-0.885628879070282
-0.7049652934074402
1.5253106355667114
2.442905902862549
0.2752588391304016
-0.8858393430709839
-0.5013443231582642
0.7437536120414734
-0.744977593421936
1.129671573638916
-0.25062769651412964
-0.2003355324268341
-0.8165717720985413
-1.3694697618484497
-1.8144268989562988
-0.6517176628112793
-0.4180665910243988
2.0673766136169434
1.3064616918563843
-0.4875268042087555
-0.7178115248680115
-0.6451711058616638
-1.038575291633606
-0.32282501459121704
-0.32584044337272644
-0.471303790807724
-1.078274130821228
-0.7562823295593262
0.05016796290874481
0.2547215521335602
0.10757778584957123
-0.26859843730926514
-1.398181438446045
-1.257742166519165
-1.7961516380310059
-0.039988160133361816
-0.30339717864990234
0.5772501826286316
-0.1472184807062149
-0.9122594594955444
-0.6456744074821472
-0.28964969515800476
-0.3818281292915344
0.3286084532737732
-2.175234079360962
-1.391912579536438
0.736153244972229
-0.003823881270363927
-0.4139980971813202
-0.3862428665161133
0.28192228078842163
-0.41524171829223633
-1.877504825592041
-1.1291877031326294
1.081368327140808
0.7968763113021851
-0.4280131459236145
-0.839096188545227
-0.7859213352203369
-0.5994508862495422
-0.9798563122749329
-0.5902408361434937
-0.01708478108048439
0.1054074764251709
-1.0926439762115479
-1.7646535634994507
-0.1816629022359848
0.33170199394226074
0.3443143367767334
0.6582654118537903
-0.5708139538764954
-1.1977695226669312
-1.8756012916564941
-2.233870029449463
-0.5119138360023499
0.54244065284729
-1.058415412902832
-0.7115598917007446
0.40273433923721313
-0.25822991132736206
-1.4037683010101318
-1.414859652519226
-1.3397278785705566
-0.7892349362373352
-0.5513334274291992
-0.6188507080078125
-0.8303838968276978
-0.82053542137146
-1.0715540647506714
-0.4674358367919922
0.47606366872787476
2.1778786182403564
1.3918728828430176
-1.5089129209518433
-1.3830286264419556
-1.0924824476242065
-1.327114462852478
-1.2420852184295654
-1.726102590560913
-0.8214589357376099
-2.615591287612915
-3.3682308197021484
-2.5301692485809326
-0.7668941020965576
-1.6121842861175537
-1.485811710357666
-1.1664619445800781
-2.3597805500030518
-2.444370985031128
-1.6190885305404663
-0.39535826444625854
-0.5440791249275208
-1.2499454021453857
-0.7789289355278015
-0.18720009922981262
-1.9563490152359009
-2.770963191986084
-2.276162624359131
-0.5390174388885498
-1.126570701599121
-1.8528920412063599
-1.1937694549560547
-0.009796977043151855
-1.6103297472000122
-2.0826621055603027
-1.9997551441192627
0.5220465660095215
-0.580306351184845
-1.3171786069869995
0.14714789390563965
0.7142137885093689
-0.5360234379768372
-1.823991298675537
-2.6419339179992676
-0.8323033452033997
-0.07867813855409622
-2.0193307399749756
-1.238808274269104
0.04318644851446152
-0.8336648344993591
-2.0251474380493164
-2.963233232498169
-1.6688305139541626
-0.786149263381958
-1.1759017705917358
-1.0336964130401611
-0.9751614928245544
-2.3542237281799316
-0.9343420267105103
-0.4232422709465027
0.001254818169400096
-0.35651707649230957
-0.6086227893829346
-0.25097233057022095
0.2039153128862381
0.48045533895492554
0.8315805196762085
0.6527437567710876
0.3380759656429291
1.3327800035476685
-0.5474829077720642
0.021272046491503716
0.37636715173721313
-1.9858150482177734
-2.6303775310516357
-2.3076488971710205
-1.3581147193908691
-0.003467247122898698
-1.2435121536254883
0.5342763662338257
2.5036702156066895
-1.4293372631072998
-2.1068732738494873
-1.9233299493789673
-2.0518274307250977
-1.3081132173538208
-1.405110478401184
-0.49311453104019165
1.3367899656295776
-0.5499398708343506
-1.2607325315475464
-0.23612277209758759
0.47998011112213135
1.0462920665740967
-0.19647017121315002
-1.3755301237106323
-0.3730658292770386
1.0732747316360474
0.12966196238994598
1.4488908052444458
1.4372037649154663
0.4505234956741333
-0.021117601543664932
-0.24185854196548462
1.4664334058761597
1.7744871377944946
1.0966124534606934
1.1637989282608032
-0.45327287912368774
-0.9112100005149841
-1.3003374338150024
0.5452712774276733
1.9717962741851807
-0.6110794544219971
-0.8635361194610596
-1.6427693367004395
-1.7123130559921265
-0.8406418561935425
-0.5295394659042358
-1.2642301321029663
0.1311182975769043
-0.37062543630599976
-1.2131212949752808
-1.3231569528579712
-0.9629761576652527
-0.1651684045791626
0.610421359539032
0.07101911306381226
0.3764292001724243
0.06879549473524094
1.4959304332733154
3.2665579319000244
-0.6422542333602905
0.2824304401874542
-0.974140465259552
-1.1763451099395752
-0.835439920425415
-0.7598094940185547
-0.36386996507644653
3.7419536113739014
-2.1043570041656494
-0.7353770136833191
-1.5341796875
-2.6488394737243652
-0.6925859451293945
-1.4379668235778809
-1.9029624462127686
1.4826083183288574
-2.4639697074890137
-1.0527006387710571
-1.5437748432159424
0.17874860763549805
1.9738876819610596
0.48030591011047363
-0.23883754014968872
-0.5908325910568237
-0.5271123051643372
-1.0060906410217285
-1.3600482940673828
-0.2857568562030792
1.8380851745605469
0.9468721151351929
-0.12338992208242416
0.5802401900291443
-0.3606139123439789
-2.248443126678467
-1.51213800907135
-1.1495537757873535
1.4781239032745361
0.5475080013275146
-0.4596817195415497
1.823865294456482
-0.10735003650188446
-1.2890851497650146
-0.5179672837257385
-1.7351466417312622
1.0637174844741821
2.818662643432617
2.018322467803955
3.0563273429870605
1.180096983909607
-0.26376423239707947
-0.4021105170249939
-0.21493574976921082
2.0564324855804443
3.278691291809082
0.9676061868667603
-0.6597627997398376
-0.2198255956172943
0.053176019340753555
