0.0
0.0
0.0
0.0
0.0
0.0
0.0
0.0
0.0
0.0
0.0
0.0
0.0
0.0
0.0
0.0
0.23103538155555725
0.0
0.0
0.0
0.25078797340393066
0.0
0.0
0.0
0.0
0.0
0.0
1.4520881175994873
0.0
0.0
1.2248355150222778
1.2987531423568726
0.0
0.0
0.0
0.3013353645801544
0.0
0.2994329035282135
2.667283058166504
1.5240612030029297
1.1408944129943848
0.0
0.0
0.044706881046295166
0.0
0.6266237497329712
1.3699313402175903
2.106257438659668
0.0
0.0
0.0
0.0
0.8000078797340393
1.2262464761734009
1.5376157760620117
1.6482751369476318
0.0
0.0
0.9715925455093384
0.047909967601299286
0.658166766166687
1.0304157733917236
1.2554526329040527
1.2663393020629883
0.8547202944755554
0.5342040657997131
0.0
0.0
0.0
0.0
1.904844045639038
1.484714388847351
0.16836310923099518
1.7305042743682861
0.0
0.0
0.0
0.0
0.8097558617591858
3.0772902965545654
0.4198916554450989
3.7666990756988525
0.0
0.0
0.0
0.0
0.0
2.5270180702209473
1.0875024795532227
2.3368847370147705
0.0
0.0
0.0
0.0
0.0
1.8900052309036255
0.25332292914390564
0.3372000455856323
0.2913040220737457
0.0
0.0
0.0
0.0
1.1305028200149536
0.6596161723136902
0.23671694099903107
0.65631502866745
1.3609880208969116
0.0
0.0
0.0
0.3985298275947571
1.0287703275680542
1.3422629833221436
0.6555529236793518
0.3051317632198334
0.0
0.0
0.0
0.0
0.6709668040275574
1.7691929340362549
1.0015108585357666
0.12146154046058655
0.0
0.0
0.0
0.012730000540614128
0.0
0.07574406266212463
0.505866527557373
0.0
0.0
0.43406686186790466
0.0
0.0
0.0
0.0
0.0
0.0
0.019737139344215393
0.9302765130996704
1.663324236869812
0.0
0.0
0.35225602984428406
0.0
1.2889583110809326
1.0263463258743286
0.0
0.7429808378219604
0.0
1.7319679260253906
1.6458534002304077
0.13645675778388977
0.0
1.900917649269104
0.0
0.2902221381664276
0.5506304502487183
1.0276604890823364
1.5071568489074707
0.11904355138540268
0.4022417962551117
2.947706460952759
0.0
1.3436652421951294
0.0
0.0
0.0
1.6176462173461914
1.810458779335022
1.9434306621551514
0.0
0.27219316363334656
0.0
1.9894851446151733
0.3357063829898834
0.0
2.5310757160186768
0.8132765293121338
0.0
0.0
0.26485976576805115
2.2631123065948486
2.1705706119537354
0.0
0.31306764483451843
0.0
0.16484418511390686
0.8010209798812866
0.6068015098571777
0.35463380813598633
0.2581348419189453
0.0
0.0
0.8491584658622742
0.7368602752685547
1.4655417203903198
1.0434283018112183
0.7304742336273193
0.5955349206924438
0.0
0.0
0.5589104890823364
1.5434789657592773
0.0
0.0
0.0
0.5929365754127502
0.0
0.0
0.0
0.0
0.9374908804893494
0.0
0.01983517035841942
0.0
0.5538190007209778
1.1779630184173584
2.515624523162842
1.0384000539779663
0.7326830625534058
0.8454105854034424
0.417466938495636
0.0
0.0
1.6473342180252075
1.934238314628601
0.0
0.2600714862346649
0.6011682152748108
0.0
0.0
0.0
0.0
0.008685924112796783
0.0
0.0
0.0
0.0
0.0
0.0
0.0
0.0
0.0
0.0
0.17834842205047607
0.2901848256587982
0.0
0.0
0.0
0.0
0.0
0.0
0.2400156855583191
0.09393153339624405
0.0
0.0
0.0
0.0
0.12282457202672958
1.5660693645477295
0.0
0.27971991896629333
0.9315135478973389
0.12769059836864471
0.0
0.10735353082418442
0.5331313610076904
0.1335338056087494
1.7484838962554932
0.0
0.9444422125816345
1.3124412298202515
0.0
0.0
0.0
0.0
2.0203542709350586
0.40161654353141785
0.6856958866119385
1.0284123420715332
0.0
0.25729918479919434
0.683556318283081
0.5800037980079651
0.6332606077194214
0.8580254912376404
0.7769684195518494
0.797318696975708
0.0
0.0
0.0
0.0
0.0
0.8596018552780151
0.11377677321434021
0.0
0.0
0.4741906523704529
0.1803356111049652
0.0
0.0
1.4522924423217773
0.7560373544692993
0.0
0.0
0.0
0.0
0.0
0.0
0.4867604374885559
0.0
0.010899090208113194
0.0
0.9122677445411682
0.5849837064743042
0.0
0.0
0.0
0.2257506251335144
0.0
0.41661131381988525
0.0
0.045054350048303604
0.15984658896923065
0.0
0.0
0.6451030969619751
0.6788402795791626
1.2304656505584717
1.6815208196640015
2.1935524940490723
2.2832438945770264
2.233254909515381
1.1715569496154785
1.6649045944213867
2.258793592453003
0.5872094631195068
2.522033452987671
0.722819983959198
1.459230661392212
1.7540347576141357
0.9595484733581543
0.0
0.276164710521698
0.0
0.0
0.0
0.0
0.0
0.0
0.0
0.2571192979812622
0.0
0.0
0.0
0.0
0.0
0.0
0.0
0.15225133299827576
0.0
0.0
0.0
0.0
0.0
0.5066060423851013
0.2532218396663666
0.0
0.4849000871181488
0.6214322447776794
0.0
0.5173973441123962
0.0
0.0
0.0
0.0
0.7359375357627869
0.9419185519218445
0.0
0.0
0.0
1.0792425870895386
0.0
0.1718655228614807
0.29365161061286926
0.0
0.0
0.6069056987762451
0.0
1.5947462320327759
0.0
0.0
0.0
0.0
0.0
0.0
0.0
0.629879355430603
0.0
0.0
0.0
0.0
1.2033122777938843
0.48488739132881165
0.0
1.2255871295928955
0.0
0.0
0.0
0.6075623035430908
2.125040292739868
1.7494930028915405
0.0249029491096735
1.3221595287322998
0.0
0.0
0.0
0.0
0.18629668653011322
0.4140263497829437
0.18708652257919312
2.8722572326660156
0.0
0.0
0.0
0.0
0.9793055057525635
2.4249820709228516
1.6021946668624878
2.472956418991089
0.8852357864379883
0.0
0.0
2.0311009883880615
2.207449197769165
1.4884604215621948
0.9657891392707825
1.1629557609558105
0.35682615637779236
0.0
0.31311488151550293
0.9023113250732422
0.37072789669036865
0.0
0.04679987579584122
0.2548813819885254
0.22399909794330597
1.1485384702682495
1.1693453788757324
0.0
0.0
0.0
0.0
0.0
0.0
1.0965627431869507
0.13550107181072235
0.0
0.0
0.0
0.0
0.0
0.11608653515577316
0.41754451394081116
1.028093695640564
0.0
0.0
0.0
0.0
1.7649517059326172
2.3209168910980225
1.5754097700119019
0.0
0.41130468249320984
0.6565805673599243
0.0
0.0
0.8396059274673462
1.8494549989700317
1.0987056493759155
0.0
0.0
0.23176473379135132
0.0
0.0
0.05238419771194458
1.14764404296875
1.8642387390136719
0.0
0.0
0.24150103330612183
0.0
0.0
0.653070867061615
1.1012392044067383
0.9291382431983948
0.0
0.0
0.0
0.0
0.0
0.43245846033096313
0.40961048007011414
0.0
0.0
0.0
0.0
0.0
0.08600665628910065
0.0
0.0
0.01012748945504427
0.0
0.0
0.0
0.0
1.3119293451309204
0.0
2.2710154056549072
0.03834650665521622
0.0
0.44707831740379333
0.8955602049827576
0.8819191455841064
1.175341248512268
0.07069346308708191
1.001986026763916
0.23641856014728546
1.4565836191177368
2.279832124710083
3.408982992172241
3.9391119480133057
0.0
0.0
0.009417500346899033
0.6492792963981628
2.034862995147705
0.0
0.0
0.18644088506698608
0.0
0.0
0.6051415205001831
0.0
0.2379295527935028
0.0
0.0
0.0
0.0
0.0
0.3894040584564209
0.0
0.0
0.0
0.0
0.0
0.0
0.0
0.0
0.0
0.0
0.0
0.0
0.0
0.0
1.105143427848816
0.0
0.0
0.4189387857913971
0.49237602949142456
0.24685782194137573
0.0
0.0
0.0
0.0
0.0
0.0
0.0
0.0
0.0
0.0
0.0
0.0
0.6415778398513794
0.22483380138874054
1.472298502922058
0.8766196966171265
0.21189504861831665
0.0
0.7128955721855164
0.9509962797164917
2.2762551307678223
1.690847396850586
1.9995814561843872
1.7418800592422485
0.8453331589698792
0.04178409278392792
0.27387896180152893
0.1633516401052475
2.0635898113250732
1.2000020742416382
0.27833837270736694
1.0805318355560303
1.0181188583374023
0.0
0.0
0.0
0.9351410865783691
0.8675503730773926
0.0
1.5503349304199219
0.9894946217536926
0.0
0.0
0.0
0.3556499183177948
1.4974195957183838
1.6253951787948608
1.2124929428100586
0.6402508616447449
0.28695374727249146
0.0
0.7535391449928284
1.4145519733428955
2.2830753326416016
1.7769633531570435
0.0
0.0
0.0
0.0
0.0
0.10733772814273834
0.0
0.0
0.0
0.0
0.0
0.0
0.16082581877708435
0.0
0.48526424169540405
0.0
0.0
0.0
0.0
0.0
0.2413514107465744
0.0
0.7966881394386292
0.0
0.0
0.0
0.0
0.0
0.0
0.0
0.0
0.0
0.49290770292282104
0.0
1.6457500457763672
0.0
0.28560870885849
0.834697961807251
0.0
1.3950456380844116
0.9157111048698425
2.0572972297668457
0.0
0.0
0.518108069896698
2.1334404945373535
0.1826029270887375
0.0
0.5241798758506775
1.2629611492156982
0.0
0.2842521071434021
0.0
1.0133267641067505
0.0
0.0
0.0
0.0
0.0
0.32931867241859436
0.7740483283996582
0.0
0.0
0.0
0.0
0.0
0.0
0.0
0.16239061951637268
0.0
0.0
0.0
0.0
0.0
0.0
0.0
0.0
0.0
0.0
0.0
0.0
0.0
0.0
0.0
0.0
0.0
0.0
0.0
0.0
0.0
0.0
0.3173379898071289
0.0
0.0
0.0
0.0
0.0
0.0
0.2008216828107834
0.22791601717472076
1.0397053956985474
0.1261400431394577
0.0
0.0
0.0
0.0
0.0
0.0
0.6159519553184509
1.2034364938735962
0.7115137577056885
0.013399414718151093
0.3418622612953186
0.9199408888816833
0.6196027398109436
0.0
0.6731505990028381
2.1907036304473877
2.7918131351470947
3.032165765762329
2.879733085632324
1.2480708360671997
0.6851695775985718
0.3720599412918091
2.7585859298706055
2.3730099201202393
1.264838695526123
0.0
0.0
0.0
0.0
0.0
1.573032021522522
1.854875087738037
0.9141407608985901
0.5160017609596252
0.0
0.6573851108551025
0.9335814714431763
1.152266502380371
0.0
0.0
0.0
0.0
0.0
0.0
0.0
0.4504382312297821
0.0
0.3077971637248993
0.0
0.0
0.7462379932403564
0.0
0.0
0.0
0.0
0.7336196303367615
0.0
0.0
0.43986228108406067
1.1722922325134277
0.0
0.0
0.5456381440162659
0.07057851552963257
0.0
0.0
0.09082776308059692
0.6059046983718872
0.0
0.024728354066610336
0.0
0.2796139121055603
0.30071666836738586
2.2396037578582764
3.161172866821289
2.10461688041687
0.0
0.0
0.0
0.7441083192825317
0.9552828669548035
0.0
0.0
0.7369592785835266
0.0
0.0
0.8546941876411438
0.7186048626899719
0.543448805809021
0.0
0.0
0.490629106760025
0.0
0.0
0.0
0.39440661668777466
0.33743730187416077
0.0
0.0
0.0
0.0
0.5931931138038635
0.6369971036911011
0.0
0.5389692783355713
1.1687136888504028
3.340136766433716
2.71506404876709
0.1785268783569336
1.4396833181381226
2.936645269393921
0.0
1.548364281654358
2.272376298904419
3.894085168838501
4.953112602233887
1.4219746589660645
0.0
0.0
0.0
0.35334116220474243
0.0
0.0
1.1988425254821777
0.0
0.0
0.0
0.0
0.0
0.0
0.0
0.0
0.35559552907943726
0.0
0.0
0.0
0.0
0.0
0.0
0.0
0.4099823236465454
0.1863839328289032
0.0
0.0
0.0
0.0
0.0
0.0
0.24584601819515228
0.7064034342765808
0.0
0.0
0.0
0.0
0.0
0.0
0.4641883969306946
0.0
0.0
0.0
0.0
0.0
0.2359306514263153
0.723073422908783
0.6763674020767212
0.0
0.0
0.0
0.0
0.0
0.0
0.0
0.11134805530309677
0.0
0.0
0.0
0.0
0.36705851554870605
1.457656741142273
1.9498534202575684
0.9060497879981995
0.0
0.8849332332611084
0.6075160503387451
2.4358081817626953
2.35319185256958
2.5446362495422363
1.507061243057251
0.0
0.0
2.009129524230957
3.0277719497680664
2.0562212467193604
0.0
1.956583023071289
0.0
0.0
0.0
0.0
0.6090654134750366
0.7075511813163757
1.1159905195236206
1.977743148803711
0.0
0.737887978553772
0.0
0.0
0.2601347863674164
0.9095698595046997
1.3144259452819824
1.3344213962554932
2.330812931060791
1.285994529724121
0.0
0.4736345410346985
1.6354694366455078
1.9799299240112305
2.6858718395233154
1.6630955934524536
1.4470746517181396
0.0015055896947160363
0.29125362634658813
0.09741538017988205
0.8550470471382141
1.0691275596618652
0.2509412169456482
0.0
0.0
0.0
0.0
0.07484352588653564
0.8248704671859741
0.6359080076217651
0.0
0.0
0.0
0.7236307263374329
0.0
0.059660714119672775
0.5134148001670837
0.0
0.0
0.0
0.0
0.0
0.0
0.0
0.0
0.0
0.0
0.0
0.0
0.0
0.4009478688240051
0.0
0.0
0.017942866310477257
0.6832042336463928
0.6094872355461121
0.12694977223873138
0.0
0.38446125388145447
1.7670669555664062
0.27110153436660767
0.0
0.6837521195411682
0.6047433018684387
0.8595916628837585
0.0
0.6457688212394714
2.777056932449341
1.6491460800170898
0.17925021052360535
0.0
0.10981809347867966
0.24170562624931335
0.0
0.3286270499229431
0.26564499735832214
0.35099849104881287
0.9398665428161621
0.14593437314033508
0.0
0.5033988952636719
1.6987056732177734
1.0833295583724976
0.4841201603412628
0.11301859468221664
1.6863397359848022
0.060577310621738434
0.028690293431282043
0.32426509261131287
0.5343583822250366
0.7182576656341553
0.0
0.0
0.6410794854164124
0.0
0.0
0.0
0.0
5.742285251617432
3.6096746921539307
1.097247838973999
2.0663001537323
0.16992433369159698
0.0
0.0
0.0
1.856345295906067
0.006262585055083036
2.6783323287963867
0.04157598316669464
0.0
0.0
0.0
0.0
0.42481133341789246
0.0
0.0
0.0
0.0
0.0
0.0
0.0
0.6542077660560608
0.0
0.022141575813293457
1.6276859045028687
0.0
2.3605058193206787
0.34571483731269836
1.0933853387832642
2.7139506340026855
0.2702491283416748
0.027323365211486816
0.0
0.0
0.35357439517974854
0.0
0.0
0.4919898211956024
0.7740259766578674
1.9905726909637451
0.0
0.0
0.0
0.0
0.4615662097930908
0.5942990779876709
0.39616069197654724
0.921184778213501
0.0
0.0
0.85650235414505
1.1927156448364258
3.3546013832092285
0.1771983653306961
0.18313287198543549
0.0
0.0
0.0
0.0
0.0
0.03678101301193237
0.0
0.0
0.29383236169815063
0.0
0.0
3.377774715423584
1.4074945449829102
0.0
0.23841631412506104
0.0
0.3905017375946045
0.6579700112342834
0.6814919114112854
2.2006046772003174
1.6598560810089111
0.0
1.8207699060440063
0.8658971786499023
0.257406622171402
0.0
0.0
0.0
0.0
0.0
0.0
0.0
0.0
0.0
0.0
0.0
0.0
0.0
0.0
0.0
0.18866372108459473
0.0
0.0
0.0
0.0
0.0
0.0
0.0
0.11216950416564941
1.3156447410583496
0.8441693186759949
1.245605707168579
1.198367953300476
0.22738835215568542
0.2334289252758026
0.4169665277004242
1.1621897220611572
1.1220221519470215
0.18957819044589996
0.20976522564888
0.11664831638336182
1.6573503017425537
1.0026284456253052
1.4223015308380127
0.0
0.6444602012634277
0.6226655840873718
0.18888802826404572
0.8298265933990479
0.0
1.4120360612869263
0.25608691573143005
0.0
3.8182778358459473
7.890649795532227
0.5814497470855713
1.4419269561767578
0.9078571796417236
1.1749346256256104
0.7633263468742371
2.3915152549743652
2.704812526702881
1.7790706157684326
0.6503767967224121
1.2397727966308594
1.8171437978744507
0.0
0.0
0.983055830001831
1.5961143970489502
0.35125815868377686
1.1255148649215698
0.8375290632247925
0.0066238525323569775
0.0
0.0
0.8005473613739014
0.0
0.0
0.0
0.0
0.0
0.0
0.0
0.3310118317604065
0.5182637572288513
0.0
0.0
0.0
1.9497703313827515
1.228103756904602
2.197589635848999
0.0
0.5997018814086914
0.0
0.0
0.0
0.45036280155181885
0.0
1.495028018951416
0.8098525404930115
0.0
0.32266345620155334
0.0
0.0
0.0
1.762373447418213
0.9814262390136719
0.6930065155029297
0.0
0.0
0.0
0.0
0.359505295753479
0.0
0.11057797074317932
1.03800630569458
0.46885329484939575
0.0
0.0
0.0
0.0
1.359555721282959
1.9536151885986328
1.1396653652191162
1.3937454223632812
0.17168273031711578
0.0
0.0
0.46847426891326904
2.474735736846924
0.3275657296180725
0.3884097635746002
0.0701180100440979
1.1091774702072144
2.525784492492676
0.0
1.0409256219863892
1.4811534881591797
0.8669032454490662
0.1497625857591629
0.7267465591430664
0.8412251472473145
0.6019426584243774
0.7756664752960205
2.127805233001709
0.0
2.1275393962860107
1.2775055170059204
0.0
0.6575247645378113
0.0
0.0
1.2249042987823486
0.0
0.0
0.13229252398014069
0.0
0.0
0.0
0.0
0.01166844367980957
0.0
0.0
0.0
0.0
0.0
0.0
0.004307305905967951
0.44384145736694336
0.4826572835445404
0.0
0.5107163190841675
2.2748632431030273
0.4635505676269531
0.1293727159500122
0.0
0.0
2.4753127098083496
3.2917637825012207
2.11881160736084
2.625415802001953
0.9704181551933289
0.8122108578681946
0.0
2.7714462280273438
0.0
0.0
0.8670713901519775
0.0874081403017044
0.0
1.8508872985839844
0.0
0.4807083308696747
0.0
0.0
0.8458224534988403
1.0253629684448242
0.5157824158668518
1.009204626083374
0.1855028122663498
0.23395776748657227
0.0
1.7360615730285645
1.1386852264404297
1.2386705875396729
0.7147770524024963
0.478951632976532
1.297050952911377
0.17113372683525085
0.0
1.171929955482483
0.0
0.7093379497528076
0.06182888522744179
0.41186150908470154
0.3674248158931732
0.0
0.0
0.0
1.0248521566390991
1.5469136238098145
1.1732966899871826
0.619316041469574
0.9076665639877319
0.3032591640949249
2.0508036613464355
0.0
0.0
0.816689133644104
1.0512471199035645
0.9387751817703247
1.9138462543487549
0.5519108772277832
0.0
0.0
0.6379571557044983
0.04343121498823166
0.0
0.8604702949523926
0.11796212196350098
0.0
2.7487878799438477
1.8831813335418701
1.5554430484771729
0.0
0.24982225894927979
3.052420139312744
0.2507378160953522
0.0
0.925723671913147
0.0
0.0
0.0
0.07068169116973877
1.5697262287139893
1.3761008977890015
0.0
0.0
0.0
0.0
0.0
0.0
0.6402785778045654
2.0269665718078613
0.2505030632019043
0.0
0.0
0.0
0.0
0.0
0.0
0.5447793006896973
1.1237812042236328
0.0
0.0
0.07781004905700684
0.0
0.0
0.38285163044929504
0.6022858023643494
0.0
0.0
0.0
0.0
0.28376686573028564
0.0
0.0
0.0
1.0566129684448242
0.10589884966611862
0.0
0.0
0.6259226202964783
0.0
0.0
0.9596623182296753
0.5975261330604553
0.5822476744651794
0.0
0.35728347301483154
1.1548268795013428
0.23323318362236023
0.0
0.0
0.08519213646650314
0.35791635513305664
0.0
0.13124418258666992
2.3031880855560303
2.0919296741485596
0.0
0.0
0.0
0.1271015703678131
0.009454607963562012
1.4918110370635986
0.0
0.0
0.0
0.0
0.0
0.0
0.0
0.6445968747138977
0.4794323444366455
1.1451786756515503
1.462348222732544
0.0
0.5718206167221069
0.0
0.0
0.51334547996521
0.5998997688293457
0.21596688032150269
0.6533306837081909
0.5162870287895203
0.9079748392105103
0.07284612953662872
1.5324974060058594
0.7635194063186646
0.1535203754901886
0.0
0.0
0.0
0.0
0.0
1.0274970531463623
1.0255768299102783
0.0
0.0
0.0
0.09901555627584457
0.0601557120680809
0.0
0.0
0.5101141929626465
0.0
0.0
0.08181250840425491
1.162245273590088
1.2443327903747559
0.8730139136314392
0.762835681438446
0.0
0.0
0.0
0.0
0.0
0.7391637563705444
0.0
0.0
1.0275787115097046
0.0
0.0
0.0
0.0
0.0
0.0
0.0
0.32579347491264343
0.6132993698120117
0.0
0.0
1.17107093334198
0.0
0.0
0.0
0.6948199272155762
1.9945220947265625
2.465196371078491
2.8807077407836914
4.4243855476379395
0.0
0.7273624539375305
0.0
3.093677043914795
2.2445268630981445
2.6361641883850098
3.2289915084838867
3.107203960418701
0.0
0.6326748728752136
2.149980306625366
1.8927102088928223
1.7870441675186157
0.0
2.416980266571045
0.3667905628681183
0.0
0.0
1.5552433729171753
2.8560686111450195
2.3133997917175293
0.29530441761016846
0.0
0.24683627486228943
0.0
0.7159099578857422
0.0
0.9044731855392456
0.26500481367111206
0.45948147773742676
0.11682078242301941
0.4176614284515381
0.0
0.17305850982666016
0.4390217661857605
0.0
0.6904531717300415
0.0
0.0
0.0
0.6687594652175903
0.0
0.5918546915054321
0.0
0.0
0.0
0.44514167308807373
0.0
0.0
0.0
0.0
0.0
0.598672091960907
1.5318810939788818
0.10621252655982971
0.0
0.0
0.0
0.0
0.0
0.2512783706188202
0.5833452343940735
0.0
2.580548048019409
0.5809465646743774
0.0
0.0
0.0
0.16215956211090088
0.0
0.0
0.04757976531982422
0.6847554445266724
0.0
0.0
0.0
0.0
0.0
0.0
0.0
0.6344262361526489
0.0
0.0
0.0
1.5145034790039062
1.8666789531707764
2.6067802906036377
3.2111589908599854
3.362445116043091
1.331992506980896
0.04058527946472168
0.0
2.731316089630127
3.5602779388427734
3.6491894721984863
2.628565549850464
2.7005064487457275
0.0
0.0
0.29163843393325806
0.0
0.0
0.0
0.0
0.2838444709777832
0.0
0.0
0.0
0.0
0.0
1.7518980503082275
0.0
0.0
1.391796588897705
0.0
0.0
0.8653942346572876
1.4158995151519775
0.0
1.1668649911880493
1.4275130033493042
3.3376193046569824
1.6285638809204102
1.4702088832855225
0.8701519966125488
2.229262113571167
0.0
0.0
0.36163151264190674
3.580268621444702
3.5530145168304443
0.24375510215759277
0.4108363389968872
1.934628963470459
0.0
0.0
0.6783405542373657
0.4732168912887573
0.9601579308509827
0.48436665534973145
0.6283581852912903
1.8861026763916016
0.552339494228363
0.2410617470741272
0.0
2.1374125480651855
0.0
0.0
0.8432893753051758
0.12212330102920532
0.1823127418756485
0.0
0.0
2.649038791656494
3.0446743965148926
0.0
1.0247879028320312
0.0
0.0
0.0
0.4016435146331787
0.0
0.0
0.2695387005805969
0.0
0.0
0.0
0.0
0.11900100111961365
0.013758599758148193
1.1892356872558594
2.7122974395751953
0.9979363679885864
0.0
0.0
0.0
0.0
0.564778208732605
1.8832604885101318
1.7101739645004272
0.8912513256072998
0.3372514247894287
0.0
1.1907958984375
1.1528552770614624
0.4950130581855774
0.32189053297042847
0.9688289165496826
1.6590526103973389
1.9020860195159912
0.7505210638046265
0.8930502533912659
0.9947996735572815
0.29644864797592163
0.21096356213092804
3.017094612121582
1.9609286785125732
0.860680341720581
0.5909309983253479
0.10238867998123169
0.9218465089797974
0.5473924875259399
0.8894453644752502
1.3163750171661377
0.741655707359314
0.2933658957481384
0.0
0.4937320351600647
0.7475574016571045
0.2926974296569824
0.0
0.0
0.0
0.0
0.0
0.0
0.0
0.7158159017562866
0.3655838966369629
0.0
0.735862672328949
0.0
0.5978858470916748
0.7794536352157593
0.18809443712234497
0.0
0.0
0.0
1.5472793579101562
0.49293816089630127
1.1680049896240234
0.572536826133728
0.0
0.0
0.0
0.0
1.006117820739746
0.8184916377067566
0.1118820309638977
0.0
0.0
0.0
0.0
0.28141704201698303
0.3534606695175171
0.0
0.0
0.0
0.0
0.0
0.0
0.0
0.0
1.0504297018051147
0.0
0.0
0.0
0.0
0.0
0.0
0.0
0.0
0.0
0.7566108703613281
0.0
0.0
0.0
0.7524628639221191
1.310838222503662
0.638279378414154
0.0
1.9924075603485107
0.0
1.5930253267288208
0.027464628219604492
0.42154255509376526
0.6743875741958618
0.40901505947113037
1.2133978605270386
0.5177338123321533
0.16474050283432007
0.0
5.355725288391113
0.0290132537484169
0.0
0.0
0.23621296882629395
0.7998405694961548
0.0
0.0
0.1342012733221054
1.498786211013794
0.4734938144683838
1.3762304782867432
0.0
0.0
0.0
0.0
0.0
1.2506223917007446
0.0
0.0
0.0
0.0
0.0
0.0
0.3750484883785248
0.9999686479568481
0.0
0.0
0.0
0.0
0.0
0.0
0.0
1.6604974269866943
0.590099573135376
0.0
0.5968475341796875
1.0598350763320923
0.19351372122764587
0.0
0.0
0.0
0.0
0.0
0.025915145874023438
0.0
0.4358413517475128
0.0
0.28577879071235657
0.8071523904800415
0.338378369808197
0.5639123916625977
0.0
0.0
0.0
0.0
0.5035628080368042
0.0
0.6425866484642029
1.2197167873382568
0.6491506695747375
0.3144306242465973
0.0
0.0
0.7201898097991943
0.9735267162322998
1.1547682285308838
0.4904138743877411
0.0
0.0
0.10172438621520996
0.29392313957214355
0.0
0.0
0.0
0.0
0.0
0.0
0.0
0.7075932025909424
0.0
0.0
1.6309614181518555
0.0
0.0
0.0
0.0
3.67917799949646
1.8134962320327759
0.0
0.0
0.0
1.6629430055618286
0.3606816530227661
0.0
1.513232946395874
2.0495574474334717
0.0
0.8332713842391968
0.0
1.3186637163162231
0.0
0.0
1.4331231117248535
0.8558007478713989
0.33758240938186646
0.0
0.0
0.2839139699935913
0.0
0.0
1.513667345046997
1.2883758544921875
2.169858932495117
0.010450415313243866
1.5545886754989624
0.25746479630470276
0.7457414269447327
0.0
0.0
1.7377049922943115
2.2664599418640137
0.0
0.0
0.0
0.0
0.0
0.13816598057746887
0.0
0.0
0.0
0.0
0.5724725723266602
0.4930645227432251
1.028625726699829
1.8257126808166504
1.9399712085723877
2.341303825378418
1.955202341079712
2.2304892539978027
0.11532068252563477
0.8290073871612549
2.2820136547088623
0.13946834206581116
0.1823253631591797
1.5206315517425537
0.0
1.041296124458313
1.4655773639678955
0.0
0.7939152121543884
0.0
0.0
0.14366434514522552
0.09860078990459442
0.018749602138996124
0.8758482336997986
0.0
0.0
0.0
0.0
0.0
0.006342294625937939
0.10021969676017761
0.724247395992279
0.0
0.0
0.0
0.0
0.0
0.0
0.0
0.0
0.0
0.24311669170856476
0.0
0.0
0.0
0.0
0.0
0.0
0.0
0.0
0.0
0.0
0.0
0.18881100416183472
3.235617160797119
2.1347103118896484
0.9843353629112244
0.6831755042076111
0.0
0.0
0.780200719833374
0.7206400632858276
0.8834603428840637
0.3904477655887604
0.0
0.0
0.0
0.0
0.0
0.5722284317016602
0.0
0.0
0.0
0.0
1.7268747091293335
1.8212188482284546
0.17146532237529755
1.4588314294815063
0.3941338062286377
0.0
0.0
1.9287244081497192
2.4931294918060303
1.7044858932495117
0.0
0.0
0.0
0.29123127460479736
0.0
3.2127585411071777
0.4856562316417694
0.0
0.0
0.0
0.0
0.5545721054077148
0.0
0.7907886505126953
0.6591479182243347
3.4468963146209717
0.0
0.0
0.0
0.0
0.0
1.9657769203186035
0.8591619729995728
0.6130985617637634
0.9633991718292236
0.0
0.10417045652866364
0.0
0.4029054343700409
0.0
1.7469902038574219
0.0
0.0
0.0
0.0
0.0
0.0
1.3983757495880127
1.5984294414520264
0.0
0.0
0.0
0.0
0.0
0.0
1.167385458946228
0.48197534680366516
0.0
0.0
0.0
0.0
0.0
0.0
0.0
1.1446806192398071
0.0
0.0
0.0
0.49064499139785767
1.5525527000427246
1.770276427268982
0.0
1.9663584232330322
1.8467929363250732
0.0
0.7435323596000671
2.2977705001831055
0.0
0.5089740753173828
0.0
3.3931806087493896
1.7160418033599854
0.0
0.11686533689498901
1.779246211051941
1.3904461860656738
2.73848295211792
1.19850754737854
0.6998534202575684
0.25246503949165344
0.0
0.1997985541820526
1.6076164245605469
0.0
1.0972896814346313
0.0
1.1779425144195557
0.0
0.3336746394634247
2.280522346496582
0.9585154056549072
1.470645546913147
3.2178683280944824
3.2153029441833496
3.6039915084838867
4.791498184204102
0.0
5.051144123077393
1.7585644721984863
1.578862190246582
1.4996259212493896
3.2885994911193848
1.721376895904541
4.21573543548584
4.009322643280029
4.088582992553711
2.1315724849700928
2.0185787677764893
2.1855125427246094
3.3004486560821533
0.42946839332580566
0.37007009983062744
0.6693520545959473
0.0
1.5404926538467407
0.0
0.0
0.0
0.0
0.0
0.14722928404808044
0.0
0.866692066192627
0.43747422099113464
0.36669614911079407
0.021466199308633804
0.0
1.3592625856399536
0.0
0.0
0.5465692281723022
0.9042913913726807
0.22046339511871338
0.0
0.6841446161270142
0.0
0.0
1.9970327615737915
1.3196710348129272
2.0205881595611572
1.4227769374847412
1.8466503620147705
0.0
0.0
0.0
0.8924593925476074
1.8897738456726074
1.1936216354370117
2.3145835399627686
2.8994300365448
0.6587749719619751
0.0
0.0
2.7266032695770264
0.48239120841026306
0.0
0.0620654821395874
0.8079262971878052
0.0
1.126882553100586
3.299814224243164
0.8229258060455322
0.4090830981731415
0.20245569944381714
0.6473549604415894
0.11462265253067017
0.35625940561294556
0.0
0.0
0.04933873564004898
0.16746440529823303
0.4481342136859894
1.0406179428100586
1.3949689865112305
0.15830907225608826
0.0
0.0
0.8327397704124451
0.0
2.0207109451293945
3.381622791290283
0.0
2.829223155975342
1.289320945739746
0.0
0.8633074164390564
0.0
3.535753011703491
9.742208480834961
4.225193977355957
0.6130062341690063
1.831343412399292
0.0
0.0
2.4012439250946045
0.07264457643032074
1.0324519872665405
4.406420707702637
0.0
0.0
0.0
0.0
0.3874107897281647
0.17983147501945496
0.0
0.8195202350616455
0.0
0.0
0.0
0.0
0.0
0.0
0.0
0.0
1.2704436779022217
0.0
0.0
0.0
1.3616080284118652
0.0
0.0
0.0
1.5354936122894287
0.0
0.0
1.5368574857711792
0.0
0.0
0.0
0.0
0.0
0.0
0.0
0.0
0.0
0.0
0.12757305800914764
0.2551378011703491
0.0
0.0
0.0
0.8916853666305542
0.8871374130249023
0.0
0.0
0.0
0.0
0.5398087501525879
2.176208972930908
0.4505753517150879
0.0
0.9300148487091064
0.0
0.20114189386367798
0.0
0.7178629636764526
0.38405513763427734
0.6826908588409424
1.724269151687622
2.3346333503723145
0.0
1.3879433870315552
0.0
0.0
0.0
3.18765926361084
1.6787773370742798
1.1912140846252441
3.3095502853393555
1.0612599849700928
0.0
0.0
1.2689063549041748
2.1834845542907715
1.4699592590332031
0.1818963885307312
0.12116730213165283
0.0
0.0
1.4314467906951904
2.310223340988159
1.7769441604614258
0.836174726486206
0.0
0.07075425982475281
0.0
0.0
2.711512565612793
0.8804494738578796
0.46300384402275085
1.4124939441680908
1.9195636510849
2.157287836074829
1.6805075407028198
0.0
0.0
0.853455662727356
0.3311312198638916
1.4474161863327026
1.7106941938400269
1.7931218147277832
0.0
0.0
0.584736704826355
0.0
0.28409409523010254
0.2424544394016266
1.6715548038482666
1.5303398370742798
1.3328049182891846
1.5913348197937012
2.054152488708496
0.0
3.1375067234039307
3.385411500930786
0.0
0.0
2.257143020629883
0.309183269739151
0.257047176361084
0.39173704385757446
0.0
0.0
0.0
0.0
2.8023674488067627
0.0
0.0
0.0
0.0
0.0
0.0
0.0
0.0
0.0
0.0
1.3584775924682617
0.6531827449798584
0.0
0.0
0.003962159156799316
2.12971830368042
0.22826287150382996
0.0
0.0
2.2417826652526855
0.0
2.2989277839660645
0.0
3.016341209411621
1.3214727640151978
1.402241587638855
0.0
0.2960239052772522
0.9506357312202454
0.0
0.0
0.7722792625427246
0.0
1.9373890161514282
1.7762978076934814
0.6676729917526245
0.947215735912323
0.0
0.38040465116500854
0.951237142086029
0.21697771549224854
1.051803708076477
1.4634990692138672
0.0
0.9572956562042236
2.6735994815826416
1.5957765579223633
1.4827698469161987
0.7379796504974365
0.5680713057518005
0.9473469257354736
0.4002372622489929
1.0989986658096313
0.0
0.0
0.0
0.0
0.01158490777015686
0.0
0.0
0.0
0.0
0.0
0.0
0.0
0.0
0.0
0.0
0.0
0.0
0.0
0.17233917117118835
0.0
0.0
0.0
0.2387903928756714
0.0
0.0
0.0
0.3049134612083435
1.0609670877456665
0.0
0.0
2.6198647022247314
2.5851893424987793
2.751986026763916
4.2835917472839355
4.4931321144104
0.0
0.0
0.0
1.8891143798828125
2.8084332942962646
0.005400419235229492
0.018503546714782715
0.8465589880943298
0.0
0.0
0.0
1.4708507061004639
0.5713778734207153
0.0
0.0
0.0
0.1045200452208519
0.0
0.0
0.0
0.0
0.0
0.0
0.0
0.03902171924710274
0.0
0.7184239625930786
0.0
0.7343122363090515
2.508974075317383
1.6242399215698242
0.0
2.825579881668091
1.3869191408157349
3.3857336044311523
1.3518863916397095
1.4941197633743286
1.6872024536132812
1.3010263442993164
0.7424560189247131
2.192272663116455
2.2177133560180664
0.8064979910850525
0.0
0.9915764927864075
1.771193027496338
0.5718218684196472
0.8783567547798157
1.1131383180618286
2.0978968143463135
0.0
0.0
0.24241754412651062
0.0
0.0
0.8405777215957642
0.4186611771583557
1.6542960405349731
1.9339709281921387
0.2925839424133301
0.4647979140281677
0.0
0.5819543600082397
3.000274419784546
2.155902624130249
2.1010448932647705
3.905142068862915
1.1883389949798584
0.0
0.0
0.3026079535484314
3.5779337882995605
1.337551236152649
1.391867756843567
0.0
0.0
0.34634697437286377
0.35658979415893555
0.6244860887527466
2.242370367050171
0.0
0.0
0.0
0.0
0.0
0.0
1.6415753364562988
1.2492889165878296
0.0
0.0
0.0
0.0
0.0
1.0885305404663086
4.255228519439697
2.468557834625244
0.02148345112800598
1.1018712520599365
0.0
0.137227863073349
2.00382661819458
0.0
2.0347890853881836
0.41342031955718994
0.19318604469299316
0.0
0.0
0.2576216459274292
0.0
0.0
1.173433780670166
0.0
0.3677106499671936
0.0
0.12030696868896484
0.0
0.0
1.215043544769287
0.0
0.6760702133178711
0.06146794557571411
0.0
0.0
0.0
0.0
0.0
0.0
0.0
1.469305157661438
0.0
0.0
0.0
0.0
0.0
0.05148816108703613
0.0
1.9476795196533203
0.10843674838542938
0.0
0.6207050085067749
0.0
0.283389151096344
0.0
0.249750018119812
0.20059800148010254
0.18763744831085205
0.9101955890655518
0.6807879209518433
1.1276298761367798
0.22493308782577515
0.0
0.0
1.7390691041946411
0.7895137071609497
2.0235965251922607
2.911318063735962
2.697854995727539
0.4941748082637787
0.0
0.0
1.5629963874816895
0.8396749496459961
2.62611722946167
1.1596126556396484
0.4695843458175659
0.20381218194961548
0.0
0.0
0.9301532506942749
0.3770959973335266
1.1496928930282593
0.0
0.0
1.2769982814788818
0.0
0.0
0.6145482063293457
0.0
0.0
0.0
0.0
0.0
0.0
0.0685734748840332
0.0
0.18093347549438477
0.0
0.0
0.0
0.0
0.0
0.0
0.0
0.085791677236557
0.6319016218185425
0.0
0.0
0.0
0.0
1.2535922527313232
0.0
0.0
0.0
0.0
0.0
0.5266245603561401
1.2373095750808716
1.3688023090362549
0.0
0.24900853633880615
0.8658813238143921
0.0
0.5405373573303223
0.0
0.0
1.464614748954773
0.0
0.0
0.0
0.0
0.0
0.0
0.0
0.0
0.0
0.0
0.0
0.0
0.0
0.0
0.0
0.0
0.278877854347229
0.0
0.5827319622039795
0.0
0.0
0.0
0.0
0.0
0.0
0.0
1.5085903406143188
1.934467077255249
1.3488595485687256
0.7525705099105835
0.9543430805206299
0.2296038717031479
0.0
0.0
0.15304595232009888
1.3014559745788574
1.0358247756958008
2.1069116592407227
0.5358293056488037
0.28405123949050903
0.0
0.3710538148880005
0.6700958609580994
0.682582676410675
0.10225832462310791
0.0
0.0
0.0
0.0
0.0
0.13807475566864014
0.0
0.0
0.0
0.0
0.0
0.26949575543403625
0.9307506084442139
0.0
0.0
0.0
0.0
0.0
0.0
0.0
0.11309970170259476
0.14467176795005798
0.0
0.0
0.3703805208206177
1.0554413795471191
0.0
0.0
0.0
0.0
0.3575465679168701
0.0
0.6563472747802734
3.877732276916504
0.7688169479370117
0.0
0.0
0.0
1.6587435007095337
0.0
0.0
0.6653726696968079
0.3087404668331146
0.0
0.0
0.07064908742904663
0.0
1.3444780111312866
1.4041167497634888
1.3522109985351562
0.00871872715651989
0.0
0.3043658137321472
1.2012470960617065
0.0
0.05211371183395386
0.0
0.0
0.0
0.0
0.0
1.2121437788009644
0.0
0.03737173601984978
0.0
0.0
0.0
0.0
0.09896710515022278
0.0
0.0
0.0
0.0
0.0
0.0
0.15345090627670288
0.0
0.0
0.9483090043067932
0.0
0.3325877785682678
0.7311331629753113
0.0
0.7081049084663391
0.6354363560676575
0.0
0.1420801728963852
0.0
5.420639991760254
5.3845696449279785
0.2430742383003235
1.5131157636642456
0.7009828686714172
0.0
0.4968036115169525
2.071444034576416
0.11902659386396408
2.9686450958251953
1.6193233728408813
0.0
0.0
0.0
0.5165201425552368
0.0
0.0
0.0
0.0
0.0
0.7825829982757568
0.0
0.0
0.0
1.105283498764038
1.3920186758041382
0.0
0.0
0.3596976399421692
2.9324851036071777
0.0
0.0
0.0
0.0
0.0
0.0
0.0
0.44328075647354126
1.3832616806030273
0.0
0.0
0.0
0.0
0.0
0.0
0.0
0.0
0.0
0.0
0.0
0.6084333062171936
0.0
0.0
0.0
0.0
0.0
0.0
0.0
0.0
0.47518789768218994
0.6893736124038696
0.0
0.0
0.0
0.5203844904899597
1.865393877029419
0.9774025678634644
0.0
0.0
0.0
0.0
2.154834032058716
0.7826710939407349
0.0
0.0
0.4426294267177582
0.0
0.0
1.302795171737671
0.2082744836807251
0.0
0.0
2.033149242401123
0.0
0.0
0.0
1.1867356300354004
0.02740340493619442
0.0
0.46578335762023926
0.0
0.0
0.0
0.0
0.0
0.0
0.0
0.0
0.0
0.6217851638793945
1.4198570251464844
0.0
0.7194876670837402
1.8709940910339355
0.0
0.0
0.5838287472724915
0.032316356897354126
0.13982892036437988
0.0
0.0
0.0
0.0
0.0
0.0
0.11414752900600433
0.0
0.44635719060897827
0.6908667683601379
0.0
0.0
0.11571172624826431
0.0
3.5709142684936523
0.5673818588256836
0.4118807911872864
1.6407008171081543
0.09580672532320023
1.4593101739883423
2.696516990661621
0.7182070016860962
2.3699071407318115
2.395779609680176
0.6613287925720215
0.0
2.0898075103759766
1.088952898979187
0.5899722576141357
1.883758544921875
0.0
0.0
2.1459741592407227
1.9724448919296265
1.138572335243225
0.6454508304595947
0.5797234177589417
2.61706805229187
0.0
0.3056350350379944
1.7466912269592285
2.6195154190063477
3.0382490158081055
3.0054194927215576
2.4228427410125732
0.1708526313304901
0.9249605536460876
1.1459503173828125
0.7112720012664795
0.5444318056106567
0.38546472787857056
0.6367809772491455
1.026245355606079
0.1308993697166443
0.17037653923034668
1.5983893871307373
0.0
0.0
0.0
0.0
0.0
0.2938830256462097
0.804438591003418
0.0
0.0
0.3720826506614685
0.35280779004096985
0.3872406482696533
0.2033238559961319
2.2933454513549805
0.49110785126686096
0.0
0.6651901006698608
0.0
0.0
0.2097470462322235
1.4888228178024292
0.0
1.5659751892089844
0.5030211806297302
0.0
1.2043561935424805
1.5868196487426758
0.0
2.1050567626953125
0.4837106466293335
0.7348858714103699
2.4492645263671875
0.35273006558418274
1.3083510398864746
0.5884194374084473
0.13348054885864258
0.0
3.70045804977417
0.0
1.6924421787261963
0.0
0.5998701453208923
0.0
0.0
0.0
0.30702224373817444
0.0
1.4408190250396729
0.0
0.07856392860412598
0.0
0.5845447778701782
0.0
0.0
0.9400376081466675
0.0
1.2682960033416748
0.0
2.3415632247924805
0.5197820663452148
0.5918565392494202
1.1801215410232544
0.724997878074646
2.2830796241760254
0.0
0.0
0.0
0.0
0.0
0.0
0.0
2.305058479309082
1.8207875490188599
0.20121945440769196
0.0
0.0
0.0
0.8308784365653992
0.45764678716659546
0.8739315867424011
0.0
0.0
0.0
0.06023705005645752
1.0285139083862305
0.017233651131391525
0.0
0.24603188037872314
0.0
0.7325985431671143
0.8353897929191589
0.0
0.23768723011016846
0.0
0.0
0.0
0.0
1.083418369293213
0.0
0.0
0.0
0.0
0.0
0.09663958847522736
0.0
0.0
0.0
0.0
0.0
0.5867069959640503
0.0
0.0
0.211822509765625
0.0
0.0
0.9692367315292358
1.3918979167938232
1.6220703125
0.0
0.0
0.7504574060440063
3.251256227493286
1.1984715461730957
4.18521785736084
2.858572483062744
0.0
0.0
0.48306530714035034
2.8918862342834473
2.2167844772338867
2.258286952972412
1.838942289352417
0.2812385857105255
0.0
0.0
0.0
1.2492493391036987
0.0
0.0
0.0
0.2508852481842041
0.0
0.0
0.0
0.0
0.0
0.0
0.0
0.0
0.0
0.0
0.0
0.2251342236995697
0.9281675219535828
0.0
0.13321293890476227
0.0
0.0
0.9582905769348145
0.9768000245094299
0.11116534471511841
2.627455234527588
2.0051956176757812
0.0
0.0
0.0
0.0
0.0
0.0
0.8760254383087158
0.838431715965271
0.0
0.0
0.3813736140727997
0.0
0.0
0.0
1.473713755607605
1.4829612970352173
1.0032449960708618
2.473954916000366
0.6983978748321533
0.0
0.3001827895641327
0.8724266886711121
0.0
0.2183632254600525
0.0
0.0
0.0
0.0
0.0
0.2320103794336319
0.0
0.0
0.0
0.0
0.0
0.2905678153038025
0.0
0.0
0.0
0.0
0.0
0.0
0.0
0.0
0.0
0.0
0.8032310009002686
1.1132105588912964
1.136825680732727
0.0
0.8148037791252136
0.0
0.0
1.370822548866272
0.0
0.0
0.0
0.0
0.0
0.12051095068454742
0.0
0.8127430081367493
0.0
0.24617306888103485
0.1625172644853592
0.9803497791290283
0.4851740598678589
1.6153782606124878
0.8067853450775146
1.739572525024414
0.0
1.8551185131072998
0.7243326306343079
0.0
2.5487136840820312
1.6278735399246216
2.2166860103607178
2.140512704849243
1.5333378314971924
2.3820548057556152
1.6560214757919312
0.5936495065689087
1.712317705154419
1.943178653717041
3.7635340690612793
2.125412940979004
1.201793909072876
0.8794568181037903
0.0
0.1150471642613411
0.0
1.1355829238891602
1.3223108053207397
1.1930265426635742
0.0
0.0
0.0
0.0
0.0
0.36930739879608154
0.0
0.0
0.0
0.0
0.0
0.0
0.0
0.0
0.0
0.0
0.0
0.0
0.0
0.0
0.0
0.34766799211502075
0.0
0.0
0.0
0.0
0.0
0.0
0.0
0.8017726540565491
0.0
0.0
1.234486699104309
0.0
0.0
0.0
0.0
0.0321475975215435
1.3124468326568604
0.35614123940467834
0.0
0.0
0.0
0.0
0.0
0.08386479318141937
0.2886648178100586
0.6562222838401794
0.0
0.2099362164735794
1.7982696294784546
0.0
0.0
0.7181057333946228
0.0
0.0
0.0
0.0
0.8479437232017517
2.3774030208587646
2.1716468334198
1.629171371459961
1.3151224851608276
1.425819754600525
0.51438307762146
0.0
0.22204624116420746
0.0
0.0
0.39366647601127625
0.0
0.910980761051178
0.0
0.0
0.0
0.0
0.0
0.0
0.0
0.698550820350647
0.3430584967136383
0.0
0.0
0.0
0.0
0.0
0.0
0.24065996706485748
0.0
0.0
0.0
0.0
0.0
0.0
0.0
0.0
0.0
0.0
0.0
0.0
0.0
0.0
0.0
0.0
0.0
0.3937411606311798
0.0
1.0462167263031006
0.0
0.0
0.0
0.0
0.0
0.3786053955554962
0.35868290066719055
0.0
0.4986894130706787
0.0
0.0
0.7726874947547913
1.7856920957565308
1.7713093757629395
0.9723691344261169
1.6978355646133423
0.8707662224769592
0.0
0.0
0.10853074491024017
2.1703665256500244
0.5406081080436707
0.9610589742660522
1.1359268426895142
0.0
0.0
0.0
0.17764748632907867
0.4767741560935974
0.0
0.21345177292823792
0.623536229133606
0.505014181137085
0.9310111403465271
1.0728176832199097
0.9526938199996948
2.0089073181152344
1.4859578609466553
0.2608335614204407
0.0
0.0
0.3888155221939087
1.2690964937210083
1.2270210981369019
0.1459907442331314
0.0
0.0
0.6917848587036133
0.0
0.0
0.6608234643936157
0.3148587644100189
1.3482683897018433
1.0130146741867065
0.45978403091430664
0.9604729413986206
0.0
0.0
0.07889506220817566
0.00985623337328434
1.4508494138717651
0.1299474835395813
0.7977747917175293
0.8294551372528076
0.0
0.0
0.5883817076683044
0.2518365681171417
0.06915829330682755
0.0
0.0
0.0
0.0
0.0
0.0
0.0
0.0
0.0
0.0
0.0
0.0
0.0
0.0
0.0
0.0
0.4176800549030304
0.7926183342933655
1.6249200105667114
0.8002294898033142
0.0
0.0
0.0
0.0
0.3325223922729492
0.20030060410499573
0.13154448568820953
0.0
0.0
0.0
0.0
0.0
0.316921204328537
0.0
0.28912553191185
0.0
0.299625039100647
1.232244610786438
1.4367448091506958
0.0
0.0
0.4419538080692291
0.0
0.0
1.952131748199463
0.0
0.0
0.0
0.754165768623352
1.432990550994873
0.8612340688705444
0.0
0.0
0.0
0.0
0.0
0.7931322455406189
0.0
1.7912452220916748
0.26849988102912903
0.00551111763343215
0.0
0.0
0.0
0.0
0.6895354986190796
1.0485293865203857
0.17837928235530853
0.03787265345454216
0.0
0.0
0.0
0.0
0.0
0.0
0.0
0.0
0.0
0.0
0.0
0.0
0.0
0.0
1.218751072883606
0.0
0.0
0.0
0.0
0.02701871283352375
0.5590318441390991
0.9072038531303406
1.1494759321212769
0.0
0.0
0.0
0.0
0.0
0.0
0.0
0.0
0.0
0.0
0.0
0.0
0.0
0.0
0.0
0.0
0.0
0.0
0.0
0.6552003622055054
0.3396899700164795
0.0
2.0204451084136963
0.3786080777645111
1.0399998426437378
0.0
0.0
0.8375594019889832
1.5292948484420776
0.8075863718986511
3.6165051460266113
3.2803218364715576
0.8295150399208069
0.0
0.0
2.333691358566284
0.0
0.0
1.7797523736953735
2.5486299991607666
0.0
0.003642933676019311
0.0
2.2385361194610596
1.2835594415664673
1.0798660516738892
2.3478188514709473
1.7401504516601562
0.0
0.0
2.402269124984741
1.0315792560577393
0.1359853744506836
0.0
0.14842632412910461
0.32298892736434937
0.20458723604679108
0.0
0.9028908014297485
0.08784891664981842
0.0
0.0
0.0
0.0
0.7719869613647461
0.0
0.0
0.8963205218315125
0.6049196720123291
0.0083394106477499
0.0
0.0
0.0
0.0
0.0
0.0
0.7053546905517578
0.7744995355606079
0.0
0.0
0.0
0.0
0.0
0.12091045081615448
0.0
0.15517044067382812
0.013892997987568378
0.0
0.0
0.0
0.0
0.33358004689216614
0.0
1.4243470430374146
0.9093356728553772
0.0
0.0
0.0
0.7881718873977661
0.027952510863542557
0.41438332200050354
2.621946334838867
1.1453521251678467
0.0
0.0
0.0
0.0
0.18639534711837769
0.0
0.0
0.0
0.0
0.0
0.0
0.0
1.2328219413757324
0.0
0.0
0.0
0.0
0.0
0.0
1.1380304098129272
2.197969675064087
0.9033229351043701
0.0
0.0
0.0673154965043068
1.475860834121704
0.0
0.4824366569519043
1.084559440612793
0.0
0.0
0.0
0.0
1.4742296934127808
0.0
0.1964702010154724
0.6870454549789429
0.0
0.0
0.0
0.0
1.104781985282898
0.5283076167106628
0.32089880108833313
0.0
0.0
0.0
0.0
0.0
0.0
0.360268771648407
0.5759064555168152
0.6801232099533081
0.0
0.0
0.0
0.0
0.0
0.0
0.0
0.1602480560541153
0.0
1.6332268714904785
1.2145113945007324
0.9137688875198364
0.0
0.0
0.0
0.0
0.0
0.4050027132034302
1.3521854877471924
0.4569821059703827
0.0
0.0
2.393603563308716
1.205824375152588
0.0
0.0
0.16317592561244965
0.0
0.0
0.27691522240638733
1.3043012619018555
0.6126338243484497
0.0
0.0
0.0
0.0
0.0
0.0
0.7331403493881226
0.35635635256767273
0.0
0.8061933517456055
0.0
0.0
0.0
0.0
1.6577613353729248
1.5236711502075195
0.0
0.49719521403312683
0.0
0.0
1.1205116510391235
0.0
0.0
0.6961130499839783
0.0
0.0
0.6461585760116577
0.0
1.4116606712341309
0.6167303919792175
0.0
0.0
0.0
0.0
0.6825557947158813
0.0
1.4170407056808472
2.6470723152160645
2.0658042430877686
0.0
0.0
0.19780540466308594
0.0
0.0
0.22502808272838593
1.0863828659057617
0.0
0.0
0.0
0.398538738489151
0.0
0.0
0.3388175070285797
0.0
0.30179810523986816
0.0
0.0
0.0846128985285759
0.4409473240375519
0.0
0.3620564639568329
0.04974812641739845
0.4545895755290985
0.0
0.0
0.42941391468048096
0.8262016773223877
0.3188920021057129
0.0
0.0
0.0
0.0
0.0
0.0
0.0
0.10660630464553833
0.0
0.0
0.0
0.0
0.0
0.0
0.0
0.011775205843150616
2.891852855682373
0.0
0.0
0.6765999794006348
1.0497716665267944
3.2101752758026123
0.5107300877571106
0.0
2.3156325817108154
0.0
0.8720122575759888
1.8606644868850708
0.0
0.033300891518592834
0.01638420671224594
0.0
0.0
0.0
0.0
0.0
0.0
0.0
0.0
0.0
0.0
0.0
0.0
0.0
0.0
0.5428045392036438
0.0
1.4291244745254517
0.0
0.0
1.078627586364746
0.6486868262290955
0.2851276397705078
0.3570474088191986
0.0
0.21749192476272583
0.4946296215057373
0.0
1.3407570123672485
0.825726330280304
0.3178611099720001
0.10501623153686523
0.0
1.0201054811477661
0.0
0.0
0.0
0.0
0.0
0.5140878558158875
0.7349953651428223
0.0
0.0
0.0
0.0
0.0
0.0
0.0
0.0
0.0
0.0
0.2512620687484741
0.0
0.0
0.0
0.0
0.0
0.3916681110858917
0.1093669980764389
1.0509464740753174
0.01564735360443592
0.0
0.0
0.5682113766670227
0.18779289722442627
0.3997069001197815
0.0
0.0
0.7538433074951172
0.35279667377471924
0.3133307695388794
0.0
0.0
0.0
0.0
0.1587759107351303
1.767760157585144
2.4273974895477295
0.7851715683937073
0.0
0.0
0.0
0.8281394243240356
1.5987563133239746
0.5469509363174438
0.0
0.0
0.0
0.0
0.0
0.0
1.436755895614624
1.064965009689331
0.08606686443090439
0.0
0.0
0.0
0.0
0.053408123552799225
0.27100035548210144
0.0
0.06735733896493912
0.19361744821071625
0.0
0.0
0.0
0.0
0.5625608563423157
0.0
1.0659396648406982
0.9719314575195312
0.8510810732841492
0.0
0.0
0.0
0.2646675407886505
0.0
0.8969653844833374
0.0
0.0
0.0
0.0
0.0
0.0
0.4799593389034271
0.17165623605251312
0.0
0.0
0.0
0.0
0.0
0.0
0.0
0.10765447467565536
0.0
0.0
0.0
0.0
0.0
0.0
0.0
0.0
0.0
0.0
0.0
0.0
0.0
0.0
0.0
0.756071150302887
0.31440675258636475
0.0
1.1400123834609985
0.9237741827964783
0.0
0.0
0.0
0.0
0.4386831521987915
0.29334351420402527
0.0
0.0
0.07393375784158707
0.568158745765686
0.7862600684165955
1.661308765411377
2.215667486190796
1.0763994455337524
1.4770535230636597
1.8197160959243774
0.0
0.0
0.03659799322485924
0.3955868184566498
0.1565375030040741
0.7420009970664978
0.29651376605033875
0.6902927160263062
0.0
0.0
0.0
0.0
0.0
0.0
0.5436919331550598
0.1154976338148117
0.0
0.0
0.27743539214134216
0.6802903413772583
0.4748295247554779
0.2300116866827011
0.21249045431613922
0.0
0.0
0.6336982250213623
1.044534683227539
0.0
0.25276297330856323
0.17349626123905182
0.0
0.0
0.0
1.16892671585083
1.2128208875656128
0.0
0.0
0.0
0.0
0.0
0.0
0.0
0.0
0.0
0.0
0.0
0.0
0.0
0.0
0.0
0.0
0.0
0.0
0.0
0.0
0.0
0.0
0.0
0.0
0.37147068977355957
0.2763058841228485
0.0
0.0627971962094307
0.18856893479824066
0.0
0.0
0.0
0.0
0.0
0.0
0.0
0.0
0.0
0.5719146728515625
1.3696447610855103
0.0
0.0
0.0
0.0
0.0
0.0
0.32312899827957153
0.9293092489242554
0.0
0.0
0.0
0.0
0.0
0.0
0.0
1.223598837852478
1.0329420566558838
0.0
0.6342006921768188
0.4120279848575592
0.0
0.0
0.06595706939697266
1.6596988439559937
1.1834038496017456
0.535090982913971
1.4009267091751099
0.1924969106912613
0.0
0.0
1.3323858976364136
2.281263828277588
0.0
0.0
0.0
0.0
0.0
0.0
0.16765561699867249
1.284006953239441
0.1285029798746109
0.0
0.0
0.0
0.0
0.6690894365310669
0.0489032119512558
0.28262725472450256
0.05602000281214714
0.6061663031578064
1.9379465579986572
0.0
0.0
0.0
0.0
0.0
0.4347926676273346
0.5288927555084229
3.7285513877868652
0.22994928061962128
0.0
0.0
0.0
0.027896588668227196
1.1025807857513428
0.0
2.776884078979492
0.5133776068687439
0.0
0.0
1.6554049253463745
1.5255035161972046
0.9599193334579468
0.0
0.0
0.0
0.0
0.0
0.0
0.0
0.19640439748764038
0.0
0.0
0.0
0.0
0.0
0.0
0.5830085277557373
1.571122646331787
0.0
0.2881805896759033
0.0
0.0
0.0
0.0
0.5498359799385071
3.043638229370117
2.4425041675567627
1.7077182531356812
0.6716479659080505
0.0
0.0
0.0
0.3954016864299774
2.2263944149017334
1.403997778892517
0.0
0.0
0.0
