-0.7949100136756897
-0.6629255414009094
0.854977011680603
2.129427433013916
0.2864402234554291
-4.885066986083984
-2.8844120502471924
-0.5488533973693848
-1.3625166416168213
-3.4057161808013916
2.7423503398895264
0.3220246434211731
-1.362038493156433
-2.8533596992492676
-1.8334095478057861
-2.074620008468628
1.0272443294525146
-1.7456713914871216
-3.1086621284484863
-1.516929268836975
0.9360626935958862
-1.5725125074386597
-0.590559720993042
-0.9607754349708557
-0.4743480384349823
-0.6405839323997498
0.8914238810539246
1.9126834869384766
3.7493200302124023
3.3962485790252686
2.4982478618621826
-0.7251715660095215
-1.3125591278076172
-0.18301130831241608
6.5529465675354
3.6448051929473877
-0.6517159342765808
2.4313809871673584
2.216029167175293
-1.8683384656906128
-0.22959257662296295
2.7912590503692627
6.265647888183594
2.8258445262908936
1.2267483472824097
4.606184005737305
6.536816120147705
1.6469045877456665
-0.15851588547229767
4.659885883331299
6.421632289886475
0.8185304999351501
0.9868149757385254
0.6866575479507446
1.9958522319793701
0.3386771082878113
1.0302258729934692
3.165773868560791
3.29557466506958
-0.9093990921974182
-1.1706947088241577
0.17721667885780334
-0.8592061996459961
-1.370004653930664
1.5703603029251099
0.8124082088470459
-1.497002124786377
-0.8741076588630676
-0.6065874099731445
3.8549318313598633
4.8242974281311035
1.5249251127243042
1.198990821838379
-1.8152930736541748
-3.7620909214019775
0.4038170278072357
0.21248853206634521
4.522241115570068
4.037190914154053
-1.047498345375061
-1.1872509717941284
-6.403346538543701
-6.04023551940918
-1.9678571224212646
-2.4322280883789062
-1.2195870876312256
0.03614673763513565
-3.8563122749328613
-0.05424797534942627
-1.4453927278518677
-2.6652820110321045
-2.126437187194824
-3.8307926654815674
-5.541885852813721
-3.2373902797698975
-4.600876331329346
-1.2831089496612549
-2.0523643493652344
-4.591146945953369
-8.292341232299805
-10.831830978393555
-10.402444839477539
-6.010230541229248
-4.689790725708008
-1.6133345365524292
-6.423381328582764
-4.5195631980896
-5.9965362548828125
-6.858993053436279
-2.445399045944214
1.911299228668213
0.8865418434143066
1.3056299686431885
-4.543218612670898
-1.4634324312210083
2.415602922439575
4.542764663696289
4.164789199829102
3.645270824432373
1.369740605354309
0.09185954183340073
-1.0298904180526733
0.8981426954269409
3.4566547870635986
1.7952154874801636
-1.9667192697525024
-3.5892555713653564
-2.0670247077941895
0.31262585520744324
-2.0088582038879395
-1.9028091430664062
-0.07622972130775452
-1.8982094526290894
-3.896768808364868
-4.931381702423096
-3.9975221157073975
-1.6045666933059692
-4.197625160217285
-5.704108715057373
-3.5402281284332275
-5.44652795791626
-5.529520034790039
-6.0694732666015625
-4.3446269035339355
-2.8381705284118652
-2.8056602478027344
-4.2483015060424805
-4.819454193115234
-6.182192325592041
-5.551967144012451
-7.892138957977295
-5.075018882751465
-2.329075813293457
-0.07046888768672943
-1.4008514881134033
-4.197464466094971
-3.852722644805908
-3.812161922454834
-4.949732780456543
-5.469171047210693
-4.546202182769775
-3.9333393573760986
-0.1409326195716858
-2.6222944259643555
-3.5595080852508545
-2.837130308151245
-3.15415620803833
-4.262603282928467
-2.8706066608428955
-4.317105293273926
-0.9892524480819702
-0.6386220455169678
0.8593803644180298
1.7345880270004272
1.764082431793213
-1.2262067794799805
-3.2212021350860596
-2.6281754970550537
0.5755929350852966
1.2954144477844238
0.6558665037155151
0.8353580832481384
-2.043825387954712
-4.180341720581055
-4.285695552825928
-6.028402805328369
-2.2288641929626465
0.09218159317970276
0.20963332056999207
-0.6631892919540405
-3.4344522953033447
-3.4429285526275635
-2.7889633178710938
-3.045289993286133
-0.1589398980140686
-1.228621006011963
-1.6218581199645996
1.9261993169784546
-0.1353515237569809
2.647576332092285
2.144857883453369
-1.7265477180480957
4.381876468658447
1.813156008720398
-0.914038896560669
0.3666861057281494
-1.986605167388916
1.7521002292633057
3.7519547939300537
-2.5744411945343018
3.0824620723724365
0.39540717005729675
-0.2656407058238983
0.6655945777893066
-0.39137786626815796
-1.6266634464263916
-3.880009174346924
-1.551659107208252
0.2764832079410553
-3.6961441040039062
-4.946207523345947
-3.3984899520874023
-1.4398996829986572
-3.5828731060028076
-5.408316612243652
-1.9284298419952393
1.2480506896972656
-3.568432569503784
-3.4747824668884277
-1.1620928049087524
-1.4700431823730469
-3.4695682525634766
-1.1866422891616821
-1.2700673341751099
-4.095855712890625
-4.108551979064941
-4.925271511077881
-3.003258228302002
-1.8363028764724731
0.32672467827796936
-3.0200719833374023
-3.4261457920074463
-8.679067611694336
-6.38009786605835
-4.250898838043213
-1.3498367071151733
-0.3334173560142517
0.18571314215660095
-2.7405779361724854
-5.380115032196045
-4.339360237121582
-1.791212558746338
-0.9842092394828796
-0.2199060469865799
0.9179347157478333
-1.3966891765594482
2.6313858032226562
4.014766693115234
5.735326290130615
3.561915636062622
-0.13173547387123108
0.5677046179771423
0.8603805303573608
1.7924749851226807
0.41664546728134155
3.743908405303955
3.486344337463379
0.2990204393863678
-0.06176669895648956
0.17456811666488647
-2.2800967693328857
3.1285436153411865
1.2734516859054565
6.693869590759277
5.0878777503967285
4.69641637802124
6.259214878082275
5.882178783416748
-1.3509116172790527
0.3759450614452362
3.277282476425171
7.860219955444336
8.281766891479492
4.436044216156006
3.9784929752349854
4.739904403686523
0.5198109149932861
-2.553509473800659
3.7295379638671875
5.527656078338623
9.109299659729004
6.413895130157471
6.2792277336120605
3.2848446369171143
0.5951573252677917
-1.3272262811660767
2.793010950088501
7.205348491668701
6.88569974899292
6.404368877410889
5.4010701179504395
4.506682872772217
1.7444028854370117
-0.610129177570343
0.9973034858703613
5.267558574676514
4.0153398513793945
4.052800178527832
0.6352701187133789
2.575918674468994
2.8542640209198
-1.0765070915222168
2.3172993659973145
-0.14270545542240143
2.8832802772521973
3.122054100036621
1.4296855926513672
1.1505664587020874
0.737138032913208
-1.1854548454284668
-1.502001404762268
1.1684788465499878
-1.0792707204818726
-1.9262206554412842
1.767393708229065
0.023948833346366882
-2.2618677616119385
1.0850087404251099
-1.6895802021026611
2.7957022190093994
3.7399840354919434
3.2325570583343506
4.083494186401367
2.1367735862731934
-3.929872512817383
2.1101200580596924
1.4747929573059082
3.791217088699341
5.266397953033447
2.4135019779205322
-0.5075256824493408
0.5430672764778137
-3.304757595062256
1.8092339038848877
2.467442512512207
2.4404661655426025
0.424673467874527
2.768362522125244
3.80660343170166
1.2932806015014648
0.7058109045028687
2.4005582332611084
2.113534688949585
4.750648021697998
2.556689977645874
4.838841438293457
2.7950820922851562
1.4772928953170776
-0.670696496963501
-1.1323018074035645
1.3529688119888306
7.229200839996338
7.386458873748779
3.7403738498687744
-0.3971003293991089
0.5722302198410034
-2.8274216651916504
-3.7189157009124756
-0.2647969126701355
3.537777900695801
2.822694778442383
-1.5434845685958862
-4.316932201385498
-2.287611484527588
-2.8718912601470947
-2.301830768585205
1.173360824584961
4.138281345367432
2.7009620666503906
-0.2885825037956238
-2.016573667526245
-0.8525073528289795
0.03289629518985748
-0.2067229449748993
1.850378394126892
0.3122117221355438
-1.406814694404602
1.874307632446289
1.5707143545150757
-2.3445234298706055
-2.6503357887268066
-2.614952325820923
-1.855509877204895
-4.279576301574707
-4.097999572753906
-0.5780673623085022
0.29580068588256836
-3.0485033988952637
-6.313618183135986
-5.397287368774414
-6.538827419281006
-6.707015514373779
-3.042398691177368
-1.180146336555481
-5.883988380432129
-7.286825656890869
-7.266205310821533
-3.9942941665649414
-3.6878998279571533
-2.076381206512451
0.9676970839500427
-2.3989713191986084
-3.6778740882873535
-1.5827066898345947
-2.732609510421753
-3.8265745639801025
-0.6352692246437073
-0.02435368299484253
-1.6650550365447998
-2.1707541942596436
-0.8886145949363708
2.0863611698150635
0.3301016092300415
2.6764261722564697
-3.29750394821167
-0.32465338706970215
0.10698866844177246
-1.4156056642532349
0.24300476908683777
0.5330875515937805
-1.4308596849441528
-1.9206676483154297
-3.3878719806671143
-2.4499568939208984
2.017271041870117
1.0588663816452026
1.2649835348129272
0.32852286100387573
-1.2398067712783813
-0.305858314037323
-1.8116214275360107
-0.2551080286502838
2.1560308933258057
0.35768160223960876
-2.184957981109619
-2.816183090209961
-2.6722099781036377
-1.0498270988464355
-2.163804054260254
-2.107297658920288
-1.7674851417541504
-1.654644250869751
-0.8296287655830383
2.3129842281341553
0.9013919234275818
-2.200364112854004
-0.8885174989700317
-3.8005731105804443
-1.9380145072937012
-2.284501791000366
-2.430877685546875
-3.271204948425293
-1.5621329545974731
-4.254398822784424
3.149498224258423
-3.9872608184814453
-1.682906150817871
-2.2237887382507324
-0.4054996073246002
-1.3063349723815918
-0.24987095594406128
-0.5350229144096375
4.363286018371582
2.643056869506836
0.4841402769088745
-0.4890245199203491
-0.7027834057807922
-3.37894344329834
-1.5162267684936523
-1.7109140157699585
0.95742267370224
3.1100099086761475
1.9765492677688599
-0.4205206632614136
-2.8280844688415527
-6.0709710121154785
-4.487293720245361
-2.5740153789520264
2.4009549617767334
0.28444209694862366
1.8393422365188599
-0.8283348083496094
0.705922544002533
0.342881977558136
0.5508705377578735
-0.07671965658664703
1.358616590499878
1.000357747077942
0.796765923500061
0.5129727125167847
3.0197412967681885
1.1077039241790771
-1.8120572566986084
-0.3889293372631073
-1.1138595342636108
0.9966902136802673
-0.06962862610816956
-0.1631392389535904
-0.6605887413024902
-2.603882312774658
-2.88067364692688
-0.8968312740325928
-1.5139110088348389
-3.1684350967407227
-4.019507884979248
-0.6217123866081238
-2.0327446460723877
-6.871447563171387
-6.447164058685303
-4.802933692932129
-1.374254584312439
-3.2912163734436035
-2.6417253017425537
-1.567941665649414
-5.88642692565918
-9.874833106994629
-12.200913429260254
-4.560377597808838
-2.3443963527679443
-4.279326915740967
-1.8489243984222412
-3.7110702991485596
-5.1904520988464355
-3.0243980884552
-8.142012596130371
-4.519888877868652
-2.2230026721954346
-4.584697246551514
-1.8458786010742188
-1.797302484512329
-2.896040678024292
-2.3831443786621094
-1.020294427871704
-2.193402051925659
-2.6262128353118896
-3.611675500869751
-0.329542338848114
0.10337722301483154
-3.971794843673706
-0.995893657207489
-0.4913138151168823
-1.1017131805419922
-3.3187222480773926
-3.879223585128784
-1.0127713680267334
-4.482719898223877
-5.908531665802002
-2.9222371578216553
-1.2937896251678467
-4.1305131912231445
-3.381904125213623
-4.032222747802734
-5.404599666595459
-10.273778915405273
-7.1789469718933105
-7.019174575805664
-5.077291488647461
-4.256890773773193
-2.4296023845672607
-3.6041197776794434
-3.5320754051208496
-5.0825724601745605
-3.310702323913574
-2.085350751876831
-0.6581896543502808
-0.7812959551811218
-0.9301388263702393
-0.5847422480583191
-3.0249130725860596
-3.09047269821167
-1.6092307567596436
0.17346525192260742
-0.09956377744674683
1.8381160497665405
-2.5126640796661377
-1.8551703691482544
-1.7518210411071777
-3.0575263500213623
-4.588695526123047
-4.755059719085693
-5.566303730010986
0.31007471680641174
-2.2275683879852295
-7.829346179962158
-5.115682125091553
-5.591127872467041
-7.779830455780029
-6.948978900909424
-7.125498294830322
-4.048544406890869
-2.023041248321533
-6.500885486602783
-4.524467468261719
-2.8947856426239014
-5.837257385253906
-5.399070739746094
-4.280706882476807
-4.316249370574951
0.18838870525360107
-0.7804912328720093
0.9503024220466614
-0.8620092272758484
-7.717828750610352
-5.096779823303223
-2.110231399536133
-4.17544412612915
0.3624444901943207
1.637351632118225
2.302105188369751
-1.2918013334274292
-4.588730335235596
-3.027395486831665
-4.71879243850708
-3.4302420616149902
-0.4955669641494751
-4.3608808517456055
-1.657598853111267
-2.273005723953247
-0.16252891719341278
0.7487115263938904
-2.7260913848876953
-4.987807750701904
1.1240077018737793
-2.3291845321655273
-3.3051953315734863
-3.0530455112457275
-0.5748780369758606
-1.822816252708435
-3.8908488750457764
-4.569929599761963
0.3014742434024811
1.01374089717865
-0.41372519731521606
0.7592633962631226
1.8977470397949219
1.2498680353164673
1.8623075485229492
3.125134229660034
-2.590353012084961
-0.20691965520381927
-4.126835823059082
-4.909726619720459
-4.289498329162598
-4.927502632141113
-3.686046600341797
0.23756428062915802
-2.86519718170166
-1.6210397481918335
-5.29227352142334
-6.364376544952393
-3.928985595703125
-5.435078144073486
-6.852095127105713
-5.15662145614624
-1.9611364603042603
-3.9649932384490967
-2.108128786087036
-4.204530239105225
-3.122068166732788
-4.244095802307129
-4.915007591247559
-3.587419271469116
0.3297201991081238
-2.201202392578125
-1.1099987030029297
-3.7345261573791504
-5.9157609939575195
-5.4265055656433105
-5.382654190063477
-1.6698874235153198
-0.842863142490387
-2.827695608139038
-4.662514686584473
-4.327398300170898
-6.040485858917236
-4.173328876495361
-1.5378972291946411
0.5877375602722168
-2.9720921516418457
-4.410412788391113
-5.4088521003723145
-5.000002384185791
-2.648545265197754
0.8894726037979126
2.0519046783447266
3.9760100841522217
-3.9806320667266846
-2.957425355911255
-3.0164706707000732
-3.0111563205718994
1.0044329166412354
2.5126991271972656
0.8066511154174805
0.7727975249290466
-0.29053184390068054
-2.519853115081787
-1.8256901502609253
0.8873893022537231
0.6270842552185059
-3.3131818771362305
-2.4817323684692383
-1.536255955696106
-0.39881283044815063
-3.108314275741577
-1.316959261894226
-0.6965276598930359
-2.705045461654663
-5.830842018127441
-5.390531063079834
-0.13866518437862396
0.632262110710144
-3.3311219215393066
-0.3440254330635071
-4.030044078826904
-6.046923637390137
-6.512024402618408
-7.112583637237549
-2.981097459793091
3.2553341388702393
1.316544771194458
-1.270211935043335
-3.6242165565490723
-3.383608102798462
-2.6144800186157227
-6.1983466148376465
-5.745193004608154
0.3842129111289978
0.983162522315979
-1.4299768209457397
-4.400386333465576
-7.487419605255127
-5.570744037628174
-6.806690692901611
-4.655557155609131
1.1134498119354248
-1.2063233852386475
-4.175878524780273
-4.706315040588379
-7.3300323486328125
-5.3890299797058105
-4.481354236602783
-1.213436484336853
3.8846499919891357
3.2534213066101074
-1.322716236114502
-3.4457015991210938
-2.7443108558654785
-1.3227354288101196
-0.1598222851753235
0.7875064611434937
2.5460662841796875
3.478388547897339
1.2605819702148438
0.30564138293266296
2.036252021789551
2.97326397895813
1.3427599668502808
0.17787663638591766
-1.4010800123214722
-1.2615543603897095
-1.160320520401001
-0.5147918462753296
-2.5622975826263428
-1.6284302473068237
-1.4607545137405396
-0.9976025223731995
-1.88139009475708
-1.420469880104065
-2.6577651500701904
-0.8266574740409851
-0.0913357138633728
0.2316131740808487
0.48205965757369995
-0.9405098557472229
-2.599642038345337
-4.597027778625488
-6.055017471313477
-0.5080611109733582
-3.0419859886169434
-3.446488618850708
-0.7538987994194031
-1.168999433517456
-1.3706307411193848
-1.8555163145065308
-2.7384955883026123
-0.3357946574687958
-1.527464747428894
-4.89133358001709
0.012111835181713104
0.06294078379869461
-1.5251152515411377
-2.291965961456299
1.1458392143249512
0.8049461841583252
2.0319743156433105
0.9878644943237305
2.7593367099761963
1.2460973262786865
0.09956266731023788
-5.522393703460693
-2.6645846366882324
4.159213066101074
0.9381019473075867
2.7555365562438965
2.236579656600952
1.0378823280334473
6.223851203918457
0.9821775555610657
-0.6190142631530762
6.883285999298096
1.1177239418029785
-1.20163094997406
-1.8204745054244995
-1.9201931953430176
4.591770172119141
1.9123491048812866
1.579331874847412
3.7206497192382812
0.09460864961147308
-1.4506529569625854
-0.8015891313552856
0.23756557703018188
-1.2351232767105103
-2.563424825668335
-2.728440046310425
-0.7065322399139404
-0.003255113959312439
-1.1362216472625732
-1.0314888954162598
2.959286689758301
-1.0089764595031738
-2.7670915126800537
-1.0155822038650513
-2.6941561698913574
-4.312541484832764
-1.098399043083191
-2.2529876232147217
0.5207729935646057
0.25985485315322876
-4.231937408447266
-3.2767693996429443
-6.207399368286133
-3.899688482284546
-1.279493808746338
-2.985797882080078
-4.146203517913818
0.35811176896095276
-1.415857195854187
-3.1833362579345703
-4.23187780380249
-6.226834297180176
-6.4127068519592285
-3.582155704498291
-1.2101534605026245
0.18937867879867554
-2.0575788021087646
-2.3538753986358643
-0.5221812725067139
-3.5905988216400146
2.1949679851531982
0.19658717513084412
0.44399330019950867
-2.1643903255462646
-4.750083923339844
-4.320394039154053
-3.520901679992676
0.7132615447044373
-1.947788119316101
-3.109637498855591
-2.915804862976074
-3.5472331047058105
-5.951169967651367
-5.175164699554443
-2.618560314178467
-0.6971954703330994
-4.049628257751465
-1.8596121072769165
-0.18127518892288208
3.366184949874878
0.2663799822330475
-3.1814262866973877
-0.2329431027173996
-0.4671488404273987
-1.578368067741394
0.0961395800113678
2.309767007827759
0.8001764416694641
1.488716721534729
4.6716742515563965
1.6425648927688599
2.554675817489624
7.108806133270264
4.199528694152832
3.458827018737793
4.409505844116211
4.238440990447998
5.564571857452393
2.057293176651001
2.5262835025787354
8.955894470214844
9.237198829650879
5.037583827972412
4.086951732635498
3.217150926589966
-0.35512569546699524
-3.1026151180267334
7.788215637207031
7.393121242523193
5.084188938140869
6.065142631530762
0.5174849033355713
0.931236743927002
0.25031906366348267
1.4963672161102295
8.697240829467773
6.347586154937744
3.0599465370178223
5.915628433227539
-1.0213524103164673
2.9590582847595215
2.8263866901397705
2.1164753437042236
2.2230515480041504
1.383716344833374
0.6873733997344971
3.523980140686035
0.5717151165008545
1.1266471147537231
2.5084755420684814
0.09341804683208466
1.1475712060928345
-0.22447751462459564
0.05078662931919098
3.8257555961608887
0.8514488935470581
-0.8644629716873169
-1.7096867561340332
2.0589659214019775
2.955638885498047
1.6541178226470947
0.6362232565879822
4.437914848327637
-1.586844801902771
-1.7268311977386475
0.8422243595123291
6.0326008796691895
3.600904941558838
1.3150135278701782
-0.54872065782547
0.6254099607467651
1.7044503688812256
0.283119261264801
-3.611698627471924
-6.02284049987793
-5.9619975090026855
-4.1249494552612305
-1.3594791889190674
-2.2927162647247314
-2.9129974842071533
-4.239314556121826
-3.707620143890381
-4.775624752044678
-2.9021151065826416
-4.804678916931152
-6.014311790466309
-4.215940952301025
-5.597510814666748
-4.745903491973877
0.026407748460769653
0.6430004239082336
3.0875792503356934
-1.6204286813735962
-4.207118034362793
-3.183856248855591
-0.553903341293335
-4.1860198974609375
-0.6489959955215454
2.5918781757354736
-0.39615318179130554
-3.231736660003662
-2.5927324295043945
-4.165717124938965
0.26335397362709045
-4.045886516571045
-4.959686279296875
-3.9355578422546387
-3.3362855911254883
-8.180356979370117
-3.4181363582611084
-3.918593168258667
-4.482048034667969
-5.655056953430176
-2.5346713066101074
-2.5024044513702393
0.7248401045799255
-2.3357274532318115
-0.996436595916748
-3.069885492324829
-4.801526069641113
-6.047954082489014
-5.9048662185668945
-3.376161575317383
-2.356417417526245
-1.9306542873382568
-2.6131482124328613
-2.562160015106201
-3.1117799282073975
-1.6110162734985352
-5.347839832305908
-2.7972750663757324
-4.101433277130127
-2.459346294403076
-3.620507001876831
-4.415339946746826
0.6528058648109436
-0.6903494000434875
-3.250669240951538
-1.5613867044448853
-0.6062262654304504
0.7017650604248047
2.454648494720459
1.192500114440918
2.1361241340637207
-0.6194630861282349
-1.1151939630508423
-0.9803111553192139
-0.10882312059402466
3.5818471908569336
7.485727310180664
3.5397965908050537
3.098527669906616
0.9008181095123291
1.114805817604065
-0.8421084880828857
-1.938776969909668
-5.33736515045166
1.486193060874939
3.4855430126190186
-0.8145334124565125
-3.6334733963012695
-3.290710926055908
-1.6800020933151245
-2.2126071453094482
-3.1586365699768066
-0.38522884249687195
1.693331241607666
-2.542818546295166
-5.344086170196533
-2.2369132041931152
-0.3557840585708618
1.2850285768508911
0.1008366048336029
1.68588125705719
-2.1701159477233887
-0.6982695460319519
2.4997596740722656
5.669947624206543
2.127173662185669
-1.8171662092208862
-6.511453628540039
-6.296954154968262
-2.9442126750946045
-0.8736239671707153
1.967358946800232
3.9598326683044434
-0.0002847053110599518
-1.3841571807861328
-2.449281930923462
-2.4298038482666016
0.7214627265930176
-0.442383736371994
-2.659895181655884
-1.471318244934082
-1.8604005575180054
-2.39517879486084
-0.9953208565711975
-1.74201238155365
0.16723626852035522
-1.2535367012023926
-2.377425193786621
-0.6045405268669128
-1.1695003509521484
-4.567295074462891
-6.12027645111084
-4.915830135345459
-3.5381016731262207
-0.6454602479934692
-3.9680442810058594
-2.3011879920959473
-0.4863266348838806
-3.3584630489349365
-4.546934604644775
-5.729757308959961
-5.853626251220703
0.37157905101776123
-4.673441410064697
-0.9199482202529907
2.4363298416137695
1.0150476694107056
2.713707447052002
2.563434362411499
-3.5563483238220215
0.9230018854141235
-3.042848587036133
0.751358151435852
2.9365692138671875
0.6166567802429199
2.3841471672058105
5.3766350746154785
1.5062143802642822
3.476787567138672
-0.5186070799827576
1.4096378087997437
4.653285980224609
0.9745510220527649
2.4856534004211426
5.612320423126221
3.7663044929504395
1.4010823965072632
0.2927432954311371
-2.287292957305908
2.862046957015991
2.1326560974121094
2.2236368656158447
5.2183122634887695
2.5067038536071777
-1.1144037246704102
-0.37443816661834717
0.44047969579696655
-2.240478277206421
0.04390746355056763
1.2039268016815186
2.9536702632904053
2.4315578937530518
3.0570926666259766
-0.32553184032440186
-0.44520848989486694
-0.3180450201034546
0.3440537750720978
0.4606510400772095
1.0678980350494385
3.0612521171569824
-2.614353656768799
-1.261039137840271
-1.974545955657959
-3.571807622909546
-5.133248329162598
-7.515948295593262
-7.053185939788818
-0.41663292050361633
-4.026801109313965
-1.9468066692352295
-2.5249271392822266
-6.424996852874756
-7.354380130767822
-7.066283702850342
-8.156479835510254
0.37122032046318054
-1.8920255899429321
-2.600400924682617
-2.7853739261627197
-3.5089714527130127
-4.371288299560547
-7.426822185516357
-8.772430419921875
-3.4405269622802734
-0.6030199527740479
-0.9152892231941223
-0.7868231534957886
-1.0332422256469727
-3.05303692817688
-6.618950366973877
-4.873050212860107
-1.5597782135009766
-0.6694831252098083
-3.425274610519409
-3.1546428203582764
-0.10602931678295135
-0.26807621121406555
-2.0202949047088623
1.0709120035171509
1.126574158668518
-0.001734621822834015
-3.265916585922241
-2.8765852451324463
-0.7136327624320984
-5.1221184730529785
-4.7282514572143555
-3.1795430183410645
-2.656228542327881
-1.0672494173049927
-1.2023085355758667
-0.08604426681995392
-2.2819759845733643
-5.907530307769775
-5.375251770019531
-3.8268136978149414
-3.103724479675293
-2.435067653656006
-2.8746068477630615
-1.1878169775009155
-2.385561227798462
-4.22243595123291
-3.1789541244506836
-0.9017142653465271
-0.04259438440203667
-0.6388956308364868
-3.788517951965332
-3.4728198051452637
-1.5526936054229736
-1.83788001537323
-2.6220223903656006
-1.3673349618911743
-3.38539981842041
-1.806984543800354
-4.512180805206299
-4.887772083282471
-5.129892826080322
-4.625282287597656
-4.749900817871094
-1.3539594411849976
-2.603194236755371
-2.2968218326568604
-4.866424560546875
-5.381355285644531
-4.6633830070495605
-5.533397197723389
-5.247480392456055
-4.375850200653076
0.7457358837127686
-0.39592811465263367
-4.413691520690918
-5.382989406585693
-4.6388678550720215
-2.226278305053711
-2.406416416168213
-3.207651138305664
-1.668846607208252
-1.7714029550552368
-4.646180629730225
-5.927612781524658
-4.784154891967773
0.5603320002555847
0.4098970592021942
1.4448338747024536
0.06687027215957642
-2.917989730834961
-1.883056640625
-2.0732853412628174
-3.3602943420410156
2.630396842956543
3.9362869262695312
2.2401819229125977
1.0407963991165161
-0.5520995259284973
-0.11252427101135254
1.081357479095459
-1.9116957187652588
0.3826363682746887
2.4624457359313965
-0.4913429021835327
-2.597036123275757
-0.712198793888092
0.7031716108322144
4.067554950714111
2.0015695095062256
1.7769370079040527
2.643399715423584
1.5343327522277832
-1.0053229331970215
0.1129891648888588
2.445796012878418
3.179234504699707
5.053865909576416
3.4718849658966064
0.028509750962257385
2.4275851249694824
3.1654481887817383
-1.175984263420105
1.7594807147979736
0.07175454497337341
1.0090017318725586
2.9669864177703857
-1.1728229522705078
-3.6235532760620117
1.3190144300460815
-5.607296466827393
0.6132680773735046
-0.10584577918052673
-3.141216516494751
-3.1225345134735107
-7.377063751220703
-5.271143913269043
0.6251630187034607
-3.9183928966522217
1.1940840482711792
0.3682610094547272
-2.3065123558044434
0.23150500655174255
-3.469602584838867
-4.558981895446777
-1.327634334564209
-1.3251800537109375
-0.6202664971351624
-1.4905973672866821
-2.618485450744629
-1.1777117252349854
-2.5176446437835693
-2.623122453689575
-1.2707616090774536
0.824302613735199
2.1047143936157227
-2.6819870471954346
-6.281329154968262
-2.1974716186523438
-0.5196736454963684
-0.03335936367511749
0.014335859566926956
0.4168893098831177
-0.09515911340713501
-1.8263801336288452
-3.6945643424987793
0.515267550945282
-0.35158485174179077
-0.9351590275764465
-0.32837817072868347
-0.31066787242889404
1.689124345779419
-1.5236475467681885
-1.093606948852539
-0.21519920229911804
-0.44715067744255066
0.46863698959350586
-0.28448063135147095
-0.8297103047370911
0.0021629324182868004
1.9312621355056763
2.9137918949127197
-3.886840581893921
-4.513218879699707
-3.109377861022949
-2.0846095085144043
-1.147599458694458
-0.6093178987503052
0.2855261266231537
-2.26157546043396
-4.866636753082275
-5.618422031402588
-2.9558401107788086
-1.099509358406067
-1.6580123901367188
-0.8914703130722046
-2.946014165878296
-2.6153552532196045
-6.167545795440674
-7.810357570648193
-8.378175735473633
-4.782954692840576
-0.9976553916931152
-4.522925853729248
-2.960888147354126
-3.8918917179107666
-6.059363842010498
-4.00095272064209
-6.7124738693237305
-8.149480819702148
-0.8391444087028503
-3.730562686920166
-0.6978873610496521
-2.840980052947998
-6.803359508514404
-1.7964270114898682
-1.4618875980377197
-7.09275484085083
-1.1192471981048584
-3.5162930488586426
-0.40312930941581726
-3.57692289352417
-7.391087055206299
-4.3435773849487305
-6.120172023773193
-6.184386253356934
2.627681016921997
-4.190622806549072
-7.878645896911621
-5.402031898498535
-5.077731609344482
-0.18281297385692596
0.5147182941436768
0.5668715238571167
0.8898000121116638
-0.2008182406425476
-4.76194953918457
-4.54583215713501
2.5869357585906982
4.058869361877441
4.6405439376831055
1.3608059883117676
1.4739881753921509
-0.7987134456634521
-3.133424758911133
1.2502548694610596
0.05265416204929352
-5.303287029266357
-0.5717936754226685
0.2688978612422943
1.0005500316619873
2.9143338203430176
-1.9130990505218506
-2.323704242706299
0.28834211826324463
-7.657493591308594
-2.460216522216797
2.0950608253479004
-3.1402409076690674
0.7591728568077087
-2.696859121322632
-6.6367292404174805
-5.588902950286865
-5.644112586975098
-6.154321193695068
-2.2493011951446533
-2.370060682296753
-0.5430904626846313
-3.2324907779693604
-6.187441825866699
-6.7111897468566895
-4.048748016357422
-1.0237897634506226
-4.1055908203125
-3.386751413345337
-3.4603569507598877
-0.6596868634223938
-1.885990023612976
-3.8226470947265625
-1.8160909414291382
-1.068260669708252
2.2859771251678467
-3.095048427581787
-5.529828071594238
-3.85137677192688
0.8749276995658875
-2.858281135559082
-2.977386951446533
-1.9855492115020752
2.1673078536987305
-1.7793011665344238
-1.7289608716964722
-3.7169461250305176
0.15109290182590485
0.05462542548775673
-3.224407196044922
-1.6201293468475342
0.9738661050796509
-0.9695715308189392
0.7121717929840088
0.6352861523628235
-2.519899368286133
-0.6196978688240051
0.18024928867816925
0.7155259847640991
1.828503966331482
0.7828075289726257
0.09771951287984848
0.8905307650566101
0.5661457180976868
-1.7588108777999878
-1.3529945611953735
2.3418970108032227
0.17777740955352783
1.6902409791946411
0.994292140007019
-3.266765832901001
-2.1894638538360596
-0.7944778203964233
-0.3713497519493103
4.942408561706543
3.708540201187134
0.43871647119522095
-0.7883785367012024
-4.090398788452148
0.6706408262252808
3.546027183532715
-0.06743332743644714
0.14748717844486237
3.9433276653289795
1.3383867740631104
1.053706407546997
0.09818104654550552
1.0096861124038696
0.2926376760005951
1.420422077178955
1.4261419773101807
0.43756774067878723
1.1830030679702759
1.307213306427002
4.5747456550598145
0.07795855402946472
-2.551999807357788
1.3229944705963135
1.8857041597366333
0.17536023259162903
2.199706792831421
-4.05849552154541
-0.014115005731582642
-1.29547119140625
-3.1305840015411377
-1.9272093772888184
0.5020512938499451
-0.8185573816299438
3.626070499420166
1.5116562843322754
-2.2802236080169678
-2.9735941886901855
-2.1310133934020996
-0.379688024520874
1.2064145803451538
-0.31780877709388733
0.42494821548461914
3.082369089126587
1.5873199701309204
-1.3033956289291382
2.535102605819702
2.8703033924102783
3.6346535682678223
2.3170697689056396
-1.0854288339614868
-3.0035507678985596
-0.8184789419174194
3.6619620323181152
1.9169983863830566
-1.1983164548873901
-4.411315441131592
-3.2611796855926514
-2.8178181648254395
-5.161116123199463
0.6646838784217834
2.2252376079559326
0.2217370718717575
-0.7839154005050659
-4.391880989074707
-1.400292158126831
-0.1930791139602661
-3.425895929336548
0.5911848545074463
-0.30874350666999817
-0.8677247762680054
0.586690366268158
-2.685360908508301
-0.9254621863365173
0.653424084186554
-0.3083012104034424
-1.2859853506088257
-2.4752109050750732
-4.808969020843506
-2.9189789295196533
-4.465177536010742
-1.9378479719161987
-1.820029854774475
-1.8588811159133911
-2.2611122131347656
-4.738451957702637
-5.907402992248535
-2.778482675552368
-4.831597805023193
-3.356191396713257
-0.8854234218597412
-2.934465169906616
-2.1200265884399414
-0.5986822843551636
-3.651608467102051
-1.771153211593628
-5.528344631195068
-4.345009803771973
2.205601692199707
1.499179482460022
0.05621381103992462
-1.7879905700683594
-3.2859880924224854
-3.25546932220459
-3.7693629264831543
-1.5662668943405151
2.6240410804748535
4.4671196937561035
0.9991881251335144
-0.11121860146522522
-1.333825945854187
-2.1305835247039795
0.3718293011188507
0.41078853607177734
1.700028896331787
-2.657444715499878
-3.8305165767669678
-2.311110496520996
-0.6451466679573059
0.263843834400177
-1.1580445766448975
-1.6569900512695312
2.214812755584717
-3.660428524017334
-4.925623416900635
-4.016541957855225
-4.589326858520508
-5.839322566986084
-7.640111446380615
-4.862118721008301
1.199451208114624
-3.3219778537750244
-6.762072563171387
-7.805819511413574
-10.207674026489258
-9.272871017456055
-9.918044090270996
-9.063860893249512
2.9372963905334473
-1.7699962854385376
-4.525778293609619
-4.499573230743408
-2.725156307220459
-1.8146144151687622
-3.2990193367004395
-4.327241897583008
0.9094424843788147
-1.4351662397384644
0.3731040060520172
-0.878881573677063
-1.6088823080062866
0.3135770857334137
-0.07223990559577942
0.6500855684280396
2.6446373462677
0.37497061491012573
1.3318427801132202
-0.895244300365448
-1.7843960523605347
-0.5203549861907959
0.7319161891937256
0.7075274586677551
3.853228807449341
2.2761130332946777
2.9110159873962402
-1.595360279083252
-3.2056941986083984
-3.086259603500366
0.07203901559114456
-0.40148472785949707
2.265589952468872
-0.9039031267166138
1.9060193300247192
2.648383855819702
0.06998054683208466
0.4011181890964508
1.286044716835022
0.6073200702667236
-1.141802191734314
-0.681100606918335
-1.6713749170303345
-1.7696058750152588
-2.779646396636963
-3.3538076877593994
-4.953960418701172
-1.9580737352371216
-5.762299060821533
-3.7285170555114746
-3.5171680450439453
-4.763071537017822
-8.971064567565918
-9.235864639282227
-1.5905876159667969
-0.5333781838417053
-6.194998741149902
-1.6426810026168823
-0.4138048589229584
-6.438098907470703
-4.705656051635742
-4.815726280212402
0.3889312148094177
1.6475722789764404
-3.1067278385162354
-1.1503826379776
-2.6233434677124023
-5.9413957595825195
-1.8978067636489868
-3.8317313194274902
-1.8426626920700073
4.404860973358154
-1.3520050048828125
-1.0641040802001953
-2.0856411457061768
-1.4946461915969849
-0.3826170861721039
-0.1776881068944931
-0.5864526629447937
1.8549607992172241
-3.206009864807129
-1.3997300863265991
-0.4443083703517914
-0.554819643497467
0.07661032676696777
-1.3604270219802856
-4.152779579162598
-1.6432167291641235
-1.8338629007339478
-1.5817298889160156
-2.6822428703308105
1.5320260524749756
0.5246282815933228
-2.402158737182617
-4.18646764755249
-0.4199036657810211
0.3417491912841797
1.0991228818893433
-4.73726749420166
-3.078115940093994
-1.8689936399459839
-2.025038957595825
-3.364464044570923
-0.09695471823215485
-1.844502329826355
1.0343728065490723
1.0033249855041504
1.0484732389450073
3.685051679611206
0.8354976773262024
0.42104437947273254
4.512625217437744
-2.7904140949249268
1.564246654510498
3.7787387371063232
1.4264404773712158
-0.6112198829650879
-1.200958490371704
-4.177409648895264
1.9886044263839722
-6.308671474456787
-3.3634109497070312
-2.0191829204559326
-3.6786768436431885
-5.022672653198242
-3.6707568168640137
-6.768436908721924
-2.579484224319458
-7.591031074523926
-5.267251491546631
-4.831454277038574
-6.161907196044922
-3.5914416313171387
-2.967212438583374
-1.952762484550476
0.6341000199317932
-8.882296562194824
-6.09799337387085
-4.563933849334717
-3.869988203048706
-3.3788669109344482
-4.194359302520752
-5.09852409362793
-0.11034435033798218
-10.062525749206543
-7.616218566894531
-4.8806233406066895
-4.1507110595703125
-3.3186583518981934
-3.9477176666259766
-2.8596863746643066
-0.16216132044792175
-7.3081159591674805
-6.506600856781006
-3.7348687648773193
-3.392111301422119
-1.5638728141784668
-1.7523643970489502
-0.1406058967113495
3.3068809509277344
-4.4388275146484375
-3.8717894554138184
-1.781657099723816
-1.3086402416229248
1.121277928352356
1.549320101737976
0.8983975648880005
0.3582709729671478
1.4263561964035034
-0.7128981351852417
-1.7468781471252441
0.12215793877840042
0.5383365154266357
-1.1608892679214478
-1.9150749444961548
-2.917675733566284
-0.5174732804298401
-2.464874744415283
0.38756877183914185
-0.03154926002025604
0.8123055100440979
-1.9613840579986572
1.315459966659546
-0.35802850127220154
-1.9241631031036377
1.5129351615905762
3.8020355701446533
0.3675784468650818
3.254826545715332
0.22796016931533813
1.6417855024337769
-0.39963099360466003
-0.6719917058944702
-1.1982835531234741
-0.7607743144035339
-0.618123471736908
-0.17350995540618896
-2.3529059886932373
0.2588111460208893
-0.966573178768158
-0.8392700552940369
-4.686014175415039
-6.491052150726318
-2.394979953765869
-1.4092029333114624
-4.4516496658325195
-3.475539207458496
-2.4844822883605957
-0.43434345722198486
-4.08987283706665
-4.4729814529418945
-1.8051283359527588
-3.777559518814087
-3.9161505699157715
0.14436767995357513
-0.2047637701034546
1.2358672618865967
-4.3514509201049805
-0.6359533071517944
0.4902494549751282
-1.1811453104019165
-2.2749292850494385
-1.8548067808151245
-2.845069646835327
2.3056747913360596
-1.8187144994735718
0.15485598146915436
3.1882951259613037
-1.1087497472763062
-2.6730899810791016
-2.5493404865264893
-1.5150578022003174
1.2003270387649536
0.2342885583639145
0.6989705562591553
1.4464865922927856
-1.6190617084503174
-1.479836344718933
2.2560646533966064
0.5135011076927185
2.484398126602173
1.6477203369140625
-1.1205317974090576
-1.5287485122680664
-3.318882703781128
-3.824169635772705
2.6770546436309814
3.0155811309814453
1.3112214803695679
-0.8508416414260864
-1.058897852897644
-0.7958498001098633
-2.671743392944336
-5.378715991973877
-5.566427230834961
0.8500896692276001
0.30003729462623596
-2.567962884902954
-3.899007797241211
-2.281299591064453
-4.120640277862549
-4.496786594390869
-2.598283052444458
-1.5591366291046143
-1.4496569633483887
1.386185884475708
0.5681995153427124
-1.5069851875305176
-2.6721158027648926
-0.3077857494354248
1.2143068313598633
-0.03734378516674042
2.1213126182556152
2.2728512287139893
4.4754557609558105
2.9752755165100098
4.175429344177246
4.130223274230957
-0.37955302000045776
0.8658554553985596
3.4743874073028564
2.7824246883392334
-0.7322239279747009
1.5780926942825317
0.5209387540817261
1.9504367113113403
0.5505844354629517
0.1203840896487236
-2.306535482406616
-1.8945353031158447
-2.0100934505462646
-1.5899076461791992
-2.5468616485595703
-2.200594186782837
-3.3582375049591064
-2.060502767562866
-3.42649245262146
-1.926994800567627
-2.991243362426758
-2.7148830890655518
-4.358958721160889
-3.834235668182373
-5.488028049468994
-4.797669887542725
-3.1894586086273193
-2.6287314891815186
-1.6375292539596558
-1.052529215812683
-8.370030403137207
-6.132203578948975
0.341644823551178
-2.015843629837036
-0.9647278785705566
0.4308823347091675
-3.0655517578125
-1.1545507907867432
-4.483517646789551
-2.018580198287964
4.063902854919434
3.3691415786743164
-1.166182041168213
3.836411714553833
-0.8738389015197754
1.6032007932662964
0.21622294187545776
-2.7785003185272217
1.4808650016784668
3.985783100128174
0.43683892488479614
5.887805461883545
2.3086225986480713
1.3627021312713623
-0.3507049083709717
-0.4382026493549347
-1.6673580408096313
-1.2881845235824585
-1.125781536102295
1.6301190853118896
1.7948286533355713
-3.4627699851989746
-4.144705295562744
-5.337470531463623
-6.065065383911133
-4.675353527069092
0.6846118569374084
-1.4387280941009521
0.5692887902259827
-4.776949882507324
-3.956397294998169
-4.439713478088379
-1.7745651006698608
-1.364593267440796
4.183303356170654
2.993194341659546
-2.583822011947632
-1.4424504041671753
0.0260455459356308
2.402270555496216
1.551919937133789
-0.34826838970184326
0.29155558347702026
2.0539159774780273
0.4773513078689575
-1.228243350982666
-0.6074564456939697
-2.31233286857605
-3.1829707622528076
-1.2372007369995117
-3.0833241939544678
-1.0364294052124023
-0.7406926155090332
-3.253694772720337
-3.488856315612793
-5.030323505401611
-5.662546634674072
-4.711455821990967
-3.9330780506134033
-2.7327144145965576
-0.6298930644989014
-1.146682858467102
1.5337111949920654
0.22265952825546265
-2.461763381958008
-2.419172525405884
0.04627448320388794
1.6726922988891602
1.0665168762207031
3.513392210006714
2.186521530151367
1.243784785270691
-0.9911383986473083
0.4651990234851837
4.288107395172119
3.387874126434326
-0.609477162361145
1.7766603231430054
2.64188551902771
3.813570022583008
0.255792498588562
-0.5034432411193848
2.5923938751220703
1.470095157623291
-1.1770800352096558
-1.382087230682373
3.687943935394287
3.9493672847747803
1.2081091403961182
-1.0370150804519653
-0.08434048295021057
-0.359396368265152
2.3910560607910156
2.5433478355407715
5.523488998413086
6.8511457443237305
6.846803665161133
2.661339044570923
3.172565221786499
2.5518975257873535
2.209946393966675
0.828147292137146
3.156311511993408
2.578458309173584
1.3686784505844116
-1.5265462398529053
-1.1534539461135864
0.9334462881088257
1.9723459482192993
-0.6387400031089783
-4.801403522491455
-3.4296255111694336
0.3694188892841339
3.0747504234313965
-2.8240654468536377
-2.0543718338012695
-1.6158145666122437
-3.01495623588562
-6.636440277099609
-3.5088562965393066
-2.726140260696411
1.7862156629562378
-4.156536102294922
-2.2585179805755615
-1.9743552207946777
0.08344928175210953
-1.0370601415634155
-0.7838234305381775
0.04103100299835205
3.4977126121520996
-4.7470293045043945
-1.3778882026672363
3.3653371334075928
3.662872076034546
2.0115723609924316
1.9934532642364502
1.031122088432312
0.8586090803146362
-4.393599987030029
-3.7732913494110107
-0.7167158126831055
-1.2021757364273071
-0.3690546154975891
-0.025444146245718002
1.372354507446289
0.18814930319786072
-5.35064697265625
-5.7739434242248535
-3.5967984199523926
-5.600632190704346
-0.21788157522678375
1.2629832029342651
0.9378571510314941
2.4326398372650146
-3.29380464553833
-4.0273237228393555
-3.578941583633423
0.35784047842025757
5.811944484710693
4.564793109893799
2.1697652339935303
1.8000245094299316
-2.9292259216308594
-0.2895650267601013
0.38170233368873596
4.563544750213623
8.297942161560059
5.07348108291626
2.2049148082733154
1.163527488708496
1.3540730476379395
-1.0489672422409058
-2.470022439956665
-1.4358527660369873
0.17207056283950806
-1.0071208477020264
1.7531282901763916
1.6968441009521484
-0.07997871935367584
-1.6874538660049438
1.284348726272583
-1.3308327198028564
3.657895565032959
-0.007108137011528015
-3.4127800464630127
3.0274782180786133
-2.5733208656311035
0.4849107265472412
5.369723320007324
-2.121652126312256
-1.1867172718048096
2.2848129272460938
-3.1053903102874756
1.4264250993728638
-1.1376770734786987
2.103081703186035
3.4898741245269775
0.08368188142776489
-1.4068363904953003
4.720836639404297
2.6651740074157715
-0.30442655086517334
2.5271852016448975
0.11054234206676483
1.119362473487854
1.484291672706604
2.2438948154449463
1.6840999126434326
-0.7006682753562927
0.8292618989944458
0.4010961055755615
3.4609293937683105
-0.1682962328195572
0.8003632426261902
-2.0265884399414062
-4.045168399810791
-2.190915107727051
-0.7003564238548279
-3.5517027378082275
4.924387454986572
-0.48776376247406006
-4.7801127433776855
-5.145022392272949
-3.346895694732666
-1.7483748197555542
-0.44478800892829895
-2.15769362449646
2.6026201248168945
3.781728744506836
-0.7178691625595093
-0.863290548324585
1.5886064767837524
3.0454747676849365
-0.24187834560871124
0.6398115158081055
-3.1824254989624023
-0.5269396305084229
-1.3334715366363525
0.12678898870944977
1.1069902181625366
-1.6426934003829956
-3.565760850906372
4.780135631561279
-1.1752182245254517
-2.569247007369995
1.395414113998413
9.438423156738281
6.068803787231445
0.8799711465835571
-0.3488686680793762
0.07585126161575317
-1.5212342739105225
-1.6272369623184204
3.7915358543395996
6.253659248352051
3.36759090423584
-3.5251333713531494
-3.007176160812378
-2.555391311645508
-1.8844608068466187
0.9178568720817566
0.6538432836532593
-0.09162179380655289
-0.10221423208713531
-1.476352572441101
-2.7201645374298096
-1.5421522855758667
-3.608173131942749
-0.819897472858429
1.2454224824905396
-2.104797601699829
-3.115844488143921
-3.160004138946533
-1.4637020826339722
-1.7027597427368164
-4.104330539703369
-5.868988513946533
-4.721564769744873
-7.891970157623291
-6.267026901245117
-3.078130006790161
-1.52690589427948
-2.0865564346313477
-2.441960334777832
-4.1645636558532715
-4.911386489868164
-4.224372386932373
-1.4570955038070679
2.290919542312622
-0.7926594614982605
-4.986687183380127
-6.531872749328613
-3.765641689300537
-1.2153289318084717
0.3463689386844635
1.025538444519043
1.3111662864685059
-0.7244312763214111
-2.182548761367798
-4.2996931076049805
-1.0701149702072144
-1.1418229341506958
-1.6219127178192139
0.01613137312233448
-2.6089770793914795
-0.7242414355278015
-0.053130947053432465
-3.5534157752990723
-4.040042400360107
-6.390627861022949
-6.508403301239014
-0.23225276172161102
4.947233200073242
1.319657564163208
-0.43117767572402954
-5.919978141784668
-7.161446571350098
-6.158915042877197
-2.7733941078186035
-1.3586758375167847
2.8958420753479004
1.2660375833511353
-0.8956901431083679
-5.900047779083252
-5.996856212615967
-0.9150672554969788
-1.535008192062378
-2.160661458969116
0.893311619758606
-0.5753369927406311
0.8053672313690186
-4.1073102951049805
-6.698598861694336
-3.7292063236236572
-2.759342908859253
-0.4058089852333069
0.28044337034225464
-1.5170936584472656
1.457998275756836
-3.7840685844421387
-7.049250602722168
-8.533252716064453
-5.667765140533447
-3.274402141571045
-2.0192573070526123
-1.9299026727676392
-0.4275527596473694
-5.503223419189453
-9.824444770812988
-9.13476276397705
-2.5707921981811523
-0.11056084930896759
2.8345937728881836
-0.7784157991409302
1.2978335618972778
-1.272632122039795
-4.729247570037842
-5.819151401519775
-2.3230292797088623
-0.8151628971099854
-0.594340443611145
-2.5043632984161377
1.6569725275039673
4.138298034667969
4.448750019073486
0.01705300062894821
1.5721174478530884
-1.3820688724517822
-4.063174247741699
-0.917460560798645
-0.43628907203674316
-0.13161684572696686
-0.32441258430480957
-3.63665509223938
-2.640897512435913
-3.8598177433013916
-5.99799919128418
-4.244184970855713
-1.5658658742904663
-3.6071219444274902
-1.8050572872161865
-2.376697301864624
-2.3081464767456055
-3.17783784866333
-1.57986319065094
-5.514140605926514
3.243985652923584
-1.1282479763031006
-1.2221238613128662
-2.353523015975952
-0.8592966794967651
-3.280461549758911
-2.812798261642456
-3.779987096786499
6.303407192230225
-0.621772050857544
-4.5023064613342285
-6.692432880401611
-5.088550567626953
-8.781018257141113
-7.535700798034668
-7.023881435394287
1.7871949672698975
-1.1479963064193726
-7.984102249145508
-6.081301689147949
-7.22935152053833
-7.801528453826904
-6.267966270446777
-6.539730548858643
-0.6162275671958923
-1.3216218948364258
-4.305131435394287
-6.983951568603516
-6.851779460906982
-4.420341968536377
-4.179219722747803
-6.285472393035889
0.6953148245811462
-1.9774973392486572
-3.59920597076416
-5.119007587432861
-5.464722156524658
-3.798854112625122
-3.4839415550231934
-2.7460861206054688
-2.364274740219116
-0.5133901834487915
-0.1305784285068512
0.7254458665847778
-0.6295091509819031
0.3451971411705017
-2.4360642433166504
-0.46598559617996216
-6.0189619064331055
-4.890766620635986
-1.3983975648880005
-4.331857204437256
-4.2452311515808105
-0.3721151351928711
-3.819239616394043
-3.6829726696014404
2.1296286582946777
-4.163878440856934
-1.222882866859436
0.22990842163562775
0.44416847825050354
2.370898962020874
2.2935097217559814
-2.2578423023223877
0.931011438369751
-1.27358078956604
1.3487299680709839
2.466496467590332
1.443596601486206
0.40415751934051514
0.5095587372779846
-3.7867891788482666
-0.3201802372932434
-1.0816700458526611
2.1543378829956055
1.9847383499145508
-0.5413246750831604
0.6334115266799927
-0.01615804433822632
-2.5104546546936035
-0.48223376274108887
-0.8276970982551575
0.7910016179084778
2.4559736251831055
-0.3525286614894867
1.3831099271774292
0.01857498288154602
-2.635956048965454
-4.773172378540039
-3.4865033626556396
-1.5552852153778076
-1.7020750045776367
-3.4003725051879883
0.010995745658874512
-3.3393125534057617
-5.636802673339844
-0.935764491558075
-1.644914150238037
0.6468114256858826
-3.452160358428955
-2.335052728652954
-1.8940163850784302
-1.406941533088684
-1.2877978086471558
-0.2718673050403595
0.12096256762742996
0.8795283436775208
-0.7837036848068237
5.012129783630371
5.102057456970215
0.2794358432292938
-0.034574732184410095
-0.7819876074790955
-0.5599832534790039
-2.2764790058135986
-0.22514089941978455
0.7585542798042297
2.4084270000457764
-0.049356743693351746
0.223176047205925
0.6003056764602661
-1.6359903812408447
-0.5204150080680847
2.3971445560455322
-1.7129616737365723
-1.6422580480575562
4.017450332641602
1.030291199684143
2.8082218170166016
0.2789434790611267
-1.8608832359313965
-1.3570845127105713
0.0039211660623550415
-2.0720016956329346
1.437825083732605
1.54661226272583
1.9265114068984985
-1.1667407751083374
-3.640500545501709
-1.3935518264770508
1.8546794652938843
-3.9499738216400146
-2.904414653778076
0.5719817876815796
0.038437969982624054
-0.5946037173271179
-3.589916944503784
-2.2350845336914062
-1.8317168951034546
-0.2279847264289856
-0.3362215459346771
-0.060119278728961945
-0.48316317796707153
-1.8126553297042847
3.714608669281006
2.1277573108673096
-0.8541253805160522
0.22927768528461456
0.06975356489419937
0.7217409014701843
2.4034857749938965
-0.9515077471733093
-1.1525719165802002
-1.3499330282211304
-0.8171749114990234
0.2605186700820923
-0.7524538040161133
0.24533496797084808
-0.3367438316345215
2.418591260910034
1.4127211570739746
2.2983572483062744
3.020293951034546
0.7832756042480469
-0.681969165802002
1.136785626411438
-3.2239601612091064
1.9735560417175293
0.6062610149383545
0.5757508277893066
-0.5888292789459229
-4.585555076599121
-6.944245338439941
-1.2400611639022827
-6.068388938903809
-3.7889230251312256
-2.9045398235321045
-3.734269142150879
-1.1090556383132935
0.7013312578201294
-2.565103530883789
-1.3709716796875
-2.9873123168945312
-2.265958070755005
-0.23120881617069244
-1.9650144577026367
-0.5179839730262756
2.0797183513641357
2.4597346782684326
2.9236197471618652
-0.26424267888069153
-2.8279941082000732
-1.433045506477356
1.2021101713180542
2.120675802230835
1.5486503839492798
0.3426438868045807
2.3028411865234375
2.150444507598877
-1.3677046298980713
1.2603265047073364
1.7081794738769531
2.3832812309265137
1.0736277103424072
-0.6566123962402344
-1.3305310010910034
-0.7732053995132446
0.13756346702575684
3.0547943115234375
1.32537841796875
0.5639591813087463
-0.17080020904541016
-2.7835426330566406
-3.487206220626831
0.8203085064888
0.7710510492324829
3.334564685821533
-0.6750747561454773
-1.9867256879806519
-1.5076602697372437
-0.07973100244998932
-1.532513976097107
3.066061019897461
2.1246726512908936
-1.3428845405578613
-1.4697237014770508
-1.8407255411148071
-1.2292087078094482
0.028867371380329132
-0.3144562244415283
1.7920334339141846
1.5650774240493774
-2.4730305671691895
-1.9830044507980347
-1.9040765762329102
-0.8400829434394836
-2.0324976444244385
-3.6046862602233887
-2.85770583152771
-4.798227310180664
-5.076111793518066
-4.462942123413086
-3.0606987476348877
1.2343530654907227
2.974250555038452
-2.867164373397827
-3.2110724449157715
-4.9223222732543945
-4.956695079803467
-2.3744966983795166
-1.9383989572525024
1.831019401550293
4.086308479309082
-4.3960185050964355
-0.6701900959014893
-2.857304096221924
-3.5401179790496826
-4.73837423324585
-5.128729343414307
-2.823882818222046
-3.3075673580169678
-5.363670825958252
-2.0874626636505127
-2.784757137298584
-4.511590003967285
-4.675340175628662
-5.466901779174805
-5.276329040527344
-5.606820583343506
-3.910585641860962
-2.1592764854431152
-3.354139566421509
-6.264886379241943
-4.080361843109131
-4.064111232757568
-2.802220582962036
-1.0769702196121216
0.5584053993225098
-1.7514324188232422
-2.950673818588257
-3.366966724395752
-1.6130502223968506
-1.5269224643707275
0.08866657316684723
1.9097590446472168
2.5881800651550293
-1.9035611152648926
-5.110666275024414
-5.289061546325684
-4.310155391693115
-2.864954710006714
-5.247481346130371
-7.799710273742676
-3.9079978466033936
0.6494879722595215
-5.458448886871338
-3.24836802482605
-3.0942223072052
-2.6854441165924072
-3.4355523586273193
-7.1016669273376465
-5.403482913970947
3.76604962348938
-2.4542038440704346
-2.7560529708862305
-1.462091326713562
2.3448259830474854
-1.7422651052474976
1.9322658777236938
-0.6733402609825134
-1.5445371866226196
-4.217061519622803
-1.557470440864563
-2.6507043838500977
-3.3500044345855713
-2.515857696533203
-0.02052251249551773
-0.5483883619308472
-2.018629789352417
-3.126404047012329
-2.074324369430542
-1.3095630407333374
-4.777514934539795
-1.309674859046936
-1.332943320274353
-0.7162107825279236
-0.15834955871105194
-3.966414213180542
-2.828457832336426
-1.9161410331726074
-3.9662725925445557
-0.7508006691932678
1.5945390462875366
0.7313336730003357
-0.030989812687039375
-2.775026798248291
-4.036342144012451
-1.8609458208084106
-4.022532939910889
-5.897861957550049
-0.3799770474433899
0.17884346842765808
-2.9751136302948
-3.5117433071136475
-2.818087339401245
-1.5145337581634521
-0.35928672552108765
-0.897412121295929
0.32896775007247925
0.670400857925415
0.9588593244552612
2.0564181804656982
1.45933997631073
1.4394187927246094
3.834744930267334
3.1769423484802246
2.7410149574279785
-0.39795345067977905
-1.4531055688858032
-0.5280202031135559
-1.468605637550354
0.9216465950012207
3.1049423217773438
0.1077234074473381
-0.263781875371933
1.1723060607910156
-4.902803421020508
-2.39400577545166
0.2716623842716217
2.2984414100646973
-0.29768529534339905
0.3963106870651245
-0.5878596901893616
0.2997056245803833
0.24752512574195862
-0.5199990272521973
1.6703484058380127
2.4443984031677246
1.7185754776000977
1.9554427862167358
3.6184308528900146
1.9917242527008057
-1.784138560295105
-0.7666497230529785
-0.04523865878582001
1.9383281469345093
0.05464423447847366
-1.226643443107605
-1.6195940971374512
-0.12077662348747253
-1.666459083557129
-3.051299810409546
-1.8861583471298218
1.2901883125305176
-0.13303647935390472
-0.38994336128234863
0.02948015183210373
0.9675442576408386
1.343538522720337
-1.2169559001922607
-1.7722065448760986
3.2184271812438965
-0.21123431622982025
-0.5944280028343201
1.9511841535568237
0.5983970165252686
2.28890061378479
2.4997026920318604
0.007844910025596619
0.9427142143249512
1.059230923652649
1.901090145111084
1.3172277212142944
-0.1846722811460495
-0.8702882528305054
-0.9959051609039307
-0.5017675161361694
-0.7287008762359619
-4.939355373382568
-2.561729669570923
-5.345386028289795
-6.507516860961914
-2.2503302097320557
-3.7591233253479004
-4.851769924163818
-5.541984558105469
-6.70735502243042
-4.336584568023682
-2.8280599117279053
-2.922818183898926
-5.856738090515137
-4.594300270080566
-2.9577455520629883
-2.2046895027160645
-6.471349239349365
-5.54731559753418
0.6515139937400818
0.5308301448822021
-1.7784820795059204
-1.7915809154510498
-0.6422967314720154
-1.5856961011886597
-0.39790719747543335
-1.2083789110183716
0.9879533648490906
2.767237424850464
2.4490652084350586
1.039916753768921
-0.00919826328754425
-1.1427206993103027
2.175211191177368
-0.293897807598114
-0.1019335389137268
-0.0695464164018631
-3.2019224166870117
-1.0121455192565918
-4.046762466430664
-6.244600296020508
-4.691080570220947
-5.848819732666016
-6.6622114181518555
-2.3296239376068115
-4.7768707275390625
-5.1407151222229
-4.3957624435424805
-6.5800652503967285
-3.4599857330322266
-3.208226442337036
-4.789663791656494
-1.7687021493911743
-0.0019715633243322372
-0.8847141861915588
-3.4800310134887695
-3.951556921005249
-1.894310474395752
-0.8508222103118896
-1.426074504852295
-1.3946257829666138
-2.0618717670440674
-2.3670654296875
-5.528442859649658
-4.264449596405029
-0.795665979385376
-1.7952073812484741
-0.09584172070026398
1.9864360094070435
-2.3345277309417725
-1.4354016780853271
-3.3444952964782715
-1.8491913080215454
1.091829776763916
-0.3913155496120453
-1.136088252067566
0.17044737935066223
0.5904898047447205
-0.17623767256736755
-1.8490567207336426
1.160903811454773
-0.7712297439575195
-0.940688967704773
-1.0733556747436523
0.5349010229110718
1.3748825788497925
-1.3562015295028687
-2.6857845783233643
-1.4257851839065552
-3.839686393737793
-1.2170482873916626
-0.7055962085723877
0.5196064710617065
0.9382859468460083
-0.5794113278388977
-1.741905927658081
-1.017044186592102
-3.582180976867676
-1.9704993963241577
-2.6128413677215576
-1.0828698873519897
0.455011248588562
2.2946581840515137
0.985473096370697
0.5487731695175171
-5.207641124725342
-2.922571897506714
-3.734177827835083
-1.5587313175201416
-0.5757564306259155
0.6899620890617371
1.0241864919662476
-2.797534465789795
-5.691011905670166
-3.8530149459838867
-2.256453514099121
1.0738126039505005
1.5047574043273926
-1.088093638420105
2.0891733169555664
-0.11654722690582275
-1.1457419395446777
-0.8808689117431641
-0.45044371485710144
0.7801831364631653
-0.16883137822151184
0.11855553835630417
-0.6679831743240356
-0.7419654726982117
0.8174954652786255
0.44398513436317444
-0.6502708792686462
0.14315557479858398
-0.8922411203384399
-1.5657603740692139
0.9697504639625549
-0.01920449733734131
-1.5406931638717651
-0.14073815941810608
-3.4270195960998535
-4.172455310821533
-0.2947726845741272
-3.4327938556671143
-0.28717154264450073
-1.7543734312057495
-3.223813056945801
-2.1724486351013184
-3.6347477436065674
-4.49667501449585
-0.6171307563781738
-3.372795820236206
-1.758190631866455
0.0020060017704963684
-1.9774725437164307
-1.1280250549316406
-3.1263885498046875
-3.0108203887939453
-0.0043570734560489655
-0.7796876430511475
1.201126217842102
1.6135903596878052
-2.041200637817383
0.5035243034362793
0.8798478841781616
-1.0049140453338623
-0.5965085625648499
-0.09731714427471161
3.117887020111084
2.668088436126709
1.396384835243225
-0.35073068737983704
2.1759958267211914
-0.9068138599395752
0.1418371945619583
-1.5719257593154907
-1.445628046989441
-2.2612671852111816
-1.125302791595459
-1.159807562828064
1.492835283279419
1.1223485469818115
1.6659107208251953
0.08774533867835999
-4.311802864074707
-1.2098768949508667
1.0881966352462769
-0.008097760379314423
0.14283932745456696
-2.096951723098755
1.0817162990570068
-2.8948190212249756
-1.7855181694030762
-1.1834269762039185
1.666094183921814
1.2180958986282349
-0.4802471995353699
-1.797502875328064
-0.8447376489639282
-3.973046064376831
-1.486773133277893
-3.2704710960388184
-2.3706130981445312
-4.075150489807129
-5.134751796722412
-0.9428622722625732
-5.209414005279541
-2.9691569805145264
0.7067909240722656
-2.654587507247925
-5.680573463439941
-6.014467716217041
-9.170713424682617
-8.297995567321777
-0.41534143686294556
0.39160582423210144
-0.6726772785186768
-2.4841203689575195
-0.18295545876026154
0.9226203560829163
-1.5988279581069946
-4.0506110191345215
-0.7213309407234192
-0.8131831288337708
-2.2401070594787598
-1.0329418182373047
1.913479208946228
1.2597417831420898
-3.0378804206848145
-0.13687990605831146
-2.6499767303466797
-2.0185656547546387
-4.962765216827393
-2.9072365760803223
0.23901866376399994
-0.947386622428894
-2.9461326599121094
-1.643144130706787
-1.6611523628234863
-1.3995318412780762
0.41516759991645813
-1.7714461088180542
-1.8567124605178833
-4.725955963134766
-6.07503080368042
-3.87898850440979
-2.754551410675049
-2.2603845596313477
0.7107419967651367
2.9705970287323
-2.3344390392303467
-2.1075778007507324
-3.5844767093658447
-1.0521225929260254
2.1480627059936523
3.3491454124450684
2.239558219909668
-0.9897646903991699
-0.9186693429946899
-0.6276749968528748
-1.4303817749023438
0.8699592351913452
0.351331889629364
-0.21280410885810852
2.6820828914642334
-1.7107586860656738
-1.8572683334350586
-2.2762293815612793
-2.6410973072052
-1.8675739765167236
0.9730790853500366
-1.0372016429901123
3.323096990585327
-0.5450524687767029
-2.8354125022888184
-0.9113741517066956
-3.3530819416046143
-3.5510733127593994
2.0240864753723145
-0.9580903053283691
1.1323013305664062
0.9129199385643005
-0.3744695782661438
3.584794044494629
-2.391428232192993
-2.7343266010284424
0.46268758177757263
0.653501033782959
1.8781158924102783
2.1280736923217773
0.44175001978874207
3.12845778465271
0.893566370010376
-1.682987093925476
-1.7036151885986328
0.8998666405677795
4.328423023223877
1.2426626682281494
-0.9139582514762878
-0.4228662848472595
-1.289756417274475
-2.7950525283813477
0.6072670221328735
-0.7011837363243103
1.9608229398727417
-2.21785044670105
-2.276444435119629
-0.23249903321266174
-1.683471918106079
-2.358912706375122
-2.199686288833618
-0.45719993114471436
2.47408127784729
-0.07822693884372711
-1.5895358324050903
-1.4781630039215088
-2.2824501991271973
-2.0547616481781006
0.15324077010154724
-0.7578790783882141
-0.7736552357673645
-0.47642430663108826
-1.9700428247451782
-1.2357686758041382
0.11184962093830109
-0.5964465141296387
-3.583367347717285
-5.375277519226074
-6.337306499481201
-4.024247169494629
-6.406335830688477
-2.9716036319732666
-2.914656400680542
-2.1300973892211914
-0.7463522553443909
-4.644561767578125
-6.743950366973877
-3.56398868560791
-3.9482157230377197
-0.844283938407898
-0.6653708815574646
-0.8089790344238281
-0.33156484365463257
0.32981857657432556
-1.2116507291793823
-1.218117356300354
-1.1231447458267212
-1.8243060111999512
2.430039405822754
1.5653858184814453
0.20292392373085022
-1.257595181465149
-1.4168287515640259
-4.395427703857422
-3.8708412647247314
-1.7345391511917114
0.6410520672798157
0.9869776964187622
-1.2024867534637451
-4.348508834838867
-5.499810695648193
-6.674312114715576
-4.338271617889404
-2.1865787506103516
-2.3810548782348633
1.024055004119873
-5.6359429359436035
-7.8780293464660645
-7.7719316482543945
-5.156235218048096
-3.9954140186309814
-3.022066354751587
-3.7005553245544434
-0.8844565749168396
-1.2929383516311646
-3.4782538414001465
-3.764082431793213
-1.022783875465393
-1.4556119441986084
-1.5007483959197998
-2.808403253555298
0.33451297879219055
-1.2475835084915161
-0.7237637042999268
-2.8261396884918213
-3.464808940887451
0.1906874030828476
1.8442628383636475
-1.2395153045654297
-0.1914799064397812
-2.586008310317993
-3.23795485496521
-1.6957420110702515
-0.9905637502670288
0.8974956274032593
2.1811797618865967
-2.1955387592315674
-1.722256064414978
1.486559271812439
-2.913667678833008
-1.669306993484497
-4.018279075622559
1.5717592239379883
2.5412216186523438
-1.6944701671600342
0.6880698800086975
1.3415508270263672
-2.85247802734375
-2.384892225265503
-3.1699466705322266
-0.8015503883361816
-0.24396570026874542
-1.886873483657837
-0.8063023686408997
0.07233034074306488
-2.3743433952331543
-2.1035382747650146
-2.204422950744629
-1.5952653884887695
-1.1490206718444824
-1.9749212265014648
-3.684267520904541
-0.8409065008163452
-0.8645346760749817
2.1605396270751953
3.1789941787719727
1.5656285285949707
-0.6175228953361511
-2.746256113052368
-3.3656725883483887
-0.6371581554412842
-1.2536619901657104
0.04523063823580742
0.09086223691701889
-0.6319354176521301
-0.2911703884601593
-1.7082483768463135
-1.9582449197769165
-0.9153188467025757
-0.7091802954673767
0.6832439303398132
-1.2214250564575195
-2.157405138015747
-1.3243279457092285
-0.2475547194480896
-1.8300374746322632
-0.05725888907909393
-0.18425430357456207
-0.6640352010726929
-0.7831133008003235
0.736011266708374
0.3400595188140869
-1.7839559316635132
-2.61490535736084
3.8153481483459473
1.6864871978759766
2.2197389602661133
3.401371955871582
1.3901408910751343
1.2117761373519897
-3.9975333213806152
-4.844425678253174
1.8517544269561768
-1.5428987741470337
3.4832515716552734
0.47448164224624634
-3.8958351612091064
-5.368680953979492
-5.5597686767578125
-4.417448043823242
0.06305621564388275
-0.1921078860759735
0.6721662878990173
-4.655406475067139
-5.256954193115234
-4.357613563537598
-5.3418354988098145
-1.9679772853851318
0.25013530254364014
-1.1896625757217407
-3.2996766567230225
-3.028247594833374
-3.128375291824341
-1.5099585056304932
-3.0855767726898193
0.5359204411506653
1.0382866859436035
1.9652670621871948
1.1742656230926514
2.052361249923706
0.29531922936439514
-0.4756329357624054
-0.2615106999874115
-1.974582314491272
1.517363429069519
-2.514341115951538
-0.5062006115913391
0.09083091467618942
-2.7083141803741455
-3.27968692779541
-3.6452884674072266
-0.7846214771270752
0.14596416056156158
-2.052076816558838
-2.6697261333465576
-2.720524311065674
-4.023313522338867
-2.3268589973449707
-0.9089208245277405
1.7207754850387573
-0.19531336426734924
-1.7057126760482788
0.3229394555091858
2.352648973464966
-1.4933701753616333
1.019897222518921
3.368563652038574
1.42501699924469
-0.9827084541320801
0.05500383302569389
0.5631686449050903
0.44040513038635254
-2.4688172340393066
-6.578819274902344
0.24514925479888916
4.71675968170166
-5.422698497772217
2.335355520248413
0.6961026787757874
-4.10207462310791
-4.8432936668396
-6.69497537612915
-1.6921707391738892
0.30071917176246643
-3.1484456062316895
5.47145414352417
0.17176443338394165
-5.287841796875
-2.8188719749450684
-3.5938780307769775
-0.2980162799358368
-4.264658451080322
-1.680317759513855
0.4952310621738434
2.966090440750122
-0.5411992073059082
1.0342497825622559
0.2676914930343628
-2.6419718265533447
-1.533035159111023
1.018272042274475
0.760551929473877
-1.8525991439819336
-1.5995196104049683
-0.7708593010902405
-3.626150131225586
-2.05849289894104
2.1606273651123047
-1.2958927154541016
0.48589888215065
-2.945164918899536
-0.9273642897605896
-1.155860424041748
-2.0988941192626953
-0.9297893643379211
2.209543228149414
-0.8546617031097412
-0.5065480470657349
-2.171442985534668
-0.35483574867248535
0.7539839148521423
-0.8898781538009644
-0.6830318570137024
-0.32638663053512573
1.487078070640564
-0.7971575260162354
0.030211441218852997
4.996626377105713
3.97397780418396
-0.99860680103302
-0.7227156758308411
0.015030436217784882
3.2760169506073
3.44100284576416
0.5939304232597351
0.3384166657924652
-1.575737476348877
-2.7711803913116455
0.7438170313835144
2.8228578567504883
-2.588977813720703
-0.5760464668273926
-1.7011024951934814
-3.1498024463653564
-4.808030605316162
-4.388718605041504
-2.6013214588165283
-0.9909648895263672
-2.659601926803589
-3.241239309310913
0.7286484241485596
-1.0392820835113525
-1.4498546123504639
0.3265828490257263
1.7796056270599365
0.5528619885444641
-1.3014843463897705
-4.4967474937438965
0.7155793905258179
1.802118182182312
-2.8475942611694336
-0.44643208384513855
0.9693452715873718
0.8696237802505493
-0.35193681716918945
-1.1885887384414673
-1.9854979515075684
-0.49943381547927856
-3.6396162509918213
-3.4099838733673096
-3.926149845123291
-1.5321407318115234
0.17246273159980774
-1.818852186203003
-2.035578727722168
-3.617248296737671
-2.747609853744507
-4.8378472328186035
-4.115182399749756
-2.6460933685302734
-3.0391252040863037
-4.936896800994873
-3.239065170288086
-1.3769793510437012
-1.887150764465332
-2.100571393966675
-3.129964590072632
-2.0144991874694824
-1.3423010110855103
-2.311359167098999
-4.161106586456299
-3.8422691822052
-4.325015068054199
-5.466254711151123
-3.5353548526763916
1.4832350015640259
-2.8199801445007324
-2.878190279006958
-3.999847173690796
-7.927629470825195
-6.2663655281066895
-7.016479015350342
-7.084818363189697
-1.12356436252594
-5.172511100769043
-5.6831746101379395
-6.607607841491699
-7.35870361328125
-10.994745254516602
-13.9029541015625
-6.488804817199707
-4.191797256469727
-4.270826816558838
-7.636621952056885
-5.842462062835693
-5.9769439697265625
-6.5678911209106445
-5.302046298980713
-0.9145660996437073
-0.08216916769742966
-1.7645187377929688
-5.1110663414001465
-3.0227205753326416
-3.6155483722686768
-0.6773712038993835
0.36251553893089294
1.8633171319961548
1.5255135297775269
-2.776358127593994
-3.862170934677124
-4.706804275512695
-3.0468640327453613
-1.1893199682235718
-0.8095409870147705
-0.6537125110626221
-0.20784896612167358
-1.62177574634552
-3.0743284225463867
-1.590790033340454
0.7641907334327698
-1.3790918588638306
-2.141225814819336
-2.312391757965088
-0.6049405336380005
-1.842602252960205
-4.025390148162842
-3.942232847213745
1.218259572982788
-0.7074376344680786
-0.8499910235404968
-1.3051834106445312
0.7479211688041687
1.8064175844192505
2.923024892807007
1.0600073337554932
0.8055993318557739
1.2139023542404175
-0.08570406585931778
1.0346364974975586
1.3673911094665527
-1.0761812925338745
-1.8190902471542358
-2.336378574371338
-1.195768117904663
-0.28978052735328674
-2.2128937244415283
-2.540598154067993
-3.5957300662994385
-0.8019070625305176
-4.1880269050598145
-2.941493034362793
-0.21963784098625183
-1.5222711563110352
-3.694646120071411
-0.9303053021430969
-3.000638008117676
1.4240422248840332
-0.8365635871887207
0.07390069961547852
2.2555527687072754
-0.049156658351421356
-1.3966346979141235
0.2749350965023041
-2.261713743209839
0.4580291509628296
0.7080813050270081
-0.13825583457946777
2.0561423301696777
0.7270918488502502
0.29866310954093933
-0.7670954465866089
-3.5704774856567383
0.8786565661430359
2.3259708881378174
-0.7635528445243835
-3.976012945175171
-3.935471773147583
-5.894828796386719
-3.267241954803467
-2.0805652141571045
-0.7152086496353149
-3.2128946781158447
-4.663672924041748
-7.78115177154541
-5.926957607269287
-6.552976131439209
-7.154370307922363
-3.769935369491577
-4.142195224761963
-5.882163047790527
-6.791807651519775
-6.892809867858887
-8.036892890930176
-5.675602436065674
-7.450623989105225
-1.9364572763442993
-3.4103951454162598
-0.9715852737426758
-2.9378325939178467
-6.121277332305908
-3.488344669342041
-3.9268276691436768
0.1250220686197281
4.758500099182129
-4.981581687927246
-4.318239688873291
0.1362805813550949
-3.0138654708862305
0.17245984077453613
-0.7833508253097534
-5.724234580993652
-0.8969033360481262
-0.42776232957839966
-3.403751850128174
1.645975112915039
0.28934186697006226
1.6140034198760986
-1.4946863651275635
-2.8495397567749023
-5.1702494621276855
2.6639294624328613
-2.8534486293792725
1.2011150121688843
-1.8060481548309326
1.1286345720291138
-1.0375860929489136
-0.8728653788566589
-4.43989896774292
3.727947235107422
-2.1660258769989014
-3.4289159774780273
-1.8675150871276855
1.042478322982788
1.9035037755966187
-0.670042872428894
1.4260649681091309
0.8239419460296631
0.9620052576065063
-4.994711875915527
-2.633883476257324
1.6243422031402588
1.4336881637573242
1.013371229171753
0.536493718624115
-0.073041632771492
1.0713274478912354
-6.638375759124756
-7.070535182952881
-0.5257532000541687
0.2626669406890869
2.681781768798828
-0.1548539251089096
-0.5520980358123779
1.9729067087173462
-2.992375612258911
-4.929743766784668
-0.5148476362228394
0.4264572858810425
2.6992344856262207
0.6148868203163147
-0.5343733429908752
0.5431485772132874
0.672484815120697
-1.1868371963500977
-1.859433650970459
-0.05087241530418396
3.9394521713256836
4.608371734619141
-1.3232206106185913
-2.3810203075408936
0.7587063312530518
1.867146611213684
-3.464310884475708
-5.550509452819824
-3.2069952487945557
1.0857431888580322
0.2963874936103821
-1.2385457754135132
1.9832148551940918
-2.6139214038848877
-3.5937838554382324
-3.597907066345215
-2.4646341800689697
-1.691024899482727
1.3539501428604126
1.2609559297561646
1.201340675354004
-1.193782925605774
0.7471513152122498
-0.9296860694885254
-3.4434280395507812
-2.5055646896362305
1.59652841091156
0.2151038646697998
-4.244842529296875
-2.8873181343078613
-3.059377431869507
-6.928256988525391
-4.914534091949463
-1.7221697568893433
3.567634344100952
-2.202246904373169
-6.604333400726318
-7.919503211975098
-4.267486572265625
-5.793041706085205
-3.3538899421691895
-1.0964072942733765
1.6261911392211914
-1.1345598697662354
-6.832622528076172
-8.498461723327637
-4.004941940307617
-4.0993218421936035
-3.670750379562378
-0.515971839427948
-1.5427154302597046
-4.783642292022705
-6.674100399017334
-6.5891900062561035
-2.8396477699279785
0.25275886058807373
0.49511295557022095
-0.5272866487503052
-2.1602180004119873
-3.0384037494659424
-1.8507565259933472
-2.711383104324341
-1.5867677927017212
0.32316362857818604
-2.839554786682129
-0.8959803581237793
2.5316994190216064
-1.8181064128875732
-0.31010621786117554
1.121239423751831
3.0403308868408203
3.329972267150879
0.2082408368587494
-3.7195253372192383
2.518838882446289
-1.775915265083313
-1.8569270372390747
0.8890079259872437
2.7950618267059326
2.3363277912139893
1.3609791994094849
-3.682126760482788
-0.19827789068222046
-4.6296868324279785
-3.2369723320007324
-0.9755923748016357
-2.263948440551758
1.7140979766845703
-0.06782340258359909
-1.6561287641525269
-1.5178910493850708
-3.453169822692871
-2.0445921421051025
-0.1958494484424591
-2.316845655441284
1.7345585823059082
-0.6871055364608765
-1.1254997253417969
-2.239431858062744
-3.403719425201416
-1.3921047449111938
-1.4900305271148682
-0.0010719671845436096
0.9965382814407349
-0.90547114610672
-1.897559404373169
-1.4981045722961426
-5.610353469848633
-4.377232074737549
-1.648707389831543
-1.0124430656433105
-2.3631186485290527
-2.523958921432495
-0.8275777101516724
-0.09697981923818588
-2.1682794094085693
-5.065896034240723
-2.0407533645629883
-0.64774489402771
-1.7313650846481323
-0.6371434330940247
0.39481502771377563
1.7760756015777588
0.04573913291096687
-1.4134676456451416
1.0342273712158203
4.926255702972412
3.8780031204223633
-2.037774085998535
-2.7586731910705566
0.9075267314910889
-1.949342966079712
-1.4081252813339233
1.0659055709838867
-0.07468213140964508
2.9323859214782715
0.49942025542259216
-2.548250198364258
-0.6290883421897888
-3.1544198989868164
-2.8103902339935303
-0.2697884738445282
-1.2762616872787476
0.29977306723594666
-2.0281636714935303
-5.812990188598633
-3.670682191848755
-7.396376132965088
-6.486868858337402
-3.317094326019287
-3.8116118907928467
-3.603553533554077
-2.160611391067505
-2.0827674865722656
-5.439683437347412
-8.243437767028809
-5.923164367675781
-5.439977645874023
-5.054958820343018
-1.8165370225906372
-0.5066596269607544
-1.0829967260360718
-4.689413547515869
-5.656428813934326
-5.125782012939453
-6.0402421951293945
-4.992233753204346
-3.066568374633789
-1.9994689226150513
-2.9728429317474365
-4.172052383422852
-1.8373254537582397
-1.0373181104660034
-5.459598064422607
-4.135643005371094
-4.925676345825195
-0.8174711465835571
-0.10427519679069519
-1.4384136199951172
-1.020966649055481
-3.757678985595703
-3.7266204357147217
-0.5038792490959167
0.24550145864486694
0.7452510595321655
1.4763838052749634
-1.5139617919921875
-0.776694655418396
-0.23482206463813782
-2.1411683559417725
-4.171041011810303
-5.699209690093994
-4.290009498596191
-0.16193251311779022
-2.2416253089904785
-1.3925124406814575
-0.5181618332862854
-5.524504661560059
-5.684972286224365
-4.3497700691223145
-1.2777128219604492
0.9335001111030579
1.0187585353851318
-1.9879610538482666
-2.4292964935302734
-1.643890380859375
1.1508057117462158
6.437280654907227
5.898585796356201
6.619056224822998
2.793814182281494
-0.1737358570098877
-0.6764034032821655
1.8653829097747803
5.570501804351807
4.886874675750732
0.9820725321769714
3.3228745460510254
0.4276256263256073
2.0415525436401367
2.12638521194458
0.7247881889343262
0.6032645106315613
-2.7674734592437744
-4.681888103485107
-2.420804500579834
-0.9287261962890625
-0.9937769770622253
-0.9614710807800293
-3.777320384979248
-5.100366115570068
-4.679638385772705
-5.518327236175537
-3.936628818511963
-0.8920744061470032
-1.4817543029785156
-2.5591073036193848
-3.22129487991333
-2.0979433059692383
-0.3656853139400482
-2.277400255203247
-0.9175044894218445
-2.730693817138672
-2.49373722076416
-2.1986277103424072
-1.3592108488082886
-1.7513506412506104
-3.0915095806121826
-3.899291515350342
-1.3497681617736816
-1.1893484592437744
-0.3816072940826416
-0.03888028860092163
1.0106980800628662
-2.6389520168304443
-7.128838539123535
-4.497829914093018
-1.2096679210662842
-0.47640594840049744
4.6507978439331055
4.828749179840088
1.4176994562149048
-4.259206771850586
-8.156352043151855
-3.2342474460601807
-0.8415675759315491
-5.776008129119873
0.5812380909919739
-0.7342745065689087
-3.424199104309082
-4.82781982421875
-1.7446547746658325
-0.15990781784057617
0.8652160167694092
-6.837514877319336
-3.566134214401245
-0.48788726329803467
0.21106791496276855
-3.3768296241760254
0.060044750571250916
0.3947902023792267
-2.378070116043091
-3.2717678546905518
-2.512261152267456
-1.9856884479522705
-0.7035178542137146
4.4811811447143555
4.263076305389404
1.5425933599472046
-2.7909085750579834
-0.561480700969696
-0.342717707157135
-3.838747501373291
-5.016336441040039
-2.470750093460083
-3.2282729148864746
-4.730067253112793
-3.501836061477661
-4.390249252319336
-3.1124956607818604
-4.154468059539795
-2.6920089721679688
-2.585395097732544
-0.6281343102455139
-3.4881625175476074
-3.6872947216033936
-1.9239795207977295
-3.3969767093658447
-2.2664804458618164
-0.5315064191818237
2.1225407123565674
1.9153833389282227
1.1398913860321045
-0.4713810980319977
-3.9552736282348633
-5.973856449127197
-7.001440048217773
-7.6729888916015625
-9.883981704711914
-10.359068870544434
-9.506084442138672
-5.286588191986084
-5.754281044006348
-8.174393653869629
-7.253046989440918
-7.60000467300415
-9.123675346374512
-9.185214042663574
-9.11909008026123
-6.198504447937012
-2.056138038635254
-4.789763450622559
-4.925967216491699
-3.310289144515991
-3.973365545272827
-6.6205644607543945
-5.7396135330200195
-5.303867340087891
-0.20514491200447083
-2.5469110012054443
-2.8744688034057617
-1.1006138324737549
0.011948257684707642
-2.9918689727783203
-2.405116081237793
-4.296663761138916
-0.940252959728241
-3.0096983909606934
-4.553865909576416
-5.609905242919922
-5.198244094848633
-6.219213962554932
-6.244168758392334
-5.989147663116455
-2.204681634902954
-3.691391706466675
-5.6259236335754395
-6.162388801574707
-6.512302398681641
-5.783426284790039
-3.3276679515838623
-1.8276143074035645
1.287861704826355
-2.334179401397705
-4.598996639251709
-1.9932942390441895
-3.103440523147583
-0.5938122868537903
0.41214561462402344
0.4676100015640259
1.7302073240280151
0.2705964148044586
1.0221775770187378
2.3586113452911377
-0.019869724288582802
-0.0535963699221611
0.2655812203884125
0.1919092833995819
2.825491428375244
3.0826773643493652
5.138431072235107
3.983266830444336
4.448538780212402
6.7124762535095215
6.9318060874938965
2.634293794631958
2.129117488861084
0.35591229796409607
1.8993966579437256
-0.7803047299385071
-2.5459952354431152
1.7219218015670776
3.512204885482788
-0.20536203682422638
1.9076851606369019
-0.5380352735519409
-1.9393774271011353
-3.1334571838378906
-3.018839120864868
-2.8023016452789307
-3.1703100204467773
-3.196784019470215
1.6997352838516235
-0.10816258192062378
-4.086696147918701
-2.8650009632110596
-0.40868300199508667
-3.00126051902771
-4.333226203918457
-4.279303073883057
1.4442641735076904
1.3488496541976929
-1.948049783706665
-3.3795008659362793
0.27888181805610657
-0.6417631506919861
-3.3139562606811523
-3.0588669776916504
3.2212016582489014
1.4502061605453491
-0.7271581888198853
-1.283860206604004
2.332273006439209
1.3932455778121948
0.6487672924995422
-1.87693452835083
2.6455729007720947
-0.8534636497497559
-2.1859512329101562
-4.615052700042725
-0.508233904838562
2.679548501968384
3.2580106258392334
-0.3129037022590637
0.32631221413612366
-0.9407607913017273
1.2279796600341797
1.2495286464691162
1.3324432373046875
1.4690289497375488
0.47760793566703796
-0.24497395753860474
0.183293879032135
-1.8985403776168823
-3.526911497116089
-2.866225004196167
0.359423965215683
-0.7818378210067749
-1.7463140487670898
-2.898674726486206
-0.299368292093277
-3.1465489864349365
-3.488042116165161
1.0688135623931885
2.3385016918182373
-1.124696969985962
-1.6207184791564941
-3.1157069206237793
-1.6341358423233032
-6.848213195800781
-4.368403911590576
-0.8399350643157959
-3.573201894760132
-6.051543712615967
-3.3828980922698975
-3.8393521308898926
-1.3054381608963013
-8.161216735839844
-8.48892879486084
-5.094585418701172
-6.914125919342041
-8.999337196350098
-2.78157114982605
1.321132779121399
-4.327573776245117
-8.209399223327637
-6.276038646697998
-2.1880056858062744
-3.5631299018859863
-3.680872678756714
-4.076593399047852
0.26420652866363525
-4.924437522888184
-3.9610843658447266
0.9434564113616943
2.2935121059417725
0.5746710300445557
0.5615454316139221
1.614607334136963
1.497679352760315
-0.711746871471405
-4.779631614685059
0.6798513531684875
1.701094150543213
-1.54875648021698
-2.9476113319396973
-2.4203498363494873
-2.6415767669677734
-1.110413670539856
-3.929109573364258
-4.840826511383057
-1.3746191263198853
-3.06744647026062
-4.362313747406006
-2.7440195083618164
-1.9247852563858032
