1.7653707265853882
1.1842752695083618
1.460308313369751
0.060753121972084045
0.35902151465415955
2.172243595123291
0.5145589113235474
1.6140923500061035
0.34751883149147034
1.6199983358383179
1.8347424268722534
1.0939589738845825
0.09030786901712418
1.8723965883255005
2.746568441390991
0.059913620352745056
1.0860881805419922
0.10893979668617249
1.566509485244751
1.2942389249801636
1.037131667137146
1.9057657718658447
0.204154834151268
1.3136247396469116
0.5367949604988098
0.5024306774139404
0.14782261848449707
0.33402952551841736
0.07028739154338837
1.295437216758728
0.6146342158317566
1.9415346384048462
1.5881484746932983
1.2809232473373413
1.3585455417633057
1.8201948404312134
0.7203018665313721
0.45207953453063965
0.34874123334884644
1.5462998151779175
1.0885119438171387
0.8103585839271545
1.2309690713882446
2.0585243701934814
0.436515748500824
0.612328052520752
0.41944417357444763
0.04975893720984459
1.9297233819961548
0.5711399912834167
0.5943031907081604
0.3380644619464874
0.02186671271920204
0.46769216656684875
1.0427197217941284
0.7235125303268433
0.05455458536744118
0.3619479835033417
0.08829096704721451
0.8201809525489807
0.25401076674461365
0.026575185358524323
2.0725526809692383
2.4742608070373535
