0.0
0.0
0.0
0.08383878320455551
0.0
0.0
0.0
0.0
0.0
0.0
0.2794354557991028
0.0
0.0
0.0
0.0
0.0
0.0
0.0
0.0
0.0
0.0
0.0
0.0
0.0
0.0
0.0
0.0
0.014671175740659237
0.6007809042930603
0.48810818791389465
0.20153716206550598
0.0
0.0
0.0
1.4954774379730225
0.5674278736114502
0.0
0.1801985502243042
0.11147524416446686
0.0
0.0
0.2950432598590851
1.403794288635254
0.30608025193214417
0.0
0.8742243647575378
1.4903299808502197
0.0
0.0
0.8913617134094238
1.4535722732543945
0.0
0.0
0.0
0.04121209681034088
0.0
0.0
0.41455885767936707
0.4559810161590576
0.0
0.0
0.0
0.0
0.0
0.4508236348628998
0.21634100377559662
0.0
0.0
0.0
1.1575864553451538
1.4574724435806274
0.43676766753196716
0.3359355330467224
0.0
0.0
0.08993789553642273
0.03074786253273487
1.3640272617340088
1.21397066116333
0.0
0.0
0.0
0.0
0.0
0.0
0.0
0.0
0.0
0.0
0.0
0.0
0.0
0.0
0.0
0.0
0.0
0.0
0.0
0.0
0.0
0.0
0.0
0.0
0.0
0.0
0.0
0.0
0.0
0.0
0.0
0.5562977194786072
0.2392752468585968
0.3689257800579071
0.0
0.0
0.712310791015625
1.3703768253326416
1.253445029258728
1.0927249193191528
0.3887592554092407
0.0
0.0
0.24286408722400665
1.0343739986419678
0.5203855633735657
0.0
0.0
0.0
0.22651709616184235
0.0
0.0
0.09982580691576004
0.0
0.0
0.0
0.0
0.0
0.0
0.0
0.0
0.0
0.0
0.0
0.0
0.0
0.0
0.0
0.0
0.0
0.0
0.0
0.0
0.0
0.10170270502567291
0.0
0.0
0.0
0.0
0.0
0.0
0.0
0.0
0.07874518632888794
0.0
0.0
0.0
0.0
0.0
0.0
0.0
0.0
0.0
0.40465283393859863
0.6898003220558167
0.6994098424911499
0.0
0.0
0.0
0.31219327449798584
0.5467151999473572
0.3383468687534332
0.3968261778354645
0.0
0.0
0.0
0.0
0.0
0.15469515323638916
0.19296155869960785
0.0
0.0
0.0
0.0
0.0
0.0
0.0
0.0
0.27704790234565735
0.0
0.5055639743804932
0.34631410241127014
0.0
1.054951548576355
0.2412383258342743
0.0
0.0
0.0
0.22189727425575256
0.8554063439369202
0.0
0.6433260440826416
0.0
0.0
0.0
0.0
0.0
0.0
0.0
0.0
0.0
0.0
0.0
0.0
0.0
0.0
0.0
0.062225665897130966
0.0
0.0
0.0
0.0
0.0
0.0
0.0
0.0
0.0
0.0
0.0
0.0
0.0
0.0
0.0
0.0
0.0
0.0
0.0
0.0
0.0
0.0
0.0
0.0
0.0
0.0
0.0
0.0
0.0
0.0
0.0
0.31316104531288147
0.0
0.0
0.0
0.0
0.0
0.0
0.0
0.0
0.0
0.0
0.0
0.0
0.0
0.0
0.5728791356086731
0.1377343237400055
0.031667593866586685
0.4551091194152832
0.3529508709907532
0.0
0.0
0.0
0.8889026641845703
1.003121256828308
0.0
0.0
0.043450720608234406
0.0
0.0
0.0
0.2568926513195038
1.2273417711257935
0.49701979756355286
0.460531622171402
0.0
0.0
0.0
0.0
0.7114647626876831
0.624855637550354
0.49443861842155457
0.22259408235549927
0.0
0.0
0.0
0.0
0.18641901016235352
0.0
0.0
0.0
0.0
0.0
0.0
0.0
0.0
0.0
0.0
0.0
0.0
0.0
0.0
0.0
0.0
0.0
0.0
0.0
0.0
0.0
0.0
0.0
0.07926680147647858
0.34343937039375305
0.2014814168214798
0.4395398497581482
0.0
0.0
0.0
0.0
0.3577723503112793
0.7704693078994751
0.0
0.0
0.0
0.0
0.0
0.0
0.0
0.0
0.07161823660135269
0.36207684874534607
0.0
0.0
0.0
0.0
0.6261829733848572
0.012400614097714424
0.6508558988571167
0.07909330725669861
0.0
0.0
0.0
0.0
1.319583535194397
1.3635780811309814
0.34354835748672485
0.0
0.0
0.0
0.0
0.0
0.2868700921535492
0.08681824803352356
0.0
0.0
0.0
0.0
0.0
0.0
0.4548671245574951
0.0527622252702713
0.0
0.0
0.0
0.0
0.0
0.41994109749794006
0.0
0.0
0.427385538816452
0.33293724060058594
0.0
0.0
0.0
0.0
0.0
0.0
0.0
0.0
0.0
0.0
0.0
0.0
0.0
0.0
0.0
0.0
0.0
0.0
0.0
0.0
0.0
0.14533770084381104
0.0
0.0
0.0
0.0
0.0
0.0
0.0
0.0
0.0
0.0
0.4933556616306305
0.0
0.6769257187843323
0.0
0.0
0.0
0.0
0.0
0.010130094364285469
0.0
0.0
0.0
0.0
0.47186169028282166
0.17370060086250305
0.23782393336296082
0.0
0.0
0.0
0.0
0.0
0.5150299668312073
0.0
0.0
0.0
0.0
0.0
0.0
0.0
0.0
0.0
0.0
0.2962108254432678
0.0
0.0
0.0
0.0
0.0
0.0
0.0
0.0
0.0
0.0
0.5663933157920837
0.0
0.0
0.0
0.0
0.0
0.0
0.0
0.9584299325942993
0.4028197228908539
0.0
0.0
0.0
0.0
0.0
0.0
0.0
0.5536391139030457
0.18754705786705017
0.0
0.0
0.0
0.0
0.0
0.3246241509914398
0.0
0.14323104918003082
0.0
0.0
0.0
0.0
0.0
0.0
0.0
0.0
0.0
0.5244836211204529
0.0
0.0
0.0
0.0
0.0
0.0
0.0
0.0
0.0
0.0
0.0
0.0
0.0
0.0
0.19853642582893372
0.0
0.0
0.0
0.0
0.0
0.0
0.0
0.0
0.0
0.0
0.0
0.0
0.0
0.0
0.0
0.0
0.0
0.0
0.0
0.0
0.0
0.0
0.0
0.0
0.0
0.0
0.08860749751329422
0.0
0.0
0.0
0.2791169285774231
0.3985162377357483
0.0
0.09533721953630447
0.23450036346912384
0.06615222990512848
0.0
0.0
0.09068235009908676
0.0
0.0
0.0
0.013177527114748955
0.0
0.0
0.0
0.0
0.0
0.0
0.0
0.0
0.0
0.0
0.0
0.0
0.0
0.0
0.0
0.18847602605819702
0.15452328324317932
0.0
0.0
0.0
0.0
0.0
0.21537381410598755
0.13431081175804138
0.7096129655838013
0.0
0.0
0.0
0.0
0.0
0.0
0.0
0.255933552980423
0.0
0.0
0.0
0.0
0.0
0.0
0.0
0.0
0.0
0.0
0.0
0.0
0.0
0.0
0.0
0.0
0.21980465948581696
0.0
0.446018785238266
0.0
0.0
0.0
0.0
0.0
0.2714822292327881
0.6500054597854614
0.8473725914955139
0.0
0.0
0.0
0.0
0.0
0.016736455261707306
0.0
0.0
0.0
0.11561627686023712
0.38616594672203064
0.0
0.0
0.49759235978126526
0.0
0.0
0.0
0.0
0.0
0.0
0.0
0.14375875890254974
0.3563632071018219
0.0
0.280404269695282
0.6202301979064941
0.4268448054790497
0.6096518635749817
0.9865930080413818
0.0
0.0
0.0
0.0
0.0
0.0
0.0
0.12468228489160538
0.0
0.0
0.0
0.0
0.0
0.0
0.0
0.0
0.0
0.0
0.0
0.0
0.0
0.0
0.0
0.0
0.1521899253129959
0.0
0.0
0.0
0.0
0.0
0.0
0.0
0.0
0.0
0.0
0.0
0.0
0.0
0.0
0.22920548915863037
0.0
0.0
0.0
0.0
0.0
0.31927040219306946
0.6662446856498718
1.2405710220336914
0.0
0.0
0.0
0.0
0.3535849452018738
0.8037871718406677
0.29454895853996277
0.28444403409957886
0.05064702779054642
0.0
0.0
0.412929505109787
0.33286982774734497
0.0
0.0
0.0
0.01734408363699913
0.0
0.0
0.0
0.0
0.0
0.0
0.09735528379678726
0.33446231484413147
0.0
0.034194543957710266
0.0
0.0
0.0
0.0
0.0
1.141216516494751
0.5449209213256836
0.0
0.0
0.0
0.0
0.0
0.0
0.2581721246242523
0.44238558411598206
0.0
0.0
0.0
0.0
0.0
0.0
0.48245683312416077
0.0
0.0
0.0
0.0
0.0
0.0
0.0
1.3347694873809814
1.1406283378601074
0.0
0.0
0.0
0.0
0.09084820002317429
0.3822093605995178
0.9230734705924988
1.2098194360733032
0.5277088284492493
0.2340065985918045
0.766274631023407
1.0544627904891968
0.5529835820198059
0.19471114873886108
0.0
0.0
0.0
0.0
0.0
0.0
0.0
0.0
0.0
0.0
0.0
0.0
0.0
0.0
0.0
0.0
0.0
0.0
0.0
0.0
0.0
0.0
0.0
0.0
0.0
0.0
0.0
0.0
0.0
0.0
0.0
0.0
0.0
0.0
0.0
0.0
0.27294954657554626
0.0
0.5205696225166321
0.005409129895269871
0.0
0.0
0.0
0.9971374273300171
0.0
0.5192759037017822
0.34260451793670654
0.0
1.7000137567520142
0.0
0.0
1.924508810043335
0.0
0.0
0.0
0.0
1.1443952322006226
0.2322249561548233
0.11885400116443634
0.8478347659111023
0.0
0.0
0.0
0.0
0.0
0.0
0.0
0.0
0.0
0.0
0.0
0.8636905550956726
0.0
0.0
0.0
0.0
0.0
0.0
0.0
0.09998458623886108
0.018268918618559837
0.0
0.0
0.0
0.0
0.0
0.0
0.0
0.0490415021777153
0.0
0.0
0.0
0.0
0.0
0.0
0.0
0.0
0.0
0.0
0.0
0.0
0.6243173480033875
0.0
0.07593837380409241
0.0
0.0
0.0
0.0
0.1602691113948822
0.0
0.0
0.0
0.0
0.0
0.0
0.0
0.0
0.0
0.0
0.0
0.9911248683929443
0.020312516018748283
0.0
0.0
0.0
0.0
0.0
0.660270631313324
0.0
0.0
0.1953546702861786
0.0
0.0
0.8793721199035645
0.06283996254205704
0.0
0.12177316099405289
0.0737612396478653
0.4459596872329712
0.0
0.0
1.3977850675582886
1.476737380027771
0.2980526089668274
0.031243544071912766
0.0
0.0
0.0
1.0700585842132568
0.9591694474220276
0.3111330270767212
0.5864524245262146
0.0
0.0
0.0
0.0
1.3251901865005493
0.6657243967056274
0.0
0.5444890260696411
0.0
0.0
0.0
0.0
0.0
0.0
0.0
0.0
0.0
0.0
0.0
0.0
0.0
0.0
0.0
0.0
0.0
0.0
0.0
0.0
0.0
0.0
0.0
0.12974657118320465
0.0
0.0
0.0
0.5773190855979919
0.0
0.0
0.0
0.0
0.8727856278419495
0.4168245196342468
0.0
0.0
0.0
0.0
0.0
0.0
0.0
0.0
0.0
0.0
0.0
0.0
0.0
0.0
0.0
0.0
0.33447185158729553
0.5322738885879517
1.3164913654327393
0.0
0.0
0.0
0.14830879867076874
0.0
0.1178031787276268
1.1574712991714478
0.19891484081745148
0.0
0.0
0.0
0.4104838967323303
0.0
0.0
0.0
0.0
0.0
0.0
0.0
0.0
0.0
0.0
0.0
0.5585280060768127
0.0
0.0063447668217122555
0.0
0.0
0.0
0.0
0.0
0.0
0.0
0.0
0.0
0.0
0.0
0.0
0.0
0.0
0.0
0.0
0.0
0.0
0.0
0.0
0.0
0.0
0.0
0.18290507793426514
0.0
0.07226961851119995
0.0
0.0
0.0
0.0
0.5744235515594482
1.93038809299469
0.5598179697990417
0.4065486788749695
0.0
0.0
0.0
0.0
0.0
0.0
0.5409736633300781
0.0
0.0
0.0
0.0
0.0
0.0
0.0
0.0
0.0
0.0
0.0
0.0
0.0
0.0
0.0
0.0
0.0
0.19857393205165863
1.2996994256973267
0.0691608190536499
0.0
0.0
0.0
0.0
0.0
0.013651110231876373
0.7057121396064758
0.0
0.0
0.0
0.0
0.0
0.0
0.0
0.0
0.0
0.0
0.0
0.0
0.0
0.0
0.0
0.0
0.0
0.0
0.0
0.0
0.0
0.0
0.0
0.0
0.0
0.0
0.0
0.0
0.0
0.0
0.0
0.0
0.1786043792963028
0.0
0.2553800344467163
0.21378573775291443
0.0
0.0
0.0
0.0
0.31706616282463074
0.0
0.16416068375110626
0.9924546480178833
0.0
0.46659380197525024
0.0
0.0
0.7922379970550537
0.0
0.19225667417049408
1.057690143585205
0.5467295050621033
0.0
0.0
0.0
0.2964390516281128
0.09455017000436783
0.1197328269481659
0.9486322402954102
0.1980832815170288
0.0
0.0
0.0
0.0
0.0
0.0
0.3217996060848236
0.17728355526924133
0.35042598843574524
0.0
0.0
0.0
0.0
0.0
0.0
0.3515772521495819
0.0
0.16107241809368134
0.0
0.0
0.0
0.0
0.0
0.39722082018852234
0.0
0.0
0.0
0.0
0.0
0.0
0.0
0.6175534129142761
0.0
0.0
0.0
0.0
0.0
0.0
0.0
0.0
0.3450953960418701
0.2577655613422394
0.29369258880615234
0.22477856278419495
0.0
0.0
0.0
0.07752645760774612
0.32650816440582275
0.0
0.0
0.4840848743915558
0.4387665092945099
0.0
0.813230574131012
0.8287971615791321
0.5132520198822021
0.0
0.0
0.31416118144989014
0.0
0.0
0.0
0.0
0.215268075466156
0.17749713361263275
0.4896738529205322
0.0
0.0
0.0
0.0
0.0
0.0
0.0
0.18154987692832947
0.0
0.0
0.0
0.26156193017959595
0.5018251538276672
0.0
0.0
0.0
0.0
0.0
0.0
0.0
0.0
0.0
0.0
0.0
0.0
0.0
0.0
0.0
0.0
0.0
0.0
0.0
0.0
0.0
0.0
0.0
0.0
0.0
0.0
0.0
0.0
0.0
0.0
0.0
0.0
0.0
0.0
0.0
0.0
0.0
0.0
0.2011144608259201
0.0
0.0
0.0
0.0
0.0
0.5938794612884521
1.0265073776245117
0.4646052122116089
0.0672609806060791
0.0
0.0
0.08069852739572525
0.0
0.0
0.5382390022277832
0.0
0.0
0.0
0.0
1.0699951648712158
0.3855553865432739
0.3111368417739868
0.5981871485710144
0.23076461255550385
0.0
0.0
0.41892752051353455
0.6617140173912048
1.2822638750076294
0.7585886716842651
0.0
0.4128992557525635
0.6571504473686218
0.0
0.1917399913072586
0.0
0.0
0.5914546251296997
0.0
0.0
0.04593465104699135
0.0
0.0
0.0
0.0
0.0
0.0
0.0
0.0
0.0
0.004579526372253895
0.0
0.0
0.0
0.0
0.0
0.0
0.0
0.0
0.0
0.0
0.0
0.0
0.0
0.0
0.0
0.3060210049152374
0.0
0.0
0.0
0.0
0.0
0.0
0.0
0.0
0.0
0.0
0.0
0.0
0.0
0.0
0.0
0.1684502512216568
0.0
0.0
0.0
0.0
0.0
0.0
0.0
0.1003236174583435
0.5119103789329529
0.7215399146080017
0.0
0.0
0.0
0.0
0.0
0.0
0.1607811599969864
0.0
0.0
0.0
0.0
0.0
0.0
0.0
0.0
0.0
0.0
0.0
0.0
0.0
0.0
0.0
0.0
0.0
0.0
0.0
0.0
0.0
0.0
0.0
0.0
0.0
0.0
0.0
0.0
0.0
0.0
0.0
0.013851706869900227
0.0
0.0
0.0
0.0
0.0
0.660496175289154
0.0
0.0
0.0
0.0
0.06085774675011635
0.20968085527420044
0.22080813348293304
0.2897071838378906
0.05701620131731033
0.0
0.0
0.6518028974533081
0.965850293636322
1.0899546146392822
0.3901996314525604
0.2644614279270172
0.0
0.0
0.19900234043598175
0.0
0.0
0.0
0.0
0.12594455480575562
0.6858725547790527
0.0
0.0
0.0
0.0
0.0
0.4461726248264313
0.0
0.055323317646980286
0.0
0.0
0.0
0.0
0.0
0.0
0.0
0.0
0.0
0.0
0.0
0.0
0.0
0.0
0.0
0.0
0.0
0.0
0.0
0.0
0.0
0.5020302534103394
0.0
0.0
0.0
0.08919043093919754
0.0
0.0
0.0
0.4673103988170624
0.0
0.0
0.0
0.0
0.0
0.0
0.0
0.11813749372959137
0.0
0.041571881622076035
0.019076980650424957
0.0
0.0
0.0
0.042553313076496124
0.3681844174861908
0.0
0.0
0.0
0.0
0.0
0.0
0.17863957583904266
0.0
0.0
0.0
0.0
0.0
0.0
0.0
1.044854760169983
0.6338604092597961
0.0
0.0
0.0
0.0
0.5797283053398132
0.0
0.0
0.7120667695999146
0.0
0.0
0.0
0.0
0.0
0.0
0.0
0.0
0.0
0.0
0.9223884344100952
0.0
0.0
0.0
0.02668440155684948
0.0
0.13127683103084564
0.0
0.0
0.0
0.0
0.0
0.0
0.0
0.6063902974128723
0.0
0.0
0.0
0.0
0.0
0.0
0.0
0.0
0.42528650164604187
0.0
0.0
0.2429952174425125
0.3546486496925354
0.6092492341995239
0.17036975920200348
0.0
0.0
0.0
0.7590845227241516
0.1696549504995346
0.0
0.0
0.0
0.0
0.0
0.0
0.2737746834754944
0.0
0.0
0.0
0.0
0.0
0.0
0.0
0.0
0.0
0.0
0.0
0.0
0.0
0.0
0.0
0.0
0.0
0.0
0.0
0.0
0.0
0.0
0.0
0.0
0.0
0.0
0.0
0.0
0.0
0.0
0.0
0.0
0.0
0.0
0.0
0.0
0.26714199781417847
0.02852022647857666
0.0
0.0
0.0
0.0
0.0
0.0
0.40848618745803833
1.0310579538345337
0.0
0.0
0.0
0.0
0.0
0.0
0.549660325050354
0.0
0.0
0.0
0.0
0.18530218303203583
0.0
0.0
0.6802603602409363
0.0
0.0
0.0
0.0
0.0
0.0
0.0
0.42266449332237244
0.0
0.0
0.0
0.0
0.0
0.0
0.0
0.8635534048080444
0.0
0.0
0.0
0.0
0.0
0.0
0.0
0.349089652299881
0.0
0.21302135288715363
0.0
0.0
0.19791944324970245
0.10003823041915894
0.28329119086265564
0.7893062829971313
0.2134948968887329
0.4562520384788513
0.0
0.0
0.0
0.3040515184402466
0.2978641092777252
1.0959242582321167
0.6958121657371521
0.856886088848114
0.0
0.0
0.0
0.13664156198501587
0.016509251669049263
0.6931424140930176
0.0
0.6019198894500732
0.790256679058075
0.13611933588981628
0.22012847661972046
0.4446331560611725
0.2724416255950928
0.0
0.0
0.0
0.0
0.0
0.0
0.0
0.0
0.0
0.0
0.0
0.0
0.0
0.0
0.0
0.0
0.0
0.0
0.0
0.0
0.0
0.0
0.1679179072380066
0.5949655771255493
0.0
0.0
0.0
0.0
0.0
0.0
0.0
1.5304934978485107
0.0
0.0
0.0
0.0
0.0
0.0
0.0
0.6653309464454651
0.0
0.0
0.0
0.0
0.06194969639182091
0.0
0.0
0.0
0.0
0.0
0.0
0.5557616353034973
0.2139589786529541
0.0
0.0
0.0
0.15190939605236053
0.40888068079948425
0.0
0.0
0.0
0.0
0.0
0.00306040421128273
0.0
0.42218017578125
0.41448545455932617
0.42567476630210876
1.0791101455688477
0.37289199233055115
0.27017614245414734
1.2842116355895996
0.0
0.5535012483596802
1.102329134941101
0.5193480849266052
0.014345276169478893
0.0
0.0
0.6586718559265137
0.0
0.0
0.0
0.0
0.0
0.0
0.0
0.0
0.0
0.0
0.0
0.0
0.0
0.0
0.0
0.322978675365448
0.0
0.0
0.0
0.0
0.0
0.0
0.0
0.1384795606136322
0.0
0.0
0.0
0.0
0.0
0.0
0.0
0.12563754618167877
0.0
0.0
0.0
0.0
0.0
0.0
0.1309797167778015
0.9853864908218384
0.0
0.0
0.0
0.0
0.4437182545661926
0.5498020052909851
0.3884807527065277
0.25461873412132263
0.11616343259811401
0.0
0.0
0.0
0.0
0.0
0.0
0.0
0.0
0.0
0.0
0.0
0.0
0.0
0.08541907370090485
0.0
0.0
0.14016613364219666
0.7747852802276611
0.0
0.6230795979499817
0.0
0.17588801681995392
0.0
0.0
0.0
0.0
0.0
0.0
0.0
0.0
0.0
0.0
0.0
0.0
0.0
0.0
0.0
0.0
0.0
0.0
0.0
0.0
0.0
0.0
0.0
0.0
0.0
0.06335316598415375
0.0
0.0
0.0
0.0
0.0
0.0
0.0
0.35994142293930054
0.0
0.0
0.6046348810195923
0.0
0.0
0.0
0.0
0.08296888321638107
0.0
0.0
0.15639983117580414
0.0
0.0
0.39790213108062744
0.0
0.46601539850234985
0.21642912924289703
0.0
0.0
0.0
0.0
0.5234860777854919
0.6244706511497498
0.1160493940114975
0.0
0.0
0.0
0.0
0.0
0.0
0.0
0.0
0.0
0.0
0.0
0.0
0.0
0.0
0.0
0.0
0.138411745429039
0.0
0.0
0.0
0.0
0.08713915199041367
0.0
0.35770469903945923
0.40290963649749756
1.0599604845046997
0.6124472618103027
0.9704607129096985
0.956975519657135
0.0
0.0
0.7613354325294495
0.554918646812439
0.0
0.19565872848033905
0.0
0.30673131346702576
0.0
0.0
0.0
0.0
0.0
0.0
0.0
0.0
0.0
0.0
0.0
0.0
0.0
0.0
0.0
0.0
0.0
0.0
0.0
0.0
0.0
0.0
0.0
0.0
0.0
0.0
0.0
0.0
0.0
0.0
0.0
0.0
0.8728669881820679
0.664907693862915
0.0
0.8047732710838318
0.0
0.13631793856620789
0.0
0.0
0.09969981014728546
0.8494837284088135
0.0
1.4188060760498047
0.34746816754341125
0.06433078646659851
0.0
0.0
0.0
0.0
0.0
0.14437532424926758
0.19367694854736328
0.0
0.0
0.0
0.0
0.0
0.0
0.0
0.0
0.0
0.0
0.0
0.0
0.0
0.9086064696311951
0.5523775219917297
0.0
0.0
0.0
0.3754993677139282
0.1209682747721672
0.0
0.0
0.15309926867485046
0.0
0.0
0.0
0.0
0.0
0.0
0.0
0.0
0.0
0.0
0.0
0.0
0.0
0.0
0.0
0.0
0.0
0.0
0.01811835914850235
0.0
0.0
0.0
0.0
0.05418070778250694
0.0
0.5317990183830261
0.1875072866678238
0.0
0.0
0.0
0.7328193783760071
0.4992300271987915
0.0
0.08115799725055695
0.305663526058197
0.6096881628036499
0.0
0.0
0.29282164573669434
0.0016115136677399278
0.0
0.0
0.5770910978317261
0.6449242830276489
0.0
0.0
0.0
0.0
0.24057921767234802
0.28009530901908875
1.0533719062805176
1.3978675603866577
1.3967409133911133
0.3107112944126129
0.44336244463920593
0.2823137640953064
0.19358550012111664
0.0
0.4391449987888336
0.2892057001590729
0.0
0.0
0.0
0.0
0.11198636889457703
0.0
0.0
0.0
0.0
0.3989153504371643
0.0
0.0
0.0
0.0
0.0
0.0
0.0
0.06354121118783951
0.0
0.0
0.0
0.0
0.0
0.0
0.0
0.5090020298957825
0.0
0.0
0.4745479226112366
0.5519890189170837
0.12219608575105667
0.11748011410236359
0.0
0.0
0.0
0.0
0.0
0.0
0.0
0.0
0.0
0.0
0.0
0.0
0.0
0.0
0.0
0.0
0.0
0.23178964853286743
0.0
0.0
0.0
0.0
1.1113399267196655
0.7867370247840881
0.163369819521904
0.06713534891605377
0.0
0.0
0.0
0.7864120602607727
1.7583842277526855
0.9191359877586365
0.17251838743686676
0.0
0.0
0.0
0.0
0.0
0.0
0.0
0.0
0.0
0.0
0.0
0.0
0.0
0.5520032048225403
0.0
0.0
0.36295509338378906
0.0
0.0
1.0653423070907593
0.0
0.0
0.1402462124824524
0.0
0.0
0.0
0.0857490748167038
0.5016173124313354
0.0
0.0
0.8707556128501892
0.2543080747127533
0.0
0.21292831003665924
0.0
0.0
0.0
0.12797579169273376
0.0
0.0
0.0
0.0
0.49293744564056396
0.0
0.0
0.0
0.0
0.0
0.0
0.0
0.9317960739135742
0.0
0.0
0.0
0.0
0.0
0.0
0.0
0.23554953932762146
0.5891380310058594
0.0
0.0
0.0
0.3683517873287201
0.0
0.07054541260004044
0.0
0.0
0.0
0.0
0.20133210718631744
0.0
0.0
1.2296288013458252
0.0
0.0
0.28207629919052124
2.5337162017822266
1.5903915166854858
0.13777805864810944
0.0
0.0
0.0
0.0
0.9528703689575195
1.6421416997909546
0.8341870307922363
0.0
0.0
0.0
0.0
0.1483842134475708
0.07447358965873718
0.0
0.0
0.0
0.0
0.0
0.0
0.0
0.2400861233472824
0.0
0.0
0.0
0.0
0.0
0.0
0.0
0.0
0.0
0.0
0.0
0.0
0.0
0.0
0.0
0.0
0.0
0.0
0.532772958278656
0.0
0.0
0.0
0.0
0.0
0.0
0.17852962017059326
0.2584911286830902
0.0
0.0
0.0
0.0
0.0
0.0
0.039595406502485275
0.0
0.0
0.022418472915887833
0.0
0.0
0.0
0.0
0.0
1.2625001668930054
0.36286768317222595
0.0
0.0
0.0
0.0
0.0
0.0
0.7537586688995361
0.34957000613212585
0.0
0.0
0.0
0.0
0.0
0.0
0.2571346163749695
0.0
0.23532457649707794
0.0
0.0
0.0
0.0
0.0
0.10514430701732635
0.0
0.3971759080886841
0.0
0.0
0.0
0.0
0.0
0.0
0.0
0.0
0.0
0.0
0.0
0.0
0.008175931870937347
0.7385692000389099
0.0
0.35745537281036377
0.0
0.0
0.0
0.0
0.0
0.0
0.0
0.7441251873970032
1.3576462268829346
1.434407114982605
0.33864626288414
0.7231443524360657
0.0
0.0
0.10758281499147415
0.2265550196170807
0.3018869161605835
0.25421711802482605
0.0
0.0
0.0
0.0
0.0
0.0
0.0
0.0
0.0
0.0
0.0
0.0
0.0
1.1365227699279785
0.055464502424001694
0.03225318342447281
0.0
0.12196412682533264
0.0
0.0
0.0
1.8929811716079712
0.1806933730840683
0.0
0.0
0.0
0.0
0.0
0.0
0.7763233780860901
0.05058161914348602
0.0
0.0
0.0
0.0
0.0
0.0
0.1820642650127411
0.007651756517589092
0.0
0.0
0.0
0.0
0.0
0.0
0.5063501596450806
0.0
0.0
0.0
0.0
0.0
0.0
0.0
0.0
0.0
0.0
0.0
0.0
0.0
0.0
0.0
0.0
0.0
0.0
0.0
0.0
0.0
0.0
0.0
0.023258132860064507
0.0
0.0
0.0
0.0
0.08968616276979446
0.06837886571884155
0.0
0.0
0.0
0.0
0.11600667983293533
0.0
0.0
0.0
0.0
0.0
0.0
0.03006122261285782
0.0
0.0
0.0
0.0
0.0
0.0
0.0
0.0
0.11310946941375732
0.0
0.0
0.0
0.0
0.0
0.0
0.0
0.0
0.0
0.0
0.0
0.0
0.0
0.0
0.0
0.0
0.0
0.0
0.0
0.0
0.0
0.0
0.0
0.0
1.3615928888320923
1.3918062448501587
0.0
0.0
0.0
0.0
0.0
0.0
0.0
0.48681867122650146
0.0
0.0
0.0
0.0
0.0
0.4830280542373657
0.0
0.0
1.0274074077606201
0.023801932111382484
0.6211389303207397
0.0
0.0
0.0
0.0
0.0
0.16072237491607666
0.19727200269699097
0.32490789890289307
0.0
0.0
0.0
0.3007742464542389
0.0
0.0
0.0
0.0
0.0
0.0
0.0
0.0
0.0
0.0
0.0
0.0
0.0
0.9256606101989746
0.3925211429595947
0.0
0.0
0.0
0.0
0.4851585328578949
0.0
0.0
0.0
0.0
0.0
0.0
0.0
0.0
0.2241813838481903
0.0
0.1915336400270462
0.38756483793258667
0.0
0.0
0.0
0.0
0.10333867371082306
0.0
0.0
0.0
0.0
0.0
0.0
0.0
0.0
0.0
0.0
0.0
0.0
0.0
0.0
0.0
0.0
0.0
0.0
0.0
0.13216547667980194
0.2353532612323761
0.3613143861293793
0.0
0.0
0.0
0.0
0.14328686892986298
0.0
0.0
0.19275113940238953
0.151370108127594
0.0
0.0
0.03127962350845337
0.21459347009658813
0.0
0.0
0.0
0.0
0.0
0.3969328701496124
0.0
0.0
0.0
0.0
0.0
0.0
0.0
0.472900390625
0.0
0.0
0.0
0.0
0.0
0.7277366518974304
0.41006165742874146
0.0
0.0
0.0
0.0
0.0
0.0
0.2978113293647766
0.22122418880462646
0.0
0.0
0.0
0.0
0.0
0.0
0.0
0.0
0.0
0.0
0.0
0.10962002724409103
0.6967547535896301
0.0
0.0
0.0
0.0
0.0
0.0
0.31096726655960083
1.072022795677185
0.0
0.0
0.0
0.0
0.0
0.0
0.0
0.0
0.0
0.0
0.0
0.0
0.0
0.0
0.0
0.0
0.0
0.0
0.0
0.0
0.0
0.0
0.0
0.0
0.0
0.0
0.0
0.0
0.0
0.0
0.0
0.3375382721424103
0.5664739012718201
0.0
0.0
0.0
0.0
0.0
0.0
0.0
0.0
0.47256502509117126
0.0
0.0
0.0
0.0
0.0
0.0
0.0
1.3928688764572144
0.0
0.0
0.0
0.9731891751289368
0.0
0.8513623476028442
0.08194097131490707
0.0
0.0
0.0
0.0
0.0
0.0
0.27471452951431274
0.1188386008143425
0.0
0.0
0.0
0.0
0.0
0.0
0.0
0.06928154081106186
0.23401495814323425
0.0
0.0
0.0
0.0
0.05906736105680466
0.7516335248947144
0.4967336356639862
0.2716235816478729
0.0
0.0
0.0
0.0
0.0
0.16856959462165833
0.33358627557754517
0.0
0.0
0.0
0.0
0.17467927932739258
0.015773797407746315
0.3779171407222748
0.47874048352241516
0.0
0.10069609433412552
0.0
0.0
0.6594776511192322
0.4527844786643982
0.3158084452152252
0.0
0.0
0.0
0.0
0.0
0.4301607608795166
0.0
0.0
0.0
0.0
0.0
0.0
0.1767439991235733
0.0
0.0
0.0
0.0
0.0
0.0
0.0
0.22260628640651703
0.0
0.06896786391735077
0.5915078520774841
0.08036809414625168
0.0
0.0
0.0
0.06359013170003891
0.0
0.0
0.0
0.0
0.0
0.0
0.0
0.0
0.0
0.0
0.0
0.0
0.0
0.0
0.0
0.46581971645355225
0.0
0.0
0.06762970238924026
0.0
0.17374610900878906
0.23998385667800903
0.0
0.0
0.0
0.05188924819231033
0.0
0.0
0.0
0.0
0.049467988312244415
0.0
0.0
0.0
0.0
0.0
0.0
0.0
0.0
0.0
0.0
0.0
0.0
0.0
0.0
0.0
0.0
0.0
0.0
0.0
0.3624636232852936
0.32971057295799255
0.0
0.0
0.011328968219459057
0.0
0.07765521109104156
0.0
0.4537718594074249
0.9366618990898132
0.850311279296875
0.4678744673728943
0.18314915895462036
0.0
0.7759884595870972
0.1058829128742218
0.15798123180866241
0.16677092015743256
0.0
0.0
0.0
0.0
0.0
0.0
0.0
0.0
0.0
0.0
0.0
0.0
0.0
0.0
0.0
0.0
0.1851104497909546
0.0
0.0
0.0
0.0
0.0
0.0
0.0
0.0
0.0
0.0
0.0
0.0
0.0
0.0
0.33351725339889526
0.0
0.0
0.0
0.0
0.041244421154260635
0.0
0.0
0.0
0.0
0.0
0.0
0.06381126493215561
0.0
0.0
0.0
0.0
0.133719339966774
0.0
0.0
0.0
0.0
0.0
0.0
0.0
0.0
0.0
0.0
0.0
0.0
0.0
0.0
0.0
0.0
0.43421509861946106
0.006497107446193695
0.0
0.0
0.0
0.0
0.0
0.0
0.0
0.019144974648952484
0.0
0.0
0.0
0.0
0.035358116030693054
0.1761500984430313
0.0
0.36708202958106995
0.0
0.0
0.0
0.0
0.0
0.0
0.0
0.0
0.0
0.0
0.0
0.0
0.0
0.0
0.0
0.027811173349618912
0.0
0.0
0.0
0.0
0.0
0.0
0.0
0.0
0.0
0.0
0.0
0.0
0.0
0.0
0.0
0.0
0.0
0.0
0.0
0.0
0.0
0.0
0.0
0.10015039145946503
0.2291066199541092
0.0
0.0
0.0
0.0
0.0
0.0
0.6994222402572632
0.5587935447692871
0.161197692155838
0.0
0.4049416780471802
0.0
0.0
0.0
0.0
0.0
0.0
0.0
0.1913527101278305
0.07552069425582886
0.24546441435813904
0.0
0.0
0.0
0.06484317779541016
0.0
0.0
0.0
0.46129754185676575
0.0
0.0
0.0
0.6206590533256531
0.4984886646270752
0.035345759242773056
0.0
0.0
0.0
0.0
0.0
0.0
0.0
0.0
0.0
0.0
0.0
0.3590543866157532
0.0
0.0
0.0
0.0
0.0
0.053045716136693954
0.2731025516986847
0.0
0.0
0.1164180189371109
0.41791167855262756
0.0
0.0
0.0
0.0
0.0
0.0
0.6881216168403625
0.5098456740379333
0.0
0.12898297607898712
0.0
0.0
0.0
0.0
0.2314915955066681
0.0
0.0
0.0
0.0
0.0
0.279527872800827
0.0
0.0
0.0
0.0
0.0
0.0
0.0
0.3601318895816803
0.97640061378479
0.0
0.0
0.0
0.0
0.1989406794309616
0.5911218523979187
0.22881607711315155
0.0
0.0
0.0
0.0
0.0
0.0
0.0
0.3733106255531311
0.0
0.0
0.0
0.0
0.0
0.0
0.0
0.5826164484024048
0.0
0.0
0.0
0.0
0.0
0.1584596037864685
0.0
0.0
0.0
0.0
0.6680666208267212
0.0
0.0
0.0
0.0
0.11079679429531097
0.192413792014122
0.0
0.519062340259552
0.0
0.0
0.0
0.0
0.9108787178993225
0.0
0.0
0.0
0.0
0.0
0.0
0.0
0.1378026306629181
0.0
0.0
0.0
0.0
0.0
0.0
0.0
0.3053932785987854
0.0
0.0
0.0
0.0
0.0
0.08747586607933044
0.0
0.0
0.0
0.0
0.0
0.07448768615722656
0.0
0.0
0.0
0.0
0.0
0.0
0.0
0.0
0.0
0.0
0.0
0.0
0.0
0.0
0.0
0.0
0.0
0.0
0.14288440346717834
0.0
0.0
0.0
0.0
0.8019147515296936
0.5305942893028259
0.10306596010923386
0.0
0.0
0.0
0.0
0.0
0.24054665863513947
0.34909504652023315
0.0
0.0
0.0
0.0
0.0
0.0
0.0
0.36072954535484314
0.0
0.0
0.0
0.0
0.0
0.0
0.0
0.0
0.0
0.0
0.0
0.0
0.0
0.0
0.0
0.14435747265815735
0.0
0.0
0.0
0.0
0.0
0.5863540172576904
0.0
0.0
0.0
0.0
0.0
0.0
0.2436738759279251
0.7083002924919128
0.0
0.0
0.4568840265274048
0.0
0.0
0.0
0.4877219498157501
0.8386164903640747
0.0
0.16787272691726685
0.40439853072166443
0.0
0.0
0.0
0.0
0.0
0.0
0.0
0.0
0.0
0.0
0.0
0.0
0.0
0.0
0.0
0.0
0.0
0.7008296251296997
1.0694568157196045
0.4855029582977295
0.0
0.0
0.0
0.0
0.0
0.0
0.0
0.0
0.0
0.0
0.0
0.0
0.0
0.16612596809864044
0.0
0.0
0.0
0.0
0.0
0.0
0.0
0.0
0.0
0.0527566596865654
0.0
0.0
0.0
0.9990575909614563
0.34484434127807617
0.5087162256240845
0.8718398809432983
0.25377511978149414
0.19896245002746582
0.0
0.0
0.3956320583820343
0.0
0.8970020413398743
0.0
0.0
0.0
0.0
0.0
0.0
0.0
0.03313672915101051
0.0
0.0
0.0
0.0
0.0
0.0
0.0
0.0
0.0
0.0
0.0
0.0
0.0
0.14564792811870575
0.43051525950431824
0.18743517994880676
0.45727986097335815
0.0
0.0
0.0
0.0
0.29287150502204895
0.0
0.0
0.0
0.0
0.0
0.0
0.0
0.0
0.0
0.0
0.0
0.0
0.0
0.0
0.3553813695907593
0.0
0.0
0.0
0.5471866726875305
0.0
0.11495640128850937
0.8766621947288513
0.2463424950838089
0.0
0.0
0.0
0.0
0.0
0.0
0.0
1.3139011859893799
0.0
0.5415781140327454
0.009945221245288849
0.0
0.0
0.0
0.0
0.0
0.0
1.558659315109253
0.0
0.0
0.0
0.0
0.0
0.0
0.0
0.0
0.7461344003677368
0.0
0.11961109936237335
0.0
0.0
0.0
0.11442933231592178
0.030847033485770226
0.0
0.0
0.0
0.0
0.0
0.48491132259368896
0.0
0.0
0.0
0.0
0.0
0.0
0.0
0.5007754564285278
0.0
0.0
0.0
0.0
0.028716938570141792
0.0
0.0
0.0
0.4099632203578949
0.0
0.0
1.5352542400360107
1.207355260848999
0.0
0.0
0.0
0.9835631847381592
1.0364638566970825
0.12358696013689041
0.04165978729724884
0.0
0.0
0.1716461479663849
0.8382636904716492
0.0
0.0
0.0
0.0
0.0
0.0
0.0
0.0
0.0
0.0
0.16678251326084137
0.0
0.0
0.03786541149020195
0.5037583708763123
0.1104188859462738
0.0
0.0
0.1625920981168747
0.5109767317771912
0.0
0.0
0.24395886063575745
0.21198441088199615
0.0
0.0
0.0
0.0
0.0
0.0
0.0
0.0
0.0
0.0
0.0
0.0
0.0
0.0
0.0
0.0
0.0
0.0
0.0
0.0
0.0
0.0
0.0
0.0
0.005107235163450241
0.0
0.0
0.0
0.0
0.0
0.0
0.8480527997016907
0.0
0.0
0.0
0.0
0.0
0.0
0.0
0.07036318629980087
0.0
0.0
0.0
0.0
0.0
0.0
0.0
0.0
0.0
0.0
0.0
0.0
0.0
0.0
0.1327139288187027
0.3810439109802246
0.0
0.0
0.0
0.0
0.20347654819488525
0.5137072801589966
0.9614431858062744
0.8606659173965454
0.0
0.0
0.0
0.0
0.05074625834822655
0.16404618322849274
0.2105346918106079
0.3435496985912323
0.0
0.0
0.0
0.6335394382476807
0.0
0.0
0.0
0.22508488595485687
0.0
0.0
0.0
0.7690024971961975
0.19450683891773224
0.15197864174842834
0.016180573031306267
0.6286858320236206
0.5143153667449951
0.867634117603302
0.27813491225242615
0.19763465225696564
0.3268307149410248
0.0
0.2701070010662079
0.37539780139923096
0.0
0.0
0.0
0.0
0.0
0.0
0.0
0.0
0.0
0.0
0.0
0.0
0.0
0.0
0.0
0.0
0.39332351088523865
0.0
0.0
0.6564314961433411
0.0
0.0
0.029721014201641083
0.0
0.0876559391617775
0.16677787899971008
0.0
0.5933337211608887
0.1727931946516037
0.03722905367612839
0.0
0.0
0.2207515835762024
0.678713321685791
0.0
0.0
0.0
0.0
0.0
0.0
0.0
0.0
0.0
0.0
0.0
0.0
0.0
0.0
0.0
0.0
0.0
0.0
0.0
0.0
0.0
0.0
0.0
0.0
0.0
0.0
0.0
0.0
0.0
0.9829493165016174
0.0
0.0
0.0
0.0
0.0
0.0
0.0
0.0
0.0
0.0
0.15315912663936615
0.0
0.14463552832603455
0.0
0.0
0.0
0.42454278469085693
0.0
0.03456071764230728
0.0
0.015237645246088505
0.0
0.0
0.0
0.7082068920135498
0.0
0.0
0.0
0.0
0.2218155413866043
0.0
0.09453168511390686
0.0
0.0
0.0
0.0
0.14739184081554413
0.09656402468681335
0.0
0.0
0.0
0.0
0.0
0.0
0.0
0.0
0.4293021559715271
0.0
0.0
0.240318164229393
0.0
0.0
0.0
0.0
0.43395501375198364
0.0
0.0
0.12525574862957
0.1595093309879303
0.0
0.0
0.0
1.0247361660003662
1.2018934488296509
0.0
0.0
0.18234430253505707
0.4759047031402588
0.0
0.0
0.0
0.2689570486545563
0.05990329012274742
0.0
0.5066443681716919
0.0
0.0
0.0
0.0
0.0
0.33998924493789673
0.31536054611206055
0.29957202076911926
0.0
0.17928406596183777
0.0
0.0
0.0
0.4042339324951172
0.038376081734895706
0.0
0.0
0.0
0.0
0.0
0.0
0.9262635707855225
0.0
0.0
0.0
0.0
0.0
0.0
0.0
0.41208982467651367
0.0
0.0
0.0
0.0
0.0
0.0
0.0
0.0
0.0
0.0
0.0
0.0
0.04834865778684616
0.11253395676612854
0.0
0.0
0.0
0.0
0.0
0.0
0.0
0.0
0.0
0.6298248767852783
0.0
0.0
0.16601690649986267
0.7970805168151855
0.8923245668411255
0.0
0.0
0.6255958676338196
0.0
0.0
0.08965111523866653
0.7164274454116821
0.565579891204834
0.24485166370868683
0.0
0.0
0.0
0.0
0.0
0.0
0.36096930503845215
0.0
0.0
0.0
0.0
0.0
0.0
0.0
0.36769744753837585
0.0
0.0
0.0
0.0
0.0
0.0
0.0
0.1250108778476715
0.0
0.0
0.0
0.0
0.0
0.0
0.0
0.0
0.0
0.0
0.0
0.0
0.0
0.0
0.0
0.0
0.0
0.0
0.2733950912952423
0.0
0.0
0.058024462312459946
1.1879435777664185
0.8836187720298767
0.0
0.0
0.02124120108783245
0.0
0.0
0.06722117960453033
0.0
0.6090906858444214
0.0
0.0
0.0
0.0
0.0
0.0
0.0
0.0
0.0
0.0
0.0
0.0
0.0
0.0
0.0
0.0
0.0
0.0
0.0
0.0
0.0
0.0
0.0
0.0
0.0
0.0
0.0
0.0
0.0
0.0
0.0
0.0
0.0
0.0
0.0
0.0
0.0
0.0
0.0
0.0
0.0
0.0
0.0
0.0
0.0
0.0
0.0
0.0
0.0
0.18638963997364044
0.0
0.0
0.0
0.0
0.0
0.0
0.0
0.0
0.0
0.0
0.0
0.0
0.0
0.0
0.0
0.26091039180755615
0.28739693760871887
0.0
0.0
0.0
0.32841891050338745
1.9707236289978027
1.803371787071228
2.0271942615509033
0.838838517665863
0.0
0.0
0.5504106283187866
1.701448678970337
1.4890720844268799
0.2759999930858612
1.0031973123550415
0.10375462472438812
0.6051397323608398
0.6314939260482788
0.19607160985469818
0.1583189070224762
0.0
0.0
0.0
0.0
0.0
0.0
0.0
0.0
0.0
0.0
0.0
0.0
0.0
0.0
0.0
0.0
0.0
0.0
0.0
0.0
0.0
0.0
0.0
0.0
0.0
0.0
0.0
0.0
0.0
0.0
0.1743796020746231
0.0
0.0
0.0
0.0
0.0
1.2593069076538086
1.312345027923584
0.2956857979297638
0.0
0.0
0.0
0.0
0.0
0.046379536390304565
0.0
0.0
0.0
0.0
0.0
0.13101878762245178
0.0
0.0
0.0
0.0
0.0
0.0
0.0
0.0
0.0
0.0
0.0
0.0
1.2087527513504028
1.1437468528747559
0.3329102694988251
0.0
0.0
0.0
0.0
0.0
0.0
0.0
0.0
0.0
0.0
0.0
0.0
0.0
0.0
0.0
0.0
0.0
0.0
0.0
0.0
0.0
0.5057628750801086
0.4440198540687561
0.2128855139017105
0.0
0.0
0.0
0.0
0.0
0.0
0.0
0.0
0.0
0.0
0.0
0.0
0.0
0.0
0.0
0.0
0.0
0.24121412634849548
0.0
0.0
0.0
0.0
0.0
0.0
0.0
0.7138421535491943
0.11590136587619781
0.03226356580853462
0.4851953685283661
0.7692742347717285
0.002286889124661684
0.15210692584514618
0.0
0.5261414647102356
0.0
0.0
0.0
0.0
0.0
0.0
0.0
0.20328538119792938
0.0
0.0
0.0
0.0
0.0
0.0
0.29956480860710144
1.0950628519058228
0.17021973431110382
0.0
0.2572605311870575
0.0
0.6146007776260376
0.8714596629142761
0.8856218457221985
1.208010196685791
0.8353168368339539
1.0272237062454224
1.3684653043746948
0.7611498236656189
0.75253826379776
0.8340361714363098
0.8152250051498413
0.11363209784030914
0.19406762719154358
0.8370099663734436
0.475729376077652
0.6212443113327026
1.3292967081069946
1.397892713546753
0.05383453518152237
0.0
0.0
0.0
0.0
0.0
0.0
0.328403502702713
0.0
0.0
0.0
0.0
0.0
0.0
0.0
0.0
0.0
0.0
0.0
0.0
0.0
0.0
0.0
0.0
0.0
0.0
0.0
0.0
0.0
0.0
0.0
0.0
0.0
0.23739147186279297
0.0
0.0
0.0
0.0
0.0
0.0
0.0
0.05736207589507103
0.0
0.0
0.0
0.0
0.06798804551362991
0.2489035576581955
0.0
0.0
0.0
0.0
0.0
0.0
0.0
0.0
0.0
0.3860020637512207
0.0
0.0
0.0
0.43575039505958557
0.11339850723743439
0.0
0.0
0.24967309832572937
0.0
0.0
0.6361191272735596
0.9947452545166016
0.016557175666093826
0.0
0.0
0.0
0.0
0.0
0.09698880463838577
0.0
0.0
0.0
0.0
0.0
0.0
0.0
0.0
0.0
0.0
0.0
0.7073872089385986
0.0
0.0
0.0
0.0
0.0
0.0
0.0
0.4088560938835144
0.0
0.0
0.6007117033004761
0.9820379018783569
0.4965474605560303
0.49284008145332336
0.790279746055603
0.7572532892227173
0.13319583237171173
0.0
0.5262558460235596
0.8147081136703491
0.0
0.0
0.0
0.0
0.02059151791036129
0.0
0.0
0.0
0.0
0.0
0.0
0.0
