-0.8493791818618774
-0.8072601556777954
-0.3228652775287628
0.08383878320455551
-0.5042974352836609
-2.154634952545166
-1.5161834955215454
-0.7708573341369629
-1.0305144786834717
-1.6825426816940308
0.2794354557991028
-0.4929417073726654
-1.0303618907928467
-1.5062741041183472
-1.180786371231079
-1.2577617168426514
-0.26789113879203796
-1.1527873277664185
-1.587746500968933
-1.0797908306121826
-0.2969891428947449
-1.0975285768508911
-0.784166693687439
-0.9023103713989258
-0.7470811009407043
-0.8001304864883423
-0.31123435497283936
0.014671175740659237
0.6007809042930603
0.48810818791389465
0.20153716206550598
-0.8271241784095764
-1.0145719051361084
-0.6541093587875366
1.4954774379730225
0.5674278736114502
-0.8036829233169556
0.1801985502243042
0.11147524416446686
-1.1919329166412354
-0.6689743995666504
0.2950432598590851
1.403794288635254
0.30608025193214417
-0.20422519743442535
0.8742243647575378
1.4903299808502197
-0.07014444470405579
-0.6462923288345337
0.8913617134094238
1.4535722732543945
-0.3344961702823639
-0.2807930111885071
-0.376579612493515
0.04121209681034088
-0.4876275360584259
-0.2669396698474884
0.41455885767936707
0.4559810161590576
-0.8859151005744934
-0.9693000316619873
-0.539152979850769
-0.8698974847793579
-1.032904028892517
0.4508236348628998
0.21634100377559662
-0.49810591340065
-0.3054051995277405
-0.22264423966407776
1.1575864553451538
1.4574724435806274
0.43676766753196716
0.3359355330467224
-0.5965734720230103
-1.1988414525985718
0.08993789553642273
0.03074786253273487
1.3640272617340088
1.21397066116333
-0.35904592275619507
-0.4022802710533142
-2.015949249267578
-1.9036158323287964
-0.643771231174469
-0.7874305844306946
-0.41228386759757996
-0.023805802688002586
-1.2279900312423706
-0.05177066847681999
-0.48213985562324524
-0.8595288991928101
-0.6928300857543945
-1.2200952768325806
-1.7494447231292725
-1.0365182161331177
-1.4583308696746826
-0.43193522095680237
-0.6699146628379822
-1.455320954322815
-2.600334882736206
-3.3859598636627197
-3.2531235218048096
-1.8943336009979248
-1.4858378171920776
-0.5340949296951294
-2.0221471786499023
-1.4331755638122559
-1.89009690284729
-2.156909704208374
-0.7915052175521851
0.5562977194786072
0.2392752468585968
0.3689257800579071
-1.4404937028884888
-0.48772069811820984
0.712310791015625
1.3703768253326416
1.253445029258728
1.0927249193191528
0.3887592554092407
-0.006570322439074516
-0.3535986840724945
0.24286408722400665
1.0343739986419678
0.5203855633735657
-0.6434192061424255
-1.1453725099563599
-0.6744500398635864
0.22651709616184235
-0.5298354625701904
-0.4952840805053711
0.09982580691576004
-0.49378547072410583
-1.1449273824691772
-1.482010006904602
-1.1777534484863281
-0.39811500906944275
-1.242948055267334
-1.7337688207626343
-1.0287644863128662
-1.6498475074768066
-1.6768869161605835
-1.8528066873550415
-1.290842056274414
-0.8000300526618958
-0.7894380688667297
-1.2594586610794067
-1.4455434083938599
-1.889531135559082
-1.6842002868652344
-2.446641445159912
-1.5288077592849731
-0.6341641545295715
0.10170270502567291
-0.331743448972702
-1.2428956031799316
-1.1305768489837646
-1.1173619031906128
-1.4879889488220215
-1.6572247743606567
-1.3565163612365723
-1.1568422317504883
0.07874518632888794
-0.7296963930130005
-1.0350459814071655
-0.7996911406517029
-0.9029799699783325
-1.2641181945800781
-0.8105979561805725
-1.2818752527236938
-0.19764216244220734
-0.0834047943353653
0.40465283393859863
0.6898003220558167
0.6994098424911499
-0.2748432159423828
-0.9248238801956177
-0.731612503528595
0.31219327449798584
0.5467151999473572
0.3383468687534332
0.3968261778354645
-0.5412279367446899
-1.2373169660568237
-1.2716418504714966
-1.8394256830215454
-0.6015146374702454
0.15469515323638916
0.19296155869960785
-0.09140896052122116
-0.994301974773407
-0.9970636367797852
-1.2166098356246948
-1.297808289527893
-0.3834773600101471
-0.7223283648490906
-0.8468970656394958
0.27704790234565735
-0.3760051131248474
0.5055639743804932
0.34631410241127014
-0.8800603747367859
1.054951548576355
0.2412383258342743
-0.6226757764816284
-0.21697083115577698
-0.9624407291412354
0.22189727425575256
0.8554063439369202
-1.1486539840698242
0.6433260440826416
-0.20787262916564941
-0.4172777831554413
-0.12228331714868546
-0.4571084976196289
-0.8484192490577698
-1.5622286796569824
-0.8246595859527588
-0.24554508924484253
-1.5039843320846558
-1.899976372718811
-1.4096941947937012
-0.7892566919326782
-1.4681025743484497
-2.0463621616363525
-0.9440120458602905
0.062225665897130966
-1.4635281562805176
-1.4338618516921997
-0.7012537121772766
-0.7988054752349854
-1.4322102069854736
-0.7090304493904114
-0.7354575991630554
-1.6306040287017822
-1.6346259117126465
-1.8933442831039429
-1.2844935655593872
-0.914828360080719
-0.2296297252178192
-1.2898198366165161
-1.418454885482788
-3.082462787628174
-2.354200601577759
-1.6797181367874146
-0.7607267498970032
-0.43874791264533997
-0.2742990255355835
-1.2012823820114136
-2.037428379058838
-1.7077407836914062
-0.9005447030067444
-0.6449041962623596
-0.4027900695800781
-0.04234765097498894
-0.7755685448646545
-0.5278540253639221
-0.15302591025829315
0.31316104531288147
-0.2757262587547302
-1.2765239477157593
-1.0870100259780884
-1.007709264755249
-0.7551575899124146
-1.1279397010803223
-0.22641517221927643
-0.2962023913860321
-1.1598103046417236
-1.2575658559799194
-1.1935306787490845
-1.8586241006851196
-0.3931487500667572
-0.8957873582839966
0.5728791356086731
0.1377343237400055
0.031667593866586685
0.4551091194152832
0.3529508709907532
-1.606860637664795
-1.138967514038086
-0.3528478443622589
0.8889026641845703
1.003121256828308
-0.03888043761253357
-0.16285429894924164
0.043450720608234406
-1.0999869108200073
-1.9327054023742676
-0.23030886054039001
0.2568926513195038
1.2273417711257935
0.49701979756355286
0.460531622171402
-0.3507988750934601
-1.0795717239379883
-1.6004431247711182
-0.484061598777771
0.7114647626876831
0.624855637550354
0.49443861842155457
0.22259408235549927
-0.019740860909223557
-0.7681827545166016
-1.4061450958251953
-0.9706099033355713
0.18641901016235352
-0.15287064015865326
-0.14272072911262512
-1.0687031745910645
-0.5428829193115234
-0.46746501326560974
-1.53251051902771
-0.6129560470581055
-1.279496192932129
-0.45960304141044617
-0.3949070870876312
-0.853455662727356
-0.9290832281112671
-1.0411019325256348
-1.5620300769805908
-1.1230601072311401
-0.37596574425697327
-1.0047968626022339
-1.2417397499084473
-0.20841315388679504
-0.696159839630127
-1.335640549659729
-0.3993173837661743
-1.175537109375
0.07926680147647858
0.34343937039375305
0.2014814168214798
0.4395398497581482
-0.10507531464099884
-1.8022820949554443
-0.11253191530704498
-0.29027122259140015
0.3577723503112793
0.7704693078994751
-0.027657663449645042
-0.8448452949523926
-0.5509310960769653
-1.6273996829986572
-0.19670791923999786
-0.0125672472640872
-0.020114155486226082
-0.5840529799461365
0.07161823660135269
0.36207684874534607
-0.3410511612892151
-0.5054018497467041
-0.0312788300216198
-0.11157664656639099
0.6261829733848572
0.012400614097714424
0.6508558988571167
0.07909330725669861
-0.2895718514919281
-0.8904939889907837
-1.0196328163146973
-0.32435280084609985
1.319583535194397
1.3635780811309814
0.34354835748672485
-0.813952624797821
-0.5427724123001099
-1.4938600063323975
-1.7432646751403809
-0.7769393920898438
0.2868700921535492
0.08681824803352356
-1.1346654891967773
-1.9105660915374756
-1.3428425788879395
-1.5063008069992065
-1.346820592880249
-0.37459999322891235
0.4548671245574951
0.0527622252702713
-0.7835936546325684
-1.2670170068740845
-0.941357433795929
-0.6936566829681396
-0.7606925964355469
0.41994109749794006
-0.058584682643413544
-0.5933762192726135
0.427385538816452
0.33293724060058594
-0.8850986957550049
-0.9802373051643372
-0.969229519367218
-0.7329659461975098
-1.4870963096618652
-1.4306074380874634
-0.33555176854133606
-0.063690185546875
-1.1041078567504883
-2.119889497756958
-1.834817886352539
-2.1899523735046387
-2.242276191711426
-1.1022087335586548
-0.5228593349456787
-1.9862312078475952
-2.4226558208465576
-2.416240692138672
-1.39834463596344
-1.3030250072479248
-0.801679253578186
0.14533770084381104
-0.902037501335144
-1.2999058961868286
-0.6480964422225952
-1.0058327913284302
-1.346166968345642
-0.3533473312854767
-0.16329066455364227
-0.6737151741981506
-0.8310388326644897
-0.43216344714164734
0.4933556616306305
-0.05301911383867264
0.6769257187843323
-1.1815721988677979
-0.2567143142223358
-0.12242988497018814
-0.5961111187934875
-0.08011507242918015
0.010130094364285469
-0.6008566617965698
-0.7532365918159485
-1.2096859216690063
-0.9178991913795471
0.47186169028282166
0.17370060086250305
0.23782393336296082
-0.05351030454039574
-0.5414198040962219
-0.25086715817451477
-0.7193121314048767
-0.23507864773273468
0.5150299668312073
-0.0444389283657074
-0.8354576826095581
-1.0318326950073242
-0.9870424270629883
-0.48231688141822815
-1.14972984790802
-1.131479024887085
-1.0217242240905762
-0.9852782487869263
-0.7188096642494202
0.2962108254432678
-0.15971393883228302
-1.1615382432937622
-0.7378299236297607
-1.6783835887908936
-1.0768029689788818
-1.188713550567627
-1.2359908819198608
-1.5074050426483154
-0.9553983807563782
-1.8249629735946655
0.5663933157920837
-1.7386811971664429
-0.9944064617156982
-1.1691040992736816
-0.5818217992782593
-0.8727791905403137
-0.5315558910369873
-0.6236560344696045
0.9584299325942993
0.4028197228908539
-0.29448041319847107
-0.6087992191314697
-0.6778403520584106
-1.5422030687332153
-0.9405713081359863
-1.0034525394439697
-0.14161676168441772
0.5536391139030457
0.18754705786705017
-0.586673378944397
-1.3642832040786743
-2.4116907119750977
-1.9001848697662354
-1.2822225093841553
0.3246241509914398
-0.3589801788330078
0.14323104918003082
-0.7183917164802551
-0.2228478342294693
-0.3401049077510834
-0.272927463054657
-0.47563043236732483
-0.01203666441142559
-0.12774930894374847
-0.1935066431760788
-0.285167932510376
0.5244836211204529
-0.09307797253131866
-1.0361204147338867
-0.5764698386192322
-0.8106122612953186
-0.1289338916540146
-0.47334012389183044
-0.5035427808761597
-0.6642120480537415
-1.291869044303894
-1.381268858909607
-0.7405151128768921
-0.04753197357058525
-0.5038497447967529
-0.7385756969451904
0.19853642582893372
-0.19062629342079163
-1.5251407623291016
-1.4081233739852905
-0.9546445608139038
-0.009014720097184181
-0.5377128720283508
-0.3585831820964813
-0.06243360787630081
-1.2534719705581665
-2.3534746170043945
-2.9950077533721924
-0.887747585773468
-0.2765798568725586
-0.8102337718009949
-0.1399286687374115
-0.6535086035728455
-1.061522126197815
-0.4641243517398834
-1.8755626678466797
-0.8765807747840881
-0.24309946596622467
-0.8944549560546875
-0.13908863067626953
-0.12569133937358856
-0.42872339487075806
-0.2872665524482727
0.08860749751329422
-0.23493562638759613
-0.35430485010147095
-0.6260954737663269
0.2791169285774231
0.3985162377357483
-0.7254164218902588
0.09533721953630447
0.23450036346912384
0.06615222990512848
-0.5452989935874939
-0.6998853087425232
0.09068235009908676
-0.8663296103477478
-1.2595685720443726
-0.43594837188720703
0.013177527114748955
-0.7691909670829773
-0.5627245306968689
-0.7420824766159058
-1.1205840110778809
-2.463503837585449
-1.6099491119384766
-1.5658838748931885
-1.030312418937683
-0.8040458559989929
-0.30007967352867126
-0.6240116357803345
-0.6041417717933655
-1.0317689180374146
-0.5430870652198792
-0.2051350623369217
0.18847602605819702
0.15452328324317932
-0.11228904873132706
-0.009739942848682404
-0.7342329025268555
-0.7536976933479309
-0.3139131963253021
0.21537381410598755
0.13431081175804138
0.7096129655838013
-0.5821448564529419
-0.38693326711654663
-0.3562486171722412
-0.743915855884552
-1.1985238790512085
-1.247917890548706
-1.4887782335281372
0.255933552980423
-0.4974991977214813
-2.1606814861297607
-1.354987621307373
-1.496148705482483
-2.1459801197052
-1.899298071861267
-1.9517072439193726
-1.0381516218185425
-0.4367745816707611
-1.7662580013275146
-1.1794544458389282
-0.6955977082252502
-1.5692251920700073
-1.4391263723373413
-1.1070812940597534
-1.1176339387893677
0.21980465948581696
-0.06785829365253448
0.446018785238266
-0.09206122159957886
-2.1275715827941895
-1.3493754863739014
-0.4626615643501282
-1.0758285522460938
0.2714822292327881
0.6500054597854614
0.8473725914955139
-0.21966758370399475
-1.1985342502593994
-0.7349699139595032
-1.2371500730514526
-0.8545761108398438
0.016736455261707306
-1.130885124206543
-0.3282737731933594
-0.5109896659851074
0.11561627686023712
0.38616594672203064
-0.6455119848251343
-1.317021369934082
0.49759235978126526
-0.5276693105697632
-0.8174493908882141
-0.7425854802131653
-0.00681119691580534
-0.3773272633552551
-0.9913314580917358
-1.192952275276184
0.14375875890254974
0.3563632071018219
-0.06972107291221619
0.280404269695282
0.6202301979064941
0.4268448054790497
0.6096518635749817
0.9865930080413818
-0.7194226384162903
-0.007991679012775421
-1.1780474185943604
-1.4117324352264404
-1.2266005277633667
-1.4170384407043457
-1.0464762449264526
0.12468228489160538
-0.801460862159729
-0.43009236454963684
-1.525918960571289
-1.845930814743042
-1.1189910173416138
-1.568544626235962
-1.991510033607483
-1.4854280948638916
-0.5316078066825867
-1.1297389268875122
-0.5754835605621338
-1.2012383937835693
-0.8781343102455139
-1.2130483388900757
-1.4133087396621704
-1.0170369148254395
0.1521899253129959
-0.603265106678009
-0.2775517404079437
-1.0609469413757324
-1.7120236158370972
-1.5659857988357544
-1.5528966188430786
-0.44467291235923767
-0.1978144645690918
-0.7902670502662659
-1.337942123413086
-1.2379132509231567
-1.7492527961730957
-1.1919251680374146
-0.4052751660346985
0.22920548915863037
-0.8333680033683777
-1.2626923322677612
-1.5607163906097412
-1.4386788606643677
-0.7367924451828003
0.31927040219306946
0.6662446856498718
1.2405710220336914
-1.1344070434570312
-0.8289900422096252
-0.8466145396232605
-0.8450282216072083
0.3535849452018738
0.8037871718406677
0.29454895853996277
0.28444403409957886
0.05064702779054642
-0.6350048184394836
-0.42150750756263733
0.412929505109787
0.33286982774734497
-0.8790017366409302
-0.62328040599823
-0.33248889446258545
0.01734408363699913
-0.8159924745559692
-0.2650418281555176
-0.07422139495611191
-0.6919627785682678
-1.653335452079773
-1.5179129838943481
0.09735528379678726
0.33446231484413147
-0.8845193386077881
0.034194543957710266
-1.099480390548706
-1.719793677330017
-1.8628402948379517
-2.047548770904541
-0.776865541934967
1.141216516494751
0.5449209213256836
-0.2506641745567322
-0.9746637940406799
-0.9006620645523071
-0.664108395576477
-1.7663652896881104
-1.6269930601119995
0.2581721246242523
0.44238558411598206
-0.2998015880584717
-1.2133831977844238
-2.1628336906433105
-1.5733393430709839
-1.9534680843353271
-1.2918636798858643
0.48245683312416077
-0.23101456463336945
-1.1443333625793457
-1.3074748516082764
-2.1144275665283203
-1.517451286315918
-1.238285779953003
-0.2332022786140442
1.3347694873809814
1.1406283378601074
-0.26681244373321533
-0.9197595715522766
-0.7040392756462097
-0.2668183445930481
0.09084820002317429
0.3822093605995178
0.9230734705924988
1.2098194360733032
0.5277088284492493
0.2340065985918045
0.766274631023407
1.0544627904891968
0.5529835820198059
0.19471114873886108
-0.8957842588424683
-0.8482847213745117
-0.8138211369514465
-0.5940601825714111
-1.2911040782928467
-0.9731823801994324
-0.9160995483398438
-0.7584261298179626
-1.0592988729476929
-0.9023852348327637
-1.3236045837402344
-0.7002303600311279
-0.44990065693855286
-0.3399573564529419
-0.25469645857810974
-0.7389897704124451
-1.3038173913955688
-1.983798623085022
-2.4801502227783203
-0.5917688608169556
-1.454406976699829
-1.5921142101287842
-0.6754607558250427
-0.8167757391929626
-0.8854182362556458
-1.0504904985427856
-1.3510881662368774
-0.5331231951713562
-0.9388101100921631
-2.0839908123016357
-0.41468343138694763
-0.39737945795059204
-0.9380102753639221
-1.1990735530853271
-0.028722301125526428
-0.1447744518518448
0.27294954657554626
-0.08250255137681961
0.5205696225166321
0.005409129895269871
-0.38491207361221313
-2.298826217651367
-1.3259261846542358
0.9971374273300171
-0.0994434580206871
0.5192759037017822
0.34260451793670654
-0.06547468155622482
1.7000137567520142
-0.08443854749202728
-0.6295412182807922
1.924508810043335
-0.0382937528192997
-0.8278846740722656
-1.0385611057281494
-1.0725089311599731
1.1443952322006226
0.2322249561548233
0.11885400116443634
0.8478347659111023
-0.3865986168384552
-0.9126606583595276
-0.6916962265968323
-0.33793097734451294
-0.44993579387664795
-0.8659399151802063
-0.9176201820373535
-0.28438901901245117
-0.0641331747174263
-0.4189612865447998
-0.38616055250167847
0.8636905550956726
-0.3791099786758423
-0.9297252297401428
-0.3811788260936737
-0.9068830013275146
-1.4137370586395264
-0.4071158170700073
-0.7687156200408936
0.09998458623886108
0.018268918618559837
-1.3884929418563843
-1.0893487930297852
-2.0071780681610107
-1.284437656402588
-0.46383196115493774
-0.9982208013534546
-1.3616424798965454
0.0490415021777153
-0.5065389275550842
-1.0600868463516235
-1.3884743452072144
-2.0132648944854736
-2.071477174758911
-1.1849911212921143
-0.4421156048774719
-0.0038031279109418392
-0.7075164914131165
-0.8003121614456177
-0.22665303945541382
-1.1876354217529297
0.6243173480033875
-0.0015455144457519054
0.07593837380409241
-0.7409682869911194
-1.5507687330245972
-1.4161962270736694
-1.1658073663711548
0.1602691113948822
-0.6731317043304443
-1.0370055437088013
-0.976300060749054
-1.1740539073944092
-1.9269309043884277
-1.6838977336883545
-0.8832074999809265
-0.2814648747444153
-1.331396460533142
-0.6455163359642029
-0.1198863610625267
0.9911248683929443
0.020312516018748283
-1.0594886541366577
-0.1360679566860199
-0.20941771566867828
-0.5574349164962769
-0.03300422802567482
0.660270631313324
-0.8912391662597656
-0.6979900002479553
0.1953546702861786
-0.6548102498054504
-0.3988126516342163
0.8793721199035645
0.06283996254205704
-0.1450490802526474
0.12177316099405289
0.0737612396478653
0.4459596872329712
-0.5384105443954468
-0.4067813754081726
1.3977850675582886
1.476737380027771
0.2980526089668274
0.031243544071912766
-0.21287910640239716
-1.2154920101165771
-1.9866160154342651
1.0700585842132568
0.9591694474220276
0.3111330270767212
0.5864524245262146
-0.9705807566642761
-0.8544551134109497
-1.0455647706985474
-0.6958428025245667
1.3251901865005493
0.6657243967056274
-0.2570008635520935
0.5444890260696411
-1.4024784564971924
-0.28531667590141296
-0.3225529193878174
-0.52180016040802
-0.4918879568576813
-0.7274599671363831
-0.9228990077972412
-0.12676288187503815
-0.9553602337837219
-0.7996102571487427
-0.4117794334888458
-1.0896015167236328
-0.7937375903129578
-1.1788235902786255
-1.1015666723251343
-0.0420650877058506
-0.8768487572669983
-1.3584450483322144
-1.5956697463989258
-0.537941038608551
-0.28627637028694153
-0.6515676975250244
-0.9372550249099731
0.12974657118320465
-1.5611923933029175
-1.600481629371643
-0.8794377446174622
0.5773190855979919
-0.10517274588346481
-0.7467424273490906
-1.2698272466659546
-0.9402899742126465
0.8727856278419495
0.4168245196342468
-0.8326277732849121
-1.6061187982559204
-1.586600422859192
-0.9972779154777527
-0.1101188138127327
-0.40950000286102295
-0.6084854006767273
-1.033966064453125
-0.8633992671966553
-1.2060136795043945
-0.6049943566322327
-1.2153342962265015
-1.6033828258514404
-1.0264678001403809
-1.4696736335754395
-1.1964792013168335
0.33447185158729553
0.5322738885879517
1.3164913654327393
-0.19383105635643005
-1.0236375331878662
-0.6953765153884888
0.14830879867076874
-1.016869306564331
0.1178031787276268
1.1574712991714478
0.19891484081745148
-0.7107364535331726
-0.5057448148727417
-1.0103561878204346
0.4104838967323303
-0.9719146490097046
-1.2650604248046875
-0.9365213513374329
-0.7442756295204163
-2.2982470989227295
-0.7705332636833191
-0.931079089641571
-1.1118346452713013
-1.4881343841552734
-0.4871188700199127
-0.4767676889896393
0.5585280060768127
-0.4232979416847229
0.0063447668217122555
-0.6588148474693298
-1.214322805404663
-1.6141752004623413
-1.5682728290557861
-0.7570677995681763
-0.4299352467060089
-0.29335102438926697
-0.5122941136360168
-0.49593719840049744
-0.6722545027732849
-0.19081157445907593
-1.3895795345306396
-0.571361780166626
-0.9897339940071106
-0.46295469999313354
-0.835453450679779
-1.0904347896575928
-0.44294261932373047
-0.9094709753990173
-1.7987663745880127
-1.2120150327682495
-0.8802518248558044
-0.4259372353553772
0.18290507793426514
-0.25548648834228516
0.07226961851119995
-0.884849488735199
-1.0570354461669922
-1.0101855993270874
-0.707485020160675
0.5744235515594482
1.93038809299469
0.5598179697990417
0.4065486788749695
-0.35679861903190613
-0.2824726402759552
-0.9621825814247131
-1.3430968523025513
-2.523554563522339
-0.15347586572170258
0.5409736633300781
-0.9526047706604004
-1.931728720664978
-1.8126744031906128
-1.2532145977020264
-1.4382083415985107
-1.766800045967102
-0.8034911155700684
-0.08152896910905838
-1.552903175354004
-2.5258889198303223
-1.4466508626937866
-0.793263852596283
-0.22334788739681244
-0.6346623301506042
-0.08411666750907898
-1.4234495162963867
-0.9122219681739807
0.19857393205165863
1.2996994256973267
0.0691608190536499
-1.3008568286895752
-2.9313595294952393
-2.856855630874634
-1.6923224925994873
-0.973129153251648
0.013651110231876373
0.7057121396064758
-0.6697855591773987
-1.1504565477371216
-1.5204143524169922
-1.5136489868164062
-0.4190954864025116
-0.8233431577682495
-1.593568205833435
-1.1807308197021484
-1.3158737421035767
-1.5016224384307861
-1.0153990983963013
-1.2747530937194824
-0.6115992069244385
-0.8427178263664246
-1.153800129890442
-0.6630814671516418
-0.8194572925567627
-1.7599365711212158
-2.1897878646850586
-1.856407880783081
-1.475064992904663
-0.6744076609611511
-1.594069242477417
-1.1326982975006104
-0.6303609013557434
-1.4253426790237427
-1.7543009519577026
-2.081695556640625
-2.1159815788269043
-0.3929002583026886
-1.7893168926239014
-0.7503834962844849
0.1786043792963028
-0.2147938758134842
0.2553800344467163
0.21378573775291443
-1.4801154136657715
-0.24027132987976074
-1.3379833698272705
-0.2877807915210724
0.31706616282463074
-0.32506492733955383
0.16416068375110626
0.9924546480178833
-0.07884330302476883
0.46659380197525024
-0.6392958164215088
-0.1055748462677002
0.7922379970550537
-0.2260029911994934
0.19225667417049408
1.057690143585205
0.5467295050621033
-0.10794290900230408
-0.41472128033638
-1.1288522481918335
0.2964390516281128
0.09455017000436783
0.1197328269481659
0.9486322402954102
0.1980832815170288
-0.8042070269584656
-0.5993911623954773
-0.3738291561603546
-1.1158944368362427
-0.4835968315601349
-0.16251380741596222
0.3217996060848236
0.17728355526924133
0.35042598843574524
-0.5858543515205383
-0.6189797520637512
-0.5837820172309875
-0.4005190134048462
-0.368245929479599
-0.20016536116600037
0.3515772521495819
-0.2173982411623001
0.16107241809368134
-0.03846832737326622
-0.48516175150871277
-0.9218374490737915
-1.5881880521774292
-1.4587711095809937
0.39722082018852234
-0.6124061346054077
-0.030710695311427116
-0.19238904118537903
-1.2830904722213745
-1.5430036783218384
-1.4624340534210205
-1.7673205137252808
0.6175534129142761
-0.01539051253348589
-0.21349619328975677
-0.2652261257171631
-0.467588871717453
-0.7087461352348328
-1.563262939453125
-1.9395785331726074
-0.4484475553035736
0.3450953960418701
0.2577655613422394
0.29369258880615234
0.22477856278419495
-0.3400813043117523
-1.3373318910598755
-0.8490698933601379
0.07752645760774612
0.32650816440582275
-0.44418203830718994
-0.3684965968132019
0.4840848743915558
0.4387665092945099
-0.05126258358359337
0.813230574131012
0.8287971615791321
0.5132520198822021
-0.39961564540863037
-0.2907344698905945
0.31416118144989014
-0.9187248349189758
-0.8085752129554749
-0.3754602372646332
-0.22910906374454498
0.215268075466156
0.17749713361263275
0.4896738529205322
-0.12444483488798141
-1.13837468624115
-0.9895166158676147
-0.5564772486686707
-0.35425668954849243
-0.16725875437259674
-0.2901811897754669
0.18154987692832947
-0.15341369807720184
-0.6671177744865417
-0.3752955496311188
0.26156193017959595
0.5018251538276672
-0.4892037510871887
-1.5326415300369263
-1.428053855895996
-0.7919356822967529
-0.8864150643348694
-1.1461933851242065
-0.7305282950401306
-1.3990925550460815
-0.8761796951293945
-1.7723835706710815
-1.8968130350112915
-1.9770252704620361
-1.809852957725525
-1.8511378765106201
-0.7260971069335938
-1.1399558782577515
-1.0384577512741089
-1.8897409439086914
-2.0603320598602295
-1.8224753141403198
-2.1107022762298584
-2.0159807205200195
-1.7272186279296875
-0.030489467084407806
-0.40871110558509827
-1.7397550344467163
-2.060873508453369
-1.814353585243225
-1.0150874853134155
-1.0747653245925903
-1.340206265449524
-0.8304160237312317
-0.8643918633460999
-1.8167762756347656
-2.2413017749786377
-1.8624857664108276
-0.09191186726093292
-0.14174947142601013
0.2011144608259201
-0.2553907334804535
-1.2442443370819092
-0.9013816118240356
-0.964402437210083
-1.3907753229141235
0.5938794612884521
1.0265073776245117
0.4646052122116089
0.0672609806060791
-0.46044909954071045
-0.31482231616973877
0.08069852739572525
-0.9108694195747375
-0.15078067779541016
0.5382390022277832
-0.44032105803489685
-1.1379157304763794
-0.5134883522987366
-0.04459058493375778
1.0699951648712158
0.3855553865432739
0.3111368417739868
0.5981871485710144
0.23076461255550385
-0.6105973720550537
-0.353289932012558
0.41892752051353455
0.6617140173912048
1.2822638750076294
0.7585886716842651
-0.38125473260879517
0.4128992557525635
0.6571504473686218
-0.7799723744392395
0.1917399913072586
-0.36693960428237915
-0.056687306612730026
0.5914546251296997
-0.778925895690918
-1.5901789665222168
0.04593465104699135
-2.246847629547119
-0.18768508732318878
-0.42572978138923645
-1.4305135011672974
-1.424329161643982
-2.8326847553253174
-2.135572671890259
-0.1837475746870041
-1.6877782344818115
0.004579526372253895
-0.26878854632377625
-1.1542054414749146
-0.31405821442604065
-1.539217472076416
-1.8998292684555054
-0.8301723599433899
-0.8293599486351013
-0.5960159301757812
-0.8841171860694885
-1.2574763298034668
-0.7805442214012146
-1.2240955829620361
-1.2590112686157227
-0.8113460540771484
-0.1178273856639862
0.3060210049152374
-1.2784969806671143
-2.4699692726135254
-1.118110179901123
-0.5627171397209167
-0.40173494815826416
-0.3859466314315796
-0.2526913583278656
-0.42219221591949463
-0.9952696561813354
-1.6136854887008667
-0.2201257050037384
-0.5070755481719971
-0.7002531886100769
-0.4993935525417328
-0.4935310184955597
0.1684502512216568
-0.8950576186180115
-0.7527034282684326
-0.46192848682403564
-0.5387102365493774
-0.23556159436702728
-0.48486238718032837
-0.07716231793165207
0.1003236174583435
0.5119103789329529
0.7215399146080017
-0.729422390460968
-0.8630645275115967
-0.563545286655426
-0.344903826713562
-0.14498619735240936
-0.030140066519379616
0.1607811599969864
-0.38266074657440186
-0.9384686946868896
-1.0988672971725464
-0.53078693151474
-0.13472582399845123
-0.253886342048645
-0.09033925086259842
-0.5286905169487
-0.45814213156700134
-1.216026782989502
-1.566532015800476
-1.6876800060272217
-0.9206145405769348
-0.11299457401037216
-0.8651356101036072
-0.5318639874458313
-0.7305001020431519
-1.1929453611373901
-0.7537689805030823
-1.3322910070419312
-1.6388864517211914
-0.07917514443397522
-0.6960793733596802
-0.04903695732355118
-0.5062807202339172
-1.3516819477081299
-0.28341805934906006
-0.21204175055027008
-1.4134265184402466
-0.13893704116344452
-0.6503635048866272
0.013851706869900227
-0.6632992625236511
-1.4770777225494385
-0.826870322227478
-1.2059191465377808
-1.2196197509765625
0.660496175289154
-0.794236421585083
-1.581101894378662
-1.0526989698410034
-0.9835072755813599
0.06085774675011635
0.20968085527420044
0.22080813348293304
0.2897071838378906
0.05701620131731033
-0.9161329865455627
-0.8700227737426758
0.6518028974533081
0.965850293636322
1.0899546146392822
0.3901996314525604
0.2644614279270172
-0.40047746896743774
-1.0835589170455933
0.19900234043598175
-0.15138739347457886
-1.718409538269043
-0.3340861201286316
-0.08811960369348526
0.12594455480575562
0.6858725547790527
-0.7265204191207886
-0.8466538190841675
-0.08243062347173691
-2.4071948528289795
-0.8865941166877747
0.4461726248264313
-1.0855531692504883
0.055323317646980286
-0.9558301568031311
-2.1085433959960938
-1.8019740581512451
-1.8181270360946655
-1.9674019813537598
-0.8248852491378784
-0.8602166771888733
-0.3256882131099701
-1.1125433444976807
-1.9770923852920532
-2.13032865524292
-1.3513610363006592
-0.46632951498031616
-1.3679918050765991
-1.1576764583587646
-1.1792116165161133
-0.35980159044265747
-0.7185889482498169
-1.2852091789245605
-0.6981381177902222
-0.47934064269065857
0.5020302534103394
-1.0723309516906738
-1.784690022468567
-1.2936147451400757
0.08919043093919754
-1.0030584335327148
-1.0379060506820679
-0.7477176785469055
0.4673103988170624
-0.6873743534088135
-0.6726459264755249
-1.2542835474014282
-0.12258653342723846
-0.1508106291294098
-1.1101783514022827
-0.6408044099807739
0.11813749372959137
-0.450466513633728
0.041571881622076035
0.019076980650424957
-0.9040559530258179
-0.34810173511505127
-0.1140560731291771
0.042553313076496124
0.3681844174861908
-0.3406839668750763
-0.5688827633857727
-0.30480197072029114
-0.4128527343273163
-1.1872822046279907
-1.0521070957183838
0.17863957583904266
-0.5422159433364868
-0.03842322900891304
-0.2702396810054779
-1.689573049545288
-1.3307301998138428
-0.8660684823989868
-0.7251269817352295
1.044854760169983
0.6338604092597961
-0.45529869198799133
-0.8640368580818176
-1.9639204740524292
-0.37804603576660156
0.5797283053398132
-0.623894214630127
-0.5523054599761963
0.7120667695999146
-0.15562380850315094
-0.25044915080070496
-0.568729043006897
-0.265112042427063
-0.50395667552948
-0.1282983124256134
-0.12639303505420685
-0.45568132400512695
-0.2073812037706375
-0.16600748896598816
0.9223884344100952
-0.5754650235176086
-1.451488733291626
-0.1607508808374405
0.02668440155684948
-0.5430210828781128
0.13127683103084564
-1.9532936811447144
-0.6061341762542725
-1.0329464673995972
-1.644211769104004
-1.2433747053146362
-0.4342022240161896
-0.8740891814231873
0.6063902974128723
-0.09790872037410736
-1.360961675643921
-1.5919193029403687
-1.31126070022583
-0.7279044389724731
-0.19958294928073883
-0.7072927951812744
-0.4598848223686218
0.42528650164604187
-0.07270558923482895
-1.0355859994888306
0.2429952174425125
0.3546486496925354
0.6092492341995239
0.17036975920200348
-0.8445321321487427
-1.49245285987854
-0.7543594241142273
0.7590845227241516
0.1696549504995346
-0.8826643228530884
-1.967980146408081
-1.579477071762085
-1.429714322090149
-2.221254587173462
-0.2533632516860962
0.2737746834754944
-0.4029858112335205
-0.7426842451095581
-1.9614155292510986
-0.950889527797699
-0.543106198310852
-1.635116457939148
-0.27819040417671204
-0.5821763277053833
-0.7709941267967224
-0.279708594083786
-1.3849716186523438
-0.7904971837997437
-0.25716665387153625
-0.5820269584655762
-0.9122779369354248
-1.3139853477478027
-2.1023032665252686
-1.4638853073120117
-1.98617422580719
-1.1324700117111206
-1.092672348022461
-1.1057958602905273
-1.2416651248931885
-2.0784833431243896
-2.473342180252075
-1.4164272546768188
-2.1099469661712646
-1.611570954322815
-0.7769725322723389
-1.469116449356079
-1.1940079927444458
-0.6801145076751709
-1.7113595008850098
-1.076162338256836
-2.3453004360198975
-1.9455828666687012
0.26714199781417847
0.02852022647857666
-0.45889776945114136
-1.0818498134613037
-1.5878570079803467
-1.5775480270385742
-1.7511357069015503
-1.0069539546966553
0.40848618745803833
1.0310579538345337
-0.14037136733531952
-0.5154545903205872
-0.9284379482269287
-1.1975740194320679
-0.35228630900382996
-0.339126318693161
0.549660325050354
-0.5558246970176697
-0.8534314036369324
-0.4679601788520813
-0.04530744254589081
0.18530218303203583
-0.17542894184589386
-0.302010715007782
0.6802603602409363
-0.8102803230285645
-1.131258487701416
-0.9006257653236389
-1.0459405183792114
-1.3630627393722534
-1.8199204206466675
-1.1151474714279175
0.42266449332237244
-0.7244158387184143
-1.5971630811691284
-1.8619601726531982
-2.4713075160980225
-2.2341489791870117
-2.3978288173675537
-2.1811234951019287
0.8635534048080444
-0.330680251121521
-1.0298184156417847
-1.0231702327728271
-0.5730030536651611
-0.3419997990131378
-0.7185912728309631
-0.979449987411499
0.349089652299881
-0.2457343190908432
0.21302135288715363
-0.10460567474365234
-0.2898058593273163
0.19791944324970245
0.10003823041915894
0.28329119086265564
0.7893062829971313
0.2134948968887329
0.4562520384788513
-0.10875687003135681
-0.3343334496021271
-0.013647964224219322
0.3040515184402466
0.2978641092777252
1.0959242582321167
0.6958121657371521
0.856886088848114
-0.28637534379959106
-0.6949148178100586
-0.6646144390106201
0.13664156198501587
0.016509251669049263
0.6931424140930176
-0.11095359921455383
0.6019198894500732
0.790256679058075
0.13611933588981628
0.22012847661972046
0.4446331560611725
0.2724416255950928
-0.35144874453544617
-0.19513604044914246
-0.5311288833618164
-0.5644579529762268
-0.907157301902771
-1.1019660234451294
-1.6448861360549927
-0.6284037232398987
-1.91914963722229
-1.2291021347045898
-1.157392978668213
-1.580119013786316
-3.0078601837158203
-3.0977048873901367
-0.503718376159668
-0.1450149118900299
-2.0659613609313965
-0.5213932394981384
-0.10444456338882446
-2.1484434604644775
-1.5606383085250854
-1.5979843139648438
0.1679179072380066
0.5949655771255493
-1.0181336402893066
-0.35436001420021057
-0.8541248440742493
-1.9799156188964844
-0.6079555749893188
-1.2641220092773438
-0.5892455577850342
1.5304934978485107
-0.4227690100669861
-0.3250863254070282
-0.6716864109039307
-0.47116613388061523
-0.09386278688907623
-0.024331901222467422
-0.1630227118730545
0.6653309464454651
-1.0518193244934082
-0.43896177411079407
-0.11479417979717255
-0.15228982269763947
0.06194969639182091
-0.4256265461444855
-1.3730512857437134
-0.5215750336647034
-0.5862599015235901
-0.5007129907608032
-0.8741089701652527
0.5557616353034973
0.2139589786529541
-0.779078483581543
-1.3844815492630005
-0.10651382803916931
0.15190939605236053
0.40888068079948425
-1.5713638067245483
-1.0084258317947388
-0.5981794595718384
-0.6511245369911194
-1.1055816411972046
0.00306040421128273
-0.2913048565387726
0.42218017578125
0.41448545455932617
0.42567476630210876
1.0791101455688477
0.37289199233055115
0.27017614245414734
1.2842116355895996
-0.5257346034049988
0.5535012483596802
1.102329134941101
0.5193480849266052
0.014345276169478893
-0.13181239366531372
-0.8694801330566406
0.6586718559265137
-1.397680640220642
-0.6677430868148804
-0.33459675312042236
-0.7458768486976624
-1.0789655447006226
-0.743914008140564
-1.5116264820098877
-0.47345882654190063
-1.71549391746521
-1.1395807266235352
-1.031575083732605
-1.3613073825836182
-0.7242569327354431
-0.5695513486862183
-0.31813547015190125
0.322978675365448
-2.0355141162872314
-1.3454673290252686
-0.9652742147445679
-0.7932904362678528
-0.6715735793113708
-0.873680830001831
-1.097764253616333
0.1384795606136322
-2.3280158042907715
-1.7217360734939575
-1.043760895729065
-0.862863302230835
-0.6566518545150757
-0.8125544786453247
-0.5429026484489441
0.12563754618167877
-1.6453776359558105
-1.4467344284057617
-0.7598031759262085
-0.6748560070991516
-0.22175514698028564
-0.268469899892807
0.1309797167778015
0.9853864908218384
-0.934268593788147
-0.7937368750572205
-0.27572962641716003
-0.15849965810775757
0.4437182545661926
0.5498020052909851
0.3884807527065277
0.25461873412132263
0.11616343259811401
-0.47691309452056885
-0.7635686993598938
-0.24540618062019348
-0.13002687692642212
-0.6011120080947876
-0.8101987838745117
-1.0881550312042236
-0.42273446917533875
-0.9626226425170898
-0.17182500660419464
-0.28801923990249634
-0.054073039442300797
-0.823037326335907
0.08541907370090485
-0.3785307705402374
-0.8127183318138123
0.14016613364219666
0.7747852802276611
-0.17736701667308807
0.6230795979499817
-0.2160741090774536
0.17588801681995392
-0.39006444811820984
-0.46557241678237915
-0.6114790439605713
-0.49018606543540955
-0.4506382346153259
-0.32737573981285095
-0.9315809607505798
-0.20752111077308655
-0.5472407341003418
-0.5119478702545166
-1.5784006118774414
-2.0788207054138184
-0.9432453513145447
-0.6699532866477966
-1.5134265422821045
-1.2428144216537476
-0.9680585265159607
-0.3996879756450653
-1.413129210472107
-1.5193403959274292
-0.779717743396759
-1.326545000076294
-1.3649673461914062
-0.23924890160560608
-0.3360404074192047
0.06335316598415375
-1.4856479167938232
-0.45558130741119385
-0.1433582901954651
-0.6067277193069458
-0.909963071346283
-0.7934903502464294
-1.068026065826416
0.35994142293930054
-0.7834842801094055
-0.23634113371372223
0.6046348810195923
-0.5866571068763733
-1.020347237586975
-0.9860395193099976
-0.6992999911308289
0.08296888321638107
-0.205206498503685
-0.06658893078565598
0.15639983117580414
-0.7580726146697998
-0.7165408134460449
0.39790213108062744
-0.12191562354564667
0.46601539850234985
0.21642912924289703
-0.6093579530715942
-0.7311316132545471
-1.2651398181915283
-1.415870189666748
0.5234860777854919
0.6244706511497498
0.1160493940114975
-0.5289077162742615
-0.5909721851348877
-0.5125032663345337
-1.0720940828323364
-1.8796011209487915
-1.9355965852737427
-0.021509133279323578
-0.18559321761131287
-1.0411357879638672
-1.4381948709487915
-0.9556223154067993
-1.5043091773986816
-1.6165159940719604
-1.050180435180664
-0.7401965856552124
-0.7075380682945251
0.138411745429039
-0.10559876263141632
-0.7246394753456116
-1.0722051858901978
-0.3669106662273407
0.08713915199041367
-0.28623613715171814
0.35770469903945923
0.40290963649749756
1.0599604845046997
0.6124472618103027
0.9704607129096985
0.956975519657135
-0.38831931352615356
-0.016806121915578842
0.7613354325294495
0.554918646812439
-0.4935232698917389
0.19565872848033905
-0.11969694495201111
0.30673131346702576
-0.11085344851016998
-0.2391849160194397
-0.9631502628326416
-0.8402481079101562
-0.8747197985649109
-0.7493757605552673
-1.0348411798477173
-0.9315474033355713
-1.2768796682357788
-0.8897572755813599
-1.36919367313385
-0.9203569293022156
-1.2389129400253296
-1.156191349029541
-1.6483039855957031
-1.4912413358688354
-1.9862624406814575
-1.7796211242675781
-1.298243522644043
-1.1304041147232056
-0.8337127566337585
-0.6586077213287354
-2.848917007446289
-2.179080009460449
-0.2412969321012497
-0.9469515681266785
-0.632326602935791
-0.21458594501018524
-1.2611552476882935
-0.6891453266143799
-1.6855875253677368
-0.9477707147598267
0.8728669881820679
0.664907693862915
-0.6926268339157104
0.8047732710838318
-0.6051213145256042
0.13631793856620789
-0.2788388431072235
-1.1752336025238037
0.09969981014728546
0.8494837284088135
-0.2128029763698578
1.4188060760498047
0.34746816754341125
0.06433078646659851
-0.44853436946868896
-0.47472459077835083
-0.8426412343978882
-0.7291452288627625
-0.6805340051651001
0.14437532424926758
0.19367694854736328
-1.3800524473190308
-1.5841726064682007
-1.9411967992782593
-2.1589839458465576
-1.7430087327957153
-0.13863840699195862
-0.7742066383361816
-0.1731574684381485
-1.7734190225601196
-1.527807354927063
-1.672475814819336
-0.8747309446334839
-0.7520162463188171
0.9086064696311951
0.5523775219917297
-1.1169615983963013
-0.775320827960968
-0.3357636332511902
0.3754993677139282
0.1209682747721672
-0.4478050470352173
-0.3041917681694031
0.15309926867485046
-0.2559821605682373
-0.6985438466072083
-0.5374642610549927
-0.979839563369751
-1.2057496309280396
-0.7008681297302246
-1.1798937320709229
-0.648772656917572
-0.5720359086990356
-1.2241008281707764
-1.2851197719573975
-1.6850941181182861
-1.849141240119934
-1.6023554801940918
-1.4003849029541016
-1.088918685913086
-0.5432860255241394
-0.6773808002471924
0.01811835914850235
-0.3220686912536621
-1.018613338470459
-1.0075619220733643
-0.36783644556999207
0.05418070778250694
-0.10310754925012589
0.5317990183830261
0.1875072866678238
-0.057110708206892014
-0.6370207071304321
-0.2591353952884674
0.7328193783760071
0.4992300271987915
-0.5379886031150818
0.08115799725055695
0.305663526058197
0.6096881628036499
-0.3134714663028717
-0.5104752779006958
0.29282164573669434
0.0016115136677399278
-0.6852681636810303
-0.7384626865386963
0.5770910978317261
0.6449242830276489
-0.06636769324541092
-0.6489245891571045
-0.40172797441482544
-0.4730985164642334
0.24057921767234802
0.28009530901908875
1.0533719062805176
1.3978675603866577
1.3967409133911133
0.3107112944126129
0.44336244463920593
0.2823137640953064
0.19358550012111664
-0.16495884954929352
0.4391449987888336
0.2892057001590729
-0.024703720584511757
-0.7759464979171753
-0.7015828490257263
-0.15841376781463623
0.11198636889457703
-0.5676153302192688
-1.6510547399520874
-1.294014573097229
-0.3052162826061249
0.3989153504371643
-1.1364021301269531
-0.936069667339325
-0.8219239711761475
-1.1860862970352173
-2.1286697387695312
-1.3146363496780396
-1.1109145879745483
0.06354121118783951
-1.4832115173339844
-0.989203929901123
-0.9152433276176453
-0.3796471655368805
-0.6712883710861206
-0.6053770184516907
-0.39068761467933655
0.5090020298957825
-1.6369024515151978
-0.759997546672821
0.4745479226112366
0.5519890189170837
0.12219608575105667
0.11748011410236359
-0.13299113512039185
-0.1778920441865921
-1.5449135303497314
-1.3834623098373413
-0.587910532951355
-0.714263916015625
-0.49742284417152405
-0.4079894721508026
-0.04417666792869568
-0.35239630937576294
-1.7940094470977783
-1.904183030128479
-1.3375256061553955
-1.8590744733810425
-0.45807620882987976
-0.07264337688684464
-0.15726569294929504
0.23178964853286743
-1.2586636543273926
-1.4495806694030762
-1.3328778743743896
-0.30822986364364624
1.1113399267196655
0.7867370247840881
0.163369819521904
0.06713534891605377
-1.1637728214263916
-0.47673365473747253
-0.3020192086696625
0.7864120602607727
1.7583842277526855
0.9191359877586365
0.17251838743686676
-0.09852923452854156
-0.13886196911334991
-0.8594803810119629
-1.28562331199646
-0.9754987955093384
-0.4933182895183563
-0.8469316363334656
-0.019194183871150017
-0.03607252985239029
-0.5689022541046143
-1.0509483814239502
-0.15977074205875397
-0.9440056085586548
0.5520032048225403
-0.5470499992370605
-1.5683354139328003
0.36295509338378906
-1.3166002035140991
-0.3995044529438019
1.0653423070907593
-1.1811548471450806
-0.9007886052131653
0.1402462124824524
-1.4761561155319214
-0.117165207862854
-0.8860825300216675
0.0857490748167038
0.5016173124313354
-0.5198240876197815
-0.966797411441803
0.8707556128501892
0.2543080747127533
-0.6362091898918152
0.21292831003665924
-0.5117692351341248
-0.2092464715242386
-0.09981229901313782
0.12797579169273376
-0.03989420831203461
-0.7550332546234131
-0.2962411940097809
-0.4246385991573334
0.49293744564056396
-0.5953867435455322
-0.30490726232528687
-1.1526473760604858
-1.757974624633789
-1.201925277709961
-0.7549397945404053
-1.6099952459335327
0.9317960739135742
-0.6911879181861877
-1.9783681631088257
-2.087796449661255
-1.548578143119812
-1.0692172050476074
-0.6783004999160767
-1.1919628381729126
0.23554953932762146
0.5891380310058594
-0.7601914405822754
-0.803800106048584
-0.0685306116938591
0.3683517873287201
-0.6174523830413818
0.07054541260004044
-0.9994895458221436
-0.2560864984989166
-0.4818750321865082
-0.07307520508766174
0.20133210718631744
-0.5684416890144348
-1.1068042516708374
1.2296288013458252
-0.43757203221321106
-0.8278303146362305
0.28207629919052124
2.5337162017822266
1.5903915166854858
0.13777805864810944
-0.20623554289340973
-0.08733523637056351
-0.534439206123352
-0.5641146302223206
0.9528703689575195
1.6421416997909546
0.8341870307922363
-1.095430612564087
-0.9504284858703613
-0.8239513635635376
-0.6361244320869446
0.1483842134475708
0.07447358965873718
-0.13421928882598877
-0.13718463480472565
-0.5218745470046997
-0.8700796365737915
-0.5402951836585999
-1.1186776161193848
-0.33810001611709595
0.2400861233472824
-0.6978077292442322
-0.9808502197265625
-0.9932126998901367
-0.5183330774307251
-0.5852572321891785
-1.257576823234558
-1.751592755317688
-1.4303715229034424
-2.3179261684417725
-1.8630235195159912
-0.9702920317649841
-0.5360269546508789
-0.6927011013031006
-0.7921963930130005
-1.2744390964508057
-1.483512043952942
-1.291182518005371
-0.5164835453033447
0.532772958278656
-0.33047473430633545
-1.5045925378799438
-1.9371670484542847
-1.162760853767395
-0.4488010108470917
-0.01160383690148592
0.17852962017059326
0.2584911286830902
-0.3113742470741272
-0.5056734681129456
-1.030721664428711
-0.2297918200492859
-0.24757526814937592
-0.366636723279953
0.039595406502485275
-0.6114269495010376
-0.14401578903198242
0.022418472915887833
-0.8456461429595947
-0.9663287401199341
-1.5492699146270752
-1.5784779787063599
-0.022003425285220146
1.2625001668930054
0.36286768317222595
-0.07133648544549942
-1.4325495958328247
-1.740431547164917
-1.4918055534362793
-0.6522021293640137
-0.30135440826416016
0.7537586688995361
0.34957000613212585
-0.18653476238250732
-1.4276068210601807
-1.4516152143478394
-0.19134025275707245
-0.345084547996521
-0.5002454519271851
0.2571346163749695
-0.10708773136138916
0.23532457649707794
-0.9830110669136047
-1.6256462335586548
-0.8892418742179871
-0.64871746301651
-0.06504510343074799
0.10514430701732635
-0.3406417667865753
0.3971759080886841
-0.9028477072715759
-1.7126072645187378
-2.080637216567993
-1.370001196861267
-0.7764512896537781
-0.4651774764060974
-0.4430176913738251
-0.07043751329183578
-1.3291951417922974
-2.400850772857666
-2.2298107147216797
-0.6019572019577026
0.008175931870937347
0.7385692000389099
-0.15745092928409576
0.35745537281036377
-0.2800157368183136
-1.1372504234313965
-1.407544732093811
-0.5405124425888062
-0.16656413674354553
-0.11180055141448975
-0.5854829549789429
0.7441251873970032
1.3576462268829346
1.434407114982605
0.33864626288414
0.7231443524360657
-0.007294085808098316
-0.6702117919921875
0.10758281499147415
0.2265550196170807
0.3018869161605835
0.25421711802482605
-0.5647526383399963
-0.31854620575904846
-0.6199307441711426
-1.148607611656189
-0.714967668056488
-0.05273888260126114
-0.5574504137039185
-0.11188023537397385
-0.2532213032245636
-0.23627173900604248
-0.45130759477615356
-0.05619979649782181
-1.0289709568023682
1.1365227699279785
0.055464502424001694
0.03225318342447281
-0.24749132990837097
0.12196412682533264
-0.4766818583011627
-0.3610495924949646
-0.6001922488212585
1.8929811716079712
0.1806933730840683
-0.7787895798683167
-1.3203099966049194
-0.9237415194511414
-1.8367239236831665
-1.5288126468658447
-1.4022624492645264
0.7763233780860901
0.05058161914348602
-1.6396822929382324
-1.1692047119140625
-1.4530659914016724
-1.5945398807525635
-1.2153584957122803
-1.2825534343719482
0.1820642650127411
0.007651756517589092
-0.7300369739532471
-1.3923896551132202
-1.3597092628479004
-0.7585234045982361
-0.6989046335220337
-1.2196868658065796
0.5063501596450806
-0.15451696515083313
-0.5554931163787842
-0.9312722682952881
-1.016752004623413
-0.6048572063446045
-0.5269933938980103
-0.3445546627044678
-1.2140312194824219
-0.7044341564178467
-0.5990360379219055
-0.36335012316703796
-0.7364047169685364
-0.4680425524711609
-1.2337967157363892
-0.6913824081420898
-2.220262289047241
-1.9096405506134033
-0.9480998516082764
-1.7557581663131714
-1.7319077253341675
-0.665537416934967
-1.6146210432052612
-1.5771032571792603
0.023258132860064507
-1.709509253501892
-0.899776041507721
-0.49978458881378174
-0.44079315662384033
0.08968616276979446
0.06837886571884155
-1.1847275495529175
-0.3067525625228882
-0.9137345552444458
-0.19174368679523468
0.11600667983293533
-0.1656244397163391
-0.45180922746658325
-0.4227895140647888
-1.6056865453720093
-0.6512383818626404
-0.8608964681625366
0.03006122261285782
-0.01663394644856453
-0.7121252417564392
-0.3886895775794983
-0.5675331354141235
-1.254278302192688
-0.695855975151062
-0.7909711003303528
-0.34530094265937805
0.11310946941375732
-0.6601447463035583
-0.18227797746658325
-0.5579701662063599
-1.288832187652588
-1.8772636651992798
-1.5230101346969604
-0.9912951588630676
-1.0317102670669556
-1.499295949935913
-0.5600569844245911
-1.4824845790863037
-2.115043878555298
-0.8207248449325562
-1.015972375869751
-0.3850002586841583
-1.513554573059082
-1.2059855461120605
-1.0845566987991333
-0.9504522085189819
-0.9176488518714905
-0.41368839144706726
-0.28170809149742126
-0.02685033343732357
-0.585651695728302
1.3615928888320923
1.3918062448501587
-0.22846531867980957
-0.33396443724632263
-0.5850751399993896
-0.5104876160621643
-1.0871840715408325
-0.39798957109451294
-0.06749434024095535
0.48681867122650146
-0.33893081545829773
-0.24736708402633667
-0.1206616759300232
-0.8719971776008606
-0.49719375371932983
0.4830280542373657
-0.8978574275970459
-0.8741029500961304
1.0274074077606201
0.023801932111382484
0.6211389303207397
-0.22863072156906128
-0.9475551247596741
-0.7782922387123108
-0.321030855178833
-1.0184853076934814
0.16072237491607666
0.19727200269699097
0.32490789890289307
-0.7143418788909912
-1.5454587936401367
-0.7905442714691162
0.3007742464542389
-1.6494334936141968
-1.2981536388397217
-0.13017772138118744
-0.3094341456890106
-0.5221191644668579
-1.5284640789031982
-1.0732766389846802
-0.9377560019493103
-0.39894500374794006
-0.43530967831611633
-0.3425467312335968
-0.48467811942100525
-0.9313518404960632
0.9256606101989746
0.3925211429595947
-0.6093114614486694
-0.24531710147857666
-0.298912912607193
-0.07986266911029816
0.4851585328578949
-0.642029345035553
-0.7095814943313599
-0.7758895754814148
-0.5968971252441406
-0.23482097685337067
-0.575152575969696
-0.23992228507995605
-0.5239889621734619
0.2241813838481903
-0.04894770681858063
0.1915336400270462
0.38756483793258667
-0.21986430883407593
-0.6177297234535217
-0.12387390434741974
-1.3079696893692017
0.10333867371082306
-0.2679300010204315
-0.2762145698070526
-0.5924389958381653
-1.6776906251907349
-2.318157911300659
-0.7692713737487793
-2.080332040786743
-1.4613769054412842
-1.221235752105713
-1.4465365409851074
-0.7336987853050232
-0.2421150803565979
-1.129066824913025
-0.8048181533813477
-1.2437114715576172
-1.0478383302688599
-0.4953324794769287
-0.9661216139793396
-0.5732020139694214
0.13216547667980194
0.2353532612323761
0.3613143861293793
-0.5043023228645325
-1.2004508972167969
-0.8216733932495117
-0.10613600164651871
0.14328686892986298
-0.012038161978125572
-0.33951130509376526
0.19275113940238953
0.151370108127594
-0.8039309978485107
-0.09032823145389557
0.03127962350845337
0.21459347009658813
-0.14102351665496826
-0.6108444929122925
-0.7938370704650879
-0.6425036191940308
-0.3951978385448456
0.3969328701496124
-0.07266435027122498
-0.27941641211509705
-0.47892940044403076
-1.1883808374404907
-1.3794502019882202
-0.2098085731267929
-0.22318370640277863
0.472900390625
-0.6158576607704163
-0.9720169901847839
-0.8419339060783386
-0.4542009234428406
-0.8486825823783875
0.7277366518974304
0.41006165742874146
-0.7600782513618469
-0.802880585193634
-0.9280765056610107
-0.7217179536819458
-0.2971755266189575
-0.41303133964538574
0.2978113293647766
0.22122418880462646
-1.1414501667022705
-0.9760890603065491
-0.9494545459747314
-0.5904060006141663
-0.992790699005127
-1.5233315229415894
-1.2712602615356445
-1.9260964393615723
-2.019869565963745
-1.8129531145095825
-1.3397610187530518
0.10962002724409103
0.6967547535896301
-1.2744520902633667
-1.390505075454712
-1.9679726362228394
-1.97957181930542
-1.1081995964050293
-0.9610368013381958
0.31096726655960083
1.072022795677185
-1.7903695106506348
-0.5330750346183777
-1.2711247205734253
-1.5015426874160767
-1.9058988094329834
-2.037625551223755
-1.259846568107605
-1.4230676889419556
-2.1169073581695557
-1.0113389492034912
-1.2466434240341187
-1.8293695449829102
-1.8846275806427002
-2.151742935180664
-2.0874335765838623
-2.1989591121673584
-1.6265584230422974
-1.0355727672576904
-1.4387836456298828
-2.4210257530212402
-1.6838500499725342
-1.6783661842346191
-1.2525365352630615
-0.6703444719314575
-0.11848095804452896
-0.8979442119598389
-1.3026326894760132
-1.4431122541427612
-0.8512466549873352
-0.8221825361251831
-0.27699607610702515
0.3375382721424103
0.5664739012718201
-0.28133660554885864
-1.2283774614334106
-1.281056523323059
-0.991990864276886
-0.5652309060096741
-1.2687782049179077
-2.022437572479248
-0.8732359409332275
0.47256502509117126
-1.331075668334961
-0.6784508228302002
-0.6329324245452881
-0.512222409248352
-0.7337253093719482
-1.8163092136383057
-1.3148446083068848
1.3928688764572144
-0.44393840432167053
-0.533072829246521
-0.15097294747829437
0.9731891751289368
-0.2337067574262619
0.8513623476028442
0.08194097131490707
-0.17531876266002655
-0.9645007252693176
-0.17913788557052612
-0.5019639730453491
-0.7084634900093079
-0.4621444642543793
0.27471452951431274
0.1188386008143425
-0.31531575322151184
-0.6424354910850525
-0.33176204562187195
-0.10593218356370926
-1.1299996376037598
-0.10596518218517303
-0.11283624917268753
0.06928154081106186
0.23401495814323425
-0.8904860019683838
-0.5544536113739014
-0.2850513756275177
-0.8904441595077515
0.05906736105680466
0.7516335248947144
0.4967336356639862
0.2716235816478729
-0.5386757254600525
-0.9111353158950806
-0.2687525153160095
-0.907057523727417
-1.4608319997787476
0.16856959462165833
0.33358627557754517
-0.5977602601051331
-0.7562240958213806
-0.5513912439346313
-0.16645891964435577
0.17467927932739258
0.015773797407746315
0.3779171407222748
0.47874048352241516
-0.24417617917060852
0.10069609433412552
-0.08691634982824326
-0.09317592531442642
0.6594776511192322
0.4527844786643982
0.3158084452152252
-0.6705105900764465
-1.0020579099655151
-0.711379885673523
-1.0069283246994019
-0.2558690905570984
0.4301607608795166
-0.5116180777549744
-0.6283515095710754
-0.17710743844509125
-2.0860135555267334
-1.2977052927017212
-0.4601055383682251
0.1767439991235733
-0.6390045881271362
-0.4209388494491577
-0.7301824688911438
-0.45129385590553284
-0.4676899015903473
-0.7088594436645508
-0.020613843575119972
0.22260628640651703
-0.005460050888359547
0.06896786391735077
0.5915078520774841
0.08036809414625168
-1.106074333190918
-0.7863614559173584
-0.5596814155578613
0.06359013170003891
-0.5282964706420898
-0.9308995604515076
-1.0543715953826904
-0.583416759967804
-1.0690973997116089
-1.5042387247085571
-1.138130784034729
-0.14006677269935608
-0.5872690081596375
-0.6679936647415161
-0.5362034440040588
-0.24144724011421204
-0.12330318987369537
-0.9278555512428284
-1.1023250818252563
0.46581971645355225
-0.6118401885032654
-0.7322463393211365
0.06762970238924026
-0.3574397563934326
0.17374610900878906
0.23998385667800903
-0.543001651763916
-0.24924923479557037
-0.21263766288757324
0.05188924819231033
-0.13157053291797638
-0.6034939289093018
-0.050546951591968536
-0.08463883399963379
0.049467988312244415
-0.012120754458010197
-1.1548742055892944
-0.5095968842506409
-1.2650692462921143
-1.5804665088653564
-0.4250844120979309
-0.8345643877983093
-1.1311039924621582
-1.318425178527832
-1.6347017288208008
-0.9912848472595215
-0.5818777680397034
-0.6075947284698486
-1.4038480520248413
-1.061227798461914
-0.6170738935470581
-0.4126977026462555
-1.5706508159637451
-1.3198720216751099
0.3624636232852936
0.32971057295799255
-0.2970268428325653
-0.30058181285858154
0.011328968219459057
-0.24470555782318115
0.07765521109104156
-0.14230330288410187
0.4537718594074249
0.9366618990898132
0.850311279296875
0.4678744673728943
0.18314915895462036
-0.12448394298553467
0.7759884595870972
0.1058829128742218
0.15798123180866241
0.16677092015743256
-0.683342456817627
-0.0890464037656784
-0.9126283526420593
-1.5091121196746826
-1.0874935388565063
-1.4016989469528198
-1.6224498748779297
-0.4466043710708618
-1.110776662826538
-1.2095223665237427
-1.00734543800354
-1.6001558303833008
-0.7533797025680542
-0.685053288936615
-1.1142486333847046
-0.2943726181983948
0.1851104497909546
-0.05446208268404007
-0.7588199377059937
-0.8867899775505066
-0.3284621834754944
-0.04526394605636597
-0.20138494670391083
-0.19284990429878235
-0.9890873432159424
-1.088795781135559
-2.1216351985931396
-1.7086817026138306
-0.5754109025001526
-0.9019665718078613
-0.3467744290828705
0.33351725339889526
-1.0781655311584473
-0.7844160795211792
-1.4081275463104248
-0.9196034073829651
0.041244421154260635
-0.44330736994743347
-0.6866286993026733
-0.2597763240337372
-0.12254613637924194
-0.37304022908210754
-0.9195594787597656
0.06381126493215561
-0.5674274563789368
-0.6227906942367554
-0.6661336421966553
-0.14070726931095123
0.133719339966774
-0.7585409283638
-1.1929230690002441
-0.7812743186950684
-1.5699092149734497
-0.7130787968635559
-0.5459845662117004
-0.14570409059524536
-0.008919180370867252
-0.5047593116760254
-0.8845527172088623
-0.6477363705635071
-1.4857808351516724
-0.959235429763794
-1.1690921783447266
-0.6692419648170471
-0.16680772602558136
0.43421509861946106
0.006497107446193695
-0.13617517054080963
-2.0168275833129883
-1.2702827453613281
-1.535438895225525
-0.8247085809707642
-0.5035651922225952
-0.09004800021648407
0.019144974648952484
-1.229432463645935
-2.1747474670410156
-1.5742636919021606
-1.0526583194732666
0.035358116030693054
0.1761500984430313
-0.6709486246109009
0.36708202958106995
-0.35353904962539673
-0.6897826194763184
-0.6032471656799316
-0.46262484788894653
-0.060572247952222824
-0.3281644582748413
-0.2383134365081787
-0.4842233955860138
-0.5073538422584534
-0.01979108527302742
-0.13656844198703766
-0.4786856770515442
-0.23062226176261902
-0.554337203502655
-0.7649118304252625
0.027811173349618912
-0.2813838720321655
-0.7570745944976807
-0.31938114762306213
-1.3468313217163086
-1.579890489578247
-0.36753979325294495
-1.3486366271972656
-0.36516329646110535
-0.8238813877105713
-1.283299207687378
-0.9545919299125671
-1.411777138710022
-1.6812572479248047
-0.4683244824409485
-1.329878330230713
-0.8250748515129089
-0.2747524380683899
-0.8936329483985901
-0.628054678440094
-1.2528395652770996
-1.2167073488235474
-0.2767418622970581
-0.5191475749015808
0.10015039145946503
0.2291066199541092
-0.9135574102401733
-0.11795362085103989
-0.00029669489595107734
-0.5895642042160034
-0.4618769884109497
-0.30580565333366394
0.6994222402572632
0.5587935447692871
0.161197692155838
-0.3850349485874176
0.4049416780471802
-0.5588933825492859
-0.23103447258472443
-0.7668394446372986
-0.7273526787757874
-0.98236083984375
-0.6272035837173462
-0.6379914283752441
0.1913527101278305
0.07552069425582886
0.24546441435813904
-0.24794618785381317
-1.6234571933746338
-0.6536455154418945
0.06484317779541016
-0.27791136503219604
-0.2307211458683014
-0.9309878945350647
0.46129754185676575
-0.6231147646903992
-0.3206053078174591
-0.15641334652900696
0.6206590533256531
0.4984886646270752
0.035345759242773056
-0.3238735496997833
-0.06405182182788849
-0.9171502590179443
-0.2391366958618164
-0.7255561351776123
-0.4801623225212097
-0.9449943900108337
-1.2339506149291992
-0.09081067144870758
-1.254311203956604
-0.6433869004249573
0.3590543866157532
-0.5576029419898987
-1.3827977180480957
-1.4738516807556152
-2.334568500518799
-2.096575975418091
0.053045716136693954
0.2731025516986847
-0.01713048480451107
-0.511116087436676
0.1164180189371109
0.41791167855262756
-0.26969435811042786
-0.9383024573326111
-0.03039846010506153
-0.0554468110203743
-0.44457295536994934
-0.11537562310695648
0.6881216168403625
0.5098456740379333
-0.6621279716491699
0.12898297607898712
-0.5563455820083618
-0.38415801525115967
-1.187049388885498
-0.6265010237693787
0.2314915955066681
-0.09204447269439697
-0.6371080875396729
-0.2817794978618622
-0.2866903841495514
-0.21534574031829834
0.279527872800827
-0.3167678117752075
-0.34002017974853516
-1.1224708557128906
-1.4903674125671387
-0.8915005326271057
-0.5848633646965027
-0.45010268688201904
0.3601318895816803
0.97640061378479
-0.47029754519462585
-0.40843185782432556
-0.8111863732337952
-0.12060626596212387
0.1989406794309616
0.5911218523979187
0.22881607711315155
-0.8256323337554932
-0.8024181127548218
-0.707401692867279
-0.9695039987564087
-0.2183895707130432
-0.3877333998680115
-0.5719367861747742
0.3733106255531311
-1.0610535144805908
-1.1088923215866089
-1.2456927299499512
-1.3648306131362915
-1.1122573614120483
-0.1847185641527176
-0.8411216139793396
0.5826164484024048
-0.6804235577583313
-1.4282790422439575
-0.8000360727310181
-1.5973100662231445
-1.6619588136672974
0.1584596037864685
-0.8152899146080017
-0.13272884488105774
-0.2043619304895401
-0.6247243285179138
0.6680666208267212
-1.2833079099655151
-1.395272135734558
-0.35137316584587097
-0.28906816244125366
0.11079679429531097
0.192413792014122
-0.3582097589969635
0.519062340259552
-0.21068128943443298
-1.051985502243042
-1.0587210655212402
-0.20862413942813873
0.9108787178993225
-0.09669328480958939
-0.8008798360824585
-0.6405269503593445
-0.9235866069793701
-1.4151005744934082
-0.3041646480560303
-0.7314040064811707
0.1378026306629181
-1.226630687713623
-1.2457629442214966
-0.5783676505088806
-1.0521438121795654
-1.272690773010254
-1.220699667930603
-0.6517376899719238
0.3053932785987854
-0.5279942750930786
-1.0214715003967285
-0.9851056933403015
-1.2477240562438965
-1.1733784675598145
0.08747586607933044
-0.19842541217803955
-0.20337583124637604
-0.1101074069738388
-0.5787914991378784
-0.3483828604221344
0.07448768615722656
-0.1477692872285843
-1.0850383043289185
-1.647323727607727
-1.9491997957229614
-1.2233824729919434
-1.970860481262207
-0.8930723071098328
-0.8752027750015259
-0.6290152072906494
-0.19480839371681213
-1.4180315732955933
-2.076801061630249
-1.078957438468933
-1.1995244026184082
-0.2255384624004364
-0.16939711570739746
-0.2144600749015808
-0.06465177237987518
0.14288440346717834
-0.34081485867500305
-0.34284403920173645
-0.3130424916744232
-0.533060610294342
0.8019147515296936
0.5305942893028259
0.10306596010923386
-0.3552318215370178
-0.4051978886127472
-1.3398555517196655
-1.175244927406311
-0.5048925876617432
0.24054665863513947
0.34909504652023315
-0.3379392921924591
-1.3251328468322754
-1.686401128768921
-2.0549490451812744
-1.3219205141067505
-0.6467385292053223
-0.7077634334564209
0.36072954535484314
-1.7291181087493896
-2.432664632797241
-2.3993723392486572
-1.5785901546478271
-1.2143348455429077
-0.9089070558547974
-1.121810793876648
-0.23814426362514496
-0.36632218956947327
-1.0520546436309814
-1.1417450904846191
-0.2815501391887665
-0.41736769676208496
-0.4315311312675476
-0.8418614864349365
0.14435747265815735
-0.532732367515564
-0.34313705563545227
-1.104086995124817
-1.335251808166504
-0.01215364784002304
0.5863540172576904
-0.5298120975494385
-0.15047821402549744
-1.01717209815979
-1.2531424760818481
-0.6949422955513
-0.43970468640327454
0.2436738759279251
0.7083002924919128
-0.8758425116539001
-0.7045390009880066
0.4568840265274048
-1.1357675790786743
-0.6853742003440857
-1.5355790853500366
0.4877219498157501
0.8386164903640747
-0.6944819688796997
0.16787272691726685
0.40439853072166443
-1.1136201620101929
-0.9443785548210144
-1.2285271883010864
-0.37129175662994385
-0.16947531700134277
-0.7641218900680542
-0.3730117380619049
-0.05499270558357239
-0.9405604004859924
-0.8425431251525879
-0.8790581226348877
-0.6585749983787537
-0.49705779552459717
-0.795990526676178
-1.4146842956542969
-0.3855366110801697
-0.3940887749195099
0.7008296251296997
1.0694568157196045
0.4855029582977295
-0.3046834468841553
-1.0751733779907227
-1.2993696928024292
-0.3117903769016266
-0.5349324941635132
-0.06480138003826141
-0.04828517138957977
-0.3099000155925751
-0.18656092882156372
-0.6994689106941223
-0.7899546027183533
-0.4124699831008911
-0.3378586173057556
0.16612596809864044
-0.5232644081115723
-0.8620401620864868
-0.5605098605155945
-0.17077435553073883
-0.743550181388855
-0.19102059304714203
-0.23004712164402008
-0.37748703360557556
-0.41408053040504456
0.0527566596865654
-0.06892196089029312
-0.7216461896896362
-0.9770025610923767
0.9990575909614563
0.34484434127807617
0.5087162256240845
0.8718398809432983
0.25377511978149414
0.19896245002746582
-1.4018933773040771
-1.6621490716934204
0.3956320583820343
-0.6475676894187927
0.8970020413398743
-0.02761315368115902
-1.3706408739089966
-1.823256254196167
-1.8819788694381714
-1.5309360027313232
-0.1540469378232956
-0.23246058821678162
0.03313672915101051
-1.6040621995925903
-1.78892183303833
-1.5125484466552734
-1.8150064945220947
-0.778197169303894
-0.09655626118183136
-0.5390158295631409
-1.1874374151229858
-1.1040253639221191
-1.1347953081130981
-0.6374449729919434
-1.12164306640625
-0.008732623420655727
0.14564792811870575
0.43051525950431824
0.18743517994880676
0.45727986097335815
-0.08267095685005188
-0.3195897340774536
-0.2537885308265686
-0.7802269458770752
0.29287150502204895
-0.9460984468460083
-0.3289833962917328
-0.14551156759262085
-1.0057077407836914
-1.1812944412231445
-1.293646216392517
-0.4145439863204956
-0.12856876850128174
-0.8040415048599243
-0.9938493371009827
-1.0094599723815918
-1.4098159074783325
-0.8884839415550232
-0.4527420103549957
0.3553813695907593
-0.27915361523628235
-0.7689974904060364
-0.11107688397169113
0.5471866726875305
-0.7001317739486694
0.11495640128850937
0.8766621947288513
0.2463424950838089
-0.5345169901847839
-0.19797220826148987
-0.03316715732216835
-0.07298111915588379
-1.0164830684661865
-2.349414825439453
-0.13630534708499908
1.3139011859893799
-1.9744685888290405
0.5415781140327454
0.009945221245288849
-1.5461716651916504
-1.7865594625473022
-2.3870859146118164
-0.7646056413650513
-0.1182832345366478
-1.2368961572647095
1.558659315109253
-0.16010509431362152
-1.9307326078414917
-1.1300108432769775
-1.3813562393188477
-0.31246161460876465
-1.5988997220993042
-0.760761559009552
-0.055200282484292984
0.7461344003677368
-0.391329288482666
0.11961109936237335
-0.12899456918239594
-1.0726395845413208
-0.712995707988739
0.11442933231592178
0.030847033485770226
-0.8166348338127136
-0.734557569026947
-0.4658113121986389
-1.3918225765228271
-0.8834090828895569
0.48491132259368896
-0.6360870599746704
-0.05822685733437538
-1.1709693670272827
-0.5165680646896362
-0.5906726121902466
-0.8965117931365967
-0.5173545479774475
0.5007754564285278
-0.49298959970474243
-0.38009142875671387
-0.9200404286384583
-0.3308889865875244
0.028716938570141792
-0.5044108033180237
-0.43732762336730957
-0.3216625154018402
0.4099632203578949
-0.32244738936424255
-0.057162243872880936
1.5352542400360107
1.207355260848999
-0.3870394825935364
-0.29857856035232544
-0.06202985346317291
0.9835631847381592
1.0364638566970825
0.12358696013689041
0.04165978729724884
-0.5720889568328857
-0.9553922414779663
0.1716461479663849
0.8382636904716492
-0.8969713449478149
-0.2515510022640228
-0.6122856140136719
-1.0767924785614014
-1.6084818840026855
-1.4740349054336548
-0.9009291529655457
-0.38458919525146484
-0.9196160435676575
-1.1061105728149414
0.16678251326084137
-0.40008148550987244
-0.5317262411117554
0.03786541149020195
0.5037583708763123
0.1104188859462738
-0.48415324091911316
-1.5086729526519775
0.1625920981168747
0.5109767317771912
-0.9798933267593384
-0.20999182760715485
0.24395886063575745
0.21198441088199615
-0.17969313263893127
-0.4479547142982483
-0.7034733295440674
-0.2269861251115799
-1.2338449954986572
-1.1602163314819336
-1.3257182836532593
-0.558110237121582
-0.01155122835189104
-0.6500405073165894
-0.7195311188697815
-1.226672887802124
-0.9478346109390259
-1.6180421113967896
-1.3863290548324585
-0.9152846932411194
-1.0413053035736084
-1.6498011350631714
-1.1054134368896484
-0.5083597302436829
-0.6719396114349365
-0.7403701543807983
-1.0704317092895508
-0.7127721905708313
0.005107235163450241
-0.28399309515953064
-0.835830569267273
-0.7407113909721375
-0.8847295641899109
-1.2251969575881958
-0.6491492390632629
0.8480527997016907
-0.43573063611984253
-0.45309653878211975
-0.7877218127250671
-1.9595019817352295
-1.4638950824737549
-1.6876773834228516
-1.7080650329589844
0.07036318629980087
-1.1375640630722046
-1.289910912513733
-1.565698266029358
-1.78977370262146
-2.874518394470215
-3.7421278953552246
-1.530255675315857
-0.8449865579605103
-0.8685635328292847
-1.8726853132247925
-1.3374314308166504
-1.377551555633545
-1.5538495779037476
-1.17620849609375
0.1327139288187027
0.3810439109802246
-0.12085352092981339
-1.119233250617981
-0.4962144196033478
-0.6730734705924988
0.20347654819488525
0.5137072801589966
0.9614431858062744
0.8606659173965454
-0.42271682620048523
-0.7466486692428589
-0.9986292123794556
-0.5034171938896179
0.05074625834822655
0.16404618322849274
0.2105346918106079
0.3435496985912323
-0.07826884090900421
-0.5116106867790222
-0.06902481615543365
0.6335394382476807
-0.0058686197735369205
-0.23323699831962585
-0.28430116176605225
0.22508488595485687
-0.14414827525615692
-0.7953420877456665
-0.7705336809158325
0.7690024971961975
0.19450683891773224
0.15197864174842834
0.016180573031306267
0.6286858320236206
0.5143153667449951
0.867634117603302
0.27813491225242615
0.19763465225696564
0.3268307149410248
-0.08439310640096664
0.2701070010662079
0.37539780139923096
-0.39780163764953613
-0.6328741908073425
-0.7965554594993591
-0.43564149737358093
-0.14896729588508606
-0.7574821710586548
-0.8611749410629272
-1.1950416564941406
-0.3110153079032898
-1.3824572563171387
-0.9880267977714539
-0.12677264213562012
-0.5389541387557983
-1.226340889930725
-0.35164329409599304
-1.0067415237426758
0.39332351088523865
-0.32198137044906616
-0.033890675753355026
0.6564314961433411
-0.07282870262861252
-0.4992000460624695
0.029721014201641083
-0.7729299068450928
0.0876559391617775
0.16677787899971008
-0.10102161765098572
0.5933337211608887
0.1727931946516037
0.03722905367612839
-0.3000001311302185
-1.1870511770248413
0.2207515835762024
0.678713321685791
-0.2988791763782501
-1.3153713941574097
-1.3025434017181396
-1.922526478767395
-1.0911009311676025
-0.7156105637550354
-0.28358203172683716
-1.073904275894165
-1.5329620838165283
-2.519400119781494
-1.9326927661895752
-2.1307785511016846
-2.321072816848755
-1.2501640319824219
-1.3679550886154175
-1.9185187816619873
-2.206350088119507
-2.238309383392334
-2.6003222465515137
-1.8531584739685059
-2.414813756942749
-0.6700116395950317
-1.1948546171188354
-0.5446749329566956
-1.0688707828521729
-1.9175679683685303
-1.2156357765197754
-1.3325340747833252
-0.25232255458831787
0.9829493165016174
-1.613728404045105
-1.4368833303451538
-0.2493210732936859
-1.0891408920288086
-0.23967580497264862
-0.49449214339256287
-1.8117175102233887
-0.5247649550437927
-0.3996933102607727
-1.1930835247039795
0.15315912663936615
-0.20851539075374603
0.14463552832603455
-0.6841321587562561
-1.0453321933746338
-1.6640266180038452
0.42454278469085693
-1.0463742017745972
0.03456071764230728
-0.7671403288841248
0.015237645246088505
-0.5622705221176147
-0.5183565020561218
-1.4693173170089722
0.7082068920135498
-0.8631093502044678
-1.1997921466827393
-0.7835271954536438
-0.007731406483799219
0.2218155413866043
-0.46428459882736206
0.09453168511390686
-0.0659925788640976
-0.029185235500335693
-1.6172288656234741
-0.987838864326477
0.14739184081554413
0.09656402468681335
-0.015491267666220665
-0.14262542128562927
-0.30512577295303345
-4.032620199723169e-05
-2.055424928665161
-2.170637369155884
-0.4258173704147339
-0.21562686562538147
0.4293021559715271
-0.3269367218017578
-0.43284082412719727
0.240318164229393
-1.0834118127822876
-1.599908471107483
-0.4229099750518799
-0.17196078598499298
0.43395501375198364
-0.12172604352235794
-0.16011621057987213
0.12525574862957
0.1595093309879303
-0.33291539549827576
-0.5110465288162231
-0.03206535056233406
1.0247361660003662
1.2018934488296509
-0.3690353035926819
-0.6491840481758118
0.18234430253505707
0.4759047031402588
-0.9360837936401367
-1.488594651222229
-0.8679360747337341
0.2689570486545563
0.05990329012274742
-0.3466099500656128
0.5066443681716919
-0.7108657956123352
-0.9703735113143921
-0.971465528011322
-0.6713284254074097
-0.4664449691772461
0.33998924493789673
0.31536054611206055
0.29957202076911926
-0.33475491404533386
0.17928406596183777
-0.2648112177848816
-0.930553138256073
-0.6821684837341309
0.4042339324951172
0.038376081734895706
-1.1428005695343018
-0.7832724452018738
-0.8288407921791077
-1.8534786701202393
-1.3201624155044556
-0.4746933877468109
0.9262635707855225
-0.6018375158309937
-1.7676904201507568
-2.1160013675689697
-1.148797631263733
-1.5528271198272705
-0.9068397879600525
-0.3089658319950104
0.41208982467651367
-0.3190702199935913
-1.828150749206543
-2.2693333625793457
-1.0792649984359741
-1.1042606830596924
-0.990757405757904
-0.15524274110794067
-0.42716655135154724
-1.2854968309402466
-1.7861676216125488
-1.7636798620224
-0.7706473469734192
0.04834865778684616
0.11253395676612854
-0.15823936462402344
-0.9130396842956543
-1.201817512512207
-0.8112780451774597
-1.094281792640686
-0.7244694232940674
-0.09641800820827484
-1.1364290714263916
-0.4973146617412567
0.6298248767852783
-0.8005415201187134
-0.30465900897979736
0.16601690649986267
0.7970805168151855
0.8923245668411255
-0.134208545088768
-1.4257937669754028
0.6255958676338196
-0.7866676449775696
-0.8133071064949036
0.08965111523866653
0.7164274454116821
0.565579891204834
0.24485166370868683
-1.4134957790374756
-0.2678860127925873
-1.7250862121582031
-1.2671136856079102
-0.5234938263893127
-0.9471498131752014
0.36096930503845215
-0.22498802840709686
-0.7472776770591736
-0.7018203735351562
-1.3382068872451782
-0.8750178813934326
-0.2670874297618866
-0.9645442366600037
0.36769744753837585
-0.42862939834594727
-0.5727885365486145
-0.9390878677368164
-1.3219459056854248
-0.6604574918746948
-0.6926588416099548
-0.20303784310817719
0.1250108778476715
-0.5004355311393738
-0.8266684412956238
-0.6953138709068298
-2.047563314437866
-1.6420704126358032
-0.7448372840881348
-0.535611629486084
-0.9797604084014893
-1.0326502323150635
-0.4748214781284332
-0.23457567393779755
-0.915690541267395
-1.8685270547866821
-0.8737555742263794
-0.4156862497329712
-0.7720180153846741
-0.41220012307167053
-0.07285654544830322
0.2733950912952423
-0.22894969582557678
-0.6525811553001404
0.058024462312459946
1.1879435777664185
0.8836187720298767
-0.8338274955749512
-1.0431162118911743
0.02124120108783245
-0.8081544637680054
-0.6510301828384399
0.06722117960453033
-0.2639099657535553
0.6090906858444214
-0.0972387045621872
-0.982026994228363
-0.4248631000518799
-1.1580078601837158
-1.0581305027008057
-0.3205524981021881
-0.6127480268478394
-0.15519951283931732
-0.8310374021530151
-1.929834008216858
-1.3078871965408325
-2.389516830444336
-2.125472068786621
-1.2052348852157593
-1.3488013744354248
-1.2883987426757812
-0.8694891333580017
-0.8468897938728333
-1.821457028388977
-2.635432481765747
-1.9618194103240967
-1.8215423822402954
-1.7097651958465576
-0.7695987224578857
-0.38932004570961
-0.556640088558197
-1.6036415100097656
-1.884381651878357
-1.7303264141082764
-1.9958090782165527
-1.691555142402649
-1.1325031518936157
-0.8227068185806274
-1.1052931547164917
-1.453443169593811
-0.7756339907646179
-0.5433788299560547
-1.8272385597229004
-1.4428728818893433
-1.6722323894500732
-0.4795536696910858
-0.2725013196468353
-0.6598233580589294
-0.5386317372322083
-1.3331438302993774
-1.324126958847046
-0.38851284980773926
-0.17095544934272766
-0.02587004564702511
0.18638963997364044
-0.49942198395729065
-0.2703813910484314
-0.10204240679740906
-0.6942709684371948
-1.3248744010925293
-1.7996176481246948
-1.3618333339691162
-0.07939840853214264
-0.7254790663719177
-0.46169233322143555
-0.1900651752948761
-1.745343565940857
-1.7951947450637817
-1.3803986310958862
-0.4260284900665283
0.26091039180755615
0.28739693760871887
-0.6466753482818604
-0.7837812900543213
-0.5397858023643494
0.32841891050338745
1.9707236289978027
1.803371787071228
2.0271942615509033
0.838838517665863
-0.08306528627872467
-0.23922477662563324
0.5504106283187866
1.701448678970337
1.4890720844268799
0.2759999930858612
1.0031973123550415
0.10375462472438812
0.6051397323608398
0.6314939260482788
0.19607160985469818
0.1583189070224762
-0.8888399004936218
-1.4835749864578247
-0.7811431884765625
-0.3176117539405823
-0.33782052993774414
-0.32778435945510864
-1.202560544013977
-1.6135801076889038
-1.482876181602478
-1.743424415588379
-1.2520514726638794
-0.3062254786491394
-0.48941636085510254
-0.8241085410118103
-1.0298247337341309
-0.6808425784111023
-0.14269661903381348
-0.7365929484367371
-0.3141256272792816
-0.8774138689041138
-0.8038005828857422
-0.7121213674545288
-0.45134681463241577
-0.5731695890426636
-0.9895054697990417
-1.2404522895812988
-0.44841331243515015
-0.4813416600227356
-0.24059538543224335
-0.13844600319862366
0.1743796020746231
-0.9133942127227783
-2.2515995502471924
-1.467430591583252
-0.48739784955978394
-0.26885002851486206
1.2593069076538086
1.312345027923584
0.2956857979297638
-1.39630925655365
-2.5578486919403076
-1.0908212661743164
-0.3776859939098358
-1.848389983177185
0.046379536390304565
-0.34570741653442383
-1.1474361419677734
-1.5657836198806763
-0.6468499898910522
-0.17451812326908112
0.13101878762245178
-2.1647708415985107
-1.18973970413208
-0.272271990776062
-0.06394924968481064
-1.1333178281784058
-0.10896151512861252
-0.009191054850816727
-0.835638701915741
-1.1020041704177856
-0.8756341934204102
-0.7186897993087769
-0.33654043078422546
1.2087527513504028
1.1437468528747559
0.3329102694988251
-0.9586846828460693
-0.2942064106464386
-0.2290043830871582
-1.2709918022155762
-1.621970772743225
-0.8632618188858032
-1.0890406370162964
-1.5366486310958862
-1.170575737953186
-1.4353662729263306
-1.0545332431793213
-1.3650919198989868
-0.9292078018188477
-0.8974316716194153
-0.31407245993614197
-1.166500449180603
-1.2258514165878296
-0.7002975344657898
-1.1393225193023682
-0.8023794889450073
-0.28527262806892395
0.5057628750801086
0.4440198540687561
0.2128855139017105
-0.2673523426055908
-0.24370649456977844
-0.7591264843940735
-1.0215071439743042
-1.1929787397384644
-1.757528305053711
-1.8788357973098755
-1.6610368490219116
-0.5836411118507385
-0.7030606269836426
-1.321006178855896
-1.0857518911361694
-1.174343228340149
-1.563393473625183
-1.5791065692901611
-1.5622227191925049
-0.8164875507354736
0.24121412634849548
-0.45678308606147766
-0.49156099557876587
-0.07901773601770401
-0.24832603335380554
-0.9242553114891052
-0.6993154883384705
-0.5880531072616577
0.7138421535491943
0.11590136587619781
0.03226356580853462
0.4851953685283661
0.7692742347717285
0.002286889124661684
0.15210692584514618
-0.3308762013912201
0.5261414647102356
-0.0022656263317912817
-0.3965495824813843
-0.6661961078643799
-0.5610834956169128
-0.8217754364013672
-0.8281473517417908
-0.7630308866500854
0.20328538119792938
-0.17632752656936646
-0.6702861785888672
-0.8072658777236938
-0.8966119289398193
-0.7105025053024292
-0.08345519751310349
0.29956480860710144
1.0950628519058228
0.17021973431110382
-0.4080731272697449
0.2572605311870575
-0.026201512664556503
0.6146007776260376
0.8714596629142761
0.8856218457221985
1.208010196685791
0.8353168368339539
1.0272237062454224
1.3684653043746948
0.7611498236656189
0.75253826379776
0.8340361714363098
0.8152250051498413
0.11363209784030914
0.19406762719154358
0.8370099663734436
0.475729376077652
0.6212443113327026
1.3292967081069946
1.397892713546753
0.05383453518152237
-0.10416069626808167
-0.6587352156639099
-0.17600645124912262
-1.0140900611877441
-1.5663143396377563
-0.2315121740102768
0.328403502702713
-0.8342752456665039
-0.1734141856431961
-0.9383196234703064
-1.376592993736267
-1.750044584274292
-1.7141975164413452
-1.646474838256836
-1.7615704536437988
-1.7698501348495483
-0.2384510636329651
-0.8038758635520935
-2.04817271232605
-1.6660842895507812
-0.8978643417358398
-1.7086997032165527
-2.1252753734588623
-2.1084108352661133
-0.31835031509399414
-0.34819144010543823
-1.379305362701416
-1.8269953727722168
-0.6828266978263855
-0.9707607626914978
-1.806496262550354
-1.7267162799835205
0.23739147186279297
-0.316491961479187
-0.9974682927131653
-1.171578288078308
-0.0406232513487339
-0.3343065083026886
-0.5671440362930298
-1.357063889503479
0.05736207589507103
-1.0369707345962524
-1.4537097215652466
-2.2134175300598145
-0.928999125957489
0.06798804551362991
0.2489035576581955
-0.8679091334342957
-0.6679927110671997
-1.0642731189727783
-0.3859938681125641
-0.37925437092781067
-0.3533226251602173
-0.31060507893562317
-0.6206745505332947
-0.8466639518737793
0.3860020637512207
-0.20201660692691803
-0.6619536280632019
-0.4753412902355194
0.43575039505958557
0.11339850723743439
-0.15901994705200195
-0.484506756067276
0.24967309832572937
-0.5545194149017334
-0.6509749293327332
0.6361191272735596
0.9947452545166016
0.016557175666093826
-0.12354519218206406
-0.545807957649231
-0.12733495235443115
-1.600062608718872
-0.8996350765228271
0.09698880463838577
-0.6750285029411316
-1.3750416040420532
-0.6212767362594604
-0.7502031922340393
-0.034493569284677505
-1.9709233045578003
-2.063486337661743
-1.1047465801239014
-1.6186798810958862
-2.2076523303985596
-0.45143061876296997
0.7073872089385986
-0.8881024718284607
-1.9845325946807861
-1.4384506940841675
-0.28377673029899597
-0.6721835732460022
-0.7054403424263
-0.8172125220298767
0.4088560938835144
-1.0566879510879517
-0.7845867276191711
0.6007117033004761
0.9820379018783569
0.4965474605560303
0.49284008145332336
0.790279746055603
0.7572532892227173
0.13319583237171173
-1.0157872438430786
0.5262558460235596
0.8147081136703491
-0.10321937501430511
-0.4983290135860443
-0.34940284490585327
-0.41188889741897583
0.02059151791036129
-0.7755553722381592
-1.0330718755722046
-0.05403389781713486
-0.5321767330169678
-0.8979148864746094
-0.44082406163215637
-0.209429532289505
