0.0
0.0
0.0
0.0
0.5175932049751282
0.34470832347869873
0.0
0.19464753568172455
0.0
0.0
0.0
0.4656960368156433
0.08204784244298935
0.0
0.0
0.18838214874267578
0.0
0.0
0.0
0.0
0.0
0.0
0.0
0.0
0.0
0.0
0.0
0.0
0.0
0.0
0.0
0.0
0.0
0.0
0.0
0.0
0.0
0.0
0.0
0.0
0.0
0.0
0.0
0.0
0.0
0.0
0.0
0.0
0.0
0.0
0.0
0.0
0.0
0.0
0.0
0.0
0.05137009918689728
0.0
0.0
0.0
0.0
0.0
0.0
0.0
0.0
0.0
0.0
0.0
0.0
0.0
0.0
0.029397929087281227
0.0
0.0
0.0
0.0
0.11011262983083725
0.0
0.0
0.0
0.2417166382074356
0.0
0.0
0.0
0.3788941204547882
0.0
0.0
0.0
0.5136473178863525
1.3046810626983643
0.18534888327121735
0.0
0.0
0.12782377004623413
0.0
0.0
0.2067946344614029
0.4178999066352844
0.015650443732738495
0.0
0.0
0.0
0.0
0.0
0.0
0.0
0.0
0.0
0.0
0.0
0.0
0.0
0.0
0.043943677097558975
0.0
0.0
0.0
0.0
0.0
0.0
0.0
0.0
0.43522101640701294
0.0185751523822546
0.0
0.0
0.0
0.0
0.0
0.0
0.0
0.0
0.0
0.0
0.0
0.0
0.0
0.0
0.0
0.0
0.0
0.0
0.0
0.12498239427804947
0.0
0.0
0.0
0.0
0.0
0.0
0.3698819577693939
0.0
0.0
0.0
0.0
0.0
0.0
0.0
0.47698599100112915
0.0
0.0
0.0
0.0
0.0
0.307652086019516
0.33416080474853516
0.5458114147186279
0.029001353308558464
0.16587644815444946
0.19860364496707916
0.0
0.0
0.0
0.0
0.0
0.0
0.093323715031147
0.0
0.007874359376728535
0.0
0.12229841947555542
0.0
0.3641388714313507
0.0
0.048668961971998215
0.0
0.0
0.0
0.0
0.0
0.0
0.0
0.0
0.0
0.16193623840808868
0.5023596882820129
0.0
0.0
0.0
0.0
0.0
0.0
0.7186905741691589
0.9263675808906555
0.19301941990852356
0.0
0.0
0.0
0.0
0.0
0.05318419635295868
0.0
0.0
0.0
0.0
0.0
0.0
0.0
0.0
0.0
0.0
0.0
0.0
0.0
0.0
0.0
0.0
0.3809000253677368
0.3103176951408386
0.0
0.0
0.0
0.0
0.0
0.26875928044319153
0.619064450263977
0.0
0.0
0.0
0.0
0.0
0.0
0.0
0.0
0.0
0.0
0.0
0.0
0.0
0.0
0.0
0.0
0.0
0.0
0.0
0.0
0.0
0.0
0.0
0.0
0.0
0.0
0.0
0.0
0.0
0.0
0.0
0.0
0.0
0.0
0.0
0.0
0.0
0.0
0.0
0.0
0.0
0.0
0.0
0.0
0.01746823638677597
0.0819534957408905
0.0
0.45082470774650574
0.0
0.0
0.0
0.0
0.052561476826667786
0.0
0.0
0.0
0.0
0.0
0.0
0.0
0.0
0.0
0.0
0.0
0.0
0.0
0.0
0.0
0.0
0.0
0.0
0.0
0.0
0.0
0.0
0.0
0.20751886069774628
0.0
0.0
0.0
0.0
0.0
0.0
0.0
0.0
0.0
0.0
0.0
0.0
0.0
0.0
0.0
0.2545078694820404
0.0
0.0
0.38067832589149475
0.0
0.0
0.34916332364082336
0.0
0.0
0.0
0.0
0.0
0.0
0.0
0.0
0.0
0.0
0.26185306906700134
0.0
0.0
0.0
0.0
0.0
0.0
0.0
0.0
0.0
0.0
0.06161417067050934
0.4228065609931946
0.10912638902664185
0.0
0.0
0.2078981101512909
0.9660859107971191
0.2152169644832611
0.0
0.0
0.0
0.0
0.0
0.18023185431957245
0.5638143420219421
0.0
0.0
0.0
0.0
0.0
0.0
0.0
0.0
0.0
0.0
0.0
0.0
0.0
0.0
0.0
0.0
0.0
0.0
0.0
0.0
0.0
0.0
0.0
0.0
0.0
0.35811665654182434
0.019242417067289352
0.0
0.0
0.0
0.0
0.45018649101257324
0.6312187910079956
0.0
0.0
0.0
0.0
0.0
0.8200197815895081
0.40322908759117126
0.0
0.0
0.0
0.0
0.0
0.0
0.12319768220186234
0.0
0.0
0.17538690567016602
0.12177194654941559
0.0
0.0
0.0
0.0
0.0
0.5108289122581482
0.5665121078491211
0.0
0.0
0.0
0.0
0.0
0.0
0.13774053752422333
0.0
0.0
0.0
0.0
0.0
0.0
0.0
0.0
0.028989266604185104
0.0
0.0
0.0
0.3675731420516968
0.5145175457000732
0.5760533213615417
0.0
0.0
0.0
0.07698917388916016
0.0
0.0
0.0
0.0
0.0
0.0
0.0
0.0
0.0
0.0
0.02324807271361351
0.0
0.0
0.0
0.0
0.0
0.0
0.20730027556419373
0.15829670429229736
0.3694273829460144
0.5522617697715759
0.3777971565723419
0.4309837818145752
0.3517976403236389
0.0
0.24111194908618927
0.0
0.4544577896595001
0.0
0.06816747784614563
0.2461230456829071
0.30705055594444275
0.0052486262284219265
0.0
0.0
0.0
0.0
0.0
0.0548337921500206
0.2123907506465912
0.03267498314380646
0.0
0.0
0.0
0.0
0.39719390869140625
0.4849020838737488
0.18860386312007904
0.18404193222522736
0.06562551856040955
0.07075248658657074
0.0
0.0
0.0
0.0
0.0
0.0
0.0
0.15345197916030884
0.024108486250042915
0.0
0.06767696142196655
0.0
0.0
0.22808869183063507
0.0
0.0
0.0
0.0
0.0
0.0
0.0
0.0
0.0
0.0
0.0
0.0
0.0
0.0
0.0
0.0
0.16186752915382385
0.0
0.16819122433662415
0.3932443857192993
0.0
0.0
0.2001846432685852
0.0
0.1234026625752449
0.0
0.0
0.08318384736776352
0.1671617031097412
0.0
0.0
0.0
0.0
0.0
0.0
0.0
0.0
0.0
0.0
0.0
0.0
0.0
0.0
0.0
0.0
0.0
0.0
0.0
0.9104650616645813
0.0
0.0
0.0
0.0
0.0
0.0
0.0
0.0
0.0
0.0
0.0
0.039263367652893066
0.0
0.0
0.15582315623760223
0.0
0.10672803968191147
0.0
0.3353804349899292
0.3937552571296692
0.0
0.0
0.0
0.0
0.43460002541542053
0.4193042814731598
0.0
0.0
0.5934446454048157
0.0
0.0
0.0
0.0
0.0
0.0
0.0
0.0
0.0
0.0
0.0
0.0
0.0
0.16325129568576813
0.0
0.0
0.04527086764574051
0.0
0.0
0.0
0.0
0.0
0.0
0.0
0.0
0.0
0.0
0.0
0.0
0.0
0.0
0.0
0.0
0.0
0.0
0.0
0.0
0.0
0.0
0.0
0.0
0.0
0.0
0.0
0.0
0.0
0.0
0.08240190893411636
0.0
0.0
0.0
0.0
0.0
0.0
0.0
0.0
0.0
0.0
0.0
0.11799177527427673
0.7015135884284973
0.5786765217781067
0.0
0.0
0.0
0.0
0.0
0.03924081102013588
0.0
0.21946942806243896
0.6124746799468994
0.0
0.0
0.0
0.0
0.0
0.0
0.0
0.12027784436941147
0.0
0.0
0.0
0.0
0.0
0.0
0.0
0.5899125933647156
0.15230177342891693
0.0
0.0
0.0
0.0
0.0
0.012417802587151527
0.04660014808177948
0.0
0.0
0.0
0.39002615213394165
0.2535609304904938
0.20651571452617645
0.0
0.0
0.0
0.0
0.0
0.9836040735244751
0.7213475108146667
0.8343614339828491
0.9444662928581238
0.622487485408783
0.9159919023513794
1.086234450340271
0.9849106073379517
0.5622323155403137
0.13476252555847168
0.1041618213057518
0.385498970746994
0.22180017828941345
0.49198439717292786
0.8202452659606934
0.9633774161338806
0.8100355863571167
0.0
0.0
0.0
0.0
0.0
0.0
0.4906001687049866
0.664755642414093
0.17508071660995483
0.0
0.0
0.0
0.0
0.0
0.7087410092353821
0.40756991505622864
0.0
0.0256417915225029
0.0
0.0
0.0
0.1080898642539978
0.5437890887260437
0.46270668506622314
0.0
0.12106584012508392
0.0
0.0
0.0
0.07885512709617615
0.49199867248535156
0.6180957555770874
0.1365605890750885
0.0
0.0
0.0
0.0
0.06916980445384979
0.5473319888114929
0.6654880046844482
0.6486247777938843
0.21496884524822235
0.21198515594005585
0.3817221224308014
0.3091532588005066
0.3234187662601471
0.643746554851532
0.0
0.0
0.0
0.32258546352386475
0.0
0.0
0.03511467203497887
0.0
0.0
0.0
0.0
0.0
0.0
0.0
0.0
0.0
0.0
0.0
0.0
0.0
0.0
0.0
0.0
0.0
0.0
0.0
0.0
0.0
0.0
0.0
0.0
0.0
0.0
0.0
0.47163838148117065
0.0
0.0
0.0
0.0
0.0
0.0
0.0
0.0
0.0
0.0
0.029391301795840263
0.0
0.0
0.6304284334182739
0.0
0.0
0.8173775672912598
0.5018624067306519
0.0
0.0
0.0
0.4792340099811554
0.3311613202095032
0.246094211935997
0.5373655557632446
0.09244228899478912
0.0
0.0
0.0
0.0
0.0
0.0
0.0
0.0
0.0
0.0
0.0
0.0
0.0
0.0
0.0
0.0
0.0
0.0
0.0
0.17846541106700897
0.0
0.08730986714363098
0.0
0.7377268671989441
0.0
0.0
0.0
0.0
0.721794605255127
0.5004197955131531
0.6365868449211121
0.7909986972808838
1.1104741096496582
0.0
0.0
0.0
0.9854020476341248
1.2048486471176147
1.7821440696716309
2.247511625289917
2.3076677322387695
0.09019894152879715
0.0
0.03345726802945137
0.560721218585968
0.8283182978630066
1.0765409469604492
1.663374423980713
1.306946039199829
0.00696801021695137
0.0
0.0
0.0
0.0
0.0
0.0
0.0
0.0
0.0
0.0
0.0
0.0
0.0
0.0
0.0
0.0
0.0
0.0
0.0
0.0
0.0
0.0
0.0
0.0
0.0
0.0
0.0
0.15096713602542877
1.2281646728515625
0.8717253804206848
0.17235052585601807
0.0
0.0
0.0
0.0
1.2316243648529053
2.559418201446533
0.7724560499191284
0.0
0.0
0.0
0.0
0.0
1.1784718036651611
0.8085513710975647
0.0
0.0
0.31326836347579956
0.0
0.0
0.0
0.0
0.0
0.0
0.0
0.0
0.0
0.0
0.0
0.0
0.0
0.0
0.0
0.0
0.0
0.0
0.0
0.0
0.0
0.07937841862440109
0.0
0.0
0.0
0.574270486831665
0.0
0.0
0.0
0.0
0.0
0.0
0.0
0.0
0.0
0.0
0.0
0.0
0.0
0.0
0.0
0.112577885389328
0.0
0.0
0.0
0.4373930096626282
1.7191611528396606
0.9904803037643433
0.42664965987205505
0.011058617383241653
0.0
0.0
0.0
0.0
0.8736597299575806
0.03145201876759529
0.0
0.0
0.0
0.0
0.0
0.0
0.0
0.0
0.0
0.0
0.0
0.425222784280777
0.0
0.0
0.0
0.0
0.0
0.0
0.2636326849460602
0.05416829138994217
0.0
0.0
0.0
0.0
0.0
0.0
0.0
0.4962882995605469
0.37352290749549866
0.0
0.0
0.0
0.0
0.0
0.0
0.0
0.7809934616088867
0.7400913834571838
0.5054132342338562
0.09533070772886276
0.07295475155115128
0.0
0.0
0.0
0.0
0.6655442118644714
0.0
0.0
0.0
0.0
0.0
0.0
0.0
0.0
0.0
0.0
0.23986975848674774
0.0
0.0
0.0
0.0
0.43952399492263794
0.9633756875991821
0.0
0.8666638731956482
0.0
0.0
0.41865459084510803
0.0
0.0
0.0
0.02899813838303089
0.0
0.0
0.0
0.0
0.0
0.0
0.0
0.0
0.0
0.0
0.0
0.0
0.0
0.0
0.0
0.0
0.0
0.0
0.0
1.0139789581298828
0.7745217084884644
0.027802959084510803
0.0
0.0
0.0
0.0
0.0
0.7024121880531311
0.0
0.0
0.0
0.0
0.0
0.0
0.0
0.0
0.0
0.0
0.0
1.0099780559539795
0.6747634410858154
0.0
0.8757866621017456
0.0
0.0
0.0
0.0
0.004045089706778526
0.0
1.0720386505126953
2.547100305557251
0.0
0.0
0.0
0.0
0.0
0.0
0.0
0.0
0.0
0.0
0.0
0.0
0.0
0.0
0.0
0.0
0.0
0.0
0.0
0.0
0.0
0.0
0.30158674716949463
0.0
0.0
0.5690898299217224
0.00196654349565506
0.0
0.13457174599170685
0.10809144377708435
0.280572772026062
0.0
0.0
0.0
0.0
0.0
0.0
0.0
0.0
0.0
0.0
0.0
0.0
0.0
0.0
0.0
0.0
0.0
0.20663613080978394
0.019459372386336327
0.0
0.0
0.0
0.0
0.0
0.0
0.0
0.0
0.0
0.0
0.0
0.0
0.7866812944412231
0.6322796940803528
0.0
0.0
0.0
0.0
0.0
0.0
0.5909262895584106
0.4334774911403656
0.07267370820045471
0.0
0.0
0.05176404118537903
0.6154641509056091
0.0
0.0
0.0
0.0
0.0
0.0
0.0
0.0
0.0
0.0
0.0
0.0
0.0
0.0
0.0
0.0
0.0
0.0
0.0
0.0
0.0
0.0
0.0
0.06294196099042892
0.0
0.0
0.0
0.0
0.0
0.0
0.0
0.0
0.0
0.0
0.0
0.0
0.0
0.0
0.0
0.0
0.0
0.0
0.0
0.0
0.0
0.0
0.0
0.0
0.0
0.36890384554862976
0.0
0.0
0.0
0.0
0.009140542708337307
0.16295203566551208
0.0
0.0
0.0
0.0
0.0
0.0
0.0
0.0
0.0
0.19381332397460938
0.0
0.0
0.0
0.0
0.0
0.0
0.0
0.18641893565654755
0.0
0.0
0.0
0.0
0.0
0.0
0.0
0.0
0.0
0.0
0.0
0.0
0.0
0.0
0.0
0.0
0.0
0.0
0.2059030383825302
0.13166239857673645
0.0
0.0
0.0
0.0
0.0
0.0
0.0
0.0
0.0
0.0
0.0
0.0
0.0
0.0
0.0
0.0
0.0
0.0
0.0
0.0
0.0
0.0
0.0
0.0
0.0
0.0
0.0
0.0
0.0
0.0
0.0
0.0
0.34617993235588074
0.0
0.0
0.0
0.0
0.0
0.0
0.1797918975353241
0.6331730484962463
0.0
0.0
0.0
0.0
0.0
0.0
0.0
0.0
0.0
0.0
0.0
0.0
0.0
0.0
0.0
0.0
0.0
0.0
0.0
0.0
0.0
0.0
0.0
0.0
0.0
0.0
0.03533279150724411
0.0
0.18541617691516876
0.6178631782531738
0.0
0.030802804976701736
0.943769097328186
0.3616299629211426
0.3467644453048706
0.004447073210030794
0.5402693748474121
0.5046606659889221
0.7143085598945618
0.16015571355819702
0.4744647443294525
0.7205396294593811
0.006886513438075781
0.355521023273468
0.7767075300216675
0.0
0.04240323603153229
0.13898104429244995
0.0
1.1533238887786865
0.0
0.018281422555446625
0.0
0.0
0.0
0.0
0.0
0.591158390045166
0.0
0.0
0.0
0.0
0.0
0.0
0.0
0.8179550170898438
0.0
0.0
0.0
0.0
0.0
0.0
0.0
0.654812216758728
0.0
0.0
0.0
0.0
0.0
0.0
0.0
0.0
0.0
0.0
0.0
0.0
0.0
0.0
0.0
0.0
0.0
0.0
0.0
0.0
0.0
0.0
0.0
0.0
0.0
0.0
0.0
0.0
0.0
0.0
0.0
0.0
0.0
0.0
0.0
0.0
0.0
0.0
0.0
0.0
0.0
0.0
0.0
0.0
0.0
0.0
0.0
0.0
0.0
0.0
0.0
0.4893297255039215
0.9778757691383362
0.4453643560409546
0.640752375125885
0.3603816628456116
0.1471729874610901
0.6953635811805725
1.3031903505325317
1.442352533340454
0.9739235639572144
0.0
0.0
0.0
0.0
1.1822993755340576
0.9694936871528625
0.07529635727405548
0.0
0.0
0.0
0.0
0.0
0.0
0.0
0.0
0.0
0.0
0.0
0.0
0.0
0.0
0.0
0.0
0.06947938352823257
0.0
0.0
0.0
0.0
0.0
0.0
0.0
0.0
0.44587862491607666
0.42507538199424744
0.39603275060653687
0.0
0.0
0.0
0.0
0.0
0.06408385932445526
0.5624400973320007
0.5178374648094177
0.0
0.0
0.0
0.0
0.0
0.0
0.0
0.0
0.0
0.0
0.0
0.7911571860313416
1.3803009986877441
0.6771631240844727
0.1956883817911148
0.0
0.0
0.0
0.818723738193512
0.9558456540107727
1.4796003103256226
1.330427646636963
0.802873969078064
0.0
0.0
0.0
0.35791531205177307
0.0
0.1636093705892563
0.0
0.0
0.0
0.0
0.0
0.0
0.0
0.0
0.0
0.0
0.0
0.0
0.0
0.0
0.0
0.0
0.7364450097084045
0.07986278831958771
0.5100470185279846
0.0
0.0
0.08907326310873032
0.6437296867370605
0.5957067012786865
0.0
0.17592740058898926
0.0
0.0
0.0
0.12883293628692627
0.5737566947937012
0.0
0.0
0.0
0.0
0.0
0.0
0.0
0.0
0.0
0.0
0.0
0.0
0.0
0.0
0.0
0.0
0.0
0.0
0.0
0.0
0.0
0.0
0.0
0.0
0.0
0.0
0.0
0.0
0.0
0.0
0.0
0.0
0.0
0.2690889835357666
0.0
0.0
0.0
0.0
0.0
0.052944980561733246
0.0
0.0723104476928711
0.0
0.0
0.35577866435050964
0.1703646034002304
0.0
0.0
0.0
0.18913979828357697
0.2903795540332794
0.0
0.36123523116111755
0.3086083233356476
0.0
0.0
0.042840827256441116
0.1488121598958969
0.1606263965368271
0.0
0.0
0.0
0.0
0.0
0.0
0.06831717491149902
0.311492383480072
0.373017817735672
0.0
0.0
0.0
0.0
0.0
0.0
0.13257813453674316
0.16668516397476196
0.004653192590922117
0.018413256853818893
0.0
0.0
0.0
0.0
0.3217735290527344
0.0
0.20370115339756012
0.2896851599216461
0.22065751254558563
0.0
0.0
0.0
0.0
0.0
0.0
0.060951780527830124
0.3500736653804779
0.0
0.0
0.0
0.0
0.019096598029136658
0.0
0.0
0.0
0.0
0.0
0.0
0.0
0.0
0.0
0.0
0.0
0.0
0.0
0.3829587399959564
0.3048078119754791
0.007053405977785587
0.3088168501853943
0.6592391133308411
0.6752483248710632
0.7139466404914856
1.0341299772262573
0.2761753797531128
0.9596476554870605
0.8124492168426514
0.0
0.5186639428138733
1.065274953842163
0.6240479946136475
0.5501635074615479
0.21843697130680084
0.0
0.6002548933029175
0.0
0.0
0.0
0.0
0.0
0.0
0.0
0.39698028564453125
0.0
0.0
0.0
0.0
0.5450763702392578
0.17269279062747955
0.6191998720169067
0.4300611913204193
0.0
0.0
0.0
0.0
0.0
0.0
0.0
0.2693595886230469
0.0
0.0
0.0
0.0
0.0
0.0
0.0
0.0
0.0
0.0
0.0
0.0
0.0
0.0
0.04416518285870552
0.0
0.0
0.0
0.0
0.09494731575250626
0.1325039267539978
0.6413362622261047
0.5458028316497803
0.09129282832145691
0.0
0.0
0.0
0.0
0.0
0.0
0.0
0.5836458206176758
0.0
0.0
0.0
0.0
0.0
0.0
0.0
0.4036664068698883
0.0
0.0
0.0
0.0
0.0
0.0
0.0
0.0
0.0
0.0
0.0
0.0
0.0
0.0
0.0
0.0
0.0
0.0
0.14163796603679657
0.0
0.0
0.0
0.0
0.0
0.0
0.0
0.0
0.0
0.0
0.0
0.0
0.0
0.0
0.21096989512443542
0.0
0.0
0.0
0.0
0.0
0.0
0.0
0.0
0.0
0.0
0.0
0.0
0.22350993752479553
0.0
0.0
0.0
0.0
0.0
0.0
0.0
0.0
0.0637243390083313
0.0
0.0
0.0
0.0
0.0
0.0
0.0
0.0
0.0
0.02307051792740822
0.0
0.0
0.0
0.0
0.35866501927375793
0.0
0.0
0.0
0.0
0.0
0.0
0.0
0.0
0.0
0.06335550546646118
0.0446077436208725
0.0
0.0
0.0
0.0
0.0
0.0
0.37003204226493835
0.0
0.0
0.0
0.44049397110939026
0.0
0.0
0.0
0.0
0.0
0.0
0.0
0.0
0.0
0.0
0.0
0.5310826301574707
0.0
0.0
0.0
0.04268034175038338
0.3507740795612335
0.384390264749527
0.0
0.39923229813575745
0.3713507056236267
0.24747492372989655
0.27178052067756653
0.6402920484542847
0.038308579474687576
0.23466171324253082
0.6948588490486145
0.40771985054016113
0.34495386481285095
0.47130030393600464
0.6542194485664368
0.8206433057785034
0.23422840237617493
0.0
0.2628731429576874
0.0
0.0
0.043225061148405075
0.20175468921661377
0.24387434124946594
0.0
0.0
0.0
0.0
0.0
0.0
0.0
0.0
0.05277322977781296
0.43801453709602356
0.0
0.0
0.0
0.0
0.0
0.0
0.0
0.0
0.0
0.0
0.0
0.0
0.0
0.0
0.0
0.0
0.15562790632247925
0.0
0.0
0.0
0.0
0.0
0.0
0.0
0.0
0.0747094675898552
0.0
0.0
0.016739385202527046
0.0
0.0
0.0
0.0
0.0
0.0
0.0
0.0
0.0
0.0
0.0
0.0
0.0
0.0
0.0
0.0
0.0
0.0
0.0
0.0
0.0
0.0
0.0
0.0
0.0
0.0
0.21633386611938477
0.5222011804580688
0.0
0.0
0.0
0.17250937223434448
0.3645094037055969
0.0424860455095768
1.5559325218200684
1.579573631286621
0.5380743741989136
0.4737749695777893
0.13681922852993011
1.06116783618927
0.7505011558532715
0.9730713963508606
1.324149489402771
1.137677550315857
0.0
0.4245781898498535
0.6462813019752502
1.7936339378356934
1.085801362991333
0.4682551622390747
0.6736436486244202
0.6327172517776489
0.0
0.0
0.0
0.0
0.0
0.0
0.0
0.0
0.0
0.0
0.0
0.0
0.0
0.0
0.0
0.0
0.0
0.0
0.0
0.0
0.0
0.0
0.0
0.0
0.0
0.0
0.0
0.6340732574462891
0.0
0.0
0.0
0.0
0.0
0.0
0.0
0.16415683925151825
0.0
0.0
0.0
0.08053608238697052
0.0
0.0
0.0
0.0
0.6282292604446411
0.3281981945037842
0.0
0.0
0.0
0.0
0.0
0.0
0.0
0.0
0.0
0.0
0.0
0.0
0.0
0.0
0.0
0.0
0.0
0.0
0.0
0.0
0.0
0.0
0.0
0.0
0.0
0.0
0.0
0.0
0.0
0.0
0.0
0.4104783833026886
0.5577543377876282
0.0
0.0
0.0
0.0
0.0
1.3955321311950684
0.15021638572216034
0.0
0.0
0.0
0.0
0.0
0.277546226978302
0.32696154713630676
0.0
0.0
0.0
0.0
0.0
0.0
0.0
0.0
0.0
0.0
0.0
0.2732287049293518
0.0
0.0
0.0
0.0
0.0
0.0
0.0
0.025047259405255318
0.0
0.0
0.0
0.0
0.0
0.0
0.0
0.06095603480935097
0.0
0.0
0.0
0.0
0.0
0.0
0.0
0.061439886689186096
0.0
0.0
0.0
0.0
0.0
0.0
0.0
0.0
0.2621849775314331
0.0
0.0
0.12206439673900604
0.5573753118515015
0.0
0.13274776935577393
0.0
0.0
0.49423015117645264
0.0
0.0
0.0
0.0
0.0
0.0
0.0
0.0
0.0
0.0
0.0
0.0
0.0
0.333495557308197
0.0
0.0
0.0014799544587731361
0.4969194829463959
0.0
0.0
0.5962172746658325
0.6028493046760559
0.19561275839805603
0.053621452301740646
0.5812118053436279
1.056464672088623
0.0
0.08443819731473923
0.25060728192329407
0.0
0.4941643178462982
0.6672800183296204
0.3582504391670227
0.16123124957084656
0.0
0.0
0.0
0.0
0.0
0.3079395294189453
0.07502150535583496
0.0
0.0
0.0
0.199513241648674
0.0
0.0
0.0
0.0
0.0
0.14193804562091827
0.0
0.0
0.0
0.0
0.0
0.0
0.199395552277565
0.046768881380558014
0.254294216632843
0.20546355843544006
0.0
0.02071508951485157
0.0
0.0
0.3304044008255005
0.7334185242652893
0.0
0.0
0.0
0.0
0.0
0.0
0.4449470341205597
0.9799515008926392
0.00041818933095782995
0.0
0.07978174835443497
0.0
0.0
0.24399609863758087
0.29469186067581177
0.6639277935028076
0.0
0.0
0.0
0.0
0.0
0.0
0.0
0.0
0.0
0.0
0.0
0.0
0.0
0.0
0.0
0.0
0.0
0.0
0.0
0.0
0.0
0.0
0.0
0.0
0.0
0.0
0.17352771759033203
0.20308656990528107
0.1782349795103073
0.3787074089050293
0.10926128923892975
0.1146056279540062
0.17489276826381683
0.0
0.3933236002922058
0.0
0.0
0.3028319180011749
0.4148135483264923
0.32651790976524353
0.0
0.0
0.051975592970848083
0.0
0.0
0.0
0.0
0.6894508004188538
0.0
0.0
0.0
0.0
0.3857279121875763
0.20064571499824524
0.1256686896085739
0.0
0.0
0.0
0.0
0.0
0.0
0.0
0.0
0.0
0.0
0.0
0.0
0.0
0.0
0.0
0.0
0.0
0.0
0.0
0.0
0.0
0.0
0.0
0.0
0.0
0.0
0.0
0.0
0.0
0.0
0.0
0.0
0.0
0.0
0.0
0.27721768617630005
0.06386179476976395
0.0
0.0
0.0
0.0
0.0
0.0
0.0
0.0
0.0
0.0
0.0
0.0
0.0
0.0
0.0
0.0
0.0
0.0
0.19948144257068634
0.0
0.0
0.0
0.0
0.0
0.24876973032951355
1.2874164581298828
0.4295739531517029
0.0
0.0
0.0
0.2975645661354065
0.745068371295929
0.38775190711021423
0.08786924928426743
0.0
0.0
0.0
0.0
0.13340315222740173
0.1523229330778122
0.0
0.0
0.0
0.0
0.0
0.0
0.0
0.0
0.0
0.0
0.0
0.0
0.0
0.0
0.0
0.0
0.0
0.0
0.0
0.0
0.0
0.0
0.13546235859394073
0.0
0.0
0.0
0.0
0.0
0.0
0.0
0.0
0.0
0.0
0.0
0.0
0.0
0.0
0.0
0.0
0.0
0.0
0.0
0.0
0.0
0.0
0.0
0.6286978125572205
0.0
0.0
0.0
0.0
0.0
0.0
0.0
0.9185693264007568
0.0
0.0
0.0
0.0
0.0
0.0
0.0
0.0
0.0
0.0
0.0
0.0
0.0
0.0
0.0
0.0
0.0
0.0
0.0
0.0
0.0
0.0
0.06048440933227539
0.0
0.0
0.0
0.0
0.0
0.0
0.0
0.0
0.0
0.0
0.27909836173057556
0.15906478464603424
0.0
0.0
0.0
0.0
0.0
0.0
0.0
0.0
0.25647103786468506
0.0
0.0
0.0
0.0
0.0
0.0
0.0
0.0
0.0
0.0
0.0
0.0
0.0
0.0
0.0
0.0
0.0
0.0
0.0
0.0
0.0
0.0
0.0
0.0
0.0
0.0
0.0
0.0
0.0
0.07895204424858093
0.0
0.28257083892822266
0.0
0.0
0.0
0.0
0.0
0.4858701229095459
0.0
0.0
0.0
0.0
0.13936609029769897
0.0
0.2483857125043869
0.0
0.0
0.0
0.0
0.0
0.0
0.0
0.0
0.0
0.0
0.0
0.0
0.0
0.0
0.0
0.0
0.0
0.0
0.02176409773528576
0.32862213253974915
0.0
0.0
0.0
0.0
0.0
0.0
0.0
0.0
0.0
0.0
0.3465697765350342
0.0
0.0
0.0
0.0
0.0
0.0
0.0
0.9674988389015198
0.0
0.0
0.0
0.0
0.0
0.0
0.0
0.15978823602199554
0.0
0.0
0.0
0.0
0.0
0.0
0.0
0.0
0.0
0.0
0.0
0.0
0.0
0.0
0.0
0.0
0.0
0.0
0.0
0.0
0.0
0.0
0.0
0.0
0.0
0.0
0.0
0.0
0.0
0.0
0.0
0.0
0.0
0.0
0.0
0.0
0.0
0.0
0.0
0.0
0.0
0.0
0.0
0.0
0.0
0.0
0.0
0.0
0.0
0.0
0.0
0.0
0.0
1.425481915473938
0.17882384359836578
0.0
0.0
0.0
0.0
0.0
0.0
0.2652694284915924
0.1162935122847557
0.14837169647216797
0.0748242735862732
0.0
0.0
0.0
0.0
0.0
0.3630797266960144
0.0
0.0
0.0
0.0
0.0
0.0
0.0
0.0
0.0
0.0
0.0
0.0
0.0
0.0
0.0
0.0
0.3796673119068146
0.0
0.0
0.11902684718370438
0.0
0.0
0.0
0.0
0.0
0.0
0.0
0.0
0.0
0.0
0.0
0.0
0.0
0.0
0.0
0.0
0.0
0.0
0.0
0.0
0.0
0.0
0.0
0.0
0.0
0.0
0.0
0.0
0.0
0.0
0.3095588684082031
0.14682865142822266
0.2648134231567383
0.4224439561367035
0.0
0.0
0.0
0.0
0.1071595624089241
1.391704797744751
1.6864640712738037
0.0846545621752739
0.0
0.0
0.0
0.0
0.0
0.17874856293201447
1.426885724067688
0.04014860466122627
0.0
0.0
0.0
0.0
0.0
0.0
0.0
0.0
0.0
0.0
0.0
0.0
0.10269300639629364
0.0
0.0
0.1597134917974472
0.0
0.0
0.06186698377132416
0.1094064712524414
0.0
0.0
0.0
0.0
0.0
0.0
0.0
0.0
0.0
0.0
0.0
0.0
0.0
0.0
0.0
0.0
0.0
0.0
0.0
0.0
0.36781126260757446
0.0
0.0
0.0
0.0
0.0
0.0
0.0
0.0
0.0
0.0
0.0
0.0
0.0
0.0
0.0
0.0
0.0
0.0
0.0
0.0
0.0
0.0
0.0
0.0
0.0
0.0
0.3727242648601532
0.0
0.0
0.0
0.0
0.0
0.0
0.29914265871047974
0.1923111379146576
0.0
0.0
0.0
0.0
0.0
0.0
0.0
0.0
0.0
0.0
0.0
0.0
0.0
0.0
0.0
0.0
0.0
0.0
0.0
0.0
0.0
0.0
0.0
0.0
0.5997772216796875
0.1878260374069214
0.0
0.0
0.0
0.0
0.0
0.1202905923128128
0.3405844271183014
0.0
0.0
0.0
0.0
0.0
0.0
0.0
0.0
0.0
0.0
0.0
0.0
0.0
0.0
0.0
0.0
0.0
0.0
0.0
0.0
0.0
0.0
0.0
0.0
0.0
0.0
0.0
0.0
0.0
0.0
0.0
0.0
0.0
0.0
0.0
0.0
0.0
0.0
0.0
0.0
0.0
0.8316961526870728
0.05710241198539734
0.0
0.0
0.0006836208631284535
0.29007017612457275
0.0
0.0
0.769547700881958
0.0
0.0
0.0
0.03012985549867153
0.0
0.0
0.0
0.0
0.0
0.0
0.2288431078195572
0.14788465201854706
0.0
0.0
0.0
0.0
0.0
0.0
0.4720321595668793
0.027135228738188744
0.0
0.0
0.0
0.0
0.0
0.0
0.23591293394565582
0.14092819392681122
0.09610506147146225
0.0
0.0
0.0
0.0
0.0
0.0
0.0
0.0
0.17907743155956268
0.0
0.0
0.0
0.0
0.0
0.0
0.0
0.0
0.0
0.0
0.0
0.04350373521447182
0.04514053091406822
0.15566910803318024
0.5070613026618958
0.1575707197189331
0.0
0.0
0.2715233266353607
1.0257716178894043
0.880012035369873
0.0
0.024511639028787613
0.0
0.0
0.0
0.0
0.0
0.317807137966156
0.0
0.23106949031352997
0.20028690993785858
0.0
0.0
0.0
0.0
0.38653701543807983
0.0
0.07377547770738602
0.0
0.2499355524778366
0.8597368001937866
0.5834978222846985
0.3838266432285309
0.5345904231071472
0.0
0.0
0.0
0.0
0.0
0.0
0.0
0.8875480890274048
0.3629963994026184
0.294874906539917
0.0
0.0
0.0
0.0
0.0
0.8805408477783203
0.4248090088367462
0.7022523283958435
0.0
0.0
0.012611713260412216
0.0
0.0
0.0
0.0
0.0
0.0
0.0
0.0
0.0
0.0
0.0
0.0
0.0
0.0
0.0
0.0
0.0
0.0
0.0
0.5485435724258423
0.0
0.0
0.8654696941375732
0.03478454425930977
0.0
0.0
0.0
1.2669191360473633
0.0
0.0
0.1980363428592682
0.1549822837114334
1.1589231491088867
1.3624489307403564
0.0
0.22097958624362946
0.0
0.0
0.0
0.0
1.2644063234329224
1.1708769798278809
0.1404390037059784
0.0
0.0
0.0
0.0
0.0
0.0
0.0
0.0
0.0
0.0
0.0
0.0
0.0
0.0
0.0
0.0
0.35405194759368896
0.0
0.0
0.0
0.0
0.0
0.0
0.0
0.0
0.0
0.0
0.0
0.0
0.0
0.0
0.0
0.0
0.10036981105804443
0.3070433437824249
0.08909280598163605
0.0
0.0
0.0
0.0
0.0
0.2850276529788971
0.47419974207878113
0.0
0.0
0.0
0.0
0.0
0.0
0.0
0.0
0.0
0.0
0.0
0.0
0.0
0.0
0.0
0.0
0.0
0.0
0.0
0.0
0.0
0.0
0.0
0.0
0.0
0.0
0.19095654785633087
0.0
0.0
0.0
0.0
0.0
0.0
0.0
0.0
0.0
0.0
0.0
0.0
0.0
0.0
0.0
0.0
0.0
0.0
0.0
0.0
0.0
0.0
0.0
0.0
0.0
0.0
0.07980271428823471
0.0
0.0
0.0
0.0
0.22398941218852997
1.3386945724487305
0.12174477428197861
0.1493154615163803
0.10065630078315735
0.0
0.0
0.3013109862804413
0.0
0.39445263147354126
0.8229831457138062
0.0
0.5562149286270142
0.0
0.09048569947481155
0.0
0.0
0.0
0.9987460374832153
0.7036691308021545
0.9784586429595947
0.0
0.0
0.0
0.0
0.0
0.0
0.0
0.0
0.0
0.0
0.0
0.0
0.0
0.0
0.0
0.0
0.0
0.0
0.0
0.0
0.03143437206745148
0.08032844960689545
0.0
0.5599556565284729
0.0
0.0
0.0
0.0
0.0
0.049622051417827606
0.0
1.0182874202728271
0.4127001464366913
0.0
0.07291866838932037
0.0
0.0
0.0
0.0
0.0
0.0
0.0
0.0
0.0
0.0
0.0
0.0
0.0
0.0
0.0
0.0
0.0
0.0
0.0
0.0
0.0
0.0
0.0
0.0
0.0
0.0
0.0
0.0
0.031371746212244034
0.0
0.0
0.0
0.0
0.0
0.0
0.0
0.5244532227516174
0.770275890827179
0.468258261680603
1.3752498626708984
0.2591591775417328
0.0
0.0
0.0
0.5969549417495728
1.569635033607483
1.674149751663208
1.1676783561706543
0.16227313876152039
0.0
0.0
0.0
0.46056973934173584
1.1618616580963135
0.0
0.0
0.0
0.0
0.0
0.0
0.01720491610467434
0.5415907502174377
0.0
0.0
0.0
0.0
0.0
0.0
0.0
0.0
0.14573431015014648
0.0
0.0
0.0
0.0
0.0
0.0
0.0
0.21539276838302612
0.0
0.0
0.0
0.0
0.14713265001773834
0.01894768327474594
0.0
0.07808732241392136
0.13617528975009918
0.17862531542778015
0.0
0.0
0.08456979691982269
0.0
0.0
0.41318780183792114
0.45272350311279297
0.3663197457790375
0.3412418067455292
0.0
0.0
0.0
0.0
0.0
0.21227535605430603
0.4269234538078308
0.0
0.0
0.00043362838914617896
0.0
0.0
0.0026465023402124643
0.474305659532547
0.3463185429573059
0.12497342377901077
0.0
0.5087252259254456
0.47397753596305847
0.4897722005844116
0.5237348079681396
0.6231246590614319
0.5831635594367981
0.4709174931049347
0.1380341798067093
0.6376747488975525
0.6263923645019531
0.6965557932853699
0.48190903663635254
0.7106418013572693
0.6896988749504089
0.3454744815826416
0.09397684782743454
0.13721229135990143
0.0
0.0
0.48988643288612366
0.5834826231002808
0.0
0.0
0.0
0.4163241982460022
0.0
0.0
0.0
0.0
0.022959986701607704
0.1605692356824875
0.36710670590400696
0.0
0.0
0.0
0.0
0.0
0.25586915016174316
0.60835862159729
0.14222422242164612
0.0
0.0
0.0
0.0
0.0
0.0
0.0
0.0
0.0
0.0
0.0
0.0
0.0
0.0
0.0
0.0
0.0
0.0
0.0
0.0
0.0
0.014347890391945839
0.0
0.025487368926405907
0.5979923605918884
0.0
0.0
0.0
0.0
0.0
0.0
0.11877995729446411
0.5009093880653381
0.11959744989871979
0.0
0.0
0.1192789375782013
0.49138134717941284
0.899978518486023
0.548119306564331
0.7790465950965881
0.0
0.0
0.0
0.0
0.0
0.0
0.0
0.0
0.0
0.17208202183246613
0.6952389478683472
0.24081359803676605
0.0
0.0
0.0
0.6402065753936768
0.0
0.7343484163284302
1.019031286239624
0.08471004664897919
0.0
0.0
0.0
0.0
0.0
0.0
0.0
0.0
0.0
0.0
0.0
0.0
0.0
0.0
0.0
0.35027411580085754
0.1951872706413269
0.35751399397850037
0.0
0.0
0.3322431147098541
1.0732214450836182
0.07585066556930542
0.0
0.0
0.0
0.0
0.0
0.04824293032288551
0.18868428468704224
0.0
0.0
0.0
0.0
0.0
0.0
0.0
0.0
0.0
0.0
0.0
0.0
0.0
0.0
0.0
0.015219285152852535
0.0
0.0
0.0
0.0
0.0
0.0
0.0
0.0
0.0
0.0
0.0
0.0
0.0
0.0
0.0
0.0
0.0
0.0
0.0
0.09645309299230576
0.0
0.0
0.0
0.0
0.07764981687068939
0.0
0.0
0.34416937828063965
0.0
0.0
0.0
0.22484874725341797
0.26297298073768616
0.0
0.5237365961074829
0.6548587083816528
0.0
0.05524291470646858
0.0739339217543602
0.2395300567150116
0.42168304324150085
0.0
0.0
0.0
0.0
0.0
0.0
0.5135719180107117
0.21279120445251465
0.0
0.0
0.0
0.0
0.0
0.0
0.0
0.0
0.0
0.0
0.0
0.0
0.0
0.0
0.0
0.0
0.30987250804901123
0.0
0.0
0.0
0.0
0.0
0.0
0.0
0.4860479533672333
1.4839317798614502
0.3767620027065277
0.0
0.34583520889282227
0.0
0.2831328511238098
0.0
0.0
0.24652105569839478
0.7679849863052368
0.0
0.0
0.0
0.0
0.0
0.0
0.0
0.28701937198638916
0.0
0.0
0.0
0.0
0.0
0.16425199806690216
0.9359750747680664
0.07082017511129379
0.0
0.0
0.0
0.0
0.0
0.0
0.0
0.0
0.0
0.0
0.0
0.0
0.0
0.1912073940038681
0.004063427913933992
0.20490942895412445
0.0
0.0
0.0
0.0
0.0
0.0
0.0
0.0
0.0
0.0
0.07180191576480865
0.0
0.0
0.0
0.24375224113464355
0.0
0.0
0.0
0.03894711285829544
0.0
0.0
0.1732162982225418
0.3291534185409546
0.0
0.0
0.0
0.0
0.0
0.5686572790145874
1.3096250295639038
1.5003767013549805
0.025698162615299225
0.0
0.0
0.0
0.18705061078071594
1.4446364641189575
1.5171985626220703
1.0638515949249268
1.066514015197754
0.12830643355846405
0.0
0.08514494448900223
0.0750783160328865
0.27093929052352905
0.8116859197616577
0.0
0.1309225708246231
0.0
0.0
0.057234931737184525
0.0
0.0
0.0
0.0
0.0
0.0
0.0
0.0
0.0
0.0
0.0
0.0
0.0
0.0
0.0
0.0
0.0
0.0
0.0
0.0
0.0
0.0
0.0
0.0
0.0
0.0
0.5136622786521912
0.8368962407112122
0.4657466411590576
0.7518265843391418
0.0
0.0
0.0
0.0
0.0
0.39432254433631897
0.0
0.5297859907150269
0.0
0.0
0.0
0.0
0.0
0.0
0.0
0.08639726042747498
0.0
0.059785500168800354
0.7750596404075623
0.0
0.0
0.5687717199325562
0.29879146814346313
0.0
0.10754144936800003
0.2749745845794678
1.8903601169586182
0.0
0.0
0.5257129669189453
0.0
0.0
0.0
0.3708246648311615
0.4047679603099823
0.0
0.0
0.0
0.0
0.0
0.0
0.011826743371784687
0.0
0.0
0.0
0.0
0.0
0.0
0.0
0.0
0.0
0.0
0.0
0.0
0.0
0.0
0.0
0.0
0.0
0.0
0.0
0.0
0.0
0.0
0.0
0.0
0.0
0.0
0.0
0.0
0.0
0.0
0.0
0.0
0.0
0.0
0.7192121744155884
0.8584913015365601
0.1755601167678833
0.0
0.0
0.0
0.0
0.0
0.0
0.0
0.0
0.0
0.0
0.0
0.0
0.0
0.0
0.15939484536647797
0.0
0.0
0.0
0.0
0.0
0.0
0.0
0.7144190073013306
0.8316284418106079
0.0
0.0
0.0
0.0
0.0
0.0
0.0
0.0
0.0
0.0
0.0
0.0
0.0
0.0
0.0
0.0
0.0
0.0
0.0
0.0
0.0
0.0
0.0
0.0
0.0
0.0
0.5834139585494995
0.3477954864501953
0.0
0.0
0.0
0.0
0.0
0.0
0.15844722092151642
0.45492854714393616
0.6059495806694031
0.24786274135112762
0.6730098128318787
0.22227923572063446
0.0
0.0
0.0
0.0
0.0
0.0
0.0
0.0
0.0
0.0
0.0
0.0
0.0
0.0
0.0
0.0
0.0
0.0
0.0
0.0
0.0
0.0
0.0
0.0
0.0
0.0
0.0
0.0
0.4786130487918854
0.283168762922287
0.0
0.0
0.0
0.0
0.0
0.45442909002304077
0.0
0.0
0.0
0.0
0.0
0.35541513562202454
0.0
0.0
0.0
0.0
0.03299373388290405
0.0
0.0
0.0
0.0
0.0
0.03802141919732094
0.05587448924779892
0.0
0.1970352977514267
0.0
0.0
0.0
0.0
0.0
0.0
0.0
0.0
0.0
0.0
0.0
0.0
0.0
0.0
0.0
0.0
0.0
0.0
0.0
0.0
0.0
0.1263071894645691
0.0
0.0
0.8028268814086914
0.0
0.0
0.0
0.0
0.0
0.0
0.0
0.0
0.0
0.0
0.0
0.0
0.0
0.0
0.0
0.0
0.0
0.0
0.0
0.19573770463466644
0.0
0.0
0.0
0.0
0.0
0.0
0.0
0.0
0.7809298634529114
0.0
0.0
0.0
0.0
0.0
0.0
0.0
0.009516333229839802
0.0
0.0
0.0
0.0
0.2852080464363098
0.0
0.0
0.12745676934719086
0.0
0.0
0.0
0.0
0.0
0.0
0.0
0.0
0.0
0.03680088743567467
0.2620185613632202
0.0
0.0
0.0
0.4840560555458069
0.8086122274398804
0.0
1.2546379566192627
0.528648853302002
0.0
0.0
0.9458901882171631
0.0
0.0
0.0
0.0
0.0
0.0
0.0
0.0
0.0
0.0
0.0
0.0
0.0
0.0
0.0
0.0
0.0
0.0
0.0
0.0
0.0
0.0
0.0
0.0
0.0
0.0
0.0
0.0
0.0
0.03336174041032791
0.0
0.0
0.0
0.0
0.0
0.751417875289917
0.0
0.18258242309093475
0.0
0.0
0.0
0.0
0.0
0.05553031340241432
0.0
0.0
0.0
0.0
0.0
0.0877658873796463
0.0
0.0
0.14357566833496094
0.0
0.0
0.0
0.0
0.47643452882766724
0.28116080164909363
0.0
0.0
0.0
0.0
0.0
0.0
0.45012807846069336
0.7851923108100891
0.5541670322418213
0.0
0.27230045199394226
0.0
0.0
0.0
0.05279427394270897
0.11057966947555542
0.354355126619339
0.0015605917433276772
0.38278669118881226
0.0
0.0
0.0
0.0
0.0
0.0
0.0
0.0
0.0
0.0
0.0
0.1082703247666359
0.0
0.0
0.0
0.0
0.0
0.0
0.14202988147735596
0.448501855134964
0.0
0.0
0.0
0.5540561079978943
1.4924700260162354
0.8346095085144043
1.7862361669540405
0.0
0.0
0.3493301570415497
0.0
0.0
0.0
0.0
0.09032386541366577
0.0
0.0
0.0
0.0
0.0
0.0
0.0
0.21367228031158447
1.6872272491455078
0.12854212522506714
0.0
0.0
0.0
0.3114098608493805
0.0
0.0
0.2853676378726959
0.0
0.0
0.0
0.0
0.30861783027648926
0.0
0.0
0.0
0.0
0.0
0.0
0.0
0.0
0.0
0.0
0.0
0.0
0.0
0.0
0.4019875228404999
0.0
0.0
0.020401611924171448
0.2766747772693634
0.7344098687171936
0.3869699239730835
0.4051891565322876
0.0
0.0
0.0
0.0
0.0
0.0
0.0
0.0
0.0
0.0
0.0
0.0
0.0
0.0
0.0009132520062848926
0.0
0.0
0.0
0.0
0.0
0.0
0.37254247069358826
1.350683569908142
0.0
0.0
0.0
1.0085314512252808
1.1967827081680298
1.4208954572677612
1.8700093030929565
1.6668508052825928
0.4732551872730255
0.15675757825374603
0.05102701485157013
0.0
0.0
0.0
0.21333511173725128
0.0
0.0
0.0
0.0
0.0
0.0
0.0
0.0
0.0
0.0
0.0
0.0
0.0
0.0
0.0
0.0
0.0
0.0
