0.1612531691789627
0.0
0.0
0.15722379088401794
0.0
0.0
0.04080010950565338
0.0
0.04148973524570465
0.7074489593505859
0.15360653400421143
0.0
0.9443604946136475
0.0
0.6954991817474365
0.2634612023830414
0.2585984766483307
0.0
0.0
0.0
1.1241466999053955
0.16545754671096802
0.0
0.7847718000411987
0.4939046800136566
0.0
0.0
0.1311097890138626
1.0788600444793701
0.01590789295732975
0.15398576855659485
0.993902862071991
0.14362120628356934
0.0
0.0
0.0
0.17315295338630676
0.0
0.8233991861343384
0.7623708844184875
0.0008771969587542117
1.0634742975234985
0.0
0.0
0.0
0.0
0.20955632627010345
0.48065391182899475
0.07448572665452957
0.5399078726768494
0.0
0.0
0.02736832946538925
0.06598585844039917
0.30216097831726074
1.068660020828247
0.0
0.9835190176963806
0.0
0.0
0.0
0.11317570507526398
0.6388698220252991
0.41081109642982483
0.09252026677131653
0.0
0.0
0.13754642009735107
0.16733421385288239
1.1768630743026733
0.8481727838516235
0.0
0.37232357263565063
0.0
0.0
1.504001259803772
1.3220198154449463
0.7105297446250916
1.496046781539917
0.03337249159812927
0.668812096118927
0.5883233547210693
0.17792709171772003
0.18516911566257477
0.0
0.0
0.009193623438477516
0.0
0.0
0.0
0.0
0.0
0.0
0.0
0.0
0.0
0.0
0.0
0.0
0.0
0.0
0.0
0.37090352177619934
0.0
0.0
0.0
0.5227900743484497
0.6393569111824036
0.0
0.0
0.0
0.05718725174665451
0.3292553126811981
0.0
0.0
0.0
0.0
0.0
0.0
0.0
0.0
0.0
0.0
0.0
0.0
0.0
0.5351135730743408
0.45042088627815247
0.30852922797203064
0.06801675260066986
0.0
0.0
0.0
0.0
0.0
0.0
1.1099491119384766
0.0
0.0
0.6715932488441467
0.010895867832005024
0.0
0.0
0.0
1.0604904890060425
0.0
0.0
0.13278840482234955
0.0
0.0
0.0
0.0
0.3338715434074402
0.0
0.8903183341026306
0.2801198661327362
0.0
0.020906243473291397
0.7146016359329224
0.0
0.0
0.0
0.5678452253341675
1.1314280033111572
0.2813842296600342
1.6330403089523315
1.0604135990142822
0.0
0.15479937195777893
0.0
0.0
0.0
0.0
0.4907340407371521
0.0
0.0
0.0
0.0
0.0
0.0
0.0
0.0
0.0
0.0
0.11062635481357574
0.0
0.0
0.0
0.0
0.0
0.0
0.24167107045650482
0.07105467468500137
0.0
0.0
0.0
0.0
0.0
0.0
0.0
0.0
0.0
0.0
0.0
0.0
0.0
0.0
0.0
0.0
0.0
0.0
0.5044453144073486
0.3971078395843506
0.4742448329925537
2.0806190967559814
0.0
0.26923373341560364
0.0
0.0
1.5743862390518188
0.18745926022529602
0.7518044710159302
1.7920055389404297
0.295549601316452
0.3745627999305725
0.24112282693386078
0.0
0.0
0.5069499611854553
0.6974712610244751
0.0
0.0
0.0
0.0
0.0
0.0
0.0
0.0
0.01120819617062807
0.0
0.0
0.0
0.0
0.09798640757799149
0.2212563157081604
0.4170326888561249
0.768305242061615
0.5034182667732239
1.233788013458252
0.0
0.0
1.002920389175415
0.6840015649795532
1.2580499649047852
0.8071308732032776
0.3646470308303833
0.3163115382194519
0.11247941851615906
0.13255973160266876
0.0
0.009748040698468685
0.0
0.0
0.0
0.46206194162368774
0.0
0.02213566191494465
0.751495361328125
0.0
0.0
0.0
0.0
0.0
0.0
0.0
0.0
0.0
0.0
0.0
0.0
0.0
0.0
0.0
0.0
0.00015012315998319536
0.29319754242897034
0.4434596300125122
0.5485131144523621
0.0
0.0
0.0
0.06979994475841522
0.012009793892502785
0.48982754349708557
0.363686740398407
0.7676152586936951
0.0
0.0
0.0081325089558959
0.0
0.0
0.6886786818504333
0.017112959176301956
0.0
0.0
0.0
0.15432210266590118
0.915151834487915
0.4004940688610077
0.23030883073806763
0.6255729794502258
0.5734662413597107
0.0
0.0
0.0
0.30002933740615845
0.0
0.5426006317138672
0.6758502721786499
0.6895337700843811
0.6167058944702148
0.037760406732559204
0.0
0.0
0.0
0.0
0.0
0.0
0.14819172024726868
0.0
0.0
0.0
0.0
0.0802936926484108
0.0
0.0
0.801305890083313
0.05906312167644501
0.0
0.5746326446533203
0.6866751313209534
0.8469873666763306
0.4093501567840576
0.0
1.4831221103668213
1.1279683113098145
0.5162538290023804
0.7672159075737
0.0
0.01714719831943512
0.0
0.09167665988206863
1.1244157552719116
1.298170804977417
0.0
0.8884994387626648
0.28316813707351685
0.1506163328886032
0.0
0.0
0.26156437397003174
0.0
0.46536728739738464
0.0
0.0
0.0
0.24660928547382355
0.0
0.17136970162391663
0.0
0.09466937929391861
0.7423224449157715
0.11751213669776917
0.616620659828186
0.3854113221168518
0.0
0.8324359059333801
0.0
0.0
0.0
0.0
0.0
0.0
0.773790180683136
0.0
0.0
0.0
0.388527512550354
0.0
0.01946929655969143
0.6856990456581116
0.062360238283872604
0.12674912810325623
1.2773091793060303
0.0
0.8396813869476318
2.144108533859253
0.4149814248085022
0.0
0.9264367818832397
0.0
0.485346257686615
0.644751787185669
0.9294134974479675
0.0
0.0
0.0
0.003371903672814369
0.0
0.466193825006485
0.0
0.1529841125011444
0.0
0.0
0.0
0.0
0.0
0.0
0.4397616684436798
0.49775829911231995
0.5756742358207703
0.0
0.05295723304152489
1.2401043176651
0.1085030660033226
0.0
0.0
0.8854268789291382
0.07011294364929199
0.4118955135345459
0.7790024876594543
0.3968285620212555
0.21602565050125122
0.48013800382614136
0.9795625805854797
1.5844249725341797
0.31923073530197144
0.0
0.0
0.0
0.0
0.46979451179504395
0.1112753376364708
0.0
0.05671246722340584
0.0
0.0
0.0
0.18303777277469635
0.013778225518763065
0.0
0.9431151151657104
1.130620002746582
0.2177756279706955
0.0
0.0
1.2049798965454102
0.3850128650665283
0.6541354060173035
0.9508327841758728
0.824398398399353
0.0
0.0
0.0
0.0
0.0
0.5756023526191711
0.0
0.0
0.0
0.0
0.0
0.0
0.0
0.0
0.33421391248703003
0.38914787769317627
0.1115538477897644
0.4867437481880188
0.3021949231624603
0.0
0.0
0.38854527473449707
0.27071595191955566
0.18502365052700043
0.0
0.6488425731658936
0.0
0.1446886509656906
0.14053885638713837
0.0
0.0
0.0
0.0
0.0
0.0
0.0
0.0
0.0
0.0
0.0
0.0
0.2648279070854187
1.1514697074890137
0.0
0.0
0.0
0.0
0.21162445843219757
0.8629732728004456
0.867981493473053
0.15790815651416779
0.10214173048734665
0.0
0.31376299262046814
0.0
0.0
0.0
0.1602073311805725
0.0
0.960841953754425
0.30176880955696106
0.13142025470733643
0.03496556356549263
0.35300126671791077
0.0
0.16010431945323944
0.0
1.0359396934509277
0.0
0.4980078935623169
0.0
0.11142094433307648
0.1231745034456253
0.0
0.0
0.3225589096546173
0.0
0.2923535406589508
0.41968750953674316
0.13104118406772614
0.0
0.0
0.21123823523521423
0.19981688261032104
0.0
0.0
0.4171482026576996
0.0
0.0
0.0
0.0
1.2697944641113281
0.0
0.0
0.0
0.4144342541694641
0.04495306313037872
0.2523778975009918
0.5422961711883545
0.0
0.0
0.0
0.0
0.0
0.0
0.0
0.03792428597807884
0.0
0.0
0.0
0.0
0.0
0.0
0.0
0.0
0.0
0.0
0.0
0.0
0.0
0.0
0.0
0.0
0.0
0.6949394941329956
0.0
0.0
0.0
0.8397707343101501
0.8896317481994629
0.39089539647102356
0.0
1.4904001951217651
0.0
0.7318131923675537
0.5119395852088928
0.0
1.3502792119979858
0.4363441467285156
0.0
0.5230585336685181
0.0
0.3760646879673004
0.18726235628128052
0.0
1.3978034257888794
0.0
0.0
0.0
0.7566351890563965
0.5500049591064453
0.0
0.7976837754249573
0.7341146469116211
0.02936449460685253
0.0
0.0
0.0
0.5288791656494141
0.0
0.7496082186698914
0.0
0.12350153923034668
0.0
0.11604996025562286
0.016734709963202477
1.4110124111175537
0.5007960200309753
0.027865232899785042
0.018656106665730476
0.0
0.0
0.0
1.2215715646743774
0.7136889696121216
0.20814670622348785
0.3814666271209717
0.0
0.004519096575677395
0.0
0.0
0.4715397357940674
0.0
0.0
0.0
0.0
0.036430228501558304
0.5512314438819885
0.0
0.0
0.0
0.0
2.7998509407043457
3.0172839164733887
0.8420438170433044
1.279150366783142
0.0
0.0
0.0
0.9053745865821838
0.0
1.2298113107681274
1.1467469930648804
0.0
0.0
0.35691025853157043
0.0
0.0
0.0
0.0
0.684880793094635
0.22817713022232056
0.9560108780860901
0.0
0.0
0.0
0.0
0.0
0.0
0.0
0.20493505895137787
0.0
0.0
0.0
0.0
0.10415015369653702
0.0
0.015325899235904217
0.0
0.0
0.0
0.27714991569519043
0.2954947054386139
0.0
0.2789304256439209
0.0
0.0
0.0
0.0
0.0
0.0
0.0
0.0
0.0
0.0
0.03620998188853264
0.19814522564411163
0.0
0.7355067133903503
0.6399949789047241
0.0
0.0
0.0
0.0
0.535676896572113
0.4669492840766907
0.0
0.0
0.0
0.0
0.0
0.0
0.0
0.0
0.0
0.0
0.0
0.0
0.0
0.0
0.0
0.0
0.0
0.0
0.0
0.0
0.0
0.0
0.4864749312400818
0.0
0.0
0.7819507718086243
0.12863056361675262
0.0
0.0
0.0033296120818704367
0.3977055251598358
0.20638683438301086
0.6320986151695251
0.0
0.0
0.2037627398967743
0.0
0.05931677296757698
0.0
0.0
0.0
0.0
0.0
0.0
0.5301481485366821
0.657553493976593
0.3002418577671051
0.289641797542572
0.40365421772003174
0.4302347004413605
0.1880491077899933
0.0
0.0
0.0
0.007455568760633469
0.8388931155204773
0.6289970278739929
0.0
0.0
0.0
0.0
0.2440001368522644
1.9199968576431274
0.06338198482990265
0.0
0.0
0.0
0.0
0.0
0.19233836233615875
0.0
0.0
0.0
0.0
0.0
0.0
0.0
0.0
0.0
0.0
0.4131580889225006
0.0
0.4856393039226532
0.0
0.0
0.6708824634552002
0.46604880690574646
0.0
0.6726019978523254
0.0
0.6015071868896484
0.0
0.0
0.6789066195487976
1.9101887941360474
0.5919548273086548
0.2521474361419678
0.0
0.0
0.0
0.0
0.6474024653434753
0.0
0.0
0.0
0.0
0.20060956478118896
0.0
0.0
0.0
0.0
0.0
0.0
0.0
0.0
0.0
0.0
0.0
0.0
0.0
0.0
0.0
0.0
0.0
0.0
0.0
0.0
0.0
0.0
0.0
0.0
1.0962284803390503
0.4549521505832672
0.26248759031295776
0.0
0.0
0.0
0.0
0.10962189733982086
0.06649967283010483
0.5652337670326233
0.20509202778339386
0.2958426773548126
0.2750982344150543
0.3808099627494812
0.10006266087293625
0.0
0.0
0.08465362340211868
0.31194037199020386
0.22662308812141418
0.0
0.2593076825141907
0.1523355394601822
0.2797063887119293
0.05279207602143288
0.4508710205554962
0.8824480175971985
2.1155245304107666
1.7995513677597046
2.685882091522217
1.6221048831939697
0.517126739025116
0.1748732477426529
1.864128828048706
1.9309473037719727
0.44650906324386597
0.044881027191877365
0.0
0.0
0.10284636914730072
0.0
0.7215513586997986
1.386636734008789
0.0
0.0
0.0
0.0
0.0908561646938324
0.0
0.0
0.0
0.2803815007209778
0.7068823575973511
0.3488462567329407
0.42471709847450256
0.0
0.0
0.0
0.0
0.037462785840034485
0.0
0.0
0.0
0.0
0.0
0.0
0.0
0.0
0.0
0.0
0.0
0.0
0.0
0.0
0.042936813086271286
0.0
0.0
0.0
0.0
0.0
0.0
0.0
0.0
0.0
0.0
0.0
0.0
0.0
0.0
0.0
0.0
0.0
0.3435906767845154
0.09119879454374313
0.047052789479494095
0.0
0.0
0.0
0.0
0.0
0.5763303637504578
0.20495785772800446
0.0
0.0
0.0
0.0
0.0
0.2821054458618164
0.0
0.0
0.0
0.0
0.0
0.00048615247942507267
0.0
0.0
0.0
0.12366046756505966
0.3938407003879547
0.0
0.6956242918968201
0.8145135045051575
0.0
0.0
0.0
0.0
0.8267998695373535
0.0
0.0
0.07299388200044632
0.04612244665622711
0.1129654198884964
0.6934137344360352
0.3842047154903412
0.3279767632484436
0.540932834148407
0.0
0.0529809407889843
0.0
0.48398178815841675
0.0
0.0
0.6970219612121582
0.36525559425354004
0.0
0.0
0.0
0.2881705164909363
0.0564248189330101
1.1562178134918213
0.9594703912734985
0.0
0.15707682073116302
0.0
0.20584824681282043
0.2029961496591568
0.9486186504364014
0.6899198889732361
1.2195454835891724
0.7293621897697449
0.5187451243400574
0.0
0.0
0.3945150673389435
0.4358212947845459
0.11618835479021072
0.0
0.03695068880915642
0.16162770986557007
0.7974705696105957
0.15389108657836914
0.2896743714809418
0.15917259454727173
0.0
0.0
0.16385827958583832
0.7142789959907532
1.008846402168274
0.2395893931388855
0.0
0.0
0.39948320388793945
0.07199306041002274
0.0
0.0
0.0
0.0
0.0
0.8679753541946411
0.6154125332832336
0.9354502558708191
0.0
0.0
0.0
0.0
0.0
0.07259362936019897
0.0
0.5242236256599426
0.0
0.0
0.0
0.0
0.0
0.0
0.0
0.5067538619041443
0.0
0.0
0.0
0.0
0.0
0.0
0.0
0.0
0.0
0.0
0.0
0.0
0.0
0.0
0.2500409483909607
1.7689545154571533
1.3129630088806152
0.5898628830909729
0.0
0.0
1.8842285871505737
2.3997931480407715
1.4136666059494019
1.136663794517517
0.6099275350570679
0.28924334049224854
0.06813854724168777
0.0
0.6748266816139221
1.3294997215270996
0.9365036487579346
0.45592451095581055
0.0
0.6808708906173706
0.0
0.0
0.0
0.0
0.0
0.0
0.13869895040988922
0.9452484846115112
0.7174040079116821
0.227956622838974
0.35293084383010864
0.0
0.0
0.0
0.24196338653564453
0.12679392099380493
0.7191580533981323
0.24475914239883423
0.0
0.0
0.0
0.0
0.0
0.4914924204349518
1.5783960819244385
0.6486304402351379
0.20993568003177643
0.0
0.5068314075469971
0.0
0.0
0.5203257203102112
0.2776581943035126
0.21355070173740387
0.3431413769721985
0.2272377908229828
0.6237778067588806
0.0
0.9370666742324829
0.894046425819397
0.05778026953339577
0.0
0.0
0.0
0.0
0.0
0.23262961208820343
0.0056185065768659115
0.0
0.2458162009716034
0.0
0.0
0.0
0.0
0.0
0.11571142077445984
0.0
0.31231245398521423
0.0
0.0
0.0
0.0
0.0
0.39632758498191833
0.33312103152275085
0.23634395003318787
0.0
0.30158570408821106
0.0
0.0
0.7479308843612671
0.0
0.5321152806282043
0.0
0.0
0.16946659982204437
0.0
0.0
0.3377072513103485
0.0
0.0
0.0
0.4732156991958618
0.0
0.0
0.0
0.0
0.0
0.0
0.0
0.0
0.0
0.0
0.0
0.0
0.0
0.0
0.0
0.4705195426940918
0.0
0.0
0.0
2.250434160232544
0.0
0.0
0.0
0.5419096946716309
0.0
0.4345725178718567
0.3926384449005127
0.7312477231025696
0.0
0.0
0.0
0.09907691925764084
0.0
0.0
0.0
0.0
0.0
0.0
1.0960248708724976
0.2678617238998413
0.0
0.0
0.0
0.0
0.0
0.0
0.0
0.6165540218353271
0.0
0.0
1.9272677898406982
0.0
0.05969514325261116
1.4042575359344482
0.0
0.6671695113182068
0.7570542693138123
0.0
0.0
2.459460973739624
0.0
1.2403591871261597
0.0
0.0
0.0
1.3229663372039795
0.0
1.171146035194397
0.0
0.4482538402080536
0.0
0.0
0.0
0.21805162727832794
0.36109867691993713
0.0
0.0
0.0
0.8486367464065552
0.0
0.2656989097595215
0.0
0.585947573184967
0.0
1.0197076797485352
0.0
0.0
0.0
0.003786511020734906
0.0
0.0
0.0
0.0
1.9768974781036377
0.0
0.0
0.0
0.0
0.0
0.0
0.0
0.0
0.21902239322662354
0.0
0.9037535786628723
0.09492973238229752
0.4273475110530853
0.0
0.0
0.0
0.0
0.0
0.3322302997112274
0.5658759474754333
0.5497855544090271
0.0
0.025176363065838814
0.0
0.0
0.0
0.5735339522361755
0.0
0.06661924719810486
0.5904058814048767
0.0
0.0
0.0
0.0
0.20015859603881836
0.0
0.0
0.41004759073257446
0.0
0.0
0.0
0.0
0.0
0.29534366726875305
0.1123475432395935
0.0
0.05566652864217758
0.0
0.0
0.0
0.0
0.0
0.0
0.0
0.3245539367198944
0.0
0.0
0.0
0.0
0.0
0.0
0.5459967255592346
0.19420786201953888
0.4782489538192749
0.0
0.5371469259262085
0.33082225918769836
0.0
0.0
0.05766700953245163
0.5025852918624878
0.07110089808702469
0.6897209286689758
0.8888024687767029
0.5606120824813843
0.0
0.0
0.0
0.0
0.0
0.0
0.905443549156189
0.5720540285110474
0.3928041458129883
0.17105922102928162
0.19838827848434448
0.3198302686214447
0.6289789080619812
0.0
0.0
0.6167550683021545
0.0
0.36093708872795105
1.2346597909927368
0.0
0.17992202937602997
0.041712407022714615
0.04049909487366676
0.5594222545623779
1.2453314065933228
0.5549153089523315
0.7643023133277893
0.0
0.035765450447797775
0.7667902112007141
0.09252133965492249
0.1844976395368576
0.0
0.0
0.346649706363678
0.0
0.5225521922111511
0.7956486940383911
0.30057016015052795
0.6821651458740234
0.0
0.0
0.0
0.0
0.7485656142234802
1.2360215187072754
0.0
0.0
0.0
0.0
0.0
0.0
0.32182371616363525
0.1809120923280716
0.0
0.0
0.0
0.0
0.0
0.0
0.04415165260434151
0.0
0.0
0.0
0.13359259068965912
0.17175529897212982
0.7293179631233215
0.0
0.0
0.0
0.05216199532151222
0.0
0.7179543375968933
0.9623816609382629
0.5974968671798706
0.38073989748954773
0.7678605914115906
0.16300947964191437
0.0
0.0
0.019450707361102104
1.4935435056686401
2.2910430431365967
0.5348453521728516
0.4002986252307892
0.0
0.0
0.5926976799964905
0.0
0.7580148577690125
1.6161565780639648
0.14324693381786346
0.7574660778045654
0.5537185072898865
0.0
0.0
0.0
0.0
0.0
0.5532366633415222
1.7355921268463135
1.2856353521347046
0.0
0.16544972360134125
0.0
0.0
0.0
1.0937532186508179
0.0
0.0
0.0
0.0
0.0
0.0
0.0
1.9128186702728271
0.734013557434082
0.0
0.0
0.06497606635093689
0.0
0.0
0.0
0.7139177322387695
1.686383843421936
0.0
0.28848591446876526
0.0
0.0
0.0
0.0
0.11312894523143768
0.0
0.0
0.25517088174819946
0.0
0.0
0.16791236400604248
0.1570747345685959
0.0
0.0
0.0
0.20956668257713318
0.1360928863286972
0.7321088910102844
0.3539448082447052
0.0
0.0
0.16302141547203064
0.0
0.8407641053199768
0.0
0.4088643193244934
2.2759716510772705
0.14958931505680084
0.0
0.0
0.0
0.0
0.0
0.0
0.0
0.0
0.0
0.020522406324744225
0.13714195787906647
0.0
0.19335921108722687
0.0
0.0
0.0
0.0
0.0
0.0
0.0
0.0
0.0
0.0
0.0
0.0
0.0
0.0
0.0
0.0
0.0
0.0
0.0
0.0
0.0
0.0
0.0
0.022104106843471527
0.0
0.0
0.0
0.42308709025382996
0.3926336467266083
0.5258469581604004
0.47062626481056213
0.5050753951072693
0.0
0.004056175239384174
0.8534669876098633
0.0
0.0
0.19234196841716766
0.0
0.307248055934906
0.0
0.0
0.917888343334198
0.0
0.0
0.0
0.0
0.0
0.1813841164112091
0.0
0.04832001402974129
0.0
0.0
0.0
0.0
0.0
0.0
0.0
0.0
0.8919169902801514
0.16974632441997528
0.0
0.0
0.0
0.0
0.0
0.35383734107017517
0.5227912068367004
0.3108028769493103
0.0
0.0
0.0
0.0
0.0
0.0
0.0
0.0
0.0
0.0
0.3683122992515564
0.5261041522026062
0.5775835514068604
0.5274572968482971
0.22104576230049133
0.0
0.0
0.0
0.13657157123088837
0.2380826771259308
0.17920079827308655
0.0
0.035738009959459305
0.0
0.2543596923351288
0.0
0.0
0.0
0.0
0.341085284948349
0.0
0.0
0.7338148355484009
0.0
0.0
0.0
0.0
0.0
0.0
0.0
0.0
0.0
0.0
0.0
0.0
0.0
0.0
0.0
0.0
0.0
0.0
0.0
0.211268350481987
0.0
0.0
0.0
0.0
0.0
0.0
0.0
0.0
0.0
0.0
0.0
0.0
0.0
0.0
0.0
0.0
0.0
0.0
0.0
0.0
0.0
0.3484543263912201
0.3227739632129669
0.478250652551651
0.0
0.0
0.0
0.0
0.0
0.45824939012527466
0.4853132665157318
0.0
0.0
0.0
0.0
0.49945545196533203
0.0
0.0
1.1549773216247559
0.717659592628479
0.0
0.36232951283454895
0.0
0.0
0.0
0.0
0.7870757579803467
1.2910411357879639
0.0
0.0
0.0
0.0
0.3793579638004303
0.9785004258155823
0.10605861991643906
1.4164390563964844
0.0
0.0
0.0
0.0
0.6222489476203918
0.0
0.0
0.9815198183059692
0.0
0.0
0.0
0.0
0.0
0.0
0.10778187215328217
0.5389135479927063
0.0
0.0
0.0
0.0
0.0
0.007097096182405949
0.053320977836847305
0.5122732520103455
0.0
0.0
0.0
0.0
1.4267253875732422
0.416202187538147
0.4117967486381531
0.0
0.0
0.0
0.0
0.0
0.0
0.0
0.04534635320305824
0.0
0.0
0.0
0.0
0.0
0.0
0.0
0.0
0.0
0.0
0.0
0.0
0.0
0.10903575271368027
0.0
0.0
0.0
0.0
0.0
0.5564900040626526
0.0
0.0
0.18585026264190674
0.0
0.18862436711788177
0.0
0.0
0.0
0.0
0.0
0.0
0.0
0.0
0.0
0.0
0.0
0.5013270378112793
0.1555638462305069
0.0
0.7029814720153809
0.0
0.0
0.0
0.0
0.0
0.12263084948062897
0.0
0.5950608253479004
0.13293737173080444
0.0
0.0
0.0
0.3462989926338196
0.059152428060770035
0.0
0.0
0.0
0.0
0.0069641792215406895
0.0
0.7112849950790405
0.6339147686958313
0.030559318140149117
0.0
0.0
0.0
0.0
0.0
0.0
0.0
0.0
0.0
0.0
0.0
0.5934990048408508
0.0
0.07437556236982346
0.0
0.0
0.0
0.0
0.0
0.39258843660354614
0.09529468417167664
0.07428311556577682
0.0
0.0
0.927344560623169
0.5539072155952454
0.0
0.7292705774307251
0.46234041452407837
1.3254157304763794
0.44730401039123535
0.779920756816864
0.525905966758728
0.16991741955280304
0.6158691644668579
0.0
0.747715413570404
0.7756116986274719
0.9906837940216064
0.6890243887901306
0.7991681098937988
0.4731876254081726
0.0
0.20382992923259735
0.4091430902481079
0.1310282051563263
0.0
0.0
0.0
0.0
0.0
0.0
0.0
0.4330936670303345
0.0
0.0
0.0
0.0
0.0
0.0
0.0
0.0
0.0
0.0
0.0
0.0
0.4700518250465393
0.0
0.0
0.0
0.0
0.0
0.0
0.0
0.0
0.0
0.0
0.0
0.0
0.6372630000114441
0.7902953624725342
0.2755698263645172
0.0
0.40632563829421997
0.4592977464199066
0.0
0.0
0.0
0.0
0.0
0.0
1.2780290842056274
0.07798515260219574
0.0
0.0
0.7042918801307678
0.0
0.0
0.0
0.26293113827705383
0.0
0.0
0.0
0.0
0.0
0.0
0.0
0.0
0.0
0.0
0.0
0.0
0.16497482359409332
0.8208383917808533
1.026131272315979
0.053162988275289536
0.0
0.6873722672462463
1.075179934501648
0.0
0.0
0.0
0.0
0.15077124536037445
0.0
0.753557026386261
0.3646774888038635
0.0
0.0
0.24240164458751678
0.20382459461688995
0.4950968027114868
0.3067159056663513
0.0
0.4729025959968567
0.0
0.0
0.0
0.0
0.0
1.1722997426986694
0.0
0.7974084615707397
0.3778297007083893
0.0
0.014485503546893597
0.4334507882595062
0.0
1.971435785293579
0.0
0.4676148593425751
0.0
0.270958811044693
0.0
0.24018049240112305
0.020929522812366486
0.570921778678894
0.0
0.0
0.0
0.21455182135105133
0.0
0.0
0.0
0.18249312043190002
0.0
0.02639915980398655
0.0
0.0
0.22614999115467072
0.025735020637512207
0.0
0.0
0.5180224776268005
0.0
0.0
0.0
0.0
0.0
0.5758058428764343
0.0
0.0
0.0
0.0
0.0
0.0
0.0
0.6698418855667114
0.0
0.0
0.0
0.0
0.0
0.0
0.0
0.0
0.0
0.0
0.0
0.0
0.0
0.3250780999660492
0.0
0.0
0.07941403985023499
0.0
1.2624585628509521
1.2503197193145752
0.0
0.0
0.5865498185157776
0.0
0.34389951825141907
0.0
0.0
0.0
0.0
0.0
1.3455150127410889
0.0
0.0
1.133190393447876
0.0
0.5586182475090027
0.0
0.0
0.0
0.0
0.0
1.36183762550354
0.12904687225818634
0.0
0.6036791205406189
0.0
0.0
0.0
0.505908727645874
0.5674979090690613
0.0
0.0
0.0
0.0
0.0
0.0
0.9140077829360962
0.3367621898651123
0.0
0.0
0.0
0.0
0.0
0.0
0.2972392141819
0.49346724152565
0.0
0.0
0.0
0.0
0.0
0.9946279525756836
0.8893588781356812
0.10797416418790817
1.5557379722595215
0.547322690486908
0.9487596750259399
0.6514797806739807
0.6028879880905151
0.6013177633285522
1.4563193321228027
0.04032754525542259
0.8036929368972778
0.48014387488365173
0.8697687387466431
0.0
1.3231078386306763
0.0
0.0
0.13964715600013733
0.0
0.0
0.07460834085941315
0.0
0.03813723474740982
0.0
0.0
0.460938036441803
0.0
0.0
0.0
0.0
0.0
0.0
0.0
0.0
0.0
0.128662109375
0.20712639391422272
0.0
0.0
0.0
0.0
0.0
0.0
0.0
0.0
0.0
0.0
0.0
0.0
0.0
0.0
0.02561376802623272
0.0
0.0
0.0
0.0
0.0
0.0
0.0
0.04677554592490196
0.0
0.0
0.0
0.0
0.0
0.0
0.0
0.0
0.0
0.0
0.0
0.0
0.0
0.001279811142012477
0.0
0.0
0.0
0.0
0.0
0.1583801656961441
0.6291695833206177
0.07901148498058319
0.137478306889534
0.4732055068016052
0.0
0.2199077010154724
0.5034021735191345
0.25156426429748535
0.07369180023670197
0.00504666892811656
0.07666314393281937
0.9906866550445557
1.5741586685180664
0.12290021777153015
1.3514987230300903
0.5844292640686035
0.260761559009552
0.683394730091095
0.02562573552131653
0.10514628142118454
0.0
0.0
0.2905935049057007
0.0
1.5501351356506348
0.6199718713760376
0.0
0.0
0.0
0.0
0.0
0.0
0.8804928064346313
1.4006634950637817
0.0
0.0
0.0
0.0
0.3884975016117096
0.3080593943595886
0.0
0.0
0.0
0.0
0.0
0.0
0.38498106598854065
0.999387800693512
1.1331101655960083
0.4673292636871338
0.3560435473918915
0.1739351600408554
0.0
0.0
0.8806543350219727
0.0
0.4822632074356079
0.0
0.2471337467432022
0.0
0.0
0.0
0.7234746217727661
0.0
0.44838833808898926
0.0
0.2890430986881256
0.0
0.6984907984733582
0.39747995138168335
0.8122885823249817
0.0953831598162651
0.0
0.3736070394515991
0.0
0.15168647468090057
0.0
0.0
1.217162847518921
0.459113210439682
0.4864650070667267
0.22338047623634338
0.0
0.0
0.0
0.0
0.0
0.0
0.0
0.0
0.0
0.0
0.0
0.0
0.0
0.10060680657625198
0.0
0.0
0.0
0.0
0.0
0.0
0.0
0.0016389037482440472
0.0
0.0
0.0
0.0
0.0
0.0
0.0
0.0
0.0
0.0
0.0
0.0
2.3867831230163574
0.5602801442146301
0.0
1.2029091119766235
0.0
0.0
0.4586517810821533
1.346892237663269
0.9607846736907959
0.9422302842140198
0.0
0.3212776482105255
0.26141875982284546
0.7379570603370667
0.6035619378089905
0.0
0.0
0.0
0.0
0.0
0.04407595843076706
0.0
0.0
0.04313933849334717
0.0
0.4777499735355377
0.0
0.0
0.0
0.013035731390118599
0.0
0.0
0.0
0.14628370106220245
0.0
0.4676075875759125
0.2221137434244156
0.02148040011525154
0.9761034846305847
0.0
0.3356795608997345
0.2719782292842865
0.9866860508918762
0.16874854266643524
0.0
0.0
0.10308662056922913
0.0
0.0
0.0
0.7236959338188171
0.0
0.0
0.508443295955658
0.38295042514801025
0.4576737582683563
0.29128459095954895
0.6714810132980347
0.2585400938987732
0.1630757749080658
0.3277435004711151
0.0
0.0
0.5990171432495117
0.37921249866485596
0.9923667311668396
0.913808286190033
0.24254605174064636
0.26601648330688477
0.4325404763221741
0.0
0.2899608016014099
0.0
0.0
1.0544192790985107
0.0
0.0
0.5380284190177917
0.0
0.0
0.0
0.0
0.0
0.1404370218515396
0.0
0.0
0.0
0.0
0.0
0.0
0.11970050632953644
0.2607467472553253
0.0
0.0
0.0
0.0
0.0
0.44807329773902893
0.0
0.0
0.9341874122619629
0.0
0.0
0.22962385416030884
0.0
0.01693272590637207
0.0
0.0
0.49335092306137085
0.0
0.0
0.0
0.0
0.0
0.4763645529747009
0.0
0.0
0.0
0.0
0.0
0.001589296036399901
0.0
0.0
0.27687937021255493
0.0
0.0
0.0
0.0
0.0
0.0
0.7622901797294617
0.007241543382406235
1.5597765445709229
0.7235952019691467
0.0
0.0
0.0
0.0
1.5321283340454102
0.0
1.096022129058838
0.38796210289001465
0.41944748163223267
0.0
0.7039239406585693
0.0
0.6211201548576355
0.48579728603363037
0.8621358871459961
1.2543060779571533
0.0
0.34687504172325134
0.3093069791793823
0.0
0.0
1.1578094959259033
1.343178153038025
1.4616715908050537
0.09158674627542496
0.45283380150794983
0.0
0.0
0.0
0.0
1.4608888626098633
0.0
0.0
0.0
0.0
0.0
0.0
0.0
1.0185497999191284
0.021126586943864822
0.0
0.0
0.0
0.0
0.0
0.043474048376083374
0.0
0.16354644298553467
0.0
0.0
0.0
0.0
0.0
0.5559654235839844
0.3291972279548645
0.3205752670764923
0.0
0.0
0.22458621859550476
0.0
0.29322221875190735
0.0
0.0
0.0
0.0
0.44172394275665283
1.2551212310791016
0.8965529203414917
0.0
0.0
0.0
0.0
0.18765446543693542
0.6433970332145691
0.0
0.053882893174886703
0.0
0.03837117552757263
0.0
0.0
0.0
0.0
0.0
0.2105667144060135
0.4113233983516693
0.005751459393650293
0.0
0.0
0.0
0.0
0.0
0.0
0.0
0.0
0.0
0.0
0.0
0.0
0.0
0.0
0.0
0.0
0.0
0.0
0.5716356635093689
0.5761712193489075
0.27814367413520813
0.0
0.03744243085384369
0.0
0.0
0.0
0.0
0.0
0.0
0.6109669208526611
0.0
0.0
0.0
0.0
0.0
0.6400980353355408
0.4940778315067291
0.0
0.0
0.0
0.0
0.0
0.5194966197013855
1.4149209260940552
0.9652148485183716
0.38442397117614746
0.0
0.3072131276130676
0.0
0.18070335686206818
1.168092966079712
0.3930293619632721
0.0
1.4307912588119507
0.0
0.0
0.0
0.07246506959199905
0.7976086735725403
0.27547189593315125
0.0
0.23217855393886566
0.0
0.0
0.0
0.4009161591529846
0.39320921897888184
0.41468384861946106
0.6154409050941467
0.0
0.6952900886535645
0.0
0.0
0.0
1.4732474088668823
0.7604048252105713
0.4012485444545746
0.7769448757171631
1.0862215757369995
0.0
0.12233935296535492
0.18014457821846008
0.05171501263976097
0.0
0.0
0.0
0.0
0.0
0.0
0.0
0.0
0.0
0.0
0.0
0.12589716911315918
0.0
0.0
0.08283719420433044
0.0
0.2957655191421509
0.0
0.0
0.0
1.349442481994629
0.0
0.8915486931800842
0.39114898443222046
0.3890761137008667
0.22039131820201874
0.0
0.0
2.44974422454834
0.31240972876548767
0.8480100035667419
0.0
0.0
0.0
0.0
0.0
0.6394727826118469
5.747193790739402e-05
0.974835216999054
0.0
0.061452221125364304
0.0
0.0
0.0
0.09402283281087875
0.9110567569732666
0.3967303931713104
0.0
0.0
0.0
0.0
0.0
0.23177258670330048
0.8079643845558167
0.0
0.022739043459296227
0.017592778429389
0.0
0.0
0.2883284091949463
0.4328671991825104
0.8640254139900208
0.0
0.0
0.0
0.0
0.0
0.07016033679246902
0.018099330365657806
0.0
0.0
0.0
0.0
0.0
0.0
1.1972742080688477
0.0
0.0
0.0
0.0
0.15232518315315247
0.0
0.0
0.0
0.0
0.0
0.3543321192264557
0.4168006479740143
0.0
0.18263733386993408
0.0
0.0
0.11499865353107452
0.0
1.3888813257217407
0.0
0.0
0.0
0.0
0.0
0.0
0.0
0.11358360201120377
0.4604528248310089
0.0
0.0
0.0
0.0
0.0
0.0
0.0
1.0083141326904297
0.0
1.015153408050537
0.0
0.0
0.0
0.0
0.562585711479187
0.407820463180542
0.17000587284564972
0.3702058494091034
0.0
0.0
0.0
0.0
1.0136070251464844
0.423174649477005
0.27725234627723694
0.027263576164841652
0.5032727718353271
0.48052293062210083
0.0
0.0
0.5026242136955261
0.03382723033428192
0.0
0.04529649019241333
0.0
0.4526074528694153
0.014761645346879959
0.0
0.0
0.0
0.5233226418495178
0.0
0.0
0.0
0.0
0.0
0.0
0.0
0.0
0.0
0.0
0.0
0.2635229825973511
0.0
0.0
0.09425339847803116
0.19088628888130188
0.0
0.7409868240356445
0.0
0.514014482498169
0.0
0.0
0.0
0.5416279435157776
0.0
0.7738161683082581
0.4900554120540619
0.0
0.0
0.0
0.2504867613315582
0.0
0.37502461671829224
0.26479727029800415
1.1799218654632568
0.0
0.0
0.0
0.0
0.3808307945728302
0.3327615559101105
0.9045562744140625
0.8690879940986633
0.0
0.007705430965870619
0.0
0.0
0.08383375406265259
0.6015130281448364
0.8368056416511536
1.4471266269683838
0.0
0.0
0.0
0.0
0.12685951590538025
0.6840287446975708
0.43576616048812866
0.6862726211547852
0.023725280538201332
0.0
0.0
0.0
0.0
0.0
0.0
0.0
0.44832512736320496
0.0
0.26804596185684204
0.8916029930114746
0.05056469142436981
0.0
0.0
0.0
1.331094741821289
1.3823659420013428
1.1841131448745728
0.685379683971405
0.45160117745399475
0.33639034628868103
0.0
0.699591338634491
0.19859153032302856
1.0981988906860352
0.8159352540969849
0.9210987091064453
0.0
0.3277885317802429
0.0
0.579668402671814
0.0
0.8559706211090088
0.812592089176178
1.014756202697754
0.2752484679222107
0.5569866299629211
0.5774523615837097
0.26628389954566956
0.6779763698577881
0.5328006744384766
1.436138391494751
0.615408182144165
0.0
0.0
0.0
0.0
0.03734910860657692
0.0
0.2741064727306366
0.0
0.0
0.0
0.0
0.0
0.0
0.0
0.0
0.0
0.0
0.0
0.0
0.4196006953716278
0.0
0.0
0.0320236012339592
0.0
0.0
0.0
0.0
0.0
0.6522465348243713
0.0
0.06875159591436386
0.028759894892573357
0.0
0.0
0.3982934057712555
0.0
0.864324152469635
0.0
0.0
0.0
0.0
0.936506986618042
0.0
1.1073951721191406
0.0
0.600969672203064
0.0
0.0
0.08120600134134293
0.18483510613441467
0.0
1.1350804567337036
0.0
1.822464108467102
0.5126798152923584
0.0
0.0
0.0
0.0
0.0
0.09954775124788284
0.011917145922780037
0.11651287972927094
0.0
0.2536218762397766
0.0
0.0
0.0
0.18147633969783783
0.0
0.0
0.0
0.0
0.0
0.0
0.0
0.0
0.7254177927970886
0.5136257410049438
0.005976392887532711
0.0
0.027876440435647964
0.0
0.0
0.0
0.0
0.0
0.04046213626861572
0.0
0.0
0.10555699467658997
0.0
0.058237891644239426
0.0
0.032093703746795654
0.0
0.0
0.0
0.0
0.0
0.0
0.0
0.0
0.0
0.0
0.0
0.0
0.0
0.0
0.0
0.430166631937027
0.16271282732486725
0.0
0.0
1.3298853635787964
0.0
0.0
0.0
1.0287498235702515
0.3853761553764343
0.0
0.5338835120201111
0.029361099004745483
0.0
0.0
0.0
0.0
1.0472056865692139
0.14573241770267487
1.4201282262802124
0.642106294631958
0.04028617963194847
0.0
1.2721143960952759
0.0
0.0
0.17054255306720734
0.0
0.0
0.0
0.0
0.6621860861778259
0.7567818760871887
0.09881972521543503
0.6076241731643677
0.0
0.0
0.0
0.07342829555273056
0.06386207044124603
0.0
0.5970653891563416
0.0
0.0
0.0
0.0
0.0
0.3843650817871094
0.010954378172755241
1.9009075164794922
0.0
0.2609327435493469
0.0
0.3644947409629822
0.0
0.7307609915733337
0.37802794575691223
0.6214167475700378
0.0
0.0
0.19479870796203613
0.25396132469177246
0.0
0.0
1.070688009262085
0.09540819376707077
0.0
0.6247419714927673
0.0
0.0
0.0
0.27145710587501526
1.0727274417877197
0.0
0.0
0.0
0.0
0.0
0.0
0.0
1.0588616132736206
0.0
0.0
0.0
0.0
0.0
0.8048710823059082
0.0
1.14359712600708
0.9873475432395935
0.1571159064769745
0.0
0.0
0.0
0.5573822259902954
0.5790630578994751
0.365603506565094
0.3514878451824188
0.18145869672298431
0.0
0.0
0.0
0.14862078428268433
0.265368789434433
0.2240656018257141
0.0
0.0
0.0
0.2048284262418747
0.7719558477401733
0.17655569314956665
0.063240185379982
0.0
0.0
0.0
0.0
0.0
0.08862612396478653
0.20977118611335754
0.0
0.0
0.0
0.9351524114608765
0.0
0.8664462566375732
0.0
0.4426540434360504
0.0
0.0
0.19816339015960693
0.929659366607666
0.0
1.3378806114196777
0.0
0.33790531754493713
0.0
0.0
0.5006930828094482
0.2370593249797821
0.0
1.1562012434005737
0.03857245668768883
0.7211127281188965
0.04969129338860512
0.0
0.0
0.0
0.0
0.0
0.5464387536048889
0.0
0.0
0.0
0.007230405695736408
0.10608970373868942
0.47758904099464417
0.9512516260147095
0.6506806015968323
0.5417567491531372
0.0
0.0
0.16646504402160645
0.656498372554779
0.8176416754722595
0.4292845129966736
0.4674221873283386
0.20879162847995758
0.0
0.0
0.0
0.0
0.0
0.0
0.5131164193153381
0.0
1.216506838798523
0.0
0.0
0.982168436050415
0.5575986504554749
0.0
0.8701911568641663
0.3615511953830719
1.1033152341842651
0.39493441581726074
0.7661212086677551
0.0
0.592695415019989
0.0
0.0
0.6281026005744934
0.0
0.6590741276741028
0.03169403597712517
0.0
0.4123315215110779
0.0
0.4058750867843628
0.6507662534713745
0.0
0.0
0.24653813242912292
0.0
0.0
0.0
1.229224443435669
0.36913052201271057
0.0
0.0
1.1255574226379395
0.0
0.32403141260147095
0.8293070197105408
0.0
0.20549364387989044
0.589118242263794
0.0
0.19382421672344208
0.02396000176668167
0.0
0.0
0.27590957283973694
0.9004247188568115
0.0
0.5077816247940063
0.0
0.0
0.0
0.05199072137475014
0.30211707949638367
0.0
0.0
0.0
0.0
0.0
0.0
0.0
0.0
0.0
0.0
0.11938126385211945
0.0
0.0
0.0
0.0
0.0
0.0
0.0
0.1477571278810501
1.1477340459823608
0.0
1.0312778949737549
0.0
0.0
0.0
0.0
0.2557864487171173
0.9905365109443665
0.0
2.0500011444091797
0.0
0.0
0.05228235945105553
0.0
0.0
0.0
0.0
1.204177737236023
0.0
0.0
0.0
0.7524377703666687
0.47950416803359985
0.0
0.5778225064277649
0.0
0.0
0.0
0.0
0.0
1.436008334159851
0.0
0.0
0.0
0.0
0.0
0.0
0.0
0.0
0.0
0.0
0.0
0.0
0.0
0.0
0.0
0.0
0.0
0.0
0.0
0.0
0.10323973745107651
0.0
0.0
0.245001420378685
0.0
0.0
0.12104352563619614
0.0
0.0
0.7238466143608093
0.0
0.0
0.5995862483978271
0.7208552956581116
0.0
0.9342500567436218
0.5972380638122559
0.7658358812332153
1.040211796760559
0.5316727757453918
0.28983891010284424
0.8516734838485718
0.6895453929901123
0.6438506245613098
0.0
0.9191550016403198
1.3703070878982544
0.49930423498153687
0.0
0.3045748472213745
0.0
0.0
0.0
0.11123348772525787
0.3046807646751404
0.53434818983078
0.0
0.8385756611824036
0.8147833943367004
0.0
0.0
0.6364079713821411
0.0
0.18332314491271973
0.04725271090865135
0.0
0.0
0.0
0.0
0.6063947677612305
1.6291583776474
0.7688790559768677
0.7898198366165161
0.0
0.0
0.0
0.0
0.0
0.0
0.4621613323688507
0.0
0.0
0.08851924538612366
0.41532573103904724
0.1638520061969757
0.6142375469207764
0.0
0.0
0.0
0.0
0.0
0.38709744811058044
0.826874852180481
0.0
0.0
0.0
0.0
0.0
0.0
0.0
0.2254422903060913
0.0
0.0
0.09626305848360062
0.0
0.1476764976978302
0.0
0.0
0.0
0.0
0.0
0.8290550112724304
0.48067259788513184
0.0
0.6856428980827332
0.0
0.0
0.0
0.0
0.0
0.0
0.2111985981464386
1.5481661558151245
0.0
0.0
0.0
0.0
0.0
0.0
0.0
0.0
0.0
0.0
0.0
0.0
0.4516752362251282
0.0
0.0
0.0
0.0
0.0
0.0
0.06599774956703186
0.12103254348039627
0.04757731035351753
0.1210041344165802
0.0
0.0
0.10644175857305527
0.0
0.0
0.0
0.0
0.0
0.0
0.07838956266641617
0.4597867727279663
0.32492589950561523
0.6835847496986389
0.0
0.0
0.0
0.0
0.0
1.546218752861023
0.0
0.622227132320404
0.0
0.0
0.0
0.0
0.0
0.0
0.36325162649154663
0.8347469568252563
0.0
0.0
0.0
0.0
0.0
0.0
0.3503226339817047
0.0
0.0
0.0
0.6370255351066589
0.0
0.0
0.9118572473526001
0.2371206283569336
0.1260913908481598
0.15354694426059723
0.0
0.0
0.0
0.0
0.0
0.0
0.08026307821273804
0.03845343738794327
0.0
0.0
0.0
0.0
0.0
0.10011392831802368
0.03892766311764717
0.0
0.12932881712913513
0.0
0.3847843408584595
0.6430162787437439
0.019579244777560234
1.4082247018814087
1.088425636291504
0.0
0.3851257264614105
0.592810869216919
0.9662734866142273
1.9466434717178345
0.5526554584503174
1.0206630229949951
0.022138729691505432
0.0
0.0
0.608094334602356
0.25877952575683594
1.6678153276443481
0.8667756915092468
0.0
0.6374399662017822
0.3057079315185547
0.36548250913619995
0.3284127414226532
0.0
0.0
0.0
0.0
0.2125905305147171
0.025375625118613243
0.0
0.0
0.0
0.07469084113836288
0.0
0.10588984936475754
0.0
0.37660646438598633
0.0
0.0
0.0
0.0
0.0
0.0
0.0
0.0
0.0
0.0
0.0
0.0
0.0
0.0
0.0
0.0
0.0
0.0
0.0
0.0
0.0
0.0
0.0
0.0
0.0
0.0
0.0
0.3120343089103699
0.0
0.0
0.0
0.0
0.0
0.0
0.0
0.0
0.0
0.0
0.0
0.0
0.0
0.0
0.0
0.5026698708534241
0.5513588190078735
0.0
0.0
0.7495840787887573
0.9187007546424866
1.0194621086120605
0.3018442988395691
0.4729287326335907
0.0
0.3968324065208435
0.7722384333610535
0.38386258482933044
0.5862849950790405
0.31264424324035645
0.4762302339076996
0.0
0.0
0.15260367095470428
0.9711673259735107
0.0776984766125679
0.0
1.1507724523544312
0.0
0.0
0.0
0.0
0.484221488237381
0.0
0.0
0.0
0.0
0.0
0.0
0.4682930111885071
0.6451905965805054
0.6119580864906311
0.0
0.0
0.0
0.0
0.0
0.0
0.0
0.0
0.0
0.0
0.0
0.0
0.0
0.0
0.0
0.0
0.0
0.009984632954001427
0.0
0.0
0.0
0.0
0.13865885138511658
0.0
0.13683651387691498
0.0
0.0
0.0
0.0
0.9375684857368469
0.0
0.0
0.0
0.05843852460384369
0.34478840231895447
0.0
0.0
0.04501103609800339
0.0
0.0
0.0
0.15052732825279236
0.0
0.4191942811012268
0.9087007641792297
0.4657670259475708
0.0
0.0
0.0
0.0
0.0
0.0
0.0
0.7059613466262817
0.0
0.5824304223060608
0.0
0.0
0.0
0.0
0.12215738743543625
0.651329755783081
0.0
0.41213205456733704
0.0
0.0
0.0
0.0
0.5793165564537048
0.20158696174621582
0.050072893500328064
0.0
0.0
0.0
0.0
0.0
0.0
0.0
0.0
0.0
0.0
0.0
0.0
0.0
0.0
0.0
0.0
0.0
0.04077523201704025
1.2444719076156616
0.2934769093990326
0.6154395937919617
0.0
0.0
0.0
0.3137030601501465
0.5206459760665894
0.3866667151451111
0.0
1.2371634244918823
0.08564916253089905
0.0
0.0
0.0
0.9181397557258606
0.407471239566803
1.1253795623779297
1.487903356552124
0.6178740859031677
0.0
0.0
0.0
0.0
0.0
0.11745752394199371
0.0
0.0
0.0
0.0
0.0
0.4045277237892151
0.0
0.0
0.06225461885333061
0.0
0.02032129094004631
0.0
0.0
0.2618202269077301
0.21258725225925446
0.0
0.0
0.0
0.07082700729370117
0.0
0.0
0.0
0.0
0.0
0.0
0.0
0.43463194370269775
0.0
0.0
0.0
0.0
0.0
0.0
0.0
0.0
0.0
0.2902422249317169
0.18643103539943695
0.0
0.9180403351783752
0.0
0.0
0.0
0.0
0.3310158848762512
1.3084665536880493
0.0
0.13686637580394745
0.03287028521299362
0.0
0.0
0.0
0.169879749417305
1.2680530548095703
1.0082553625106812
1.7237200736999512
0.07371742278337479
0.0
0.0
0.0
0.0
0.0
0.0
0.0
0.0
0.0
0.0
0.0
0.0
0.0
0.0
0.0
0.1895374357700348
0.0
0.0
0.0
0.0
0.0
0.06427796930074692
0.0
0.0
0.0
0.6596446633338928
0.5126941204071045
0.10214732587337494
0.0
0.8953200578689575
0.5214653611183167
0.0
0.0
0.0
0.0
0.0
0.8219479918479919
0.0
0.0
0.0
0.0
0.0
0.0
0.0
0.20411933958530426
0.0
0.0
0.0
0.0
0.42266330122947693
0.0
0.0
0.01741180568933487
0.0
0.5665517449378967
0.0
0.0
0.17264491319656372
0.0
0.0
0.0
0.0
0.0
0.0
0.3150225579738617
0.20683082938194275
0.0
0.0
1.319983720779419
0.6308556795120239
1.0679054260253906
0.7860832214355469
1.74186110496521
0.42682474851608276
0.7826711535453796
0.20701786875724792
0.0
0.0
0.4085388779640198
0.4821394383907318
0.9257802963256836
0.1338549554347992
0.9077075123786926
1.3992666006088257
0.0
0.5079302787780762
0.6459364891052246
0.8168419003486633
0.2018456757068634
0.42441946268081665
0.6228314638137817
0.1923752725124359
0.05432499200105667
0.0
0.0
0.0
0.7735787630081177
0.0
0.0
0.0
0.0
0.0
0.0
0.0
0.0
0.0
0.0
0.1561272293329239
0.0
0.0
0.0
0.0
0.0
0.741413950920105
0.0
0.0
0.0
0.0
0.0
0.0
0.0
0.6593090891838074
0.0
0.0
0.0
0.0
0.0
0.0
0.1665022373199463
0.0
0.0
0.0
0.0
0.0
0.0
0.0
0.0
0.0
0.0
0.0
0.0
0.0
0.0
0.0
0.0
0.7320652604103088
0.0
0.0
0.0
0.0
0.0
0.0
0.0
0.0
0.0
0.2733892500400543
0.389474093914032
0.1327035129070282
0.5135486721992493
0.0
0.0
0.0
0.0
0.0
0.0
0.0
1.178930401802063
1.0685933828353882
0.0
0.284053772687912
0.0
0.14421352744102478
0.5164492726325989
0.14884676039218903
0.0
0.3607044816017151
0.0
0.29715222120285034
0.0
0.0
0.0
0.0
0.0
0.0
1.1465628147125244
0.2923712432384491
0.3562508225440979
0.0
0.0
0.0
0.0
0.0
0.0
0.0
0.0
0.9401533603668213
0.0
0.0
0.0
0.8241661190986633
0.08821194618940353
0.6810743808746338
0.0
0.0
0.0
0.39580613374710083
0.8514469265937805
0.5807692408561707
1.2838151454925537
0.9041990041732788
1.1932063102722168
0.0
0.23825471103191376
0.22431637346744537
0.4676356315612793
0.6419258117675781
0.41917601227760315
0.6015011668205261
0.4658074676990509
0.1299668401479721
0.34241294860839844
0.0
0.0
0.0
0.3322852551937103
0.0
0.02763615921139717
0.0
0.0
0.0
0.5434849262237549
0.32399120926856995
0.8311173915863037
0.0
0.4591527283191681
0.0
0.3321145176887512
0.43742358684539795
0.6727262139320374
1.075470209121704
1.0742307901382446
0.1473625749349594
0.0
0.0
0.651100754737854
0.7920075058937073
0.8510662913322449
0.7755593061447144
1.2491514682769775
0.5023083090782166
0.3238554298877716
0.0
0.0
0.3825928866863251
0.0
0.0
0.0
0.0
0.0
0.0
0.0
0.0
0.0
0.0
0.0
0.0
0.0
0.12895406782627106
0.22487545013427734
0.0
0.292886346578598
0.11793879419565201
0.0
1.2437177896499634
0.0
0.0
0.2731674611568451
0.03218626230955124
0.5844584703445435
0.12171463668346405
0.17409080266952515
0.0
0.0
0.0
0.0
0.0
0.0
0.0
0.0
0.0
0.0
0.0
0.657817542552948
0.0
0.0
0.2942737638950348
0.0
1.2653379440307617
1.2682404518127441
0.0
0.9579890370368958
0.3388735055923462
1.5312031507492065
0.7696511149406433
0.25045207142829895
0.6629413962364197
0.6309700608253479
0.16419535875320435
1.1238408088684082
0.8623074293136597
1.1035083532333374
0.39408013224601746
1.2110618352890015
0.0
0.44674089550971985
0.8848063945770264
1.2112400531768799
0.7775978446006775
0.8410688638687134
1.0026025772094727
1.0792994499206543
0.3353610932826996
0.38203153014183044
1.2665431499481201
1.452366828918457
0.31189411878585815
0.15082107484340668
0.0
0.4396446645259857
0.5580148696899414
1.205674648284912
1.0636475086212158
0.06459106504917145
0.0
0.0
0.0
0.23417851328849792
0.0
0.0
0.0441165566444397
0.0
0.0
0.0
0.0
0.5948734283447266
0.38737979531288147
0.7292724251747131
0.8618309497833252
0.04559159278869629
1.035021185874939
0.9488828778266907
0.0
0.7947961091995239
1.6773189306259155
0.0
0.9798341989517212
0.0
0.0
0.6537776589393616
0.43717145919799805
0.3398847281932831
0.4724659025669098
0.0
0.3779611587524414
0.0
0.029680807143449783
0.0
0.0
0.0
0.0
0.07957504689693451
0.0
0.0
0.0
0.0
0.0
0.0
0.0
0.5941697955131531
0.0
0.0
0.0
0.0
0.0
0.0
0.0
0.0
0.0
0.0
0.0
0.40426358580589294
0.0
0.0
0.18885329365730286
0.3786085247993469
0.7761516571044922
0.3141947388648987
0.5563750267028809
0.37886449694633484
0.0
0.22486381232738495
0.0
0.17173981666564941
0.0
0.0
0.0
0.0
0.0
0.0
