-0.37773188948631287
-0.8484681248664856
-0.8843112587928772
-0.2789720892906189
0.5175932049751282
0.34470832347869873
-0.5795421600341797
0.19464753568172455
-0.028392281383275986
-0.45111533999443054
-0.04364984855055809
0.4656960368156433
0.08204784244298935
-0.6330227255821228
-1.0538064241409302
0.18838214874267578
-0.48558586835861206
-0.5910286903381348
-0.6547818779945374
-0.8677651286125183
-1.812804102897644
-1.7405651807785034
-1.2578316926956177
-0.6596394777297974
-0.5255308747291565
-0.3762267827987671
-1.3952240943908691
-1.1679261922836304
-1.2892169952392578
-1.2372498512268066
-0.7806408405303955
-1.1625797748565674
-0.2843858301639557
-1.085244059562683
-1.0234540700912476
-0.5650061368942261
-1.2029811143875122
-1.0613081455230713
-1.0114421844482422
-0.5765171051025391
-0.20368647575378418
-0.6241957545280457
-0.593786895275116
-1.30009925365448
-1.6168169975280762
-2.0931003093719482
-1.5590349435806274
-0.3939470052719116
-0.32219019532203674
-0.9541587829589844
-1.5166959762573242
-2.0257630348205566
-2.0447280406951904
-1.8657782077789307
-0.8490579724311829
-0.4503745138645172
0.05137009918689728
-0.29207944869995117
-0.6861320734024048
-1.1057740449905396
-1.1340699195861816
-0.8647035360336304
-0.1966545730829239
-0.3269619047641754
-0.608811616897583
-0.841926634311676
-0.690232515335083
-0.5535848736763
-0.7956565618515015
-0.5789492130279541
-0.2959286868572235
0.029397929087281227
-0.9980595111846924
-1.6265926361083984
-0.5674707889556885
-0.7109651565551758
0.11011262983083725
-0.10034309327602386
-1.2687299251556396
-0.8679773211479187
0.2417166382074356
-0.06441446393728256
-0.2645772397518158
-0.17476707696914673
0.3788941204547882
-0.008307278156280518
-0.5712906122207642
-0.7926089763641357
0.5136473178863525
1.3046810626983643
0.18534888327121735
-0.40700510144233704
-0.35118159651756287
0.12782377004623413
-0.2630239427089691
-0.24396155774593353
0.2067946344614029
0.4178999066352844
0.015650443732738495
-0.5005092620849609
-0.5983662605285645
-0.8479088544845581
-0.7830605506896973
-0.29473602771759033
-0.5457054972648621
-0.09923849999904633
-0.06627489626407623
-0.43032726645469666
-0.5176678895950317
-0.4775335192680359
-0.6162920594215393
-0.2027675360441208
-0.4285544753074646
0.043943677097558975
-0.25448474287986755
-0.5821847915649414
-0.20666252076625824
-0.0705072283744812
-0.9616605043411255
-0.9545862078666687
-0.5859382748603821
-0.14359478652477264
0.43522101640701294
0.0185751523822546
-0.5431587100028992
-0.5577223896980286
-0.6905485987663269
-0.9840227365493774
-0.19789652526378632
-0.3656797409057617
-0.33200767636299133
-0.7619956731796265
-0.8176491260528564
-0.9772946238517761
-1.027244210243225
-0.8626494407653809
-0.31598472595214844
-0.5849193930625916
-0.4041226804256439
-0.7309715747833252
-0.6890486478805542
-0.404018372297287
-0.8529652953147888
0.12498239427804947
-1.1489777565002441
-1.1724191904067993
-1.1133027076721191
-1.4333546161651611
-2.02435302734375
-0.2501600980758667
0.3698819577693939
-0.24630656838417053
-0.9555847644805908
-1.2937023639678955
-1.8798612356185913
-1.4803794622421265
-0.5133563280105591
-0.39524805545806885
0.47698599100112915
-0.14183078706264496
-0.0902898833155632
-0.6087705492973328
-1.3391082286834717
-0.6210296750068665
0.307652086019516
0.33416080474853516
0.5458114147186279
0.029001353308558464
0.16587644815444946
0.19860364496707916
-0.532359778881073
-0.5318101048469543
-0.6316294074058533
-0.6447350978851318
-0.5426651835441589
-0.3732910752296448
0.093323715031147
-0.3346113860607147
0.007874359376728535
-0.7982435822486877
0.12229841947555542
-0.44739988446235657
0.3641388714313507
-0.27748435735702515
0.048668961971998215
-0.7432960867881775
-0.4719809591770172
-0.15268878638744354
-0.05373324453830719
-0.15222173929214478
-0.00131533807143569
-0.8122919797897339
-0.2771969437599182
-0.5892917513847351
0.16193623840808868
0.5023596882820129
-0.103953056037426
-0.8092870712280273
-1.5527740716934204
-1.0007619857788086
-0.7041432857513428
-0.993985652923584
0.7186905741691589
0.9263675808906555
0.19301941990852356
-1.1616894006729126
-1.8530610799789429
-0.9351670742034912
-0.40393027663230896
-0.8758752942085266
0.05318419635295868
-0.24418653547763824
-0.38765448331832886
-0.5752660632133484
-1.6276057958602905
-0.7583882212638855
-1.2172703742980957
-1.7151377201080322
-1.4814220666885376
-0.8920450210571289
-0.6622932553291321
-0.6933320164680481
-1.0786082744598389
-0.5658022165298462
-0.9203041195869446
-1.3010815382003784
-0.47748929262161255
0.3809000253677368
0.3103176951408386
-0.5858362913131714
-0.6755926609039307
-0.5934820175170898
-0.3749106526374817
-0.681521475315094
0.26875928044319153
0.619064450263977
-0.3432198762893677
-1.502672791481018
-1.6765720844268799
-1.061959981918335
-0.24791552126407623
-0.4465751647949219
-0.20687738060951233
-1.1519269943237305
-1.8734534978866577
-1.7111181020736694
-2.1402511596679688
-1.1375339031219482
-0.17466340959072113
-0.9779277443885803
-1.3102267980575562
-1.3547443151474
-1.038550615310669
-0.4939441978931427
-0.6405520439147949
-0.40362516045570374
-0.9941918253898621
-0.7510933876037598
-1.0812839269638062
-1.2453724145889282
-1.2786144018173218
-1.0286539793014526
-1.3735923767089844
-1.1763923168182373
-0.7454639673233032
-1.331968903541565
-1.870047688484192
-1.59503972530365
-1.3236393928527832
-0.4778650104999542
-1.7516943216323853
-0.8638310432434082
-0.5063721537590027
-1.1089671850204468
-1.4518879652023315
-0.8845155835151672
-1.0088759660720825
-1.3031166791915894
-1.9409537315368652
-0.6099558472633362
0.01746823638677597
0.0819534957408905
-0.27299901843070984
0.45082470774650574
-0.6149793267250061
-1.4713646173477173
-1.085944652557373
-0.6323801875114441
0.052561476826667786
-0.3629395663738251
-1.3655214309692383
-0.7909634113311768
-0.23424986004829407
-1.6817717552185059
-1.4509791135787964
-1.2196940183639526
-0.3294677138328552
-0.49699103832244873
-1.933780550956726
-0.8736475706100464
-0.7464344501495361
-1.1767953634262085
-1.6030081510543823
-0.9745363593101501
-0.5824631452560425
-0.6510826349258423
-0.7208089828491211
-0.556911051273346
-2.085561513900757
-2.3984122276306152
-2.6849887371063232
-1.5851045846939087
0.20751886069774628
-1.0735567808151245
-0.9229092597961426
-1.0297503471374512
-1.6848522424697876
-1.7347151041030884
-1.1953071355819702
-0.8171818256378174
-0.21312472224235535
-0.8389467000961304
-0.7654901742935181
-0.16591361165046692
-0.1750507652759552
-0.2734985947608948
-1.0672169923782349
-1.2267557382583618
0.2545078694820404
-0.865361213684082
-0.13121622800827026
0.38067832589149475
-0.48650163412094116
-0.3785693049430847
0.34916332364082336
-0.9440728425979614
-0.6304206848144531
-0.3378642797470093
-0.5484185218811035
-0.8665431141853333
-0.856640636920929
-0.7681370973587036
-0.19509924948215485
-0.1400711089372635
-0.6026173233985901
0.26185306906700134
-0.23132522404193878
-1.4516957998275757
-1.5997328758239746
-0.5922074913978577
-0.5703681111335754
-0.5122762322425842
-0.614591658115387
-0.22322441637516022
-0.2916926145553589
-0.3460749387741089
0.06161417067050934
0.4228065609931946
0.10912638902664185
-0.972766637802124
-0.383830189704895
0.2078981101512909
0.9660859107971191
0.2152169644832611
-0.8869810700416565
-0.44750943779945374
-0.317616730928421
-0.16122575104236603
-0.8539193868637085
0.18023185431957245
0.5638143420219421
-0.8500234484672546
-1.7476773262023926
-1.6300939321517944
-1.3070998191833496
-0.524797260761261
-1.3600471019744873
-0.3428006172180176
-0.7135388851165771
-1.3823214769363403
-0.9191954731941223
-0.8513062596321106
-0.5279194116592407
-0.5712769627571106
-1.4164363145828247
-0.6835435032844543
-1.1484363079071045
-1.366004228591919
-0.7198885679244995
-0.5334607362747192
-0.4885483682155609
-0.07879409193992615
-1.1716691255569458
-1.0412631034851074
-1.657479166984558
-0.670799195766449
0.35811665654182434
0.019242417067289352
-0.8592756390571594
-0.8422602415084839
-1.3089712858200073
-0.4732172191143036
0.45018649101257324
0.6312187910079956
-0.25260427594184875
-1.1536455154418945
-0.7831554412841797
-0.27621620893478394
-1.0941965579986572
0.8200197815895081
0.40322908759117126
-0.9391033053398132
-1.429276466369629
-1.4197379350662231
-1.5920281410217285
-1.4884909391403198
-1.247143268585205
0.12319768220186234
-0.6541355848312378
-0.09732881933450699
0.17538690567016602
0.12177194654941559
-0.8207563161849976
-0.9143244624137878
-1.0146489143371582
-0.5164020657539368
-0.7320514917373657
0.5108289122581482
0.5665121078491211
-0.04996024817228317
-1.1326552629470825
-0.2819790840148926
-0.9393414855003357
-0.3517023026943207
-0.5132754445075989
0.13774053752422333
-0.5018995404243469
-0.9623002409934998
-1.762043833732605
-0.5941472053527832
-0.8076483607292175
-0.8754632472991943
-0.26367509365081787
-0.48467758297920227
0.028989266604185104
-0.18460866808891296
-0.3504178822040558
-0.17552262544631958
0.3675731420516968
0.5145175457000732
0.5760533213615417
-0.19988314807415009
-0.9733293056488037
-0.6271591782569885
0.07698917388916016
-0.016491372138261795
-0.014751361683011055
-0.07338639348745346
-0.29212522506713867
-0.754748523235321
-1.321435570716858
-1.0663254261016846
-0.9241938591003418
-0.9260709285736084
-0.29233479499816895
0.02324807271361351
-0.10037615895271301
-0.2375003695487976
-0.6806954145431519
-0.5573690533638
-0.706740140914917
-1.1307257413864136
0.20730027556419373
0.15829670429229736
0.3694273829460144
0.5522617697715759
0.3777971565723419
0.4309837818145752
0.3517976403236389
-0.22821317613124847
0.24111194908618927
-0.154156893491745
0.4544577896595001
-0.16530975699424744
0.06816747784614563
0.2461230456829071
0.30705055594444275
0.0052486262284219265
-0.43271276354789734
-0.764968752861023
-0.7826542854309082
-0.6627982258796692
-0.29014796018600464
0.0548337921500206
0.2123907506465912
0.03267498314380646
-0.6476948857307434
-1.087877869606018
-1.6471577882766724
-0.8237069845199585
0.39719390869140625
0.4849020838737488
0.18860386312007904
0.18404193222522736
0.06562551856040955
0.07075248658657074
-0.14338010549545288
-0.18316897749900818
-0.13109630346298218
-0.34448859095573425
-0.303146094083786
-0.06522788107395172
-0.35995954275131226
0.15345197916030884
0.024108486250042915
-0.12392836809158325
0.06767696142196655
-1.4389183521270752
-1.3834197521209717
0.22808869183063507
-1.3264997005462646
-0.46724778413772583
-0.45518890023231506
-0.9313709735870361
-1.081841230392456
-1.1280217170715332
-2.06307315826416
-1.2694835662841797
-0.802139163017273
-0.565049409866333
-0.08834357559680939
-0.78251713514328
-1.252506136894226
-1.4642553329467773
-0.6347640156745911
-1.5724841356277466
0.16186752915382385
-0.44792163372039795
0.16819122433662415
0.3932443857192993
-0.015404297038912773
-0.5036778450012207
0.2001846432685852
-0.4382588863372803
0.1234026625752449
-0.333028107881546
-0.33906587958335876
0.08318384736776352
0.1671617031097412
-0.7904778122901917
-1.1008232831954956
-0.8766056299209595
-0.9316972494125366
-0.9987253546714783
-1.4108351469039917
-1.588594675064087
-1.489283561706543
-2.000535488128662
-1.8475168943405151
-1.3604297637939453
-0.8404616117477417
-1.92119300365448
-1.9683520793914795
-2.043818950653076
-2.5554020404815674
-2.302670955657959
-2.3913304805755615
-1.5259894132614136
0.9104650616645813
-0.3239136040210724
-1.041481375694275
-1.0333141088485718
-1.067116379737854
-0.2959648370742798
-0.44623610377311707
-0.4408011734485626
-0.20593693852424622
-0.4236430823802948
-1.101454734802246
-0.10536972433328629
0.039263367652893066
-0.6394093632698059
-0.6017356514930725
0.15582315623760223
-0.883104145526886
0.10672803968191147
-0.38748741149902344
0.3353804349899292
0.3937552571296692
-0.4888187646865845
-1.2188661098480225
-0.12218724191188812
-1.0184764862060547
0.43460002541542053
0.4193042814731598
-0.3663213849067688
-0.5174211859703064
0.5934446454048157
-0.7719341516494751
-0.5590829253196716
-1.7865649461746216
-1.080236792564392
-0.470272958278656
-0.8598440289497375
-0.9809333682060242
-0.21832865476608276
-0.8012818694114685
-0.7332060933113098
-1.578063726425171
-1.570088505744934
-0.3397963345050812
0.16325129568576813
-0.16570879518985748
-0.23994573950767517
0.04527086764574051
-0.36467432975769043
-0.5480381846427917
-0.860852837562561
-0.4166572093963623
-0.9410417675971985
-0.8685495257377625
-0.8491545915603638
-0.7096964120864868
-1.1066710948944092
-1.4668445587158203
-0.23761829733848572
-0.20940037071704865
-1.1647720336914062
-1.0940823554992676
-0.9873378276824951
-1.3610079288482666
-1.2770605087280273
-1.5124132633209229
-1.3326936960220337
-0.8992137312889099
-0.8943267464637756
-0.502506673336029
-0.216950923204422
-0.8399839997291565
-0.9653727412223816
-0.4941466152667999
-0.44893115758895874
-0.22865787148475647
-0.7931846380233765
-0.4814533293247223
0.08240190893411636
-0.5757746696472168
-0.988699734210968
-0.9747540950775146
-1.2603262662887573
-0.24381239712238312
-0.39466550946235657
-2.009427070617676
-1.429296851158142
-1.3499425649642944
-1.5965889692306519
-0.400386244058609
0.11799177527427673
0.7015135884284973
0.5786765217781067
-0.2677907347679138
-0.5924607515335083
-0.6212295293807983
-0.031483590602874756
-0.3698376417160034
0.03924081102013588
-0.019665082916617393
0.21946942806243896
0.6124746799468994
-0.25058892369270325
-1.065413236618042
-0.813973605632782
-0.3021727204322815
-0.14735974371433258
-0.8390132784843445
-0.7279166579246521
0.12027784436941147
-0.2505287528038025
-0.49330997467041016
-0.8425676822662354
-0.6939781904220581
-0.749057412147522
-0.8875947594642639
-0.43580394983291626
0.5899125933647156
0.15230177342891693
-0.09288046509027481
-0.6289913654327393
-0.9620344042778015
-0.6903464198112488
-0.22768758237361908
0.012417802587151527
0.04660014808177948
-0.56883704662323
-0.5562548041343689
-0.4716346263885498
0.39002615213394165
0.2535609304904938
0.20651571452617645
-0.5245906710624695
-0.6050635576248169
-0.7906492948532104
-0.4689018130302429
-0.27819547057151794
0.9836040735244751
0.7213475108146667
0.8343614339828491
0.9444662928581238
0.622487485408783
0.9159919023513794
1.086234450340271
0.9849106073379517
0.5622323155403137
0.13476252555847168
0.1041618213057518
0.385498970746994
0.22180017828941345
0.49198439717292786
0.8202452659606934
0.9633774161338806
0.8100355863571167
-0.07625889033079147
-0.37096041440963745
-0.42330795526504517
-0.42432934045791626
-0.5806906223297119
-0.10027626156806946
0.4906001687049866
0.664755642414093
0.17508071660995483
-0.02605433389544487
-0.5734554529190063
-0.4536112844944
-0.542995035648346
-0.17863893508911133
0.7087410092353821
0.40756991505622864
-0.1983829140663147
0.0256417915225029
-0.4554655849933624
-0.6401606798171997
-0.7296926975250244
0.1080898642539978
0.5437890887260437
0.46270668506622314
-0.03882954269647598
0.12106584012508392
-0.052043892443180084
-0.08667411655187607
-0.17166553437709808
0.07885512709617615
0.49199867248535156
0.6180957555770874
0.1365605890750885
-0.3027767539024353
-0.2911006510257721
-0.09746474027633667
-0.029493853449821472
0.06916980445384979
0.5473319888114929
0.6654880046844482
0.6486247777938843
0.21496884524822235
0.21198515594005585
0.3817221224308014
0.3091532588005066
0.3234187662601471
0.643746554851532
-0.46275725960731506
-1.0836821794509888
-0.4654912054538727
0.32258546352386475
-0.5886626243591309
-0.854252278804779
0.03511467203497887
-0.4248583912849426
-0.4096398651599884
-0.6265923380851746
-0.7885612845420837
-0.4476337134838104
-0.1708453744649887
-0.201294407248497
-1.0321859121322632
-0.8327426314353943
-0.39901989698410034
-0.6120657324790955
-0.18042108416557312
-0.09070746600627899
-0.6806423664093018
-1.3670598268508911
-1.2199324369430542
-1.0847705602645874
-0.6285075545310974
-0.7103257179260254
-0.06869329512119293
-0.3563210368156433
-0.09339208155870438
-0.7159327864646912
-0.60855633020401
-0.6925500631332397
-0.2670348882675171
-0.555055558681488
0.47163838148117065
-0.5828660726547241
-1.0115222930908203
-0.8967061042785645
-0.8173849582672119
-0.7608416080474854
-0.03389711305499077
-0.813462495803833
-0.06456940621137619
-0.056726135313510895
-0.039865657687187195
0.029391301795840263
-0.1125108152627945
-0.06528601050376892
0.6304284334182739
-0.3532283306121826
-0.026690738275647163
0.8173775672912598
0.5018624067306519
-0.050830140709877014
-0.399861603975296
-0.11519140750169754
0.4792340099811554
0.3311613202095032
0.246094211935997
0.5373655557632446
0.09244228899478912
-0.16759201884269714
-0.4090021848678589
-0.44203341007232666
-0.579017698764801
-0.4760686159133911
-0.3616473376750946
-0.5664551854133606
-0.9758907556533813
-0.509453296661377
-1.012346863746643
-0.9326192736625671
-0.8561268448829651
-1.3359074592590332
-0.7643089890480042
-1.349245548248291
-1.753424048423767
-2.1399381160736084
-1.9932113885879517
-1.5921624898910522
0.17846541106700897
-0.16141365468502045
0.08730986714363098
-0.05349672585725784
0.7377268671989441
-0.7465903759002686
-1.376800775527954
-0.1591169238090515
-0.6503393650054932
0.721794605255127
0.5004197955131531
0.6365868449211121
0.7909986972808838
1.1104741096496582
-1.0935794115066528
-0.3084792494773865
-0.14579829573631287
0.9854020476341248
1.2048486471176147
1.7821440696716309
2.247511625289917
2.3076677322387695
0.09019894152879715
-0.32018589973449707
0.03345726802945137
0.560721218585968
0.8283182978630066
1.0765409469604492
1.663374423980713
1.306946039199829
0.00696801021695137
-0.5969300270080566
-0.8934510946273804
-0.6389456987380981
-0.3211362063884735
-0.1205090805888176
-0.36506882309913635
-0.9952800869941711
-0.8810099363327026
-0.9148887395858765
-1.401511311531067
-1.7682743072509766
-1.6975852251052856
-1.086997151374817
-1.0080984830856323
-1.3496307134628296
-1.2768653631210327
-0.8358824253082275
-0.39732518792152405
-0.26634910702705383
-0.04411058500409126
-0.09227947890758514
-0.14104731380939484
-0.6711138486862183
-0.3812567889690399
-0.0677885115146637
-0.4565584659576416
-1.384442687034607
0.15096713602542877
1.2281646728515625
0.8717253804206848
0.17235052585601807
-1.213325023651123
-1.1725441217422485
-0.13711614906787872
-1.44196355342865
1.2316243648529053
2.559418201446533
0.7724560499191284
-0.15770332515239716
-0.5958823561668396
-1.699109435081482
-0.36421504616737366
-0.9796445369720459
1.1784718036651611
0.8085513710975647
-0.8151500225067139
-0.3270863890647888
0.31326836347579956
-0.2708772122859955
-0.516974151134491
-1.2159349918365479
-1.2972153425216675
-1.578837513923645
-1.5086305141448975
-0.266529381275177
-0.08834756910800934
-0.3856000304222107
-0.5771421790122986
-1.0533475875854492
-1.7339222431182861
-1.3927744626998901
-0.8986369371414185
-0.7234216928482056
-0.0642082542181015
-0.2931462824344635
-0.2831057608127594
-0.6743913292884827
-1.0576045513153076
-0.35710451006889343
0.07937841862440109
-0.6674643754959106
-0.6714397668838501
-0.37556347250938416
0.574270486831665
-0.501937985420227
-1.0099096298217773
-1.231157660484314
-1.1876797676086426
-1.3950469493865967
-1.1035133600234985
-0.332425594329834
-1.0672577619552612
-1.0316959619522095
-1.2217364311218262
-1.1094239950180054
-0.7072953581809998
-0.38517069816589355
-0.11459106206893921
-0.03491351380944252
0.112577885389328
-0.2378212958574295
-0.7715880274772644
-0.5857648253440857
0.4373930096626282
1.7191611528396606
0.9904803037643433
0.42664965987205505
0.011058617383241653
-0.5564441084861755
-0.6523942947387695
-0.7189560532569885
-0.8058046698570251
0.8736597299575806
0.03145201876759529
-0.38478532433509827
-1.181093454360962
-1.0442599058151245
-0.3346424996852875
-1.07451593875885
-1.4254480600357056
-0.7681824564933777
-0.5400471091270447
-0.9466020464897156
-0.5915114283561707
-0.013826301321387291
0.425222784280777
-0.011643663980066776
-0.03400259092450142
-0.4683370590209961
-0.3969956636428833
-0.26957833766937256
-0.6486799716949463
0.2636326849460602
0.05416829138994217
-0.16457152366638184
-0.2710803747177124
-0.5989054441452026
-0.9247115254402161
-0.8807296752929688
-0.8796680569648743
-0.022867461666464806
0.4962882995605469
0.37352290749549866
-0.01810239441692829
-0.20375047624111176
-0.6763477325439453
-0.8653024435043335
-0.5932585000991821
-0.772799551486969
-0.12368500232696533
0.7809934616088867
0.7400913834571838
0.5054132342338562
0.09533070772886276
0.07295475155115128
-0.327563613653183
-0.392419695854187
-0.6278248429298401
-1.1109641790390015
0.6655442118644714
-0.31483274698257446
-0.7030855417251587
-0.05921138823032379
-0.7118651270866394
-0.7663671970367432
-1.3377543687820435
-1.3491675853729248
-0.016948478296399117
-1.134744644165039
-1.6666525602340698
0.23986975848674774
-1.592347502708435
-1.160815715789795
-0.7370865345001221
-0.9487090706825256
0.43952399492263794
0.9633756875991821
-0.027378374710679054
0.8666638731956482
-0.8607454299926758
-0.30806276202201843
0.41865459084510803
-0.4282425045967102
-0.7028359770774841
-0.39041051268577576
0.02899813838303089
-0.20244765281677246
-0.3485014736652374
-0.19316232204437256
-0.7012476325035095
-1.365813136100769
-1.842963457107544
-1.546936273574829
-1.2352509498596191
-0.7598260641098022
-0.6544666290283203
-0.3334687352180481
-0.3940003514289856
-0.3379024267196655
-0.4117256999015808
-0.40155261754989624
-0.7883569002151489
-0.28278177976608276
-1.2189942598342896
-0.5150952339172363
1.0139789581298828
0.7745217084884644
0.027802959084510803
-0.9410621523857117
-1.290238380432129
-0.6768979430198669
-0.8129013776779175
-0.34160447120666504
0.7024121880531311
-0.3862665295600891
-1.0004985332489014
-0.8799882531166077
-1.1437422037124634
-0.7898324131965637
-0.9561830163002014
-1.2558060884475708
-1.3139240741729736
-1.3771010637283325
-1.8451707363128662
-0.7265838384628296
1.0099780559539795
0.6747634410858154
-0.18922069668769836
0.8757866621017456
-0.9001426696777344
-0.6522952914237976
-1.1765438318252563
-0.63919997215271
0.004045089706778526
-0.2795778810977936
1.0720386505126953
2.547100305557251
-0.9956842064857483
-1.4629727602005005
-0.686945915222168
-0.4786869287490845
-0.2196364551782608
-0.9235733151435852
-0.5650074481964111
-0.9214814901351929
-1.6425338983535767
-1.9924395084381104
-1.7560006380081177
-2.1595494747161865
-1.4904932975769043
-0.8915401101112366
-0.6800481081008911
-1.0655455589294434
-0.564694881439209
-0.6815997362136841
-1.4549278020858765
-2.2160463333129883
-1.387075662612915
-0.14313507080078125
0.30158674716949463
-0.22868867218494415
-0.3460357189178467
0.5690898299217224
0.00196654349565506
-0.39723312854766846
0.13457174599170685
0.10809144377708435
0.280572772026062
-0.03555029630661011
-0.8621177673339844
-0.3230586349964142
-1.4860376119613647
-1.2647409439086914
-0.7348433136940002
-0.6280365586280823
-0.45064932107925415
-0.8649519085884094
-1.1179505586624146
-0.7564467787742615
-1.6390039920806885
-0.7011664509773254
-0.1767251193523407
-0.20023977756500244
-0.5745096206665039
-0.8652796745300293
0.20663613080978394
0.019459372386336327
-0.31466951966285706
-0.30654844641685486
-0.9918292760848999
-1.3323063850402832
-0.1847158670425415
-0.7457770705223083
-0.18523764610290527
-0.010523857548832893
-0.7940669655799866
-0.3955446779727936
-0.43863680958747864
-1.2275145053863525
0.7866812944412231
0.6322796940803528
-0.19029627740383148
-0.14064373075962067
-1.38851797580719
-1.416094422340393
-0.8957465887069702
-0.8864675164222717
0.5909262895584106
0.4334774911403656
0.07267370820045471
-0.7748724818229675
-0.5490327477455139
0.05176404118537903
0.6154641509056091
-0.34454700350761414
-0.18309836089611053
-0.44764384627342224
-0.12177112698554993
-1.0341436862945557
-0.6155263185501099
-0.8628836870193481
-0.5731790661811829
-0.7088578939437866
-0.13685117661952972
-0.12569883465766907
-0.8815338611602783
-1.377557396888733
-0.8956440687179565
-0.768858015537262
-1.1011748313903809
-0.8727085590362549
-1.0531249046325684
-0.703118085861206
-1.1180163621902466
-1.307151198387146
-0.651809811592102
-0.31039780378341675
0.06294196099042892
-0.6012986302375793
-0.7444979548454285
-0.8792533278465271
-0.6217725872993469
-0.6153590679168701
-0.6957998871803284
-0.6107842326164246
-0.09118977934122086
-0.19252647459506989
-0.6821668148040771
-0.8920159339904785
-0.33642494678497314
-0.6976196765899658
-0.665047824382782
-0.021499179303646088
-0.6454060673713684
-1.0860422849655151
-0.07608862966299057
-0.25411567091941833
-1.2004649639129639
-1.0044766664505005
-1.6349390745162964
-1.338311791419983
-1.8032032251358032
-1.8089892864227295
0.36890384554862976
-1.068909764289856
-2.1872713565826416
-0.7661795020103455
-0.9921157956123352
0.009140542708337307
0.16295203566551208
-0.5932274460792542
-0.14535008370876312
-2.12833833694458
-1.8964779376983643
-0.8849475383758545
-1.4077341556549072
-1.4483479261398315
-0.4023800790309906
-0.6207149028778076
0.19381332397460938
-1.0936452150344849
-0.4824296236038208
-0.18676140904426575
-1.0288933515548706
-0.42657479643821716
-0.2951985001564026
-0.42907875776290894
0.18641893565654755
-0.6722236275672913
-0.5026209354400635
-1.0363129377365112
-1.7821913957595825
-1.4563639163970947
-1.1395944356918335
-0.9750941395759583
-1.5384211540222168
-1.3509958982467651
-1.2567307949066162
-1.4710267782211304
-1.2268303632736206
-1.033554196357727
-0.7823578715324402
-1.3795663118362427
-1.0051554441452026
-1.2615623474121094
-0.6037671566009521
0.2059030383825302
0.13166239857673645
-0.10209107398986816
-0.20962265133857727
-0.4588000476360321
-0.6404868364334106
-0.8835753202438354
-0.9060696959495544
-1.2827104330062866
-1.2130348682403564
-0.6202207207679749
-0.030788078904151917
-0.9866868257522583
-0.8331283926963806
-1.4205589294433594
-1.2677687406539917
-0.9406567215919495
-2.817369222640991
-2.634661912918091
-1.1377769708633423
-1.3949750661849976
-1.4870184659957886
-1.887457013130188
-1.0795427560806274
-0.9086691737174988
-1.9659080505371094
-0.23545095324516296
-0.5611838102340698
-1.4526760578155518
-1.879355549812317
-1.659230351448059
-1.7946560382843018
-1.5828800201416016
-0.40016278624534607
0.34617993235588074
-0.4547951817512512
-0.7183949947357178
-1.0863096714019775
-1.1599806547164917
-0.6043061017990112
-0.09391334652900696
0.1797918975353241
0.6331730484962463
-0.6846442222595215
-0.9718636870384216
-1.2052735090255737
-0.7271348237991333
-1.0033644437789917
-0.8804541230201721
-0.5566276907920837
-0.648652970790863
-1.2014374732971191
-1.5586683750152588
-0.8428933620452881
-0.15461963415145874
-0.869001030921936
-2.2462158203125
-2.5262880325317383
-2.5125699043273926
-2.4393842220306396
-2.0386898517608643
-0.4290130138397217
-0.6645468473434448
-1.6509305238723755
-1.4077012538909912
-1.6004633903503418
-1.49435293674469
-1.27406644821167
-0.9276862144470215
0.03533279150724411
-0.3075640797615051
0.18541617691516876
0.6178631782531738
-0.18874508142471313
0.030802804976701736
0.943769097328186
0.3616299629211426
0.3467644453048706
0.004447073210030794
0.5402693748474121
0.5046606659889221
0.7143085598945618
0.16015571355819702
0.4744647443294525
0.7205396294593811
0.006886513438075781
0.355521023273468
0.7767075300216675
-0.1545555591583252
0.04240323603153229
0.13898104429244995
-0.37391912937164307
1.1533238887786865
-0.4902401864528656
0.018281422555446625
-0.05857621878385544
-0.5754092335700989
-0.10934584587812424
-0.5017619132995605
-1.1441655158996582
0.591158390045166
-0.4577850103378296
-0.5345228910446167
-0.8941391110420227
-1.4820842742919922
-0.45481449365615845
-0.03751857578754425
-0.4808151423931122
0.8179550170898438
-0.12792859971523285
-0.13999620079994202
-0.884797215461731
-0.9724012613296509
-0.4718644618988037
-0.42592865228652954
-0.5590874552726746
0.654812216758728
-0.38102513551712036
-0.17023612558841705
-0.8026800155639648
-1.0174604654312134
-0.5595470070838928
-0.6521379947662354
-1.0957478284835815
-0.33560052514076233
-0.3061126470565796
-0.5781233310699463
-0.809119462966919
-1.1015129089355469
-0.7779319882392883
-0.7381110787391663
-0.6808932423591614
-0.18192432820796967
-0.5994203090667725
-0.15925469994544983
-0.3345144987106323
-0.37064361572265625
-0.6628674268722534
-0.7599944472312927
-0.603832483291626
-0.37828752398490906
-0.6898102760314941
-0.473396360874176
-0.7902233600616455
-1.233778476715088
-1.6267484426498413
-1.7826120853424072
-1.736407995223999
-0.8498531579971313
-0.2382848709821701
-0.002114814007654786
-1.3232218027114868
-2.480792999267578
-2.042325019836426
-1.194631814956665
-1.0647433996200562
-0.9309481382369995
-0.7324334383010864
-0.3343852758407593
-1.8555097579956055
-2.1467676162719727
-1.4588333368301392
-0.6896767616271973
-0.5514571070671082
-0.284951776266098
-0.6150462031364441
-0.25025632977485657
-0.42032527923583984
0.4893297255039215
0.9778757691383362
0.4453643560409546
0.640752375125885
0.3603816628456116
0.1471729874610901
0.6953635811805725
1.3031903505325317
1.442352533340454
0.9739235639572144
-0.3855959177017212
-0.6750175356864929
-0.35967767238616943
-0.21860498189926147
1.1822993755340576
0.9694936871528625
0.07529635727405548
-1.0297260284423828
-1.296540379524231
-0.8483158349990845
-0.3084680140018463
-0.7494770884513855
-1.0449881553649902
-0.8473715782165527
-0.6897040605545044
-0.27570441365242004
-0.16076089441776276
-0.3497510552406311
-0.6832550168037415
-0.5750218033790588
-0.48788541555404663
-0.5411097407341003
-0.21423301100730896
0.06947938352823257
-0.15743188560009003
-0.24507464468479156
-0.06863095611333847
-1.2642693519592285
-0.9676617980003357
-0.7838829755783081
-0.8915534019470215
-0.7273862957954407
0.44587862491607666
0.42507538199424744
0.39603275060653687
-1.3051799535751343
-1.7185068130493164
-1.7325071096420288
-1.778233528137207
-1.1032679080963135
0.06408385932445526
0.5624400973320007
0.5178374648094177
-0.4979061186313629
-1.277436375617981
-1.2097550630569458
-1.1281768083572388
-0.7527660727500916
-1.031895399093628
-0.275559663772583
-0.21511194109916687
-0.08054611086845398
-0.33936822414398193
-0.1757325679063797
0.7911571860313416
1.3803009986877441
0.6771631240844727
0.1956883817911148
-0.2865889072418213
-0.22720898687839508
-0.027746153995394707
0.818723738193512
0.9558456540107727
1.4796003103256226
1.330427646636963
0.802873969078064
-0.17003345489501953
-0.5706890821456909
-0.195417582988739
0.35791531205177307
-0.3141608238220215
0.1636093705892563
-0.23733261227607727
-0.4123176336288452
-0.7095377445220947
-0.7135785222053528
-1.1249085664749146
-1.4064744710922241
-1.160478115081787
-0.9180784821510315
-1.2863023281097412
-1.349967360496521
-1.2448394298553467
-0.41457435488700867
-0.8398833274841309
-0.8145978450775146
-0.16502806544303894
-0.1502441018819809
0.7364450097084045
0.07986278831958771
0.5100470185279846
-0.15236727893352509
-0.21855546534061432
0.08907326310873032
0.6437296867370605
0.5957067012786865
-0.010793694294989109
0.17592740058898926
-0.044259145855903625
-0.4774380326271057
-0.26697060465812683
0.12883293628692627
0.5737566947937012
-0.014525656588375568
-2.093625068664551
-1.8666584491729736
-1.5443860292434692
-1.2521867752075195
-1.531632661819458
-0.38715437054634094
-0.2111777514219284
-0.5738909244537354
-0.7976905703544617
-1.653260588645935
-1.4428595304489136
-0.7901152968406677
-0.6588175296783447
-1.3321207761764526
-1.1405023336410522
-0.555370032787323
-0.22474785149097443
-0.7211235165596008
-0.3648373484611511
-1.2481746673583984
-0.37000924348831177
-0.9751845002174377
-2.0154285430908203
-0.8648098707199097
-0.5538885593414307
-1.7924911975860596
-0.8741316199302673
-1.556583285331726
-1.3431782722473145
-1.3434703350067139
-1.2910633087158203
-0.19809259474277496
0.2690889835357666
-0.457071989774704
-0.031632889062166214
-0.6433176398277283
-0.9333624243736267
-0.4979747235774994
0.052944980561733246
-0.1309594362974167
0.0723104476928711
-0.4893263578414917
-0.5284193158149719
0.35577866435050964
0.1703646034002304
-0.2818174958229065
-0.4478275775909424
-0.11443677544593811
0.18913979828357697
0.2903795540332794
-0.05782076716423035
0.36123523116111755
0.3086083233356476
-0.316031813621521
-0.5861528515815735
0.042840827256441116
0.1488121598958969
0.1606263965368271
-0.0016632156912237406
-0.11701876670122147
-0.36453133821487427
-0.6548543572425842
-0.7690370678901672
-0.1578255444765091
0.06831717491149902
0.311492383480072
0.373017817735672
-0.6862865686416626
-0.3105453848838806
-0.38446715474128723
-0.02910890057682991
-0.1520077884197235
-0.1946103423833847
0.13257813453674316
0.16668516397476196
0.004653192590922117
0.018413256853818893
-0.14500823616981506
-0.007471668533980846
-0.5030821561813354
-0.24520282447338104
0.3217735290527344
-0.09450774639844894
0.20370115339756012
0.2896851599216461
0.22065751254558563
-0.038028161972761154
-0.443497896194458
-0.7743020057678223
-0.63511723279953
-0.3574111759662628
-0.13355426490306854
0.060951780527830124
0.3500736653804779
-0.1448713093996048
-0.4510491192340851
-0.4846460223197937
-0.47282445430755615
0.019096598029136658
-0.17117378115653992
-0.15403687953948975
-0.41375839710235596
-0.5885728001594543
-0.2859553396701813
-0.29334861040115356
-0.4647161066532135
-0.39807239174842834
-0.9859912991523743
-1.0743942260742188
-0.7249441146850586
-0.931024968624115
-0.161983922123909
0.3829587399959564
0.3048078119754791
0.007053405977785587
0.3088168501853943
0.6592391133308411
0.6752483248710632
0.7139466404914856
1.0341299772262573
0.2761753797531128
0.9596476554870605
0.8124492168426514
-0.0514882355928421
0.5186639428138733
1.065274953842163
0.6240479946136475
0.5501635074615479
0.21843697130680084
-0.42013585567474365
0.6002548933029175
-1.1168956756591797
-0.9743025302886963
-0.6134427785873413
-0.6065008640289307
-0.3661612272262573
-0.394898921251297
-0.3106531798839569
0.39698028564453125
-1.2726263999938965
-1.6442410945892334
-0.6134918332099915
-0.10656540095806122
0.5450763702392578
0.17269279062747955
0.6191998720169067
0.4300611913204193
-0.3944258689880371
-0.9552868008613586
-1.0799875259399414
-0.3522619605064392
-0.011087946593761444
-0.5053128004074097
-0.12453220039606094
0.2693595886230469
-1.53714120388031
-1.0307555198669434
-0.39674896001815796
-0.7619928121566772
-0.03624838590621948
-0.4752112925052643
-0.9282951951026917
-0.516609787940979
-1.2261303663253784
-1.1580342054367065
-1.4352588653564453
-1.5603573322296143
-0.604266345500946
-0.20731578767299652
0.04416518285870552
-0.2020987570285797
-0.06964588165283203
-0.6964898109436035
-0.03437468409538269
0.09494731575250626
0.1325039267539978
0.6413362622261047
0.5458028316497803
0.09129282832145691
-0.02248447947204113
-0.3145749568939209
-0.03556888923048973
-1.0661728382110596
-1.2463796138763428
-2.047927141189575
-1.161838412284851
0.5836458206176758
-0.13581985235214233
-0.4782715141773224
-0.7398785352706909
-2.1092257499694824
-1.0609325170516968
-2.4421091079711914
-2.8844473361968994
0.4036664068698883
-0.043770141899585724
-0.4910667836666107
-1.0279542207717896
-1.9840346574783325
-0.255215585231781
-0.3073563873767853
-1.4395692348480225
-0.6951243281364441
-0.1528681218624115
-0.31044942140579224
-0.2603551149368286
-1.191773533821106
-0.8168060183525085
-2.183804750442505
-1.7671676874160767
-0.4920929968357086
-0.3327985107898712
-0.7767455577850342
0.14163796603679657
-0.6606431603431702
-1.2702168226242065
-1.7430487871170044
-1.5295530557632446
-0.623206615447998
-0.6286135315895081
-0.14334237575531006
-0.7247505187988281
-0.7603970766067505
-1.007033348083496
-1.1400021314620972
-0.8341078162193298
-0.014752048067748547
-0.614158570766449
0.21096989512443542
-0.06827956438064575
-1.0117692947387695
-0.6473208665847778
-0.2587757408618927
-0.5006283521652222
-0.153575137257576
-0.5457696914672852
-0.954314649105072
-0.7829576730728149
-0.4909423589706421
-0.38408881425857544
-0.27264535427093506
0.22350993752479553
-0.968544065952301
-0.9272713661193848
-0.8961595892906189
-0.5132192969322205
-0.9708203673362732
-1.3402607440948486
-1.3678483963012695
-0.028770187869668007
0.0637243390083313
-1.1431536674499512
-0.9141391515731812
-0.7977297306060791
-1.170939564704895
-1.0494039058685303
-0.7742313146591187
-0.47275400161743164
-0.43046969175338745
-0.1773543804883957
0.02307051792740822
-1.1816519498825073
-1.233847737312317
-1.2074413299560547
-0.15574726462364197
0.35866501927375793
-0.4489164352416992
-0.12144037336111069
-0.19465596973896027
-0.6543118953704834
-1.1154308319091797
-1.0472298860549927
-0.8982433676719666
-0.11449015140533447
-1.2067030668258667
0.06335550546646118
0.0446077436208725
-0.13391155004501343
-0.7383462190628052
-0.4066471755504608
-0.38120168447494507
-0.22578175365924835
-0.9449321031570435
0.37003204226493835
-0.17709611356258392
-0.7850755453109741
-0.12915301322937012
0.44049397110939026
-0.6941397786140442
-1.1178226470947266
-1.3667657375335693
-0.6847139596939087
-0.48735126852989197
-1.2573624849319458
-0.6707109212875366
-0.448955237865448
-0.8860170841217041
-1.2010328769683838
-1.0032179355621338
0.5310826301574707
-0.16988737881183624
-0.4591846764087677
-0.10532832890748978
0.04268034175038338
0.3507740795612335
0.384390264749527
-0.4261181950569153
0.39923229813575745
0.3713507056236267
0.24747492372989655
0.27178052067756653
0.6402920484542847
0.038308579474687576
0.23466171324253082
0.6948588490486145
0.40771985054016113
0.34495386481285095
0.47130030393600464
0.6542194485664368
0.8206433057785034
0.23422840237617493
-0.48685944080352783
0.2628731429576874
-0.4113219678401947
-0.5287368297576904
0.043225061148405075
0.20175468921661377
0.24387434124946594
-0.9037913680076599
-0.4758181571960449
-0.41990524530410767
-0.591899037361145
-0.5548884272575378
-0.1691574901342392
-0.5338723659515381
-0.13726194202899933
0.05277322977781296
0.43801453709602356
-0.10823077708482742
-0.26528018712997437
-0.467264324426651
-0.8768438100814819
-1.1004607677459717
-1.5982136726379395
-0.8990005254745483
-1.0622681379318237
-0.6478110551834106
-0.3114962577819824
-0.5169482231140137
-1.6292301416397095
-1.4269684553146362
-1.734459400177002
-1.266991376876831
-0.42659616470336914
0.15562790632247925
-0.4608180820941925
-0.691288948059082
-1.374367117881775
-0.8764017224311829
-1.2548620700836182
-1.1554267406463623
-0.6735436916351318
-0.2683921158313751
0.0747094675898552
-0.049155186861753464
-0.03828482702374458
0.016739385202527046
-0.4389982223510742
-1.3960949182510376
-0.8005540370941162
-0.8672071695327759
-0.1939167082309723
-0.37358981370925903
-0.978044867515564
-1.2319790124893188
-0.6912025809288025
-1.919555902481079
-1.1831620931625366
-0.7580327391624451
-0.034456051886081696
-0.9427588582038879
-1.6631572246551514
-1.7799696922302246
-1.112410306930542
-1.5018699169158936
-1.0463811159133911
-0.4064177870750427
-1.0054925680160522
-1.0780844688415527
-1.1544829607009888
-1.5830869674682617
-0.8761904835700989
-1.0007659196853638
0.21633386611938477
0.5222011804580688
-0.8748927712440491
-0.7194871306419373
-0.3529979884624481
0.17250937223434448
0.3645094037055969
0.0424860455095768
1.5559325218200684
1.579573631286621
0.5380743741989136
0.4737749695777893
0.13681922852993011
1.06116783618927
0.7505011558532715
0.9730713963508606
1.324149489402771
1.137677550315857
-0.004397189244627953
0.4245781898498535
0.6462813019752502
1.7936339378356934
1.085801362991333
0.4682551622390747
0.6736436486244202
0.6327172517776489
-1.0511047840118408
-0.6311039924621582
-1.1121522188186646
-1.299439549446106
-1.1600474119186401
-1.2434375286102295
-0.8677550554275513
-0.6308302879333496
-0.7010506987571716
-0.451007217168808
-0.3861986994743347
-0.7239691615104675
-0.1469695121049881
-0.35886403918266296
-0.8914803266525269
-0.8102954626083374
-0.8975931406021118
-0.4828294515609741
-0.337154358625412
-0.41998133063316345
-0.589821994304657
-0.895012617111206
-1.5480525493621826
-1.5781577825546265
-0.39216896891593933
-0.08887650072574615
-0.2168489694595337
0.6340732574462891
-0.16265466809272766
-1.048159122467041
-0.6908072233200073
-0.5960668325424194
-0.5533856153488159
-0.4427288770675659
-0.615414023399353
0.16415683925151825
-0.059943005442619324
-0.700268030166626
-0.45698776841163635
0.08053608238697052
-0.5163911581039429
-0.5356627702713013
-0.959530770778656
-0.13180413842201233
0.6282292604446411
0.3281981945037842
-0.08327353745698929
-0.44659048318862915
-0.5673141479492188
-0.3609756827354431
-0.4978495240211487
-0.6518433690071106
-0.13489873707294464
-0.6178655028343201
-0.6206340789794922
-0.5604912042617798
-0.5475891828536987
-0.38233381509780884
-1.0348553657531738
-0.7206047177314758
-0.3751341700553894
-0.44779103994369507
-0.82026606798172
-1.3272632360458374
-0.32784658670425415
-0.5127877593040466
-0.9617165327072144
-0.6045766472816467
-0.8646104335784912
-0.8327639698982239
-0.9812880158424377
-1.1629558801651
-0.30775290727615356
-0.3482970893383026
-0.8429057002067566
-0.7990009784698486
-0.21301858127117157
0.4104783833026886
0.5577543377876282
-0.6635411977767944
-0.02698148787021637
-1.2043299674987793
-1.5513863563537598
-0.07143498957157135
1.3955321311950684
0.15021638572216034
-0.7744206786155701
-0.7219656109809875
-0.5928558111190796
-1.6704217195510864
-0.9858729243278503
0.277546226978302
0.32696154713630676
-0.5202688574790955
-1.3989375829696655
-0.9096735715866089
-0.4308212399482727
-1.2223541736602783
-1.3290718793869019
-0.9899494647979736
-0.8924979567527771
-1.433947205543518
-0.9923059344291687
-0.8025358319282532
0.2732287049293518
-0.8145978450775146
-1.412419319152832
-1.6339762210845947
-1.4619626998901367
-1.5442230701446533
-1.5363487005233765
-1.1271644830703735
0.025047259405255318
-1.4258544445037842
-1.4059802293777466
-1.4257986545562744
-1.7349830865859985
-1.8269963264465332
-1.2031583786010742
-1.0389559268951416
0.06095603480935097
-0.6789697408676147
-0.1522609293460846
-0.38512536883354187
-0.3705523610115051
-1.0182467699050903
-0.2856716215610504
-0.6409307718276978
0.061439886689186096
-0.18614035844802856
-0.0030980200972408056
-0.424793004989624
-0.20356111228466034
-0.5183481574058533
-0.22927325963974
-0.1921815723180771
-0.39504778385162354
0.2621849775314331
-0.2188170850276947
-0.7610554099082947
0.12206439673900604
0.5573753118515015
-0.2691400945186615
0.13274776935577393
-1.1210747957229614
-0.3888198435306549
0.49423015117645264
-0.35348671674728394
-0.8517369627952576
-0.3683964014053345
-0.8086037039756775
-1.1907321214675903
-1.1295933723449707
-1.9006085395812988
-0.4293927550315857
-0.6150528788566589
-0.8776633143424988
-0.2076178789138794
-0.14023324847221375
-0.8366484642028809
0.333495557308197
-1.7945325374603271
-0.47697895765304565
0.0014799544587731361
0.4969194829463959
-0.17870917916297913
-0.3873550593852997
0.5962172746658325
0.6028493046760559
0.19561275839805603
0.053621452301740646
0.5812118053436279
1.056464672088623
-0.010488197207450867
0.08443819731473923
0.25060728192329407
-0.5277103781700134
0.4941643178462982
0.6672800183296204
0.3582504391670227
0.16123124957084656
-0.9352141618728638
-0.6587663292884827
-0.313795268535614
-1.1164528131484985
-1.2714923620224
0.3079395294189453
0.07502150535583496
-0.5744834542274475
-0.6768999099731445
-0.3496983051300049
0.199513241648674
-0.06156393513083458
-0.7681041359901428
-0.43121573328971863
-0.022236544638872147
-0.25791651010513306
0.14193804562091827
-0.31509262323379517
-0.3009197413921356
-0.27655041217803955
-0.057932622730731964
-0.13177378475666046
-0.3918950855731964
0.199395552277565
0.046768881380558014
0.254294216632843
0.20546355843544006
-0.4912509620189667
0.02071508951485157
-0.47264814376831055
-1.1271072626113892
0.3304044008255005
0.7334185242652893
-0.15522676706314087
-0.32053670287132263
-0.7189045548439026
-0.2436542958021164
-0.4876113533973694
-0.3149663209915161
0.4449470341205597
0.9799515008926392
0.00041818933095782995
-0.31647175550460815
0.07978174835443497
-0.07532287389039993
-0.38900911808013916
0.24399609863758087
0.29469186067581177
0.6639277935028076
-0.24049125611782074
-0.6524130702018738
-0.42486897110939026
-0.10952646285295486
-0.6047707200050354
-0.6241811513900757
-0.4616054594516754
-0.5020207762718201
-0.8671260476112366
-0.786187469959259
-0.7879724502563477
-0.1970779299736023
-0.568329393863678
-1.1861493587493896
-0.4690898358821869
-0.6785247325897217
-0.8223051428794861
-0.9867480397224426
-0.30959856510162354
-0.2015412300825119
-0.05096392706036568
-0.5295206904411316
-0.4553943872451782
-0.5241844654083252
-0.33288130164146423
-0.7687549591064453
0.17352771759033203
0.20308656990528107
0.1782349795103073
0.3787074089050293
0.10926128923892975
0.1146056279540062
0.17489276826381683
-0.38226860761642456
0.3933236002922058
-0.0528823584318161
-0.06997605413198471
0.3028319180011749
0.4148135483264923
0.32651790976524353
-0.18395590782165527
-0.6475897431373596
0.051975592970848083
-0.0573744960129261
-0.08536232262849808
-0.3261788785457611
-0.1705571711063385
0.6894508004188538
-0.05903062969446182
-0.33847036957740784
-0.24253354966640472
-0.07468930631875992
0.3857279121875763
0.20064571499824524
0.1256686896085739
-0.37922224402427673
-0.40088582038879395
-0.5084662437438965
-1.0100936889648438
-0.42804548144340515
-0.24594838917255402
-0.1800171583890915
-1.083605408668518
-1.8726170063018799
-1.1765776872634888
-0.7119445204734802
-0.5838428139686584
-0.8505219221115112
-1.5023285150527954
-0.6014438271522522
-1.4235042333602905
-0.21461129188537598
-0.7330455780029297
-0.3627161979675293
-1.111292839050293
-0.7852904200553894
-0.9761355519294739
-0.8414590954780579
-0.97389155626297
-0.49742215871810913
-1.2469027042388916
-0.9165765643119812
-1.6042457818984985
-1.607583999633789
-0.7488228678703308
-0.09575185924768448
-0.30085065960884094
-0.12037205696105957
-0.773705780506134
-0.7176851630210876
0.27721768617630005
0.06386179476976395
-0.1558493822813034
-0.3712403178215027
-0.6838555932044983
-1.0504591464996338
-1.4636424779891968
-0.8335334062576294
-0.5348515510559082
-0.5092312097549438
-0.7645309567451477
-0.8807089924812317
-1.1810715198516846
-1.0206345319747925
-1.1285467147827148
-1.037469506263733
-0.7180158495903015
-1.400112271308899
-1.4499748945236206
-0.4809659719467163
0.19948144257068634
-0.4082324802875519
-0.780464231967926
-0.841355562210083
-0.054091934114694595
-0.20955753326416016
0.24876973032951355
1.2874164581298828
0.4295739531517029
-0.8318732976913452
-1.4364538192749023
-1.6549105644226074
0.2975645661354065
0.745068371295929
0.38775190711021423
0.08786924928426743
-0.8491370677947998
-2.533715009689331
-1.227637767791748
-0.7781223654747009
0.13340315222740173
0.1523229330778122
-1.094651699066162
-0.7898308634757996
-0.7082377672195435
-1.308634638786316
-0.5378133654594421
-0.5074617862701416
-1.1075173616409302
-0.5224392414093018
-1.8802982568740845
-1.343308687210083
-1.486815094947815
-1.5629615783691406
-1.0415198802947998
-0.7334690093994141
-1.234674096107483
-1.8665831089019775
-2.05068039894104
-1.1524420976638794
-0.503743588924408
-1.4613823890686035
-1.318850040435791
-0.6886059641838074
0.13546235859394073
-0.45190271735191345
-0.8349825143814087
-0.3753248155117035
-0.8637102246284485
-1.1866211891174316
-1.650228500366211
-0.7512856125831604
-0.36722251772880554
-1.0340145826339722
-1.135773777961731
-0.8029875755310059
-1.0694793462753296
-1.0858303308486938
-1.3465855121612549
-0.6269970536231995
-0.7462366223335266
-1.641069769859314
-2.011995553970337
-1.5039829015731812
-1.9100947380065918
-3.5050277709960938
-2.27337384223938
-1.4718565940856934
0.6286978125572205
-1.2414841651916504
-1.1208676099777222
-0.6301386952400208
-0.7632327079772949
-1.9478888511657715
-1.1661533117294312
-1.1221067905426025
0.9185693264007568
-1.119027853012085
-1.4226776361465454
-1.9789490699768066
-1.394959568977356
-1.958729863166809
-1.6707301139831543
-0.7255369424819946
-0.03600718080997467
-1.5382441282272339
-2.7712740898132324
-3.341742753982544
-2.7987635135650635
-2.975243091583252
-2.235093116760254
-1.3054426908493042
-0.6661041378974915
-1.4861736297607422
-2.91108775138855
-2.544827938079834
-1.956398844718933
-1.5751194953918457
-0.524431049823761
0.06048440933227539
-0.7900910377502441
-1.4373488426208496
-0.38206493854522705
-0.3693994879722595
-0.5608463883399963
-0.8883605003356934
-0.386105477809906
-0.2362850457429886
-0.08187561482191086
-0.45895370841026306
0.27909836173057556
0.15906478464603424
-0.3275004029273987
-0.3262324631214142
-0.864927351474762
-0.3314274549484253
-0.2491225004196167
-0.19613921642303467
-0.2702751159667969
-0.33035483956336975
0.25647103786468506
-0.6291996836662292
-1.3477716445922852
-0.8505060076713562
-0.24023103713989258
-0.9630972743034363
-1.3585426807403564
-1.86005437374115
-1.0664973258972168
-0.7833192944526672
-1.0119140148162842
-0.7739291191101074
-0.3296622037887573
-0.8113779425621033
-0.6460955739021301
-1.4294922351837158
-1.4488290548324585
-1.2105687856674194
-0.42688366770744324
-0.5335130095481873
-0.3173019289970398
-0.6269158720970154
-0.413251668214798
-0.7332740426063538
-0.5084612965583801
-0.46235746145248413
-0.5295740962028503
-1.0609877109527588
-0.44829073548316956
-0.2637774646282196
0.07895204424858093
-0.1056026890873909
0.28257083892822266
-0.3449152708053589
-0.1590743213891983
-0.3842833340167999
-0.06488806009292603
-0.030073262751102448
0.4858701229095459
-0.07605906575918198
-0.3009178638458252
-1.034632682800293
-0.40101689100265503
0.13936609029769897
-0.06294044107198715
0.2483857125043869
-0.044563569128513336
-0.9468240737915039
-0.8918003439903259
-1.2860804796218872
-1.2078557014465332
-0.5614248514175415
-0.7493536472320557
-0.324031800031662
-0.4223295748233795
-0.8415051102638245
-1.224054217338562
-1.2056376934051514
-1.5001146793365479
-0.9526643753051758
-0.9797353148460388
-1.2793023586273193
-1.4983372688293457
-0.7613829374313354
0.02176409773528576
0.32862213253974915
-0.09577182680368423
-0.2688169479370117
-1.1534343957901
-2.382849931716919
-1.7475125789642334
-1.5024574995040894
-1.1619888544082642
-2.3037595748901367
-2.3015143871307373
-1.1074954271316528
0.3465697765350342
-1.9207268953323364
-1.7867134809494019
-1.3127328157424927
-1.3152880668640137
-0.8936933875083923
-0.8569783568382263
-1.0642684698104858
0.9674988389015198
-1.1118122339248657
-0.9990320205688477
-1.1051955223083496
-1.4795409440994263
-0.8110362887382507
-0.2814604341983795
-0.9257280230522156
0.15978823602199554
-1.0593130588531494
-0.9965680241584778
-1.3211606740951538
-1.7263661623001099
-1.6627700328826904
-1.3199286460876465
-0.9551370739936829
-0.08816330879926682
-1.6552653312683105
-2.2902300357818604
-1.9327012300491333
-2.6226980686187744
-2.8067610263824463
-2.3460187911987305
-0.7599146962165833
-0.6435005068778992
-1.0908461809158325
-1.1814405918121338
-1.3705015182495117
-1.885740041732788
-2.1009786128997803
-1.6427429914474487
-0.105833999812603
-0.7214806079864502
-1.0521570444107056
-0.7856956124305725
-0.7078391909599304
-0.9075110554695129
-0.9903505444526672
-1.3339881896972656
-0.6077767610549927
-0.6249184608459473
-0.4794362187385559
-0.5239365100860596
-0.9866011738777161
-2.0165140628814697
-1.4051926136016846
-1.3315389156341553
-0.4560605585575104
-0.5218362212181091
-0.34107422828674316
-0.9227145314216614
-1.1745774745941162
-2.1830687522888184
-1.6554445028305054
-0.16449770331382751
-0.5711613893508911
-0.4150276780128479
-0.2657696604728699
-0.9969280362129211
-1.0369205474853516
-1.7195152044296265
-0.5150455832481384
1.425481915473938
0.17882384359836578
-0.17416711151599884
-0.08974786102771759
-0.23956936597824097
-0.5162339806556702
-0.4073891043663025
-0.7498583197593689
0.2652694284915924
0.1162935122847557
0.14837169647216797
0.0748242735862732
-0.5206438302993774
-0.22432979941368103
-0.5479844212532043
-1.192791223526001
-0.10231087356805801
0.3630797266960144
-0.5364762544631958
-0.5313542485237122
-0.7356273531913757
-0.20501519739627838
-0.5253642797470093
-1.9468235969543457
-1.4349052906036377
-0.32725125551223755
-0.3436097204685211
-0.7854354381561279
-0.247531458735466
-0.0019623995758593082
-1.0645359754562378
-1.6500595808029175
-1.7087680101394653
-1.2238590717315674
0.3796673119068146
-0.771142303943634
-0.5435715317726135
0.11902684718370438
-0.3366359770298004
-0.35812515020370483
-0.6644757986068726
-0.292671263217926
-0.7589544653892517
-0.768181562423706
-0.5434470772743225
-0.3511139154434204
-0.9607865214347839
-1.7169312238693237
-1.4681609869003296
-1.4680579900741577
-1.1633151769638062
-0.5466779470443726
-0.5319811701774597
-1.1151938438415527
-1.228065848350525
-2.021235227584839
-2.246262788772583
-1.8431720733642578
-2.061962127685547
-1.1505001783370972
-1.0190855264663696
-1.6971321105957031
-1.3635845184326172
-1.610108494758606
-2.212451457977295
-0.9471904635429382
-1.0420926809310913
-1.034317135810852
0.3095588684082031
0.14682865142822266
0.2648134231567383
0.4224439561367035
-1.1677651405334473
-1.0147559642791748
-0.552370011806488
-0.8949386477470398
0.1071595624089241
1.391704797744751
1.6864640712738037
0.0846545621752739
-0.22957855463027954
-0.720217227935791
-1.0038654804229736
-1.5310050249099731
-1.3482050895690918
0.17874856293201447
1.426885724067688
0.04014860466122627
-0.6123895049095154
-1.131352186203003
-0.8860793709754944
-0.865918755531311
-1.0373331308364868
-0.4085388481616974
-0.14768466353416443
-0.3875107169151306
-1.3179545402526855
-0.9337989091873169
-0.4554194211959839
-0.4201090335845947
0.10269300639629364
-0.3867468535900116
-0.05417059361934662
0.1597134917974472
-0.6008552312850952
-0.5086413025856018
0.06186698377132416
0.1094064712524414
-0.20249702036380768
-0.23726670444011688
-1.1394003629684448
-1.7438602447509766
-1.3382784128189087
-0.5830366015434265
-0.18037572503089905
-0.5695306062698364
-0.06852018088102341
-0.41681545972824097
-0.888680100440979
-1.525305986404419
-1.0462019443511963
-0.9956045746803284
-0.10024255514144897
-0.19849559664726257
-0.2512495219707489
-0.9279943704605103
-1.253342866897583
-0.23936644196510315
0.36781126260757446
-0.2914842367172241
-0.8563444018363953
-1.123415470123291
-1.1574451923370361
-1.5785871744155884
-1.4423739910125732
-0.5940046310424805
-0.6072518825531006
-0.8559523820877075
-0.2317299097776413
-0.7069538831710815
-0.7115528583526611
-0.725206732749939
-0.6788750290870667
-0.34275171160697937
-0.5439139008522034
-0.26693636178970337
-0.19460396468639374
-0.33336395025253296
-0.40840673446655273
-0.5831817388534546
-0.910431981086731
-1.3184891939163208
-1.7120623588562012
-0.6679027676582336
-0.14643476903438568
0.3727242648601532
-0.16747817397117615
-0.4233304262161255
-0.5729653835296631
-0.9210784435272217
-1.1300300359725952
-0.7716861963272095
0.29914265871047974
0.1923111379146576
-0.2069523185491562
-0.1062518060207367
-0.22343885898590088
-0.2906535863876343
-0.3539803624153137
-0.7584035992622375
-0.45899826288223267
-1.1656136512756348
-1.3467319011688232
-0.9241374135017395
-1.4077562093734741
-1.4434562921524048
-1.3472193479537964
-0.982210636138916
-1.3286569118499756
-1.2446242570877075
-0.751465380191803
-0.3421415686607361
-1.7718795537948608
-1.7925026416778564
-1.2742317914962769
-0.7646914124488831
-1.7221282720565796
-0.20483052730560303
0.5997772216796875
0.1878260374069214
-0.5006682872772217
-0.38919711112976074
-1.0757355690002441
-1.0898075103759766
-0.9565055966377258
0.1202905923128128
0.3405844271183014
-0.05769948661327362
-0.6277951598167419
-0.16675642132759094
-0.6622369289398193
-1.6868904829025269
-1.0938973426818848
-0.9358780980110168
-0.7258899211883545
-0.811496376991272
-0.4739651083946228
-0.7167631387710571
-1.597485899925232
-1.8520112037658691
-1.200202226638794
-1.2793552875518799
-1.7504551410675049
-2.4792258739471436
-0.8466228246688843
-0.6703842282295227
-1.8897106647491455
-1.8613790273666382
-1.5569969415664673
-1.0835496187210083
-1.937253713607788
-1.747374415397644
-0.4904603660106659
-0.2931326627731323
-1.7056612968444824
-1.3027892112731934
-1.226026177406311
-0.953745424747467
-1.287045955657959
-0.9598992466926575
-0.7418045401573181
-0.6375912427902222
-0.5615898370742798
-0.1541886031627655
-0.29090365767478943
-0.3317790925502777
-0.8172160387039185
-0.45393532514572144
0.8316961526870728
0.05710241198539734
-0.5130653977394104
-0.45615240931510925
0.0006836208631284535
0.29007017612457275
-0.7476085424423218
-0.15011271834373474
0.769547700881958
-0.733561635017395
-1.39149808883667
-0.08736076951026917
0.03012985549867153
-0.31262949109077454
-0.7061318159103394
-0.3354009985923767
-0.40276584029197693
-0.5199635624885559
-1.1036479473114014
0.2288431078195572
0.14788465201854706
-0.8979185223579407
-0.6627843379974365
-0.6557291746139526
-0.6424519419670105
-0.4760364592075348
-0.14783671498298645
0.4720321595668793
0.027135228738188744
-0.5243411660194397
-0.3086804747581482
-0.6227702498435974
-0.4918895363807678
-0.4442599415779114
-0.24823535978794098
0.23591293394565582
0.14092819392681122
0.09610506147146225
-0.30695685744285583
-0.4824596345424652
-0.9273313879966736
-0.578626811504364
-0.9579023122787476
-0.21860679984092712
-0.3735811412334442
-0.18715541064739227
0.17907743155956268
-0.6948223114013672
-1.0466923713684082
-0.8650477528572083
-0.7504493594169617
-0.26063430309295654
-0.35020768642425537
-0.5750192403793335
-0.05027097463607788
-0.44831329584121704
-0.39008161425590515
-0.023766381666064262
0.04350373521447182
0.04514053091406822
0.15566910803318024
0.5070613026618958
0.1575707197189331
-0.1836935132741928
-0.068513885140419
0.2715233266353607
1.0257716178894043
0.880012035369873
-0.0934998020529747
0.024511639028787613
-0.17987461388111115
-0.13084059953689575
-0.0603177510201931
-0.3130182921886444
-0.17275236546993256
0.317807137966156
-0.23645083606243134
0.23106949031352997
0.20028690993785858
-0.1722472757101059
-0.7846741676330566
-0.970305860042572
-0.8190663456916809
0.38653701543807983
-0.7010760307312012
0.07377547770738602
-0.16866840422153473
0.2499355524778366
0.8597368001937866
0.5834978222846985
0.3838266432285309
0.5345904231071472
-0.4892573058605194
-0.4006129503250122
-0.9607006907463074
-0.8671495318412781
-0.11844495683908463
-0.294233500957489
-0.14903931319713593
0.8875480890274048
0.3629963994026184
0.294874906539917
-1.0117121934890747
-1.0066841840744019
-0.45466625690460205
-0.3058178424835205
-0.08708271384239197
0.8805408477783203
0.4248090088367462
0.7022523283958435
-0.2781389653682709
-0.4335097670555115
0.012611713260412216
-0.15507113933563232
-0.4307486116886139
-0.32042136788368225
-0.31958624720573425
-0.032152071595191956
-0.1636095941066742
-0.4592260718345642
-0.4024364650249481
-0.37789881229400635
-0.44901958107948303
-0.30821332335472107
-0.4935920238494873
-0.640496551990509
-0.3689303994178772
-0.12426860630512238
-0.8374149203300476
-1.3256169557571411
-1.6668897867202759
-0.6401224732398987
0.5485435724258423
-0.9722853302955627
-0.10266449302434921
0.8654696941375732
0.03478454425930977
-0.40418681502342224
-0.4486522376537323
-0.29468512535095215
1.2669191360473633
-0.36026713252067566
-0.11140675842761993
0.1980363428592682
0.1549822837114334
1.1589231491088867
1.3624489307403564
-0.07503215968608856
0.22097958624362946
-0.8262823820114136
-1.4744254350662231
-0.825605571269989
-0.4474848806858063
1.2644063234329224
1.1708769798278809
0.1404390037059784
-0.9668102264404297
-1.456730842590332
-1.6809539794921875
-1.3384149074554443
-1.8905324935913086
-0.63776034116745
-0.9070400595664978
-0.9429733753204346
-0.33783113956451416
-1.1233874559402466
-1.0179052352905273
-1.7497154474258423
-2.7341084480285645
-1.6518940925598145
-0.8061999678611755
-0.5527449250221252
0.35405194759368896
-1.59247887134552
-1.340131163597107
-2.4467294216156006
-2.069716215133667
-1.1847301721572876
-0.5669642090797424
-0.6587513089179993
-0.07304705679416656
-0.5389129519462585
-1.265465259552002
-1.7099617719650269
-1.2040117979049683
-0.2045571208000183
-0.1204427182674408
-0.7867779731750488
-0.4479808211326599
0.10036981105804443
0.3070433437824249
0.08909280598163605
-0.5670561790466309
-1.4003866910934448
-1.2963242530822754
-0.4082338213920593
-0.9458678364753723
0.2850276529788971
0.47419974207878113
-0.11384259164333344
-0.17064596712589264
-1.4756832122802734
-1.3813608884811401
-0.3142109215259552
-1.2939414978027344
-0.2730712294578552
-0.273051381111145
-0.5539189577102661
-1.430436372756958
-2.1296913623809814
-2.2657041549682617
-1.415897011756897
-1.076785683631897
-0.7174394726753235
-1.2952241897583008
-1.1849093437194824
-0.7954943776130676
-1.2507672309875488
-0.8707963824272156
-0.9515030384063721
-0.7879149317741394
-1.2350412607192993
-1.2416740655899048
-0.9519725441932678
-0.3991600573062897
0.19095654785633087
-0.16922111809253693
-0.010883240029215813
-1.0221424102783203
-0.5166689157485962
-0.8568533062934875
-0.8191444277763367
-1.4130618572235107
-1.9098620414733887
-1.5250890254974365
-0.8549399375915527
-0.834998607635498
-1.232631802558899
-1.605539321899414
-1.5666872262954712
-1.4689112901687622
-1.3521580696105957
-0.7651010155677795
-1.221737265586853
-0.5470907688140869
-0.5981929898262024
-1.1394799947738647
-0.5747992992401123
-0.6328181624412537
-0.6134348511695862
-0.34628918766975403
-0.7133601307868958
0.07980271428823471
-0.3584974408149719
-0.4721662104129791
-0.08921094983816147
-0.14588148891925812
0.22398941218852997
1.3386945724487305
0.12174477428197861
0.1493154615163803
0.10065630078315735
-0.30711445212364197
-0.22204376757144928
0.3013109862804413
-0.456949919462204
0.39445263147354126
0.8229831457138062
-0.19978803396224976
0.5562149286270142
-0.027849404141306877
0.09048569947481155
-0.09481562674045563
-0.9191100001335144
-0.6240556836128235
0.9987460374832153
0.7036691308021545
0.9784586429595947
-0.07737911492586136
-0.07545541971921921
-0.9464154839515686
-1.1580735445022583
-1.15532386302948
-0.4158385694026947
-0.2571280002593994
-0.9791581034660339
-1.0833755731582642
-0.7948926687240601
-1.3335275650024414
-0.8673029541969299
-0.10170464217662811
-0.03984614089131355
-0.17949602007865906
-0.5866689682006836
-0.7858349084854126
-0.552899181842804
-0.4829808175563812
-0.22313113510608673
0.03143437206745148
0.08032844960689545
-0.16724056005477905
0.5599556565284729
-1.2385776042938232
-1.2670564651489258
-0.9146651029586792
-0.6807494759559631
-0.8046001195907593
0.049622051417827606
-0.6147780418395996
1.0182874202728271
0.4127001464366913
-0.020283596590161324
0.07291866838932037
-0.25773048400878906
-0.21608830988407135
-0.1407322734594345
-0.23526087403297424
-0.43654292821884155
-0.4342590570449829
-0.6938713788986206
-0.8408352136611938
-0.7705622315406799
-0.7298837304115295
-0.5926555395126343
-0.3992815911769867
-0.6424319744110107
-0.5677924752235413
-1.1520715951919556
-0.710929811000824
-0.32217279076576233
-0.4020490050315857
-0.8806142210960388
-0.22943703830242157
-0.7090301513671875
-0.5118691325187683
-1.1684638261795044
-1.83351469039917
-2.093820571899414
-2.0411620140075684
-1.8400869369506836
-0.12892548739910126
0.031371746212244034
-0.500296950340271
-1.9253050088882446
-1.7762408256530762
-0.9502959847450256
-1.4434833526611328
-1.0920963287353516
-0.261713445186615
0.5244532227516174
0.770275890827179
0.468258261680603
1.3752498626708984
0.2591591775417328
-0.23968498408794403
-0.44044893980026245
-0.3070022761821747
0.5969549417495728
1.569635033607483
1.674149751663208
1.1676783561706543
0.16227313876152039
-0.9279219508171082
-1.0942481756210327
-0.42806702852249146
0.46056973934173584
1.1618616580963135
-0.062239158898591995
-0.7419031262397766
-1.1772409677505493
-1.806937575340271
-1.5843597650527954
-0.3173902630805969
0.01720491610467434
0.5415907502174377
-0.30180981755256653
-0.5531979203224182
-0.982416033744812
-0.9549891948699951
-0.8705238103866577
-0.251232385635376
-0.39136776328086853
-0.07613789290189743
0.14573431015014648
-0.34377428889274597
-0.5872295498847961
-1.030556559562683
-0.6254964470863342
-0.23511357605457306
-0.42429718375205994
-0.0027034301310777664
0.21539276838302612
-0.3006444573402405
-1.0188815593719482
-1.707898497581482
-0.6248490810394287
0.14713265001773834
0.01894768327474594
-0.07521604001522064
0.07808732241392136
0.13617528975009918
0.17862531542778015
-0.14221447706222534
-0.3979436755180359
0.08456979691982269
-0.3592642843723297
-0.34959647059440613
0.41318780183792114
0.45272350311279297
0.3663197457790375
0.3412418067455292
-0.3477204740047455
-0.1818317323923111
-0.5474175810813904
-0.42484065890312195
-0.06322252750396729
0.21227535605430603
0.4269234538078308
-0.04931625351309776
-0.3061129152774811
0.00043362838914617896
-0.4090593159198761
-0.44166189432144165
0.0026465023402124643
0.474305659532547
0.3463185429573059
0.12497342377901077
-0.15557731688022614
0.5087252259254456
0.47397753596305847
0.4897722005844116
0.5237348079681396
0.6231246590614319
0.5831635594367981
0.4709174931049347
0.1380341798067093
0.6376747488975525
0.6263923645019531
0.6965557932853699
0.48190903663635254
0.7106418013572693
0.6896988749504089
0.3454744815826416
0.09397684782743454
0.13721229135990143
-0.46530240774154663
-0.5060193538665771
0.48988643288612366
0.5834826231002808
-0.7193224430084229
-0.6550642848014832
-0.26055583357810974
0.4163241982460022
-0.6321807503700256
-0.9112778306007385
-0.18189376592636108
-0.022697463631629944
0.022959986701607704
0.1605692356824875
0.36710670590400696
-0.1520790308713913
-1.1013145446777344
-0.8941211700439453
-1.427066445350647
-1.0529539585113525
0.25586915016174316
0.60835862159729
0.14222422242164612
-0.2481698840856552
-0.6718791723251343
-1.2632864713668823
-1.642046332359314
-1.7537031173706055
-2.158975601196289
-1.1900150775909424
-0.4446461498737335
-0.18526935577392578
-0.22410650551319122
-0.7425370216369629
-0.7939422726631165
-1.9808664321899414
-1.2923504114151
-1.536222219467163
-0.7631391882896423
-0.07836507260799408
-0.6797553896903992
-0.8074967861175537
-0.7456907033920288
-0.9925036430358887
0.014347890391945839
-0.3173288404941559
0.025487368926405907
0.5979923605918884
-0.4724133014678955
-1.1818978786468506
-1.3476026058197021
-1.4762111902236938
-0.5056915283203125
-0.16267195343971252
0.11877995729446411
0.5009093880653381
0.11959744989871979
-0.7451430559158325
-0.40546169877052307
0.1192789375782013
0.49138134717941284
0.899978518486023
0.548119306564331
0.7790465950965881
-0.12924492359161377
-1.021638035774231
-0.7913473844528198
-0.4265820384025574
-1.0183805227279663
-0.9916905760765076
-0.270851731300354
-0.4773625433444977
-0.639504611492157
0.17208202183246613
0.6952389478683472
0.24081359803676605
-1.3675527572631836
-1.4107341766357422
-0.4381089210510254
0.6402065753936768
-0.32500988245010376
0.7343484163284302
1.019031286239624
0.08471004664897919
-2.172922134399414
-1.1458721160888672
-0.6157734990119934
-0.2688882350921631
-0.5015146732330322
-0.5377805233001709
-1.2828590869903564
-0.5483766794204712
-1.6177186965942383
-0.9278079271316528
-0.29889124631881714
-0.46691083908081055
-0.7656819820404053
-0.4591608941555023
-0.29572534561157227
0.35027411580085754
0.1951872706413269
0.35751399397850037
-0.329082727432251
-0.3686535060405731
0.3322431147098541
1.0732214450836182
0.07585066556930542
-0.46299996972084045
-1.114393711090088
-0.18419595062732697
-0.08089682459831238
-0.6183976531028748
0.04824293032288551
0.18868428468704224
-0.8245828151702881
-0.7649784088134766
-1.4102766513824463
-0.5937724113464355
-0.10156813263893127
-0.15571321547031403
-0.31175583600997925
-0.6360886693000793
-0.2394087314605713
-0.15237188339233398
-0.7146275639533997
-0.8044266700744629
-0.34664255380630493
-0.18468032777309418
-0.2703131437301636
0.015219285152852535
-0.4203270971775055
-1.7415889501571655
-1.2299675941467285
-1.0799793004989624
-1.1165266036987305
-0.8103790879249573
-0.435305655002594
-0.6360320448875427
-1.3616379499435425
-1.7455521821975708
-1.6319798231124878
-1.3751506805419922
-1.4664103984832764
-0.7895454168319702
-1.213505506515503
-2.013627052307129
-1.3558106422424316
-0.2654111683368683
-0.1590549349784851
0.09645309299230576
-1.3512370586395264
-0.5833396911621094
-1.7319589853286743
-1.184618592262268
0.07764981687068939
-0.699150562286377
-0.47857484221458435
0.34416937828063965
-0.5912644863128662
-0.05662373825907707
-0.9000361561775208
0.22484874725341797
0.26297298073768616
-0.005764381494373083
0.5237365961074829
0.6548587083816528
-0.808861255645752
0.05524291470646858
0.0739339217543602
0.2395300567150116
0.42168304324150085
-0.2270931750535965
-0.11824492365121841
-0.5688761472702026
-1.430348515510559
-0.6600283980369568
-0.157762348651886
0.5135719180107117
0.21279120445251465
-0.3865821361541748
-0.3710382282733917
-0.6340272426605225
-0.889184296131134
-0.5257313847541809
-0.903835117816925
-0.27541813254356384
-0.28858014941215515
-0.19892436265945435
-0.20124463737010956
-0.26302748918533325
-0.21621696650981903
-1.106966257095337
-0.694955050945282
-1.2045862674713135
-1.165041208267212
0.30987250804901123
-0.3369203507900238
-1.5122768878936768
-1.1014714241027832
-0.0639471560716629
-0.4744764566421509
-0.35780107975006104
-0.10238543152809143
0.4860479533672333
1.4839317798614502
0.3767620027065277
-0.5905686616897583
0.34583520889282227
-0.024752292782068253
0.2831328511238098
-0.21618373692035675
-0.25994062423706055
0.24652105569839478
0.7679849863052368
-0.3842029273509979
-0.42796018719673157
-1.1231749057769775
-0.06632990390062332
-0.8156916499137878
-0.48569387197494507
-0.3985328674316406
0.28701937198638916
-0.44030603766441345
-0.571476399898529
-0.9259535670280457
-1.2803348302841187
-0.842229425907135
0.16425199806690216
0.9359750747680664
0.07082017511129379
-0.8252184987068176
-0.9156736731529236
-0.6549468040466309
-1.7071164846420288
-2.0432887077331543
-1.2777538299560547
-0.8515371084213257
-0.9984238147735596
-1.6947100162506104
-1.6522854566574097
-1.5800758600234985
-1.0768221616744995
-1.565119743347168
0.1912073940038681
0.004063427913933992
0.20490942895412445
-1.095709204673767
-0.9847939014434814
-1.1862919330596924
-0.9165562987327576
-0.40444421768188477
-0.2121010720729828
-0.5381167531013489
-0.7670822143554688
-0.41481369733810425
-0.1899319887161255
0.07180191576480865
-0.14562131464481354
-0.6424251198768616
-0.3907228708267212
0.24375224113464355
-0.24811755120754242
-0.5564427971839905
-0.7369502186775208
0.03894711285829544
-0.3528604209423065
-0.6396063566207886
0.1732162982225418
0.3291534185409546
-0.8533154726028442
-0.9418431520462036
-0.3164893090724945
-0.18626855313777924
-0.2913793921470642
0.5686572790145874
1.3096250295639038
1.5003767013549805
0.025698162615299225
-0.9010224938392639
-0.4038851857185364
-0.06144385412335396
0.18705061078071594
1.4446364641189575
1.5171985626220703
1.0638515949249268
1.066514015197754
0.12830643355846405
-0.099728062748909
0.08514494448900223
0.0750783160328865
0.27093929052352905
0.8116859197616577
-0.20069453120231628
0.1309225708246231
-0.6031273603439331
-0.17651253938674927
0.057234931737184525
-0.44355297088623047
-0.6379700899124146
-1.2084711790084839
-1.727344036102295
-0.954851508140564
-1.0677204132080078
-0.7841633558273315
-1.0724220275878906
-1.0287754535675049
-0.7720420360565186
-0.802699089050293
-1.194208025932312
-0.871293306350708
-0.8860127925872803
-0.7730019688606262
-0.9821959137916565
-0.9463061094284058
-0.4103527367115021
-0.2919877767562866
-0.20831021666526794
-0.16251903772354126
-0.5195732712745667
-0.27290770411491394
-0.1650002896785736
-0.30181366205215454
-0.1903729885816574
0.5136622786521912
0.8368962407112122
0.4657466411590576
0.7518265843391418
-1.2087022066116333
-0.7842808365821838
-1.4270662069320679
-0.7233682870864868
-0.4774356186389923
0.39432254433631897
-0.33431440591812134
0.5297859907150269
-1.1945356130599976
-0.4394253194332123
-0.46952566504478455
-0.3774447441101074
-1.5237563848495483
-1.0891406536102295
-0.4165859520435333
0.08639726042747498
-0.5136862993240356
0.059785500168800354
0.7750596404075623
-0.09715116769075394
-0.9792386889457703
0.5687717199325562
0.29879146814346313
-0.046185657382011414
0.10754144936800003
0.2749745845794678
1.8903601169586182
-0.5920892357826233
-1.0120779275894165
0.5257129669189453
-1.0087988376617432
-0.7532168030738831
-0.15290133655071259
0.3708246648311615
0.4047679603099823
-0.8304505944252014
-0.9300693869590759
-0.6241701245307922
-1.734616756439209
-0.7901762127876282
-0.595168948173523
0.011826743371784687
-1.8433140516281128
-2.7747414112091064
-2.1623475551605225
-1.0944849252700806
-1.1610902547836304
-1.0203914642333984
-1.1356377601623535
-0.8382995128631592
-2.166290044784546
-2.6306350231170654
-1.8493574857711792
-1.6324621438980103
-1.7602237462997437
-0.7515276670455933
-0.6939275860786438
-1.155598521232605
-1.2434881925582886
-1.333197832107544
-1.306430459022522
-0.7265031933784485
-1.036078691482544
-1.3226453065872192
-0.5509219765663147
-0.6639494299888611
-1.8225401639938354
-2.6074790954589844
-1.6492341756820679
-1.3499457836151123
-0.535025417804718
-1.075276494026184
-0.5115208029747009
-0.6153788566589355
-0.9450377821922302
-1.2687183618545532
0.7192121744155884
0.8584913015365601
0.1755601167678833
-1.6301257610321045
-0.5031985640525818
-1.3862266540527344
-1.3531466722488403
-0.2112530916929245
-0.9121958017349243
-0.46069425344467163
-0.1947041004896164
-1.092384934425354
-0.7763177752494812
-1.3176528215408325
-0.9379701018333435
-0.26183363795280457
-1.0452991724014282
0.15939484536647797
-0.5731048583984375
-1.444182276725769
-0.6269581913948059
-1.614552617073059
-1.4228168725967407
-0.6950638890266418
-0.6236834526062012
0.7144190073013306
0.8316284418106079
-0.06006119027733803
-0.49998152256011963
-1.3929226398468018
-1.0207703113555908
-1.3566646575927734
-1.8190749883651733
-1.6775423288345337
-1.3856769800186157
-0.4906280040740967
-0.45339885354042053
-0.8750647306442261
-0.8476440906524658
-0.6980432271957397
-1.1971161365509033
-0.8453977108001709
-0.7969781756401062
-0.15501748025417328
-0.6370404362678528
-0.5205843448638916
-0.46688395738601685
-0.5915627479553223
-1.5825575590133667
-2.388747215270996
-1.4287984371185303
-1.1420090198516846
-0.3524734079837799
0.5834139585494995
0.3477954864501953
-0.08434484153985977
-1.215166449546814
-0.914165198802948
-0.7307559251785278
-1.0962886810302734
-0.03373927250504494
0.15844722092151642
0.45492854714393616
0.6059495806694031
0.24786274135112762
0.6730098128318787
0.22227923572063446
-0.1718466430902481
-0.6003420948982239
-1.5956774950027466
-0.40016376972198486
-0.3729347288608551
-0.858124852180481
-1.8298141956329346
-1.6722095012664795
-1.3580397367477417
-1.5551822185516357
-2.0868873596191406
-1.2722220420837402
-1.0467946529388428
-1.6209558248519897
-2.5155651569366455
-2.118122100830078
-1.6118264198303223
-1.3502447605133057
-2.0901572704315186
-1.7924010753631592
-1.1620720624923706
-1.9929873943328857
-1.1978366374969482
-0.639948844909668
-0.24269533157348633
-0.1854953169822693
-1.2970936298370361
-0.935759961605072
0.4786130487918854
0.283168762922287
-0.0018742750398814678
-0.2674625515937805
-0.35886886715888977
-0.10528156906366348
-0.3785504996776581
0.45442909002304077
-0.09251022338867188
-0.6754294037818909
-0.9313910603523254
-0.9271028637886047
-0.746444821357727
0.35541513562202454
-0.0555666945874691
-0.10875312238931656
-0.12629279494285583
-0.3687015175819397
0.03299373388290405
-0.5019220113754272
-0.7692316770553589
-0.47120392322540283
-0.5057638883590698
-0.8173676133155823
0.03802141919732094
0.05587448924779892
-0.6255853176116943
0.1970352977514267
-0.4635976254940033
-1.2422139644622803
-0.649305522441864
-0.7181720733642578
-0.2766786217689514
-0.2830943465232849
-0.9492369890213013
-0.7088554501533508
-0.7467043995857239
-1.229645848274231
-1.1640634536743164
-1.5143229961395264
-0.5180520415306091
-0.4133937358856201
-0.8662571907043457
-0.6430683135986328
-0.26381298899650574
-0.5098546743392944
-1.4512121677398682
-1.2268320322036743
-0.5109010338783264
0.1263071894645691
-0.21406874060630798
-0.10995601862668991
0.8028268814086914
-0.4486285448074341
-1.2670223712921143
-1.6349356174468994
-0.9561796188354492
-0.7910410761833191
-0.6833884716033936
-0.3544129431247711
-0.12504814565181732
-0.7079794406890869
-1.1751493215560913
-0.9910464286804199
-0.9225794076919556
-0.8230713605880737
-0.9674807786941528
-0.6998597979545593
-1.2419413328170776
-0.5830860733985901
-0.39679279923439026
-0.026057947427034378
0.19573770463466644
-0.24358613789081573
-0.5183489322662354
-0.43461430072784424
-1.0099999904632568
-0.6655283570289612
-0.7684114575386047
-0.8146105408668518
-0.10253267735242844
0.7809298634529114
-0.9148394465446472
-1.763834834098816
-1.1663514375686646
-0.9824745655059814
-0.5726206302642822
-0.2868306338787079
-0.6445375680923462
0.009516333229839802
-0.9803721308708191
-2.514915943145752
-2.5251824855804443
-0.3633247911930084
0.2852080464363098
-1.6386001110076904
-0.6966745257377625
0.12745676934719086
-0.41969868540763855
-0.7302900552749634
-0.6302962899208069
-1.2503255605697632
-0.5832672715187073
-2.126521348953247
-0.5762813687324524
-0.48685386776924133
-0.759455144405365
0.03680088743567467
0.2620185613632202
-0.8643702268600464
-0.5665192008018494
-0.9053236842155457
0.4840560555458069
0.8086122274398804
-0.39847666025161743
1.2546379566192627
0.528648853302002
-0.5019758343696594
-0.15550528466701508
0.9458901882171631
-0.6249503493309021
-1.2706682682037354
-2.4369568824768066
-1.6093281507492065
-0.8176636099815369
-0.9399828314781189
-0.7376333475112915
-1.0534759759902954
-1.7538331747055054
-2.8333823680877686
-2.6362643241882324
-2.215472936630249
-1.6583651304244995
-1.6870534420013428
-1.4093929529190063
-1.4854791164398193
-1.3448889255523682
-1.5317434072494507
-1.2127183675765991
-1.0124280452728271
-0.8853070735931396
-0.18988139927387238
-0.6083033084869385
-0.1976999193429947
-0.5335553288459778
-1.0216530561447144
-0.2651400566101074
-0.35480594635009766
-0.3832242786884308
0.03336174041032791
-0.8132054805755615
-0.2992095649242401
-0.4305677115917206
-1.4151726961135864
-0.4176323413848877
0.751417875289917
-0.02624327875673771
0.18258242309093475
-0.7191811800003052
-1.0414801836013794
-0.6913900375366211
-1.070334553718567
-0.7556893825531006
0.05553031340241432
-0.10270342230796814
-0.11189046502113342
-0.7652934193611145
-0.6216642260551453
-0.08215565234422684
0.0877658873796463
-0.3502691984176636
-0.7538029551506042
0.14357566833496094
-0.0205774437636137
-0.3406258523464203
-0.6359922885894775
-0.11520419269800186
0.47643452882766724
0.28116080164909363
-0.44487521052360535
-0.10944598913192749
-0.42070910334587097
-0.9826854467391968
-0.8115059733390808
-0.38157469034194946
0.45012807846069336
0.7851923108100891
0.5541670322418213
-0.09488381445407867
0.27230045199394226
-0.2642553448677063
-0.5328944325447083
-0.811241865158081
0.05279427394270897
0.11057966947555542
0.354355126619339
0.0015605917433276772
0.38278669118881226
-0.12056070566177368
-0.5045491456985474
-0.3695889115333557
-0.29599809646606445
-0.5420222878456116
-0.46865370869636536
-0.3322232961654663
-2.104904890060425
-1.9447165727615356
-1.4772413969039917
-1.404193639755249
0.1082703247666359
-1.157199501991272
-2.9089195728302
-1.3264952898025513
-1.356535792350769
-1.5751471519470215
-0.7896968722343445
0.14202988147735596
0.448501855134964
-1.0152764320373535
-1.8019824028015137
-1.8175737857818604
0.5540561079978943
1.4924700260162354
0.8346095085144043
1.7862361669540405
-0.269072562456131
-0.13318821787834167
0.3493301570415497
-0.8358684778213501
-0.39591947197914124
-0.7566505074501038
-0.8718061447143555
0.09032386541366577
-0.36964309215545654
-1.3436254262924194
-0.9325767159461975
-0.3951185941696167
-0.805607795715332
-1.26925790309906
-0.5936572551727295
0.21367228031158447
1.6872272491455078
0.12854212522506714
-0.19404686987400055
-0.17044316232204437
-0.6969552636146545
0.3114098608493805
-0.7179563641548157
-0.9330998659133911
0.2853676378726959
-0.7714744210243225
-1.6816532611846924
-1.5262842178344727
-0.9005365967750549
0.30861783027648926
-0.276168555021286
-2.3295326232910156
-2.084646701812744
-3.019791603088379
-3.1426620483398438
-2.42501163482666
-0.14258335530757904
-0.2841205596923828
-1.0121259689331055
-1.557937741279602
-1.05257248878479
-0.4800538718700409
-0.7544065117835999
-0.7673672437667847
0.4019875228404999
-0.08235954493284225
-0.36588284373283386
0.020401611924171448
0.2766747772693634
0.7344098687171936
0.3869699239730835
0.4051891565322876
-0.34976544976234436
-1.6877177953720093
-1.22588050365448
-0.8552125692367554
-1.2846506834030151
-0.48161303997039795
-0.6616541147232056
-0.4381575286388397
-0.10272575914859772
-1.9977155923843384
-1.3479498624801636
-1.0953463315963745
-1.505300521850586
-0.486648827791214
0.0009132520062848926
-0.6949913501739502
-0.25626200437545776
-1.4241586923599243
-0.6574956178665161
-0.14266233146190643
-0.46192553639411926
0.37254247069358826
1.350683569908142
-0.003035738365724683
-0.16991443932056427
-0.13433784246444702
1.0085314512252808
1.1967827081680298
1.4208954572677612
1.8700093030929565
1.6668508052825928
0.4732551872730255
0.15675757825374603
0.05102701485157013
-0.11162134259939194
-0.6347712278366089
-0.579547107219696
0.21333511173725128
-0.27901706099510193
-0.48385342955589294
-0.5165706872940063
-0.6173043251037598
-1.146098017692566
-1.822388768196106
-2.2307512760162354
-1.5865554809570312
-1.5888142585754395
-1.1007543802261353
-0.4101070463657379
-0.8575062155723572
-1.3897993564605713
-1.4963617324829102
-1.2042728662490845
-0.5529870986938477
-0.4074522852897644
-0.4205562174320221
