0.0
0.0
0.0
0.0
0.0
0.0
0.0
0.0
0.0
0.0
0.0
0.0
0.0
0.0
0.0
0.0
0.0
0.0
0.0
0.0
0.0
0.0
0.0
0.0
0.0
0.0
0.0
0.0
0.0
0.0
0.0
0.0
0.2539854049682617
0.0
0.0
0.0
0.0
0.0
0.0
0.0
0.0038242675364017487
0.0
0.0
0.3360039293766022
0.4495568871498108
0.0
0.0
0.0
0.4645642638206482
0.0
0.0
0.0
0.0
0.10503969341516495
0.0
0.0
0.4035343527793884
0.08891727775335312
0.1118631511926651
0.6784639358520508
0.9558536410331726
0.0
0.0
0.0
0.6427677869796753
0.0
0.0
0.0
0.15651659667491913
0.0
0.0
0.19219869375228882
0.7921584844589233
0.48681896924972534
0.18378759920597076
0.5470260977745056
0.7233402132987976
0.288524329662323
0.0
0.0
0.6959282755851746
0.0
0.0
0.0
0.8803023099899292
0.5440307259559631
0.0
0.5250235199928284
0.9003192186355591
0.5835265517234802
0.0
0.0
0.11304518580436707
0.1564864218235016
0.0
0.0
0.5334414839744568
0.0
0.0
0.0
0.7309691905975342
0.5442504286766052
0.0
0.3482474088668823
0.11835574358701706
0.11759912967681885
0.0
0.0
0.0
0.1376098394393921
0.0
0.0
0.38566240668296814
0.0
0.0
0.0
0.0015809484757483006
0.6955745816230774
0.5463670492172241
0.2913863956928253
0.0
0.0
0.21670366823673248
0.038984473794698715
0.08950730413198471
0.09395340085029602
0.0
0.0
0.10721896588802338
0.0
0.0
0.0
0.0
0.9889631271362305
1.173946738243103
0.39066755771636963
0.0
0.42512062191963196
0.8139257431030273
0.7025913000106812
0.2572149634361267
0.1356702744960785
0.0
0.0
0.0
0.0
0.0
0.0
0.0027549220249056816
0.44150733947753906
0.49360936880111694
0.0
0.0
0.602304220199585
1.0113155841827393
0.420786052942276
0.0
0.0
0.0
0.0
0.0
0.0
0.0
0.0
0.12833788990974426
0.40525487065315247
0.0
0.0
0.0
0.0
0.0497271902859211
0.08682925254106522
0.0
0.0
0.0
0.0
0.04123998060822487
0.0
0.0
0.0
0.5189446806907654
0.37107810378074646
0.0
0.0
0.0
0.0
0.0
0.09017238020896912
0.07609885185956955
0.0
0.0
0.0
0.04950907453894615
0.0
0.0
0.0
0.24824927747249603
0.0
0.04969802126288414
0.18956485390663147
0.03970428556203842
0.030327096581459045
0.15854661166667938
0.35909679532051086
0.4491027295589447
0.3490048944950104
0.14185811579227448
0.0
0.3691892623901367
0.0
0.0
0.0
0.0
0.0
0.23485198616981506
0.09909456223249435
0.1456507295370102
0.2818721830844879
0.2785480320453644
0.47266414761543274
0.23924092948436737
0.2695995569229126
0.5737636685371399
0.0
0.38877183198928833
0.0
0.0
0.0
0.0
0.023244814947247505
0.2939744293689728
0.0
0.0
0.040000200271606445
0.10912971198558807
0.11652904748916626
0.0
0.24270367622375488
0.45070603489875793
0.0
0.37531134486198425
0.11907195299863815
0.2641155421733856
0.31975093483924866
0.1762445569038391
0.22374005615711212
0.40357935428619385
0.2975761294364929
0.21701806783676147
0.4381766617298126
0.23684753477573395
0.0
0.0614003986120224
0.5564493536949158
0.5183525681495667
0.0
0.0
0.0
0.0
0.0
0.0
0.0
0.0
0.0
0.0
0.0
0.4235592484474182
0.5157873630523682
0.4089481234550476
0.0
0.0
0.0
0.9640507698059082
0.13033980131149292
0.03364497423171997
0.0
0.0905098244547844
0.07513823360204697
0.8328899145126343
1.5483592748641968
0.4452072083950043
0.0
0.0
0.0
0.0
0.0
0.3995063304901123
0.12021124362945557
0.4209505617618561
0.0
0.6904746294021606
0.6529356241226196
0.0050622341223061085
0.0
0.0
0.0
0.0
0.0
0.0
0.0
0.0
0.0
0.0
0.20951953530311584
0.0
0.0
0.0
0.7914764285087585
0.0
0.0
0.0
0.0
0.0
0.0
0.48643627762794495
0.0
0.0
0.0
0.0
0.29093268513679504
0.0
0.0
0.0
0.0
0.0
0.0
0.0
0.0
0.0
0.0
0.0
0.0
0.0
0.0
0.0
0.0
0.0
0.0
0.10887065529823303
0.0
0.0
0.0
0.13185739517211914
0.0
0.0
0.0
0.0
0.0
0.07591438293457031
0.0
0.0
0.0
0.0
0.0
0.0
0.0
0.0
0.0
0.0
0.23676399886608124
0.0
0.3138151466846466
0.8462027907371521
0.3432442545890808
0.4668167233467102
0.0
0.0
0.0
0.0
0.0
0.0
0.0
0.17480933666229248
0.0
0.0
0.0
0.0
0.29853731393814087
0.0
0.0
0.04506783187389374
0.48861026763916016
0.05681430920958519
0.16835446655750275
0.23914246261119843
0.0
0.0
0.0
0.0
0.0
0.0
0.0
0.0
0.0
0.0
0.0
0.3885033428668976
0.0
0.0
0.0
0.18640215694904327
0.44494402408599854
0.1822059452533722
0.0
0.0
0.0
0.0
0.4077131748199463
0.2727680802345276
0.48292696475982666
0.27159005403518677
0.14842407405376434
0.24538804590702057
0.019066378474235535
0.369235098361969
0.6601997017860413
0.305027574300766
1.0561764240264893
1.0896650552749634
0.0
0.0
0.0
0.0
0.5555590987205505
0.0
0.0
0.0
0.0
0.0
0.0
0.0
0.0
0.0
0.26084885001182556
0.4275473654270172
0.3126598298549652
0.0
0.0
0.0
0.0
0.0
0.0
0.0
0.0
0.0
0.0
0.0
0.11700361967086792
0.0
0.0
0.0
0.7714279890060425
0.0
0.0
0.0
0.0
0.0
0.0
0.0
0.03072229214012623
0.4190613329410553
0.3654358685016632
0.18318626284599304
0.2419367879629135
0.0
0.0
0.0
0.005233865696936846
0.0
0.0
0.0
0.21622446179389954
0.5563075542449951
0.16624855995178223
0.0
0.0
0.0
0.0
0.0
0.0
0.03754885122179985
0.0
0.0
0.0
0.0
0.0
0.0
0.0
0.0
0.0
0.0
0.0
0.0
0.0
0.0
0.0
0.9175884127616882
0.26594001054763794
0.10283081978559494
0.0
0.0
0.0
0.0
0.0
0.0
0.0038540007080882788
0.0
0.0
0.4030856490135193
0.5785322785377502
0.0
0.06552036106586456
0.49967843294143677
0.29783549904823303
0.03865455090999603
0.06772813200950623
0.15231828391551971
0.42860445380210876
0.0
0.0
0.0
0.0
0.11750224977731705
0.0
0.0
0.0
0.0
0.5115410089492798
0.3373372554779053
0.0
0.0
0.0
0.0
0.0
0.0
0.0
0.0
0.0
0.14763881266117096
0.0
0.0
0.0
0.0
0.0
0.3973967134952545
0.0
0.0
0.0
0.01530283410102129
0.0
0.0
0.0
0.0
0.21649692952632904
0.0
0.0
0.0
0.0
0.0
0.0
0.8594735860824585
0.0
0.0
0.0
0.0
0.0
0.16447532176971436
0.4862028658390045
0.132326140999794
0.0
0.0
0.0
0.6019753813743591
0.7282334566116333
0.0
0.0
1.2643790245056152
0.1572876125574112
0.0
0.0
0.0
0.0
0.5214232802391052
0.4361342191696167
0.0
0.06773709505796432
0.5020574927330017
0.203792005777359
0.9135180115699768
0.9375936388969421
0.0
0.0
0.7980918288230896
0.23851674795150757
0.0
0.09273096174001694
0.0
0.0
0.637821614742279
0.4396630525588989
0.27226021885871887
0.6134929656982422
0.4445100724697113
0.035944364964962006
0.14983081817626953
0.3200792968273163
0.051597800105810165
0.0
0.8620654344558716
0.351216197013855
0.0
0.16079989075660706
0.0
0.03253137320280075
0.24639423191547394
0.0
0.07726394385099411
0.14801530539989471
0.1233370304107666
0.0
0.0
0.0
0.0
0.05278909206390381
0.8129854202270508
0.569252610206604
0.28674209117889404
0.0
0.0
0.25443825125694275
0.0
0.0
0.5627468228340149
0.0
0.0
0.0
0.0
0.0
0.0
0.5742319226264954
0.6068630218505859
0.44270867109298706
0.26724904775619507
0.0
0.0
0.0
0.0
0.3078066110610962
0.7920354604721069
0.0
0.0
0.0
0.0
0.0
0.0
0.6024106740951538
0.18665927648544312
0.0
0.0
0.21771752834320068
0.3781130313873291
0.0
0.0
0.6595993041992188
0.22219149768352509
0.0
0.0
0.0
0.0
0.0
0.0
0.0
0.43213745951652527
0.0
0.0
0.05708374083042145
0.5290945172309875
0.0
0.0
0.0
0.0
0.0
0.0
0.028731875121593475
0.0
0.0
0.0
0.0
0.5305945873260498
0.0
0.0
0.0
0.0
0.0
0.0
0.0
0.0
0.0
0.0
0.0
0.0
0.0
0.0
0.0
0.47407421469688416
0.0
0.0
0.0
0.0
0.0
0.0
0.0
0.0
0.0
0.0
0.0
0.0
0.0
0.0
0.0
0.3018430173397064
0.0
0.0
0.0
0.0
0.0
0.0
0.0
0.0
0.0
0.0
0.0
0.0
0.0
0.0
0.0
0.24311095476150513
0.0
0.0
0.0
0.0
0.0
0.0
0.0
0.0
0.0
0.0
0.0
0.0
0.0
0.0
0.2601565420627594
0.21461933851242065
0.0
0.0
0.0
0.0
0.0
0.0
0.0
0.0
0.0
0.0
0.01675899140536785
0.0
0.0
0.5687342882156372
0.38130655884742737
0.0
0.0
0.0
0.0
0.0
0.0
0.0
0.0
0.0
0.0
0.0
0.0
0.0
0.0
0.0
0.33417198061943054
0.0
0.0
0.0
0.0
0.0
0.0
0.0
0.0
0.0
0.0
0.0
0.0
0.0
0.0
0.0
0.0
0.0
0.0
0.0
0.0
0.0
0.0
0.0
0.0
0.0
0.0
0.0
0.0
0.0
0.0
0.0
0.0
0.0
0.0
0.0
0.0
0.0
0.0
0.0
0.0
0.0
0.0
0.0
0.0
0.0
0.0
0.0
0.0
0.0
0.0
0.0
0.0
0.0
0.0
0.0
0.0
0.0
0.0
0.0
0.0
0.0
0.2488485425710678
0.01562066562473774
0.12188778817653656
0.0
0.0
0.0
0.0
0.0
0.0
0.0
0.0
0.0
0.0
0.0
0.0
0.0
0.0
0.0
0.5614089369773865
0.0
0.0
0.0
0.0
0.0
0.0
0.0
0.0
0.3401980996131897
0.0
0.0
0.09087152034044266
0.2584407329559326
0.0
0.0
0.0
0.0
0.0
0.0
0.0
0.0
0.1746186763048172
0.0
0.0
0.018417518585920334
0.0
0.0
0.0
0.10033527761697769
0.0
0.0
0.0
0.2207406759262085
0.37103021144866943
0.031409699469804764
0.0
0.0
0.0
0.0
0.0
0.0
0.0
0.0
0.0
0.0
0.0
0.0
0.3737773597240448
0.0
0.0
0.0
0.0
0.0
0.0
0.13539999723434448
0.3959076404571533
0.0
0.0
0.0
0.0
0.0
0.0
0.0
0.33303606510162354
0.0
0.0
0.0
0.0
0.0
0.09136111289262772
1.1749169826507568
1.5510127544403076
0.5912013649940491
0.6316418647766113
0.6539251804351807
1.13059401512146
1.1877667903900146
0.6389476656913757
0.0
0.26935774087905884
0.1692206859588623
0.12638039886951447
0.0
0.0
0.0
0.0
0.08365875482559204
0.44853994250297546
0.18382598459720612
0.23630957305431366
0.3684116005897522
0.13410069048404694
0.0
0.0
0.0
0.1335718184709549
0.06195147708058357
0.34890589118003845
0.0
0.0
0.0
0.0
0.0
0.0
0.0
0.0
0.0
0.0
0.0
0.0
0.0
0.0
0.0
0.06049450486898422
0.3707863986492157
0.0
0.0
0.5780156850814819
0.4561327397823334
0.0
0.013980014249682426
0.0
0.0
0.0
0.0
0.0
0.0
0.0
0.0
0.0
0.3569295108318329
0.6501898765563965
0.516671895980835
0.8518271446228027
0.6270670294761658
0.4337291419506073
0.47514697909355164
0.13452444970607758
0.0
0.0
0.0
0.0
0.0
0.0
0.2342667132616043
0.0
0.09619677066802979
0.289122074842453
0.5310686230659485
0.41567444801330566
0.0
0.0
0.0
0.0
0.0
0.0
0.0
0.0
0.1851986050605774
0.6930068135261536
0.45123520493507385
0.6294234395027161
0.7391874194145203
0.42386680841445923
0.2169526219367981
0.20330791175365448
0.1683867871761322
0.0
0.0
0.0
0.0
0.0
0.0
0.0
0.18950903415679932
0.0
0.0
0.0
0.0641893595457077
0.14419017732143402
0.0
0.0
0.0
0.0
0.0
0.0
0.25540995597839355
0.0
0.0
0.0
0.0
0.0
0.03917668014764786
0.0
0.0
0.0
0.35162511467933655
0.0
0.35718482732772827
0.0
0.0
0.0
0.2469388246536255
0.20395134389400482
0.0
0.0
0.0
0.0
0.5980227589607239
0.03629584237933159
0.0
0.0
0.0
0.0
0.0
0.16127647459506989
0.0
0.0
0.0
0.0
0.0
0.0
0.0
0.0
0.3138991594314575
0.0
0.1506049633026123
0.0
0.0
0.0
0.0
0.17856624722480774
0.0
0.0
0.0
0.0
0.0
0.42790043354034424
0.03339078277349472
0.0
0.16538119316101074
0.0
0.0
0.4821409583091736
0.5386704206466675
0.0
0.0
0.6034849882125854
0.0
0.0
0.0
0.0
0.0
0.01567407324910164
0.225934237241745
0.0
0.272994726896286
0.2841963469982147
0.0
0.0
0.0
0.0
0.0
0.0
0.0
0.0
0.0
0.0
0.0
0.0
0.0
0.0
0.40206629037857056
0.7692347168922424
0.9294597506523132
0.0
0.0
0.0
0.0
0.0
0.0
0.0
0.0
0.0
0.0
0.0
0.0
0.0
0.4355793297290802
0.6801820397377014
1.346254825592041
1.0902155637741089
0.0
0.0
0.0
0.0
0.0
0.0
0.0
0.0
0.0
0.0
0.0
0.0
0.42158567905426025
0.3157194256782532
0.7001932859420776
1.2813016176223755
0.0
0.0
0.0
0.0
0.0
0.0
0.0
0.0
0.0
0.0
0.0
0.0
0.09692061692476273
0.0
0.0
0.24361109733581543
0.7371854782104492
0.0
0.0
0.0
0.0
0.0
0.0
0.0
0.0
0.0
0.0
0.0
0.6158021688461304
0.0
0.0
0.0
0.6268582344055176
0.4276869297027588
0.0
0.0
0.0
0.0
0.0
0.0
0.0
0.0
0.0
0.0
2.0782968997955322
0.5166335105895996
0.0
0.0
0.0
0.0
0.0
0.0
0.0
0.0
0.0
0.0
0.0
0.0
0.0
0.0
1.4634113311767578
1.0046466588974
0.0
0.0
0.0
0.0
0.0
0.0
0.0
0.0
0.0
0.0
0.0
0.0
0.0
0.0
0.7779095768928528
0.7559565901756287
0.8112452626228333
0.0
0.0
0.0
0.0
0.0
0.0
0.0
0.0
0.0
0.0
0.0
0.0
0.0
0.6554499268531799
1.1216050386428833
0.9272333979606628
0.5234724879264832
0.0
0.2270715832710266
0.5844981074333191
0.6783535480499268
0.2630293667316437
0.0
0.0
0.0
0.0
0.0
0.0
0.0
0.0
0.0
0.0
0.0
0.0
0.3288438022136688
0.0
0.0
0.21718202531337738
0.0
0.18040230870246887
0.28846487402915955
0.2379867434501648
0.0
0.0
0.15718969702720642
0.22751320898532867
0.0
0.0
0.0
0.0
0.542454719543457
0.19916097819805145
0.0
0.0
0.0
0.6144702434539795
0.8940337300300598
0.49255090951919556
0.0
0.0
0.013373690657317638
0.5482097268104553
0.6979231834411621
0.0
0.0
0.2624739408493042
0.22867587208747864
0.0
0.0
0.0
0.0
0.0
0.0
0.45305588841438293
0.787598729133606
0.0
0.0
0.6189190745353699
0.11622535437345505
0.0
0.0
0.0
0.0
0.0
0.0
0.15981774032115936
0.0
0.0
0.0
0.03405315801501274
1.790550947189331
0.0
0.0
0.8838610053062439
0.0
0.0
0.0
0.2056661993265152
0.0
0.0
0.0
0.0
0.030359642580151558
0.0
0.0
0.0
1.3995100259780884
0.968765139579773
0.0
0.2197619080543518
0.0
0.0
0.0
0.0
0.0
0.0
0.28309038281440735
0.0
0.0
0.0
0.0
0.0
0.7158024311065674
1.3675287961959839
0.0
0.0
0.0
0.22123126685619354
0.0
0.0
0.0
0.10440698266029358
0.6043801307678223
0.0
0.0
0.0
0.0
0.0
0.0
0.23052643239498138
0.030264684930443764
0.11939232796430588
0.02292017638683319
0.46348002552986145
0.0
0.0
0.0
0.0
0.0
0.0
0.0
0.0
0.0
0.0
0.0
0.0
0.0
0.7204619646072388
0.19975605607032776
1.2589133977890015
0.0
0.0
0.0
0.0
0.0
0.0
0.0
0.0
0.0
0.0
0.0
0.0
0.0
0.8534042239189148
0.0
1.1596909761428833
0.0
0.0
0.0
0.0
0.043732285499572754
0.8690826296806335
0.0
0.0
0.0
0.0
0.0
0.0
0.0
0.39943256974220276
0.0
0.0
0.024796487763524055
1.072871446609497
0.0
0.0
0.0
0.8867723941802979
0.0
0.0
0.0
0.0
0.0
0.0
0.0
0.6932212710380554
0.0
0.0
0.0
0.10246986150741577
0.0
0.0
0.0
0.336113840341568
0.0
0.0
0.0
0.0
0.0
0.0
0.0
1.5335009098052979
0.0
0.0
0.0
0.0
0.0
0.0
0.0
0.0
0.0
0.13676652312278748
0.0
0.0
0.0
0.0
0.02511145919561386
0.9045044183731079
0.7822058200836182
0.0
0.0
0.0
0.0
0.0
0.0
0.0
0.0
0.2033182978630066
0.11438921093940735
0.0
0.0
0.0
0.0
0.431313157081604
0.20293329656124115
0.8915446400642395
0.0
0.0
0.0
0.0
0.0
0.0
0.0
0.0
0.0
0.0
0.0
0.0
0.0
0.36987122893333435
0.15624897181987762
0.015809517353773117
0.0
0.0
0.0
0.20707668364048004
0.4345698356628418
0.0
0.0
0.0
0.0
0.0
0.0
0.0
0.0
0.0
0.0
0.0
0.0
0.0
0.0
0.0
0.0
0.0
0.0
0.0
0.0
0.0
0.0
0.0
0.0
0.0
0.0
0.0
0.0
0.0
0.23047874867916107
0.0
0.0
0.0
0.0
0.0
0.0
0.0
0.0
0.0
0.0
0.0
0.0
0.0
0.0
0.0
1.2774317264556885
0.0
0.0
0.0
0.0
0.0
0.0
0.0
0.0
0.0
0.1477668434381485
0.0
0.0
0.0
0.0
0.0
0.0
0.0
0.0
0.0
0.0
0.0
0.0
0.0
0.0
0.0
0.4693599343299866
0.39296644926071167
0.0
0.0
0.0
0.5891475081443787
0.0
0.0
0.0
0.0
0.1634524166584015
0.0
0.0
0.0
0.0
0.0
0.362245112657547
0.06816422194242477
0.0
0.0042450460605323315
0.0
0.0
0.0
0.0
0.0
0.0
0.0
0.0
0.0
0.0
0.0
0.0
0.0
0.0
0.0
0.37582340836524963
0.0
0.0
0.0
1.0956310033798218
0.0
0.0
0.0
0.0
0.0
0.0
0.0
0.18221509456634521
0.0
0.0
0.0
0.4007592797279358
0.0
0.054388485848903656
0.41101446747779846
1.165836215019226
0.0
0.0
0.007287901826202869
0.08516033738851547
0.0
0.0
0.0
1.4629369974136353
0.2998773455619812
0.0
0.0
0.0
0.0
0.07628253847360611
0.0
0.0
0.0
0.0
0.7454281449317932
0.45666390657424927
0.0
0.0
0.0
0.6793996095657349
0.0
0.0
0.0
0.0
0.0
0.0
0.6948829293251038
0.06524618715047836
0.0
0.20332953333854675
0.5220617651939392
0.0
0.0
0.0
0.08925024420022964
0.27591949701309204
0.0
0.992716908454895
0.1906370222568512
0.0
0.08139079064130783
0.24663235247135162
0.20598413050174713
0.42191100120544434
1.4438138008117676
0.8613951206207275
0.0
0.0
0.0
0.0
0.2667146623134613
0.5459314584732056
0.0
0.3924447000026703
0.6198268532752991
0.6270008087158203
0.3294063210487366
0.6329008936882019
0.0
0.0
0.0
0.0
0.0
0.0
0.0
0.0
0.0
0.0
0.0
0.0
0.0
1.1932697296142578
0.9539327621459961
0.38657382130622864
0.0
0.0
0.0
0.0
0.0
0.0
0.0
0.0
0.0
0.0
0.31125563383102417
0.0
0.0
0.0
1.4591596126556396
0.0
0.0
0.0
0.0
0.0
0.0
0.0
0.0
0.0
0.0
0.0
0.46001580357551575
0.0
0.0
0.0
0.43530145287513733
0.0
0.0
0.0
0.0
0.0
0.0
0.0
0.0
0.0
0.0
0.0
0.0
0.5686669945716858
0.0
0.0
0.0
0.0
0.0
0.0
0.0
0.0
0.0
0.08573061972856522
0.0
0.0
0.26868635416030884
0.0
0.0
0.0
0.0
0.0
0.0
0.0
0.0
0.0
0.0
0.0
0.0
0.0
0.0
0.0
0.0
0.0
0.0
0.0
0.0
0.0
0.0
0.0
0.0
0.0
0.0
0.0
0.0
0.0
0.0
0.0
0.0
0.0
0.0
0.0
0.0
0.0
0.0
0.0
0.993108332157135
0.39880871772766113
0.0
0.0
0.02580774575471878
0.002635055221617222
0.0
0.0
0.0
0.0
0.0
0.0
0.8182987570762634
0.0
0.0
0.0
0.0
0.0
0.0
0.0
0.0
0.0
0.0
0.3923344314098358
0.530532956123352
0.0
0.0
0.0
0.652057945728302
0.0
0.0
0.0
0.0
0.0
0.0
0.0
0.0
0.0
0.0
0.0
0.4577856957912445
0.0
0.0
0.13208039104938507
0.0008625413756817579
0.0
0.0
1.31438148021698
0.0
0.0
0.0
0.0
0.8546214699745178
0.3593437373638153
0.0
0.0
0.2669605314731598
0.18383324146270752
0.0
0.4094814956188202
0.0
0.0
0.0
0.6913402676582336
0.0
0.0
0.0
0.2004416435956955
0.7230162024497986
0.0
0.0
0.0
0.04608086496591568
0.11168765276670456
0.0
0.7073997259140015
0.46990495920181274
0.6413100361824036
0.2903888523578644
0.0
0.0
0.0
0.0
0.0
0.0
0.0
0.0
0.0
0.0
0.09955480694770813
0.0
0.8889510035514832
1.1826390027999878
0.8243396878242493
0.27469876408576965
0.0
0.0
0.0
0.0
0.0
0.0
0.0
0.0
0.0
0.0
0.15366151928901672
0.0
0.0
0.03391190990805626
0.20045660436153412
0.06488575786352158
0.0
0.6602147817611694
1.544418454170227
0.1481822431087494
0.3956683576107025
0.20485369861125946
0.0
0.0
0.6706767082214355
0.1647185981273651
0.0
0.0
0.0
0.0
0.15944384038448334
0.47205591201782227
0.0
0.23735842108726501
0.0
0.0
0.10907594859600067
0.02804327942430973
0.6275931596755981
1.044136643409729
0.864762008190155
0.19688130915164948
0.0
0.0
0.35898202657699585
0.0
0.13142189383506775
0.557372510433197
0.0
0.0
0.0
0.0
0.40899530053138733
0.0
0.0
0.0
0.0
0.0
0.28297653794288635
0.07592054456472397
0.7110103368759155
0.10046546906232834
0.6764944195747375
0.0
0.0
0.011847326532006264
0.0
0.0
0.0
0.0
0.0
0.0
0.0
0.04744858667254448
0.17410480976104736
0.0
0.02712792530655861
0.09341982007026672
0.07248303294181824
0.0
0.3089927136898041
0.0
0.0
0.35428035259246826
0.16870446503162384
0.3107515871524811
0.17884375154972076
0.31055477261543274
0.23586426675319672
0.3532754182815552
0.0
0.0
0.0
0.18392865359783173
0.6241558194160461
0.7218189239501953
0.7561886310577393
0.0
0.0
0.0
0.0
0.0
0.0
0.0
0.0
0.0
0.0
0.5907833576202393
0.3658507168292999
0.5460537075996399
0.0
0.0
0.0
0.0
0.0
0.0
0.0
0.0
0.0
0.0
0.0
0.0
0.8090237975120544
1.175023078918457
0.0
0.0
0.0
0.0
0.05057572200894356
0.2303345948457718
0.0
0.0
0.10445517301559448
0.14973612129688263
0.0
0.0
0.0
0.0
0.0
1.2414602041244507
0.0
0.0
0.0
0.0
0.5520678162574768
1.282819151878357
0.0
0.0
0.27080583572387695
0.1812162697315216
0.0
0.0
0.0
0.0
0.0
0.5435735583305359
0.0
0.0
0.0
0.0
1.3258565664291382
1.5326591730117798
0.0
0.0
0.6489538550376892
0.616390585899353
0.0
0.0
0.0
0.0
0.0
0.0
0.740205705165863
0.0
0.0
0.0
1.115790843963623
0.38532131910324097
0.0
0.0
0.0
0.568656861782074
0.0
0.0
0.0
0.0
0.0
0.0
1.0505857467651367
0.0
0.0
0.0
1.0052436590194702
0.0
0.0
0.0
0.0
0.8166384696960449
0.0
0.0
0.0
0.0
0.0
0.0
0.8815016150474548
0.0
0.0
0.0
0.5488278269767761
0.0
0.0
0.0
0.0
1.381482481956482
0.0
0.0
0.0
0.0
0.0
0.0
0.5847249031066895
0.0
0.0
0.0
0.7050688862800598
0.0
0.0
0.0
0.0
1.1171685457229614
0.0
0.0
0.0
0.049444038420915604
0.0
0.0
0.3809135854244232
0.0
0.0
0.0
0.1045280173420906
0.16726665198802948
0.0
0.0
0.0
0.6126104593276978
0.0
0.0
0.0
0.09549171477556229
0.0
0.0
0.0
0.0
0.5784591436386108
0.0
0.0
0.0
0.0
0.0
0.0
0.0
0.0
0.0
0.0
0.0
0.0
0.0
0.0
0.0
0.3408484160900116
0.577398419380188
0.0
0.0
0.0
0.0
0.0
0.0
0.0
0.0
0.0
0.0
0.0
0.0
0.0
0.0
0.0
0.9966229200363159
0.0
0.0
0.0
0.0
0.0
0.0
0.0
0.0
0.0
0.0
0.0
0.0
0.055749621242284775
0.0
0.0
0.3589123487472534
0.0
0.0
0.0
0.0
0.0
0.0
0.0
0.0
0.0
0.0
0.0
0.1973828375339508
0.0
0.0
0.5891065001487732
0.0
0.0
0.0
0.0
0.0
0.0
0.027552172541618347
0.0
0.05428892374038696
0.0
0.0
0.14956620335578918
0.19706958532333374
0.0
0.0
0.925801157951355
0.08724106103181839
0.0
0.0
0.0
0.0
0.0
0.2753511071205139
0.0010386720532551408
0.0
0.0
0.2469671666622162
0.12166716158390045
0.0
0.0
0.0
0.01521980669349432
0.2968999147415161
0.0
0.0
0.0
0.0
0.0
0.0
0.0
0.0
0.3311316967010498
0.14081278443336487
0.2026369869709015
0.0
0.0
0.0
0.0
0.1987524777650833
0.0
0.0
0.0
0.015127689577639103
0.0
0.17259959876537323
0.2786020338535309
0.5284329056739807
0.45667845010757446
0.0947374776005745
0.23736576735973358
0.0
0.0
0.0
0.0
0.0
0.0
0.0
0.0
0.0
0.0
0.0
0.0
0.0
0.0
0.0
0.0
0.0
0.0
0.0
0.0
0.0
0.0
0.0
0.1712617129087448
0.0
0.0
0.0012265259865671396
0.3738285005092621
0.0
0.0
0.058536604046821594
0.0
0.0
0.0
0.24653762578964233
0.34938526153564453
0.0
0.0
0.0
0.0
0.0
0.07943370938301086
1.0449798107147217
1.0319582223892212
0.0
0.0
0.11359134316444397
0.1439983993768692
0.0
0.0
0.12349028140306473
1.0931545495986938
0.0
0.0
0.0
0.0
0.11938779056072235
0.0
0.4232194423675537
0.05793919041752815
0.0
0.0
0.0
0.0
0.0
0.0
0.058782562613487244
0.7816725969314575
0.0
0.0
0.4222765266895294
0.2684067487716675
0.0
0.0
0.0
0.0
0.0
0.0
0.0
0.0
0.0
0.0
0.3501805365085602
0.28026464581489563
0.0
0.44982069730758667
0.1694888174533844
0.0
0.0
0.0
0.0
0.5215576887130737
0.0
0.0
0.0
0.0
0.0
0.0
0.35075199604034424
0.0
0.0
0.0
0.0
0.0
0.0
0.0
0.0
0.0
0.0
0.0
0.0
0.0
0.0
0.0
0.0
0.0
0.0
0.0
0.0
0.15115876495838165
0.0
0.0
0.0
0.0
0.0
0.0
0.0
0.0
0.08823682367801666
0.0
0.0
0.0
0.0
0.0
0.0
0.0
0.0
0.03423541784286499
0.0
0.0
0.09620222449302673
0.0
0.0
0.0
0.0
0.0
0.0
0.0
0.0
0.0
0.0
0.0
0.0
0.0
0.0
0.0
0.0
0.0
0.0
0.0
0.0
0.0
0.0
0.0
0.0
0.0
0.0
0.0
0.0
0.0
0.0
0.0
0.0
0.0
0.0
0.0
0.0
0.0
0.0
0.0
0.0
0.0
0.0
0.0
0.0
0.0
0.0
0.0
0.0
0.0
0.0
0.0
0.0
0.0
0.0
0.0
0.0
0.0
0.4946955442428589
0.7660547494888306
0.7272989749908447
0.5427345037460327
0.0
0.0
0.0
0.0
0.0
0.0
0.08273196220397949
0.0
0.0
0.0
0.0
0.0
0.0
0.0
0.0
0.0
0.0
0.0
0.0
0.0
0.0
0.6384516358375549
0.4634106755256653
0.0
0.0
0.0
0.0
0.0
0.0
0.0
0.0
0.0
0.0
0.0
0.0
0.0
0.0
0.0
0.0
0.0
0.0
0.0
0.0
0.0
0.0
0.0
0.0
0.0
0.0
0.0
0.0
0.0
0.0
0.0
0.0
0.053146231919527054
0.0
0.0
0.0
0.0
0.0
0.0
0.0
0.0
0.0
0.0
0.0
0.0
0.0
0.0
0.7808265089988708
0.2637060284614563
0.0
0.0
0.0
0.0
0.0
0.0
0.0
0.0
0.0
0.0
0.0
0.0
0.0
0.0
1.0232410430908203
0.19607728719711304
0.0
0.0
0.0
0.06861984729766846
0.0
0.0
0.0
0.0
0.0
0.0
0.0
0.0
0.0
0.0
0.388113796710968
0.1282086819410324
0.0
0.0
0.0
0.0
0.0
0.0
0.0
0.0
0.0
0.0
0.0
0.0
0.0
0.0
0.0
0.1517922729253769
0.0
0.0
0.0
0.0
0.0
0.0
0.0
0.0
0.0
0.0
0.0
0.0
0.0
0.0
0.0
0.23583415150642395
0.0
0.0
0.0
0.0
0.0
0.0
0.0
0.18755125999450684
0.0
0.0
0.0
0.0
0.0
0.0
0.0
0.44687676429748535
0.0
0.0
0.0
0.0
0.0
0.0
0.0
0.8691120147705078
0.0
0.0
0.0
0.0
0.2223275899887085
0.0
0.0
0.5057142972946167
0.0
0.0
0.0
0.0
0.0
0.0
0.0
0.26384636759757996
0.0
0.0
0.0
0.0
0.22984936833381653
0.0
0.0
0.6391026973724365
0.23474431037902832
0.0
0.0
0.0
0.0
0.0
0.0
0.0
0.0
0.0
0.0
0.0
0.0
0.0
1.02549147605896
0.2892608642578125
0.18858733773231506
0.5788166522979736
0.0
0.0
0.0
0.0
0.038963641971349716
0.0
0.0
0.0
0.0
0.0
0.0
0.0
0.9923074245452881
0.0
0.0
1.0899760723114014
0.0
0.0
0.0
0.0
0.5715961456298828
0.0
0.0
0.0
0.0
0.0
0.0
0.0
0.2980043292045593
0.0
0.0
0.30130741000175476
0.0
0.0
0.0
0.0
0.1873963624238968
0.0
0.0
0.0
0.0
0.0
0.0
0.0
0.5728268027305603
0.0
0.0
0.0
0.0
0.0
0.0
0.0
0.0
0.0
0.0
0.0
0.0
0.0
0.0
0.0
0.06162808835506439
0.0
0.0
0.0
0.0
0.0
0.0
0.0
0.0
0.0
0.0
0.0
0.0
0.0
0.0
0.0
0.0
0.0
0.0
0.0
0.0
0.0
0.0
0.0
0.0
0.0
0.0
0.0
0.0
0.0
0.0
0.0
0.0
0.4413539469242096
0.0
0.09874879568815231
0.18109194934368134
0.0
0.1489223688840866
0.0
0.0
0.0
0.14363256096839905
0.0
0.0
0.10410572588443756
0.21404413878917694
0.5096824765205383
0.18038658797740936
0.8545573353767395
0.19442178308963776
0.4511914849281311
0.41837382316589355
0.5297889113426208
0.08591719716787338
0.0
0.0
0.0
0.0
0.0
0.0
0.0
0.026320748031139374
0.5146117210388184
0.0
0.06945174932479858
0.0
0.0
0.06953294575214386
0.0
0.0
0.0
0.0
0.0
0.0
0.0
0.0
0.0
0.0
0.0
0.0
0.0
0.0
0.0
0.0
0.0
0.0
1.0788997411727905
0.10239658504724503
0.22918705642223358
0.0
0.0
0.0
0.17446544766426086
0.033734071999788284
0.0
0.0
0.0
0.0
0.0
0.0
0.0
0.0
0.0
0.0
0.0
0.0
0.0
0.24640914797782898
0.5765647292137146
0.3577055037021637
0.0
0.0
0.0
0.0
0.5253498554229736
0.0
0.0
0.05671689286828041
0.33059513568878174
0.0
0.0
0.0
0.0
0.0
0.0
0.04727872833609581
0.0
0.0
0.0
0.0
0.0
0.0
0.0
2.14707350730896
0.0
0.0
0.0
0.0
0.0866222158074379
0.7424228191375732
0.0
0.19711224734783173
0.0
0.0
0.0
0.0
0.0
0.0
0.0
0.0
0.0
0.0
0.2708657681941986
0.0
0.25195395946502686
0.0
0.0
0.0
0.0
0.0
0.0
0.0
0.0
0.0
0.0
0.0
0.0
0.7269396185874939
0.0
0.0
0.0
0.0
0.0
0.0
0.0
0.0
0.238155335187912
0.0
0.0
0.0
0.0
0.0
0.11920897662639618
0.2813032865524292
0.0
0.0
0.0
0.5789348483085632
0.0
0.0
0.0
0.0
0.0
0.0
0.0
0.0
0.0
0.0
0.0
0.07196506857872009
0.0
0.0
0.5220576524734497
0.24293585121631622
0.0
0.0
0.0
0.0
0.0
0.0
0.0
0.0
0.0
0.0
0.23392409086227417
0.48626670241355896
0.02094317600131035
0.5491509437561035
0.4647619426250458
0.0
0.0
0.0
0.0
0.23758189380168915
0.0
0.0
0.0
0.0
0.0
1.2057744264602661
1.0460244417190552
0.4116702079772949
0.6639488935470581
0.4270128905773163
0.0
0.12331581115722656
0.3454827070236206
0.0
0.0
0.17078906297683716
0.017015628516674042
0.027738971635699272
0.0
0.0
0.05720352381467819
0.0
0.0
0.0
0.1464253067970276
0.0
0.0
0.0
0.0
0.0
0.0
0.0
0.21956223249435425
0.0
0.0
0.0
0.0
0.0
0.0
0.0
0.0
0.0
0.0
0.0
0.40066730976104736
0.0
0.0
0.0
0.0
0.0
0.0
0.0
0.0
0.0
0.0
0.0
0.0
0.0
0.0
0.0
0.0
0.0
0.0
0.0
0.0
0.0
0.0
0.0
0.0
0.0
0.0
0.0
0.0
0.09794453531503677
0.12283332645893097
0.0
0.0
0.370789498090744
0.3403327763080597
0.0
0.0
0.0
0.0
0.0
0.3640002906322479
0.04643184319138527
0.0
0.3285171389579773
0.7630131840705872
1.7250988483428955
0.823947548866272
0.3377155661582947
0.537372350692749
0.2960668206214905
0.0
0.37136948108673096
0.0
0.34303489327430725
0.0
0.13927176594734192
0.34445175528526306
0.0
0.0
0.7554802894592285
2.1118905544281006
1.378029227256775
0.0
0.0
0.0
0.0
0.0
0.16326341032981873
0.3204793930053711
0.0
0.0
0.0
0.0
0.0
0.4296300411224365
0.5386527180671692
0.0
0.0
0.0
0.0
0.0
0.0
0.0
0.0
0.0
0.0
0.0
0.3853064477443695
0.7861642241477966
1.1192669868469238
0.29155489802360535
0.0
0.0
0.0
0.0
0.0
0.0
0.0
0.0
0.0
0.0
0.0
0.4535233974456787
0.8440826535224915
0.0
0.0
0.0
0.0
0.0
0.0
0.0
0.0
0.0
0.0
0.0
0.1278240978717804
0.0
0.0
0.0
0.0
0.0
0.0
0.0
0.0
0.0
0.0
0.0
0.0
0.0
0.36713266372680664
0.0
0.4963907301425934
0.0
0.0
0.0
0.0
0.17665565013885498
0.0
0.0
0.0
0.0
0.0
0.0
0.0
0.4998001754283905
0.726763129234314
0.2003243863582611
0.26129475235939026
0.0
0.0
0.0
0.0
0.0
0.0
0.0
0.6468831300735474
0.0
0.0
0.0
0.0
0.0
0.008961018174886703
0.5850142240524292
0.0
0.0
0.0
0.0
0.0
0.0
0.0
0.0
0.0
0.0
0.0
0.0
0.07411730289459229
0.3835655748844147
0.0
0.0
0.0
0.0
0.0
0.0
0.0
0.0
0.0
0.21112000942230225
0.0
0.0
0.0
0.2688150107860565
0.403524786233902
0.0
0.0
0.0
0.2170989066362381
0.0
0.0895363986492157
0.6515076160430908
0.2228391170501709
0.0
0.1359364092350006
1.1620404720306396
0.18932706117630005
0.0
0.47618257999420166
0.1475941687822342
0.0
0.0
0.31445032358169556
0.03411385416984558
0.0
0.0
0.0
0.31019139289855957
0.0019126065308228135
0.9104766249656677
0.35247930884361267
0.3918898403644562
0.37611299753189087
0.14768043160438538
0.0
0.0
0.0
0.2949241101741791
0.19362865388393402
0.2541658580303192
0.7217775583267212
0.0
0.0
0.0
0.12608876824378967
0.0
0.0
0.0
0.0
0.0
0.27268779277801514
0.3027799725532532
0.0
0.0
0.12101592868566513
0.890534520149231
0.08491910994052887
0.0
0.0
0.0
0.0
0.0
0.0
0.0
0.0
0.0
0.0
0.0
0.0
0.2794853746891022
0.7920500040054321
0.0
0.0
0.0
0.0
0.0
0.0
0.0
0.0
0.0
0.2614193856716156
0.0
0.0
0.0
0.9199728965759277
0.0
0.0
0.0
0.0
0.0
0.0
0.0
0.0
0.0
0.0
0.0
0.0
0.0
0.0
0.0
0.0
0.0
0.0
0.0
0.0
0.5809973478317261
0.03266705945134163
0.026279492303729057
0.0
0.0
0.0
0.21382977068424225
0.0
0.0
0.0
0.0
0.0
0.0
0.319603830575943
0.022945238277316093
0.0
0.7250125408172607
0.0
0.2021935135126114
0.465896338224411
0.0
0.0
0.159433975815773
0.14917270839214325
0.0
0.0
0.0
0.0
0.0
0.456473171710968
1.0227428674697876
0.0
0.0
0.0
0.7776439785957336
0.4529781639575958
0.0
0.0
0.0
0.3536417484283447
0.0
0.0
0.5619075298309326
0.0
0.0
0.0
1.1353108882904053
0.0
0.0
0.0
1.497277021408081
0.4921972155570984
0.0
0.0
0.0
0.3889370560646057
0.0
0.0
0.0
0.04331529885530472
0.0
0.0
0.21273396909236908
0.2083374410867691
0.0
0.0
0.8343179821968079
0.4155530035495758
0.0
0.0
0.15498638153076172
0.7042480111122131
0.0
0.0
0.0
0.0
0.3947960138320923
0.0
0.0
0.024265563115477562
0.0
0.0
0.0
0.0
0.0
0.0
0.0
0.6347381472587585
0.0
0.0
0.0
0.0
0.19297932088375092
0.0
0.0
0.0
0.0
0.0
0.0
0.0
0.0
0.0
0.0
0.1764584183692932
0.0
0.0
0.20819540321826935
0.3847948908805847
0.0
0.0
0.0
0.0
0.0
0.0
0.0
0.0
0.0
0.0
0.0
0.5727875828742981
0.0
0.0
0.02433912828564644
0.20111332833766937
0.0
0.0
0.0
0.0
0.2054186463356018
0.0
0.0
0.0
0.0
0.0
0.0
0.0
0.0
0.0
0.0
0.0
0.0
0.0
0.18985213339328766
0.2712855935096741
0.25195395946502686
0.0
0.0
0.0
0.0
0.0
0.0
0.0
0.0
0.0
0.0
0.0
0.0
0.06751382350921631
0.690081000328064
0.0
0.0
0.01768413372337818
0.0
0.0
0.0
0.12454487383365631
0.20063424110412598
0.0
0.0
0.0
0.4444883465766907
0.19553597271442413
0.08084455132484436
0.2434321790933609
0.19163021445274353
0.0
0.3169245421886444
0.0
0.0
0.0
0.0
0.6373766660690308
1.5815773010253906
0.1532374769449234
0.0
0.0
0.0
0.03214447572827339
0.0
0.0
0.0
0.0
0.43942660093307495
0.0
0.0
0.0
0.0
1.401230812072754
1.4923936128616333
0.825127363204956
0.2504190504550934
0.0
0.0
0.0
0.0
0.0
0.0
0.0
0.7594053149223328
0.0
0.0
0.0
0.8229745626449585
1.1004644632339478
0.6206024289131165
1.1372276544570923
0.5237509608268738
0.0
0.0
0.0
0.0
0.0
0.0
0.0
0.6957874894142151
0.006887893192470074
0.0
0.0
0.6269903182983398
0.722737729549408
0.0
0.2477988302707672
0.20440824329853058
0.0
0.0
0.0
0.0
0.0
0.0
0.0
0.0
0.24445649981498718
0.01854526624083519
0.0
0.0
0.22243215143680573
0.0
0.0
0.0
0.0
0.0
0.0
0.0
0.0
0.0
0.011862692423164845
0.3282160460948944
0.5304456353187561
0.2419567108154297
0.0
0.1640033721923828
0.5147734880447388
0.0
0.0
0.13357582688331604
0.0
0.0
0.0
0.0
0.0
0.0
0.7403894662857056
0.0
0.0
0.0
0.0
0.32732948660850525
0.2992945909500122
0.0
0.0
0.0
0.0
0.0
0.0
0.0
0.0
0.0
0.07088272273540497
0.31687796115875244
0.0
0.0
0.0
0.0
0.0
0.0
0.0
0.0
0.0
1.1624377965927124
1.195265769958496
0.737314760684967
0.37699267268180847
0.0
0.0
0.6839198470115662
0.0
0.0
0.0
0.0
0.0
0.0
0.0
0.5902754664421082
0.0
0.0
0.0
0.0
0.9144670367240906
0.0
0.0
0.9156650304794312
0.8126164674758911
0.026533126831054688
0.0
0.0
0.0
0.1896960586309433
0.2845459580421448
0.3062255382537842
0.0
0.0
0.0
0.0
0.16494254767894745
0.0
0.0
0.901874840259552
0.4935905337333679
0.2147565633058548
0.0
0.8626139163970947
0.7689687013626099
0.0
0.0
0.0
0.0
0.515398383140564
0.30651506781578064
0.0
0.1256716549396515
0.2939046323299408
0.0
0.0
0.0
0.0
0.0
0.0
0.0
0.0
0.0
0.0
0.0
0.0
0.0
0.0
0.0
0.0
0.0
0.0
0.0
0.705687403678894
0.0
0.0
0.0
0.0
0.0
0.0
0.0
0.0
0.0
0.0
0.0
0.0
0.0
0.0
0.0
0.8587293028831482
0.2539560794830322
0.0
0.0
0.0
0.0
0.30220580101013184
0.0
0.0
0.0
0.0
0.0
0.0
0.0
0.0
0.0
0.06853410601615906
0.0
0.0
0.0
0.0
0.0
0.269277423620224
0.0
0.0
0.0
0.0
0.0
0.0
0.0
0.0
0.0
0.0
0.0
0.0
0.0
0.0
0.0
0.0
0.0
0.0
0.0
0.0
0.0
0.0
0.6448298692703247
0.0
0.0
0.0
0.0
0.9356618523597717
0.8231789469718933
0.0
0.0
0.0
0.0
0.0
0.5078149437904358
0.49160879850387573
0.0
0.18583154678344727
1.2102129459381104
0.0
0.5414968729019165
0.0
0.0
0.0
0.0
0.0
0.0
0.0
0.0
0.0
0.0
0.0
0.0
0.0
0.0
0.440269410610199
0.4012189209461212
0.0
0.0
0.0
0.0
0.0
0.0
0.0
0.0
0.0
0.0
0.0
0.0
0.0
0.5324227213859558
0.0
0.0
0.0
0.0
0.0
0.0
0.0
0.0
0.0
0.0
0.0
0.0
0.0
0.0
0.12803183495998383
0.15846440196037292
0.0
0.0
0.0
0.0
0.0
0.0
0.0
0.0
0.0
0.06373925507068634
0.0
0.0
0.0
0.16231349110603333
0.4657399654388428
0.04115815833210945
0.0
0.0
0.0
0.0
0.0
0.0
0.0
0.0
0.0
0.0
0.0
0.0
0.0
0.0
0.0
0.0
0.0
0.0
0.03690572828054428
0.0
0.0
0.0
0.0
0.0
0.0
0.0
0.6559532284736633
0.0
0.0
0.0
0.0
0.0
0.0
0.0
0.4887569844722748
0.0
0.0
0.0
0.0
0.0
0.0
0.9712539315223694
1.8493664264678955
0.15252171456813812
0.0
0.0
0.0
0.0
0.0
0.4623869061470032
0.0
0.0
0.0
0.0
0.0
0.6986797451972961
1.0010020732879639
0.05218415707349777
0.0
0.0
0.0
0.0
0.0
0.0
0.0
0.7625917792320251
0.0
0.0
0.513568639755249
0.0
0.0
1.0539864301681519
0.0
0.0
0.0
0.0
0.16160449385643005
0.22237654030323029
0.0
0.0
0.0
0.0
0.0
0.0
0.6502885222434998
0.0
0.0
0.4863748550415039
0.0
0.0
0.0
0.15778928995132446
0.6863683462142944
0.0
0.0
0.0
0.0
0.0
0.0
0.0
0.0
0.0
0.3563339412212372
0.7485649585723877
0.0
0.0
0.0
0.3833651840686798
0.44478365778923035
0.0
0.0
0.0
0.0
0.0
0.0
0.0
0.0
0.41843441128730774
0.4414486587047577
0.0
0.0
0.0
0.0
0.28217118978500366
0.0
0.0
0.0
0.29704365134239197
0.0
0.0
0.0
0.0
0.0
0.0
0.0
0.0
0.0
0.0
0.0
0.0
0.0
0.0
0.0
0.7978863716125488
0.0
0.0
0.0
0.0
0.0
0.0
0.0
0.11584837734699249
0.3401015102863312
0.0
0.0
0.0
0.0
0.0
0.0
0.16843464970588684
0.0
0.06071260944008827
0.0
0.0
0.0
0.0
0.34207683801651
1.190398097038269
0.0
0.0
0.0
0.7125735282897949
1.1810681819915771
0.01666339859366417
0.0
0.3420808017253876
0.3372039794921875
0.05984193831682205
0.0
0.0
0.0
0.27336180210113525
0.21199198067188263
0.024734916165471077
0.0
0.0
0.14182621240615845
0.29476383328437805
0.0
0.0
0.0
0.10354423522949219
0.4620771110057831
0.0
0.0
0.0
0.0
2.0470242500305176
0.1818193942308426
0.0
0.0
0.0
0.0
0.0
0.0
0.0
0.0
0.0
0.3557867109775543
0.0
0.0
0.0
0.984958827495575
1.7111666202545166
0.0
0.0
0.0
0.0
0.0
0.0
0.0
0.0
0.0
0.1506568044424057
0.3440077006816864
0.2814503610134125
0.0
0.0
0.44134384393692017
0.0
0.0
0.0
0.0
0.0
0.0
0.0
0.0
0.0
0.0
0.05774843320250511
0.41369882225990295
0.0
0.0
0.0
0.0
0.0
0.0
0.0
0.0
0.0
0.0
0.0
0.0
0.0
0.0
0.0
0.0
0.0
0.0
0.0
0.0
0.0
0.0
0.0
0.0
0.0
0.0
0.0
0.0
0.0
0.0
0.0
0.0
0.0
0.0
0.0
0.0
0.0
0.0
0.0
0.0
0.0
0.0
0.0
0.5752187967300415
0.0
0.0
0.0
0.0
0.20084764063358307
0.0
0.0
0.0
0.3201429843902588
0.0
0.0
0.0
0.0
0.0
0.0
0.2814864218235016
0.29548075795173645
0.0
0.0
0.0
0.476489394903183
0.11839589476585388
0.0
0.0
0.3560059368610382
0.0
0.0
0.0
0.22278527915477753
0.0
0.0
0.0
0.0
0.5761180520057678
0.0
0.0
1.0602694749832153
0.0
0.0
0.0
0.812445878982544
0.0
0.0
0.0
1.218058466911316
0.6864714026451111
0.0
0.0
0.0
0.5765270590782166
0.15277519822120667
0.0
1.0875136852264404
0.7321213483810425
0.0
0.0
1.2251633405685425
0.0
0.0
0.0
0.43492481112480164
0.015219520777463913
0.0
0.0
0.0
0.5570183992385864
0.9869783520698547
0.0
0.0
0.5402621030807495
0.0
0.0
0.0
0.0
0.0
0.0
0.13008493185043335
0.0
0.0
0.0
0.0
0.759149432182312
0.9305051565170288
0.0
0.0
0.0
0.2945800721645355
0.0
0.0
0.0
0.0
0.0
0.016759585589170456
0.0
0.0
0.0
0.0
1.0791691541671753
0.0
0.0
0.0
0.0
0.04470079392194748
0.0
0.0
0.2992216646671295
0.0
0.0
0.0
0.0
0.0
0.0
0.0
0.15638801455497742
0.0
0.0
0.0
0.0
0.0
0.0
0.0
0.0
0.0
0.0
0.0
0.0
0.0
0.0
0.0
0.0
0.0
0.0
0.0
0.0
0.0
0.0
0.0
0.0
0.0
0.04172219708561897
0.0
0.0
0.0
0.0
0.0
0.0
0.9221131801605225
0.0
0.11968968063592911
0.2600017488002777
0.4207742214202881
0.0
0.0
0.0
0.01086392905563116
0.7223000526428223
0.15112969279289246
0.0
0.0
0.0
0.0
0.0
2.262662649154663
0.0
0.0
0.4542173743247986
0.0
0.0
0.0
0.0
0.0
0.0
0.0
0.0
0.0
0.0
0.0
0.0
2.79771089553833
0.0
0.0
0.32417482137680054
0.0
0.0
0.0
0.0
0.0
0.0
0.0
0.0
0.0
0.0
0.0
0.0
1.901680827140808
0.0
0.0
0.34270310401916504
0.6798999309539795
0.07524800300598145
0.0
0.0
0.0
0.0
0.0
0.029262423515319824
0.12078533321619034
0.0
0.0
0.0
1.8418813943862915
0.0
0.0
0.3434305191040039
1.0014402866363525
0.2510395646095276
0.0
0.0
0.0
0.0
0.0
0.06401856243610382
0.0
0.0
0.0
0.0
0.9048841595649719
0.47323453426361084
0.29533419013023376
0.4089464247226715
0.4692312180995941
0.14676156640052795
0.0
0.10776828974485397
0.19984599947929382
0.1336705982685089
0.0
0.0
0.0
0.0
0.0
0.0
0.20097260177135468
0.0
0.0
0.0
0.0
0.0
0.0
0.0
0.0
0.0
0.0
0.0
0.0
0.0
0.0
0.0
0.0
0.0
0.0
0.0
0.0
0.0
0.0
0.0
0.0
0.0
0.0
0.0
0.0
0.0
0.0
0.0
0.0
0.0
0.0
0.0
0.0
0.0
0.0
0.0
0.0
0.0
0.0
0.0
0.0
0.0
0.0
0.0
0.0
0.0
0.0
0.0
0.0
0.0
0.0
0.0
0.0
0.0
0.0
0.0
0.0
0.0
0.0
0.0
0.0
0.005739032756537199
0.0
0.0
0.0
0.19381926953792572
0.0
0.0
0.0
0.0
0.0
0.0
0.0
0.0
0.0
0.0
0.0
0.41201552748680115
0.0
0.0
0.0
0.0
0.0
0.0
0.0
0.0
0.0
0.0
0.0
0.0
0.0
0.0
0.0
0.2789406478404999
0.0
0.0
0.0
0.0
0.0
0.0
0.0
0.0
0.0
0.0
0.0
0.0
0.0
0.0
0.0
0.10660421848297119
0.0
0.0
0.0
0.0
0.0
0.0
0.0
0.0
0.0
0.0
0.0
0.0
0.0
0.0
0.0
0.006867335643619299
0.0
0.0
0.0
0.0
0.0
0.0
0.0
0.0
0.0
0.0
0.0
0.0
0.0
0.0
0.0
0.0
0.0
0.0
0.0
0.0
0.0
0.0
0.0
0.0
0.0
0.0
0.0
0.0
0.42977476119995117
0.7725101113319397
0.658893883228302
0.17056185007095337
0.0
0.0
0.012420856393873692
0.0
0.0
0.011278626509010792
0.4205169975757599
0.18368160724639893
0.0
0.0
0.0
0.0
0.06517264246940613
0.2713056802749634
0.0
0.2793378531932831
0.0
0.0
0.0
0.0
0.0
0.0
0.0
0.0
0.0
0.0
0.0
0.0
0.0
0.0
0.0
0.0
0.0
0.0
0.0
0.0
0.0
0.0
0.0
0.0
0.0
0.0
0.0
0.0
0.0
0.0
0.0
0.0
0.0
0.0
0.0
0.0
0.0
0.0
0.0
0.0
0.0
0.0
0.0
0.0
0.0
0.0
0.0
0.0
0.0
0.0
0.0
0.0
0.0
0.0
0.0
0.0
0.0
0.0
0.0
0.0
0.0
0.0
0.0
0.0
0.16356419026851654
0.5626334547996521
0.08834093064069748
0.10635887086391449
0.13894611597061157
0.0
0.0
0.6141680479049683
0.15144503116607666
0.0
0.0
0.0
0.0
0.0
0.13532711565494537
0.0
0.0
0.0
0.0
0.0
0.0
0.0
0.0
0.0
0.0
0.0
0.0
0.0
0.0
0.0
0.0
0.0
0.0
0.0
0.0
0.0
0.0
0.7770724296569824
0.0
0.0
0.0
0.0
0.0
0.0
0.0
0.0
0.16692624986171722
0.0
0.0
0.0
0.0
0.0
0.0
0.0
0.0
0.0
0.0
0.0
0.0
0.0
0.0
0.0
0.0
0.43472155928611755
0.27454403042793274
0.0
0.0
0.273189902305603
0.48173007369041443
0.0
0.0
0.0
0.0
0.36991286277770996
0.17780764400959015
0.0
0.0
0.0
0.0
0.0
0.0
0.4553234875202179
0.0
0.0
0.2561577558517456
0.07214164733886719
0.1968197226524353
0.0
0.0
0.0
0.0
0.0
0.23765619099140167
0.0
0.07042744010686874
0.0
0.0
0.0
0.0
0.0
0.0
0.0
0.6274617910385132
0.09259774535894394
0.0
0.0
0.0
0.0
0.0
0.0
0.03061535395681858
0.0
0.0
0.0
0.1565430760383606
0.0
0.0
0.0
0.0
0.514244556427002
0.0
0.0
0.2690826952457428
0.0
0.0
0.0
0.0
0.28146979212760925
0.0
0.0
0.1204119399189949
0.0
0.0
0.0
0.0
0.0
0.0
0.0
0.0
0.0
0.0
0.0
0.167398601770401
0.20661935210227966
0.0
0.0
0.0
0.3083012104034424
0.0
0.0
0.0
0.0
0.0
0.0
0.0
0.0
0.0
0.0
0.0
0.0
0.0
0.0
0.0
0.47346797585487366
0.7619516253471375
0.0
0.0
0.09624817967414856
0.0
0.0
0.0
0.0
0.0
0.3017975986003876
0.23789077997207642
0.0
0.3214218318462372
0.20551754534244537
0.0
0.0
0.13038012385368347
0.0
0.0
0.0
0.8922157287597656
0.7314420938491821
0.0
0.0
0.0
0.0
0.1575314998626709
0.0
0.0
0.0
0.0
0.0
0.0
0.0
0.0
0.0
0.0
0.0
0.0
0.0
0.0
0.0
0.0
0.0
0.0
0.0
0.0
0.0
0.0
0.0
0.0
0.0
0.0
0.0
0.0
0.0
0.0
0.0
0.0
0.0
0.0
0.0
0.0
0.0
0.0
0.01746516115963459
0.5905612707138062
0.12732632458209991
0.0
0.0
0.0
0.0
0.0
0.0
0.0
0.0
0.0
0.0
0.0
0.0
0.0
0.0
0.0
0.0
0.0
0.0
0.0
0.0
0.0
0.0
0.32202431559562683
0.14705738425254822
0.0
0.24355697631835938
0.0
0.0
0.0
0.0
0.0
0.0
0.3155768811702728
0.0
0.0
0.0
0.06270980089902878
0.0
0.0
0.0
0.0
0.0
0.0
0.0
0.0
0.4516163468360901
0.0
0.0
0.0
0.0
0.0
0.0
0.0
0.0
0.0
0.0
0.0
0.0
0.0
0.0
0.0
0.6821000576019287
0.0
0.0
0.0
0.15225978195667267
0.0
0.0
0.0
0.0
0.0
0.0
0.0
1.0693578720092773
0.0
0.0
0.0
0.6599419713020325
0.0
0.0
0.0
0.0
0.0
0.0
0.0
0.5644426941871643
0.12935931980609894
0.0
0.0
2.38653826713562
0.0
0.0
0.0
0.0
0.0
0.0
0.0
0.0
0.0
0.0
0.0
0.684761106967926
0.3376076817512512
0.0
0.0
1.2927547693252563
0.0
0.0
0.0
0.0
0.0
0.0
0.0
0.1954624354839325
0.7440423965454102
0.0
0.0
0.2676832377910614
1.0312141180038452
0.0
0.0
0.436800092458725
0.0
0.0
0.42341795563697815
0.0
0.1409873366355896
0.0
0.0
0.747383177280426
0.1383216828107834
0.0
0.0
0.07444915175437927
0.7727786302566528
0.0
0.0
0.0
0.0
0.0
0.0
0.0
0.0
0.0
0.0
0.0
0.0
0.0
0.0
0.021665457636117935
0.0
0.0
0.0
0.0
0.2712683081626892
0.0
0.0
0.0
0.0
0.0
0.0
0.0
0.0
0.0
0.0
0.0
0.0
0.0
0.0
0.0
0.2223832905292511
0.0
0.001538350828923285
0.13946765661239624
0.40035706758499146
0.7387850284576416
0.19452136754989624
0.0
0.12745210528373718
0.0
0.9709939956665039
0.5222265720367432
0.0
0.0
0.0
0.0
0.0
0.0
0.11745618283748627
0.0
0.0
0.0
0.0
0.0
0.0
0.0
0.21351857483386993
0.0
0.0
0.0
0.0
0.0
0.0
0.1357598751783371
0.5571588277816772
0.0
0.0
0.0
0.0
0.0
0.0
0.0
0.0
0.0
0.0
0.0
0.0
0.0
0.0
0.5008928775787354
0.0
0.0
0.227259561419487
0.0
0.0
0.0
0.0
0.0
0.0
0.0
0.0
0.0
0.1534532606601715
0.19095851480960846
0.0
0.2453276365995407
0.0
0.0
0.2270483821630478
0.0
0.0
0.0
0.0
0.0
0.0
0.0
0.0
0.0
0.0
0.0
0.0
0.0
0.0
0.0
0.0
0.0
0.0
0.0
0.0
0.0
0.0
0.0
0.009238467551767826
0.0
0.11120067536830902
0.0
0.3468599021434784
0.9366289973258972
0.2261723428964615
0.4003823697566986
0.11547521501779556
0.0
0.0
0.0
0.0
0.0
0.0
0.0
0.6039252281188965
0.0
0.0
0.0
0.0
0.0
0.0
0.0
0.0
0.0
0.0
0.0
0.0
0.0
0.0
0.0
0.0
0.0
0.0
0.0
0.0
0.0
1.4658002853393555
1.728259563446045
0.8932856917381287
1.0222053527832031
1.2773451805114746
0.9738715887069702
0.9692655801773071
0.7255326509475708
0.9969626665115356
0.5250312089920044
0.22386066615581512
0.08219403028488159
1.5616174936294556
0.7529636025428772
0.0
0.0
0.12442092597484589
0.07804102450609207
0.4760328531265259
0.0
0.0
0.0
0.487488716840744
0.5486562252044678
0.5494735240936279
0.8814934492111206
0.35539326071739197
0.42177727818489075
1.1122283935546875
0.843363881111145
0.392086386680603
0.04315882548689842
0.0
0.0
0.0
0.0
0.0
0.11647195369005203
0.0
0.0
0.0
0.0
0.0
0.32091978192329407
0.0
0.0
1.3212966918945312
2.388244152069092
1.049692988395691
0.4340739846229553
0.0
0.0
0.5714861154556274
0.30345606803894043
0.1279316395521164
0.0
0.0
0.0
0.13826553523540497
0.0
0.0
0.0
0.0
0.09829059988260269
0.0
0.0
0.0
0.0
0.3532296419143677
0.015083960257470608
0.0
0.0
0.2099277228116989
0.0
0.21276843547821045
0.0
0.0
0.0
0.0
0.0
0.0
0.3874286711215973
0.28531986474990845
0.0
0.0
0.0
0.0
0.0
0.0
0.0056679327972233295
0.0
0.0
0.0
0.0
0.41788047552108765
0.1972225159406662
0.24375632405281067
0.3763308823108673
0.0
0.0
0.0
0.0
0.0
0.0
0.0
0.0
0.0
0.0
0.0
0.0
0.0
0.0
0.0
0.0
0.0
0.0
0.024434125050902367
0.0
0.0
0.0
0.0
0.0
0.0
0.0
0.0
0.0
0.0
0.0
0.0
0.0
0.0
0.0
0.0
0.0
0.0
0.0
0.0
0.0
0.0
0.5753166675567627
0.36794257164001465
0.03954146057367325
0.0
0.0
0.0
0.0
0.0
0.0
0.0
0.0
0.0
0.0
0.0
0.0
0.019201746210455894
0.0
0.0
0.4808840751647949
0.0
0.0
0.0
0.0
0.0
0.0
0.0
0.0
0.0
0.0
0.0
0.0
0.0
0.0
0.0
0.0
0.0
0.0
0.0
0.0
0.0
0.0
0.0
0.0
0.16747704148292542
0.45952102541923523
0.3039018213748932
0.01063445769250393
0.0
0.0
0.0
0.0
0.0
0.0
0.0
0.0
0.3890628516674042
0.25002482533454895
0.20587550103664398
0.27516424655914307
0.0
0.0
0.014027736149728298
0.0
0.13938164710998535
0.19285450875759125
0.4886246919631958
0.0
0.0
0.0
0.0
0.0
0.0
0.2792098820209503
0.0
0.0
0.0
0.0
0.11627540737390518
0.0
0.38494718074798584
0.0
0.0
0.0
0.0
0.0
0.0
0.0
0.0
0.0
0.0
0.0
0.19234046339988708
0.0
0.0
0.0
0.0
0.0
0.0
0.24479825794696808
0.0
0.0
0.0
0.0
0.0
0.0
0.0
0.0
0.0
0.0
0.0
0.0
0.0
0.0
0.0
0.49635401368141174
0.0
0.0
0.0
0.0
0.0
0.0
0.33243095874786377
0.0
0.0
0.0
0.0
0.0
0.0
0.0
0.0
0.647731602191925
0.10444611310958862
0.0
0.0
0.19418729841709137
0.154959574341774
0.0
0.0
0.0
0.0
0.0
0.0
0.0
0.0
0.0
0.0
0.0
0.0
0.0
0.0
0.0
0.17797774076461792
0.0
0.0
0.0
0.8041102290153503
0.0
0.0
0.0
0.0
0.0
0.0
0.0
0.0
0.0
0.7488929033279419
0.5464769601821899
0.5007873773574829
0.0
0.0
0.0
1.0260847806930542
0.2585824429988861
0.0
0.0
0.0
0.0
0.0
0.0
0.0
0.0
0.8533936142921448
0.3756876587867737
1.0900951623916626
0.0
0.0
0.0
1.0078247785568237
0.0
0.0
0.0
0.0
0.0
0.0
0.0
0.0
0.0
0.0
0.0
0.6203340291976929
0.0
0.0
0.0
1.3714205026626587
0.0
0.0
0.0
0.0
0.0
0.0
0.0
0.0
0.0
0.0
0.33272475004196167
0.56610107421875
0.0
0.0
0.0
1.2411773204803467
0.0
0.0
0.0
0.0
0.0
0.0
0.0
0.0
0.0
0.0
0.6051379442214966
0.0
0.0
0.0
0.06904707103967667
0.535049557685852
0.0
0.0
0.0
0.0
0.0
0.0
0.0
0.0
0.0
0.15341809391975403
0.0
0.0
0.0
0.0
0.3557363450527191
0.0
0.0
0.0
0.0
0.3218839466571808
0.0
0.0
0.0
0.0
0.0
0.02936914935708046
0.0
0.0
0.49825602769851685
1.0987699031829834
0.3047151267528534
0.0
0.0
0.0
0.0
0.2546566128730774
0.0
0.0
0.1345888376235962
0.0
0.0
1.2276322841644287
0.29104945063591003
0.0
0.0
0.05747440457344055
0.0
0.0
0.0
0.0
0.0
0.0
0.0
0.0
0.0
0.0
0.0
1.5228523015975952
0.0
0.0
0.0
0.0
0.0
0.0
0.0
0.0
0.0
0.0
0.0
0.0
0.0
0.0
1.4389095306396484
0.7640961408615112
0.0
0.0
0.0
0.0
0.0
0.0
0.0
0.0
0.0
0.0
0.0
0.0
0.0
0.0
0.809763491153717
0.0
0.0
0.0
0.0
0.0
0.0
0.0
0.0
0.0
0.0
0.04711058363318443
0.0
0.0
0.0
0.17719551920890808
0.1491159349679947
0.0
0.0
0.0
0.0
0.032879672944545746
0.2943439781665802
0.0
0.0
0.0
0.47759580612182617
0.33021843433380127
0.07497584074735641
0.08446274697780609
0.15210846066474915
0.0
0.0
0.0
0.09418915957212448
0.0
0.0
0.0
0.0
0.0
0.0
0.0
0.0
0.0
0.10230064392089844
0.0
0.0
0.0
0.0
0.0
0.004634413402527571
0.0
0.0
0.0
0.0
0.0
0.0
0.03942174091935158
0.0
0.0
0.0
0.0
0.3806898295879364
0.0
0.0
0.0
0.29242897033691406
0.0
0.0
0.0
0.0
0.0
0.0
0.5342860221862793
0.6956290006637573
0.0
0.0
0.0
0.36057591438293457
0.0
0.0
0.0
0.0
0.025983493775129318
0.0
0.0
0.27194643020629883
0.021861832588911057
0.0
0.41320472955703735
1.1647802591323853
0.4703795611858368
0.0
0.043210987001657486
0.1736692190170288
0.0
0.0
0.0
0.0
0.19987434148788452
0.0
0.0
0.18021659553050995
0.44363102316856384
0.0
0.04190303012728691
0.7403275370597839
0.8097360134124756
0.0
0.05480813607573509
0.5200851559638977
0.0
0.6081428527832031
0.0
0.09822379052639008
0.9371394515037537
0.0
0.0
0.0
0.4172385334968567
0.0
0.0
0.0
0.3547336161136627
0.0
0.030365336686372757
0.43338894844055176
0.14348061382770538
1.1278220415115356
0.0
0.0
0.07523807883262634
0.0
0.0
0.0
0.0
0.0
0.0
0.0
0.0
0.35729795694351196
0.21386611461639404
0.6930849552154541
0.5783132910728455
0.24086591601371765
0.0
0.0
0.0
0.0
0.0
0.0
0.0
0.0
0.0
0.0
0.0
0.36323148012161255
0.0
0.4092754125595093
1.3075129985809326
0.19077743589878082
0.0
0.0
0.0
0.0
0.0
0.0
0.0
0.0
0.0
0.0
0.0
0.23171840608119965
0.03937675431370735
0.0
0.7989178895950317
0.5133703947067261
0.2742609977722168
0.0
0.0
0.0
0.0
0.0
0.0
0.0
0.0
0.0
0.0
0.08089185506105423
0.02778860554099083
0.0
0.0
0.0
0.12355446815490723
0.0
0.0
0.0
0.3099418878555298
0.0
0.0
0.0
0.0
0.0
0.0
0.33529525995254517
0.0
0.0
0.0
0.0
0.6734890937805176
0.0
0.0
0.0
0.0
0.0
0.0
0.0
0.0
0.0
0.0
0.7661053538322449
0.13855116069316864
0.0
0.0
0.0
0.3936580717563629
0.1791856437921524
0.0
0.0
0.0
0.0
0.0
0.0
0.0
0.0
0.0
0.8262145519256592
0.0
0.0
0.0
0.0
0.0
0.0
0.0
0.0
0.0
0.0
0.0
0.0
0.0
0.0
0.0
0.13017621636390686
0.0
0.0
0.0
0.3660031259059906
0.0
0.0
0.0
0.0
0.0
0.0
0.0
0.0
0.0
0.0
0.0
0.0
0.08586761355400085
0.0
0.0
0.05687316879630089
0.0
0.0
0.0
0.0
0.0
0.0
0.0
0.0
0.0
0.0
0.0
0.0
0.0
0.0
0.0
0.0
0.0
0.0
0.0
0.0
0.0
0.0
0.0
0.23390470445156097
0.20986852049827576
0.0
0.0
0.0
0.0
0.2719459533691406
0.0
0.0
0.0
0.25508299469947815
0.0
0.2951032817363739
0.0
0.0
0.0
0.0
1.2979551553726196
0.5467263460159302
0.13134510815143585
0.0
0.1478528380393982
0.7278470993041992
0.3927980065345764
0.0
0.0
0.0
0.0
0.0
0.506271481513977
0.0
0.0
0.0
0.3570939004421234
1.5124411582946777
0.5038670301437378
0.07041661441326141
0.0
0.6966947317123413
0.40660911798477173
0.30096620321273804
0.0
0.0
0.0
0.0
0.11473199725151062
0.15690158307552338
0.0
0.0
0.0
1.526482105255127
1.3682529926300049
0.11818309873342514
0.0
0.0
0.579863429069519
0.060758039355278015
0.0
0.0
0.0
0.0
0.0
0.0
0.0
0.0
0.0
0.24440550804138184
1.6935542821884155
0.0
0.0
0.0
0.20277847349643707
0.0
0.0
0.0
0.0
0.18754057586193085
0.0
0.0
0.0
0.0
0.0
0.0
0.3051048517227173
0.3894326984882355
0.0
0.0
0.05724959075450897
0.0
0.0
0.0
0.0
0.07806698232889175
0.4471327066421509
0.0
0.0
0.0
0.0
0.0
0.0
0.6905319094657898
0.0
0.0
0.5784965753555298
0.38963982462882996
0.0
0.0
0.0
0.17229241132736206
0.4110410511493683
0.0
0.0
0.0
0.06753327697515488
0.0
0.0
0.8058821558952332
0.0
0.03732170909643173
0.17499172687530518
0.11805300414562225
0.0
0.0
0.0
0.16324786841869354
0.0
0.0
0.0
0.0
0.0
0.0
0.0
0.918243944644928
0.6724168658256531
0.024080192670226097
0.0
0.0
0.2364862710237503
0.0
0.0
0.0
0.0
0.0
0.0
0.0
0.0
0.0
0.0
0.44851064682006836
0.9041829109191895
0.46473103761672974
0.0
0.0
0.0
0.0
0.0
0.0
0.0
0.0
0.0
0.0
0.0
0.0
0.0
0.0
0.5611491799354553
1.1750600337982178
0.0
0.0
0.0
0.0
0.0
0.0
0.0
0.0
0.0
0.0
0.0
0.0
0.0
0.0
0.0
0.931450366973877
0.0
0.0
0.0
0.0
0.0
0.0
0.0
0.0
0.0
0.0
0.0
0.0
0.0
0.0
0.0
0.23197844624519348
0.5483635663986206
0.0
0.0
0.0
0.0
0.0
0.0
0.0
0.0
0.0
0.0
0.0
0.0
0.2530006766319275
0.0
0.0
0.0
0.0
0.0
0.0
0.0
0.0
0.0
0.0
0.0
0.0
0.0
0.0
0.0
0.057749561965465546
0.07975131273269653
0.0
0.0
0.0696917474269867
0.0
0.0
0.0
0.0
0.0
0.0
0.0
0.0
0.0
0.0
0.0
0.3291695713996887
0.48038920760154724
0.0
0.0
0.20746268332004547
0.7873930931091309
0.1670164167881012
0.0
0.2319713979959488
0.4729418158531189
0.812680184841156
0.42187783122062683
0.3763827681541443
0.0
0.0
0.2717127501964569
0.4096982479095459
0.32056745886802673
0.0
0.0
0.522522509098053
1.1488250494003296
0.8500174880027771
0.9521663188934326
1.0913430452346802
1.2887405157089233
1.4676799774169922
1.0771125555038452
1.1834089756011963
0.7824351787567139
0.08593891561031342
0.18080009520053864
1.3643065690994263
1.7628405094146729
0.0
0.0
0.0
0.0
0.140084370970726
0.5568576455116272
0.5328033566474915
0.0
0.0
0.2451903373003006
1.012785792350769
1.3674893379211426
0.5837531089782715
0.055265698581933975
0.5314514636993408
0.646968424320221
0.0
0.16094164550304413
0.3467336893081665
0.0
0.0
0.0
0.0
0.0
0.0
0.0
0.0
0.19237278401851654
0.4140256643295288
0.17342109978199005
0.0
0.0
0.0
0.7968766689300537
0.8151209354400635
0.0
0.0
0.0
0.17186839878559113
0.4034804403781891
0.0
0.0
0.0
0.0
0.005275204312056303
0.11981651932001114
0.0
0.0
0.0
0.2690727114677429
0.0
0.0
0.0
0.0
0.0
0.0
0.0
0.0
0.0
0.0
0.0
0.0
0.0
0.0
0.3708120584487915
0.0
0.0
0.0
0.0
0.0
0.0
0.0
0.0
0.0
0.0
0.0
0.0
0.18386048078536987
0.0
0.0
0.20227588713169098
0.0
0.0
0.0
0.0
0.044883545488119125
0.030029917135834694
0.0
0.37939780950546265
0.11514949798583984
0.0
0.0
0.0
0.34089821577072144
0.0
0.0
0.0
0.0
0.0
0.30604854226112366
0.0
0.1486828327178955
0.0
0.0
0.18817438185214996
0.36741188168525696
0.2825690805912018
0.0
0.0
0.0
0.3880172073841095
0.0
0.0
0.05772153660655022
0.0
0.0
0.0
0.0
0.0
0.0
0.0
0.0
0.0
0.0
0.0
0.0
0.5512160062789917
0.0
0.0
0.0
0.0
0.0
0.0
0.0
0.0
0.0
0.0
0.0
0.0
0.0
0.0
0.6080528497695923
0.0
0.0
0.0
0.0
0.0
0.16211171448230743
0.09605484455823898
0.4314229488372803
0.0
0.0
0.0
0.0
0.04761341214179993
0.14962796866893768
0.04052502289414406
0.6693745851516724
0.08214174211025238
0.0
0.0
0.0
0.0
0.13628911972045898
0.4761388897895813
0.510744571685791
0.2837936580181122
0.28843533992767334
0.43284329771995544
0.18486115336418152
0.11414740979671478
0.21667835116386414
0.0
0.9884426593780518
0.0477350652217865
0.0
0.0
0.0
0.0
0.0
0.0
0.0
0.0
0.0
0.0467294342815876
0.0
0.0
0.0
0.9378070831298828
1.6292023658752441
0.2978580594062805
0.0
0.0
0.0
0.0
0.0
0.0
0.0
0.0
0.0
0.0
0.0
0.0
0.0
0.3118692636489868
0.4592479467391968
0.18287670612335205
0.47194424271583557
0.24319571256637573
0.10668087750673294
0.048021186143159866
0.3785770833492279
0.7640004754066467
0.7762117981910706
0.5649213790893555
0.3818897604942322
0.5002471804618835
0.586330235004425
0.31483983993530273
0.06174307316541672
0.0
0.0
0.4123504161834717
0.37973880767822266
0.2867353558540344
0.17799118161201477
0.04925213009119034
0.0
0.003610477549955249
0.42888668179512024
0.07122372835874557
0.0
0.0
0.34055301547050476
0.906934380531311
0.8553912043571472
0.5815881490707397
0.5512452125549316
0.0
0.0
0.021785205230116844
0.042953502386808395
0.0
0.0
0.0
0.0
0.0
0.0
0.0
0.0
0.0
0.10992096364498138
0.43747416138648987
0.26294103264808655
0.0
0.0
0.09683132916688919
0.3084597587585449
0.39875832200050354
0.0
0.0
0.0
0.0
0.3042866289615631
0.0
0.0
0.0
0.0
1.0712339878082275
1.0865782499313354
0.0
0.0
0.0
0.2430008351802826
0.0
0.0
0.0
0.0
0.0
0.3827662169933319
0.0
0.0
0.0
0.0
0.46087467670440674
1.4092488288879395
0.0
0.0
0.0
0.11465568095445633
0.0
0.0
0.0
0.0
0.0
0.05724889039993286
0.0
0.0
0.0
0.0
0.0
0.9706966280937195
0.0
0.0
0.0
0.6145760416984558
0.0
0.0
0.0
0.0
0.0
0.1601411998271942
0.0
0.0
0.14045028388500214
0.0
0.0
0.20449139177799225
0.0
0.0
0.0
0.0
0.0
0.0
0.0
0.0
0.0
0.11651400476694107
0.0
0.0
0.27987802028656006
0.0
0.0
0.0
0.0
0.0
0.0
0.0
0.3773219585418701
0.0
0.0
0.0
0.0
0.0
0.0
0.0
0.0
0.603820264339447
0.036752961575984955
0.0
0.0
0.0
0.0
0.0
0.03545467555522919
0.0
0.0
0.0
0.0
0.07405959814786911
0.0
0.0
0.48850786685943604
0.7981615662574768
0.13920536637306213
0.0
0.0
0.0
0.0
0.0
0.0
0.04565469175577164
0.5703642964363098
0.0
0.0
0.6815943717956543
0.3848761022090912
0.043088242411613464
0.6602274775505066
1.0397907495498657
0.39829233288764954
0.0
0.0
0.0
0.0
0.0
0.0
0.0
0.585452675819397
0.0
0.0
0.14128966629505157
0.23978166282176971
0.017272524535655975
0.0
0.0
0.0
0.0
0.0
0.0
0.07520346343517303
0.0
0.0
0.0
0.0
0.0
0.0
0.03972757235169411
0.16211186349391937
0.0
0.0
0.0
0.0
0.0
0.0
0.0
0.5311610698699951
0.0
0.0
0.0
0.0
0.0
0.0
0.0
0.0
0.0
0.0
0.0
0.0
0.0
0.0
0.0
0.30400383472442627
0.6421878337860107
0.0
0.0
0.0
0.03676198422908783
0.12818081676959991
0.0
0.0
0.0
0.0
0.0
0.0
0.0
0.0
0.0
0.0
0.0
0.0
0.0
0.0
0.0
0.0
0.0
0.0
0.0
0.0
0.0
0.0
0.0
0.0
0.0
0.0
0.0
0.0
0.0
0.0
0.0
0.0
0.0
0.0
0.0
0.0
0.0
0.0
0.0
0.0
0.0
0.0
0.0
0.0
0.0
0.0
0.0
0.0
0.0
0.0
0.0
0.0
0.0
0.0
0.0
0.0
0.0
0.022956296801567078
0.0
0.0
0.0
0.0
0.0
0.0
0.0
0.750420868396759
0.9293316006660461
0.4666200280189514
0.0
0.0
0.0
0.0
0.0
0.049753542989492416
0.0
0.0
0.0
0.0
0.26488542556762695
0.7909860610961914
1.037514328956604
0.3922024965286255
0.0
0.0
0.30391979217529297
0.3101074993610382
0.0
0.7139422297477722
1.5804630517959595
0.0
0.0
0.0
0.0
0.0
1.0017695426940918
0.4631774425506592
0.0
0.0
0.0
0.0
0.41461145877838135
0.0
0.0
1.2009022235870361
0.7866619825363159
0.16737309098243713
0.0
0.0
0.5055146813392639
0.0
0.46630579233169556
0.0
0.0
0.0
0.0
0.09754306823015213
0.5663014054298401
0.0
0.0
0.41589897871017456
0.0
0.0
0.0
0.24924695491790771
0.0
0.0
0.0
0.2019910216331482
0.22541546821594238
0.0
0.0
0.33719563484191895
0.5085862278938293
0.007384321186691523
0.0
0.1670026183128357
0.0
0.026953842490911484
0.0
0.0
0.0
0.0
0.0
0.0
0.0
0.0
0.14203111827373505
0.0
0.4572751522064209
0.01957397721707821
0.0
0.001979406923055649
0.2602847218513489
0.8712795376777649
0.0
0.0
0.0
0.0
0.0
0.0
0.0
0.0
0.23678085207939148
0.0
0.0
0.0
0.0
0.0
0.28211158514022827
0.019802644848823547
0.0
0.0
0.0
0.0
0.0
0.0
0.0
0.0
0.0
0.0
0.0
0.0
0.0
0.0
0.0
0.0
0.0
0.0
0.6777434349060059
0.0
0.0
0.0
0.0
0.0
0.0
0.0
0.0
0.0
0.0
0.0
0.0
0.0
0.0
0.0
0.0
0.0
0.0
0.0
0.0
0.6299494504928589
0.6607921123504639
0.0
0.0
0.38635772466659546
1.2561100721359253
0.2158617228269577
0.0
0.0
0.0
0.0
0.0
0.0
0.621756374835968
0.27957943081855774
0.2914551794528961
0.30923759937286377
0.0
0.0
0.13174036145210266
0.6439234018325806
0.852745532989502
0.8128190040588379
0.21590417623519897
0.0
0.0
0.0
0.05452965572476387
0.2804206907749176
0.5331583023071289
0.0512356199324131
0.0
0.0
0.0
0.0
0.0
0.0
0.0
0.5302287936210632
0.2651645839214325
0.0
0.0
0.33146512508392334
0.0
0.0
0.0
0.0
0.0
0.0
0.0
0.0
0.0
0.0
0.6413238644599915
0.24041686952114105
0.05319686606526375
0.0
0.0
0.0
0.0
0.0
0.0
0.0
0.0
0.0
0.0
0.0
0.0
0.0
0.9527643918991089
0.0
0.0
0.0
0.0
0.0
0.0
0.0
0.0
0.0
0.0
0.0
0.0
0.0
0.0
0.1264866441488266
0.0
0.26604124903678894
0.0
0.09247434139251709
0.024118343368172646
0.0
0.0
0.0
0.0
0.0
0.0
0.0
0.0
0.0
0.0
0.0
0.0
0.0
0.0
0.0
0.0
0.0
0.3937931954860687
0.0
0.0813688188791275
0.0
1.2868187427520752
0.7083432078361511
0.0
0.0
0.0
0.0
0.0
0.0
0.2695336937904358
0.0
0.0
0.0
0.0
0.0
1.3300590515136719
0.09029628336429596
0.0
0.0
0.0
0.0
0.0
0.0
0.03348712995648384
0.3447539806365967
0.47808241844177246
0.0
0.0
0.0
0.0
0.5153636336326599
0.24721410870552063
0.0
0.0
0.0
0.0
0.0
0.0
0.0
0.136067196726799
0.0
0.0
0.0
0.8564082980155945
1.1557673215866089
0.0
0.0
0.0
0.0
0.0
0.0
0.0
0.0
0.0
0.0
0.0
0.0
0.0
0.0
0.5833296179771423
0.0
0.0
0.0
0.0
0.0
0.7350708246231079
0.0
0.0
0.10236824303865433
0.0
0.0
0.0
0.0
0.22782331705093384
0.07187923789024353
0.0
0.0
0.0
0.0
0.0
0.0
0.0
0.0
0.1412334144115448
0.0
0.0
0.0
0.11493682861328125
0.0
0.18683068454265594
0.0
0.0
0.0
0.7408422827720642
0.0
0.0
0.0
0.0
0.00893767736852169
0.0
0.0
0.0
0.26356685161590576
0.5575497150421143
0.0
0.0
0.0
0.5463326573371887
0.0
0.0
0.0
0.0
0.0
0.0
0.0
0.0
0.0
0.0
0.6863821744918823
0.0
0.0
0.0
0.0
0.994196891784668
0.0
0.0
0.7254794836044312
0.0
0.0
0.0
0.1573023647069931
0.0
0.0
0.0
0.0
0.0
0.0
0.0
0.0
1.5644875764846802
0.0
0.0
0.0
0.0
0.0
0.0
0.890890896320343
0.0
0.0
0.0
0.0
0.0
0.02005589008331299
0.0
0.0
0.46555447578430176
0.0
0.6746808290481567
0.0
0.0
0.0
0.0
0.0
0.0
0.0
0.0
0.0
0.0
0.0
0.0
0.0
0.0
0.7555139660835266
1.1714547872543335
0.0
0.0
0.0
0.0
0.0
0.0
0.0
0.0
0.0
0.0
0.0
0.0
0.0
0.0
0.9735309481620789
0.0
0.0
0.0
0.0
0.0
0.0
0.0
0.0
0.16311964392662048
0.0
0.0
0.0
0.1509302407503128
0.0
0.0
0.2973402142524719
0.0
0.0
0.0
0.0
0.0
0.0
0.0
0.12373124808073044
0.0
0.0
0.0
0.0
0.0
0.0
0.0
0.024045640602707863
0.0
0.06023191288113594
0.09209936857223511
0.0
0.0
0.2828008532524109
0.6511409878730774
0.0
0.0
0.0781014934182167
0.0
0.0
0.0
0.0
0.0
0.0
0.08531917631626129
0.0
0.0
0.0
0.0
0.0
0.0
0.0
0.0
0.0
0.0
0.0
0.0
0.0
0.0
0.0
0.6635378003120422
0.0
0.0
0.0
0.0
0.0
0.0
0.0
0.0
0.0
0.0
0.7077192664146423
0.0
0.0
0.0
0.41664305329322815
0.6113208532333374
0.0
0.0
0.0
0.0
0.6242671608924866
0.0
0.0
0.0
0.0
0.0
0.7657445669174194
0.0
0.0
0.0
0.695909857749939
0.0
0.0
0.0
0.0
0.0
0.0
0.0
0.0
0.0
0.0
0.0
0.0
0.0
0.0
1.142623782157898
0.6247128844261169
0.0
0.0
0.6179163455963135
0.0
0.0
0.0
0.0
0.0
0.0
0.0
0.0
0.0
0.0
0.0
1.676196575164795
0.5962147116661072
0.0
0.0
0.0
0.0
0.0
0.0
0.0
0.0
0.0
0.0
0.0
0.0
0.2010503113269806
0.0
0.0
0.14831559360027313
0.0
0.0
0.0
0.0
0.0
0.20087647438049316
0.0
0.0
0.0
0.0
0.0
0.0
0.34177571535110474
0.2000957429409027
0.0
0.24997815489768982
0.9815085530281067
0.0
0.0
0.0
0.12662670016288757
0.0
0.0
0.0
0.0
0.0
0.0
0.0
0.0
0.02459128387272358
0.0
0.35606837272644043
0.3288784325122833
0.0
0.0
0.0
0.6948800683021545
0.0
0.0
0.0
0.0
0.0
0.0
0.0
0.0
0.0
0.5908792614936829
0.7435591220855713
0.0
0.0
0.0
0.46797946095466614
0.5521801710128784
0.0
0.0
0.0
0.0
0.0
0.0
0.0290336012840271
0.0
0.0
0.797520101070404
0.6401679515838623
0.0
0.0
0.0
0.0
0.0
0.0
0.0
0.0
0.0
0.0
0.0
0.6213911175727844
0.0
0.0
0.0
0.9620305895805359
0.0
0.0
0.0
0.0
0.0
0.0
0.0
0.0
0.0
0.0
0.0
0.08529883623123169
0.0
0.0
0.12527742981910706
0.42817020416259766
0.0
0.0
0.0
0.0
0.0
0.32967305183410645
0.0
0.0
0.0
0.15478485822677612
0.0
0.0
0.0
0.1787087768316269
0.6086404323577881
0.0
0.07352772355079651
0.5081237554550171
0.4009004831314087
0.11224333941936493
0.2100699096918106
0.293444961309433
0.0
0.0
0.32102489471435547
0.11784224212169647
0.0
0.06540374457836151
0.010453102178871632
0.5610579252243042
0.0
0.0
0.0
0.004478605929762125
0.06061693653464317
0.0
0.0
0.0
0.0
0.0
0.5510210394859314
0.0
0.0
0.25479069352149963
0.2600921392440796
0.1204143539071083
0.0
0.0
0.10467676818370819
0.172385573387146
0.16448046267032623
0.09518439322710037
0.0
0.0
0.0
0.48765259981155396
0.6996042728424072
0.0
0.0
0.2618037760257721
0.13252680003643036
0.0
0.0
0.0
0.0
0.0
0.05357679724693298
0.0
0.0
0.0
0.0
0.0
0.009335887618362904
0.18903259932994843
0.0
0.19999843835830688
0.1323227435350418
0.19827400147914886
0.6102394461631775
0.2901437282562256
0.0
0.0
0.20577844977378845
0.0
0.0
0.0
0.0
0.0
0.0
0.6071733236312866
0.0
0.0
0.0
0.23329868912696838
0.7237001061439514
0.0
0.0
0.0
0.0
0.0
0.0
0.0
0.0
0.0
0.0
0.43603625893592834
0.0
0.0
0.0
0.0
0.3249960243701935
0.0
0.0
0.0
0.0
0.0
0.0
0.3399253487586975
0.31201040744781494
0.707429826259613
0.0
0.018630029633641243
0.2102203220129013
0.0
0.0
0.0
0.0
0.0
0.0
0.0
0.20252566039562225
0.33926454186439514
0.1876440942287445
0.0827055424451828
0.0
0.5857274532318115
0.0
0.0
0.0
0.0
0.2488487958908081
0.6792356371879578
0.0
0.06579982489347458
1.0299789905548096
0.2940661609172821
0.0
0.0
0.0
0.0
0.3627145290374756
0.7529633641242981
0.10443855822086334
0.0
0.0
0.0
0.0
0.0
0.2360028326511383
0.40439626574516296
0.0
0.0
0.0
0.0
0.0
0.04266255348920822
0.1544996052980423
0.06409644335508347
0.0
0.0
0.0
0.0
0.0
0.0
0.0
0.0
0.0
0.0
0.2783553898334503
0.0
0.0
0.0
0.0
0.0
0.0
0.0
0.0
0.0
0.0
0.0
0.0
0.0
0.09009375423192978
1.4030687808990479
0.1977095752954483
0.0
0.0
0.19542379677295685
0.38145244121551514
0.08094020187854767
0.0
0.0
0.0
0.1440754383802414
0.05316854640841484
0.6326600909233093
0.0
0.0
0.0
0.0
0.0
0.0
0.0
0.9629818201065063
0.5322444438934326
0.0
0.0
0.0
0.0
0.0
0.0
0.0
0.0
0.0
0.0
0.0
0.0
0.0
0.0
0.0
0.0
0.0
0.0
0.0
0.0
0.0
0.0
0.0
0.0
0.0
0.0
0.5193113088607788
0.9146114587783813
0.5499533414840698
0.0
0.0
0.0
0.0
0.03392750769853592
0.024186501279473305
0.0
0.0
0.3294173777103424
0.0
0.0
0.8644751906394958
1.0620917081832886
0.0
0.0
0.0
0.0
0.0
0.0
0.0
0.0
0.0
0.0
0.0
0.0
0.0
0.0
0.6399896740913391
0.5323164463043213
0.0
0.0
0.0
0.0
0.0
0.0
0.2659047245979309
0.0
0.0
0.0
0.0
0.0
0.0
0.3365689814090729
0.16599099338054657
0.0
0.0
0.0
0.0
0.0
0.0
0.2504534423351288
0.0
0.0
0.0
0.33543312549591064
0.0
0.0
0.0
0.0
0.0
0.0
0.0
0.0
0.0
0.0
0.0
0.0
0.0
0.0
0.3360711634159088
0.0
0.0
0.1414315104484558
0.09717737883329391
0.7031344175338745
0.6754714250564575
0.3098735511302948
0.0
0.0
0.19314056634902954
0.6791782379150391
0.8386579751968384
0.0
0.0
0.0
0.0
1.3400098085403442
0.0
0.0
0.0
0.0
0.25919193029403687
0.0
0.0
0.0
0.0
0.0
0.3206305503845215
0.0
0.0
0.0
0.0
0.36356624960899353
0.0
0.0
0.0
0.0
0.0
0.523870050907135
0.5222148895263672
0.0
0.0
0.0
0.0
0.0
0.8569112420082092
0.0
0.0
0.0
0.5208567976951599
0.0
0.0
0.0
0.0
0.0
0.0
0.16866570711135864
0.0
0.0
0.0
0.0
0.0
0.13411016762256622
0.0
0.0
0.22479203343391418
0.020606467500329018
0.0
0.0
0.0
0.0
0.0
0.0
0.0
0.0
0.0
0.0
0.0
0.5508867502212524
0.0
0.0
0.0
0.0
0.0
0.0
0.0
0.0
0.0
0.0
0.0
0.0
0.0
0.0
0.0
0.0
0.7859230637550354
0.0
0.0
0.0
0.0
0.0
0.0
0.0
0.0
0.0
0.0
0.0
0.0
0.0
0.0
0.0
0.0
0.8603859543800354
0.0
0.12266500294208527
0.0
0.0
0.0
0.0
0.0
0.0
0.0
0.0
0.0
0.0
0.0
0.0
0.0
0.4894486367702484
0.0
0.0
0.315850168466568
0.0
0.0
0.0
0.0
0.0
0.0
0.0
0.0
0.0
0.0
0.0
0.0
0.3277280628681183
0.0
0.0
0.4012255370616913
0.14727015793323517
0.0
0.0
0.0
0.0
0.0
0.0
0.0
0.0
0.0
0.0
0.0
0.0
0.0
0.0
0.0
0.0
0.6968013048171997
0.39394018054008484
0.0
0.0
0.8693343997001648
0.4989233613014221
0.0
0.0
0.0
0.0
0.0
0.0
0.0
0.0
0.0
0.0
0.4076314866542816
0.29283571243286133
0.0
0.0
0.0
0.5721511840820312
0.5016421675682068
0.0
0.0
0.0
0.0
0.20049870014190674
0.6556360721588135
0.0
0.0
0.0
0.0
0.0
0.0
0.0
0.0
0.0
0.056557584553956985
0.09646580368280411
0.0
0.0
0.2731620967388153
0.5351858139038086
0.0
0.4620269238948822
0.0
0.0
0.0
0.0
0.0
0.0
0.0
0.0
0.0
0.0
0.12893110513687134
0.0
0.0
0.0
0.0
0.0
0.6334763765335083
0.0
0.0
0.0
0.0
0.0
0.0
0.0
0.0
0.0
0.0
0.31076580286026
0.8389014005661011
0.0
0.023595720529556274
0.0
0.0
0.9284533858299255
0.4859873354434967
0.0
0.0
0.22218632698059082
0.034586720168590546
0.4598499834537506
0.6022676229476929
0.099185511469841
0.0
0.3500174582004547
0.8138275742530823
0.3024425208568573
0.9404914379119873
1.2655402421951294
1.4157752990722656
1.209745168685913
1.2650901079177856
0.9123806357383728
0.8261461853981018
0.7427762150764465
0.8994684219360352
0.3204320967197418
0.0
0.0
0.0
0.556898832321167
1.1416786909103394
1.0405250787734985
0.0
0.0
0.0
0.0
0.0
0.0
0.0
0.0
0.0
0.0
0.0
0.0
0.0
0.0
0.0
0.0
0.0
0.0
0.0
0.0
0.0
0.0
0.0
0.0
0.0
0.0
0.41861411929130554
0.6602306365966797
0.03380441293120384
0.0
0.0
0.0
0.0
0.0
0.0
0.0
0.0
0.0
0.0
0.2766740322113037
0.25098419189453125
0.0
0.017552165314555168
0.2590513825416565
0.4785219132900238
0.0
0.0
0.0
0.29792875051498413
0.38282057642936707
0.0
0.0
0.0
0.0
0.0
0.0
0.0
0.0
0.0
0.0
0.1477556973695755
0.15618577599525452
0.0
0.0
0.09854932129383087
0.0
0.0
0.0
0.10853948444128036
0.0
0.0
0.0
0.0
0.7513728141784668
0.12597988545894623
0.0
0.0
0.25504806637763977
0.0033720973879098892
0.0
0.28667405247688293
0.0
0.0
0.0
0.25790631771087646
0.0
0.0
0.0
0.0
0.0
0.0
0.0
0.0
0.0
0.3848779499530792
0.0
0.31556254625320435
0.0
0.0
0.0
0.0
0.0
0.0
0.0
0.0
0.0
0.0
0.0
0.0
0.0
0.0
0.0
0.0
0.0
0.0
0.0
0.0
0.0
0.0
0.0
0.0
0.0
0.0
0.0
0.0
0.0
0.0
0.0
0.0
0.0
0.0
0.0
0.0
0.0
0.0
0.0
0.0
0.0
0.0
0.0
0.0
0.0
0.0
0.0
0.0
0.0
0.0
0.0
0.0
0.0
0.0
0.0
0.0
0.0
0.0
0.0
0.0
0.0
0.0
0.0
0.0
0.0
0.0
0.0
0.3281422257423401
0.0
0.0
0.0
0.0
0.3084544539451599
0.7717803716659546
0.8094792366027832
0.5749322772026062
0.0
0.0
0.0
0.12880583107471466
0.0
0.0
0.0
0.0
0.0
0.2125844657421112
0.72744220495224
0.6562983393669128
0.5519499182701111
0.20533514022827148
0.3159642815589905
0.1464678794145584
0.0
0.0
0.0
0.4186108112335205
0.0
0.0
0.0
0.0
0.0
0.0
0.0
0.0
0.0
0.0
0.07186641544103622
0.0
0.0
0.0
0.1596154421567917
0.0
0.0
0.0
0.0
0.0
0.0
0.0
0.0
0.0
0.0
0.0
0.0
0.0
0.0
0.0
0.010506810620427132
0.0
0.0
0.0
0.0
0.0
0.0
0.0
0.0
0.0
0.0
0.0
0.0
0.0
0.0
0.0
0.0
