0.01696835644543171
0.19585442543029785
0.0
0.0
0.0
0.0
0.6916996836662292
0.5513712763786316
0.0
0.42660021781921387
0.06323249638080597
0.42913293838500977
0.5278188586235046
0.23587782680988312
0.6918988227844238
0.9323522448539734
0.0
0.9030536413192749
2.118694543838501
3.124544382095337
1.6220097541809082
0.7284724712371826
1.4535107612609863
1.5664962530136108
0.0
1.1823128461837769
3.4409263134002686
5.440798759460449
2.999739646911621
3.0064258575439453
3.8951663970947266
3.804133415222168
0.0
1.5693402290344238
3.511322021484375
4.869900703430176
3.352789878845215
3.992021083831787
4.399563789367676
3.2137398719787598
2.0342190265655518
3.0551438331604004
4.550881862640381
5.853471279144287
4.169007301330566
4.077938556671143
1.3355439901351929
2.598757266998291
0.5708393454551697
2.5419867038726807
4.34343147277832
4.199367523193359
3.0424041748046875
1.2306077480316162
0.0
0.006734063383191824
0.0
0.10786823183298111
0.47051578760147095
0.5246962904930115
0.5803574919700623
1.1398687362670898
0.9472187161445618
0.6451066136360168
0.04292792081832886
0.0
0.0
0.0
0.0
0.0
3.463388204574585
3.0436580181121826
0.641215443611145
0.5527712106704712
0.0
0.0
0.0
0.0
0.913964033126831
2.9095406532287598
1.4511196613311768
4.073848724365234
1.1226465702056885
0.16316434741020203
0.0
0.0
0.518531858921051
1.3671238422393799
1.8736672401428223
2.581242561340332
1.949757695198059
1.5628050565719604
0.4911556839942932
0.0
1.080377221107483
1.3665919303894043
0.30344414710998535
0.7405835390090942
0.739062488079071
0.9355537295341492
0.6552339792251587
0.1564299315214157
0.09105317294597626
0.7723314762115479
1.2837563753128052
2.0258138179779053
1.7122764587402344
4.010581970214844
4.418758392333984
2.1716203689575195
1.3390986919403076
0.5486937761306763
1.2684297561645508
2.537381649017334
1.45417320728302
3.428232192993164
3.9730324745178223
2.1410951614379883
1.4498469829559326
0.7971212863922119
0.3688274025917053
1.9549237489700317
1.3969411849975586
1.3710017204284668
0.5696477293968201
0.009173041209578514
0.0
0.0
0.028877008706331253
0.1475345939397812
0.0
0.0
0.4450025260448456
0.0
0.0
0.0
0.27928510308265686
2.0388526916503906
2.2532620429992676
1.1774097681045532
1.353672981262207
1.166135549545288
0.07077145576477051
0.0
0.0
2.0038609504699707
2.872671127319336
2.3126449584960938
2.6661429405212402
2.493950605392456
2.1580328941345215
1.839786410331726
0.3345719575881958
3.2290635108947754
5.257082939147949
6.315754413604736
3.949211597442627
3.2068183422088623
1.1171166896820068
0.8527030944824219
0.0
3.305262327194214
3.666234254837036
3.8926737308502197
4.4210357666015625
1.783189058303833
0.31140121817588806
0.0
0.0
1.9286285638809204
4.594552516937256
4.703383445739746
4.869104385375977
2.362112045288086
0.09075696766376495
0.0
1.4142677783966064
0.0
0.0
2.6791839599609375
0.9408907294273376
0.42785632610321045
0.0
0.0
1.691656470298767
0.8073258399963379
0.0
0.0
0.0
0.0
0.0
0.0
0.0
0.0
0.0
0.0
0.0
0.33975720405578613
1.516392469406128
1.1658066511154175
0.0
0.0
0.0
0.0
0.0
0.0
0.0
0.0
0.392496258020401
0.0
0.0
0.0
0.0
0.0
0.0
0.0
0.0
0.0
0.0
0.0
0.0
0.0
0.0
0.0
0.0
0.0
0.0
0.0
0.0
0.0
0.0
0.0
0.0
0.0
0.0
0.0
0.0
0.0
0.0
0.0
0.0
0.0
0.0
0.0
0.0
0.0
0.0
0.0
0.0
0.0
0.0
0.0
0.0
0.0
0.0
0.4737469255924225
0.4317266047000885
0.0
0.0
0.5378226041793823
0.0
0.0
0.0
0.0
0.24071986973285675
0.0
0.0
0.4842081367969513
0.37358054518699646
0.0598759651184082
0.018268965184688568
0.0
0.22657261788845062
0.0
0.0
0.0
0.0
0.0
0.0
0.0
0.8065980672836304
0.0
0.0
0.0
0.0
0.0
0.0
0.0
0.16221767663955688
0.0
0.0
0.0
0.0
0.0
0.6405020952224731
0.14577411115169525
0.0
0.0
0.0
0.0
0.0
0.6459887623786926
1.4465335607528687
0.7533258199691772
0.18377798795700073
0.0
0.012049604207277298
0.17390072345733643
2.332385301589966
2.9703969955444336
2.8508005142211914
1.4900367259979248
0.0
0.0
0.356527715921402
0.6612199544906616
2.7499685287475586
1.7987501621246338
0.3318955898284912
0.09195055812597275
0.0
0.0
0.0
0.48521503806114197
1.2590017318725586
3.2867159843444824
2.5367274284362793
0.8427494764328003
0.10137450695037842
0.0
0.9689353704452515
2.3651320934295654
4.924644947052002
7.6108269691467285
5.753800868988037
1.4449549913406372
0.728779673576355
0.7562580704689026
4.242247104644775
6.160196781158447
10.67342472076416
7.655406475067139
6.358038425445557
1.7033038139343262
0.0
0.600132405757904
4.170870780944824
6.901105880737305
6.36265230178833
4.9368414878845215
4.295102596282959
1.7949025630950928
0.0
0.6910513639450073
3.6478278636932373
7.841560363769531
4.7393388748168945
4.425991058349609
3.685995578765869
1.5366015434265137
0.0
1.1774592399597168
2.86077618598938
3.8313794136047363
1.387535572052002
0.954025149345398
0.0
0.1628105640411377
0.0
0.2396848052740097
0.0
0.0
0.0
0.0
0.0
0.0
0.0
0.0
0.14931215345859528
0.382295697927475
0.9194400310516357
1.3639012575149536
0.10724878311157227
0.0
0.5998132824897766
0.3556267023086548
0.040705084800720215
0.0
0.0
0.0
0.0
0.0
0.48146235942840576
0.0
0.0
0.0
0.0
0.0
0.0
0.0
1.45924711227417
0.9253632426261902
0.0
0.0
0.0
0.0
0.0
0.0
2.1623241901397705
0.9675357341766357
0.0
0.0
0.0
0.0
0.0
0.0
0.3387470543384552
0.0
0.0
0.0
0.0
0.0
0.0
0.0
0.9612427949905396
0.0
0.0
0.0
0.0
0.0
2.9554519653320312
2.0548059940338135
0.5601261854171753
0.0
0.056191302835941315
0.08001294732093811
3.137643814086914
2.5446128845214844
3.1855907440185547
2.9181787967681885
0.22964315116405487
0.0
0.14306586980819702
0.7462889552116394
2.1164376735687256
1.2742011547088623
0.8624666333198547
1.7749861478805542
0.0
0.0
0.3957507908344269
0.831183671951294
0.0
0.0
0.0
0.0
0.0
0.3340213894844055
1.8270373344421387
2.676729917526245
0.32014524936676025
0.0
0.0
0.0
0.0
1.3624788522720337
2.8874616622924805
3.301192283630371
1.5822263956069946
0.11417414993047714
0.00397504260763526
0.5302934646606445
0.0
2.7673959732055664
6.0434160232543945
5.337328910827637
4.100795745849609
2.376096248626709
1.98018479347229
2.478641986846924
0.6205256581306458
3.6741414070129395
5.547084808349609
4.649734973907471
3.6212191581726074
2.902749538421631
2.2345099449157715
2.7510111331939697
0.7953976392745972
2.844949245452881
5.108678817749023
4.812318325042725
3.1990582942962646
2.6741459369659424
1.6029584407806396
2.2608609199523926
0.038857877254486084
1.6216740608215332
2.260545492172241
3.3339028358459473
1.3805873394012451
0.8509119153022766
0.44616830348968506
0.8044291138648987
0.0
0.08605565130710602
0.3790849447250366
0.6083037257194519
0.0
0.38663768768310547
0.19861072301864624
0.356280118227005
0.0
0.0
0.0
0.0
0.0
0.0
0.0
0.0
1.09828782081604
0.9983657598495483
0.2511782944202423
0.6928157806396484
0.0
0.963515043258667
0.1695617437362671
0.0
1.1315090656280518
1.6020933389663696
0.74176025390625
2.177741050720215
2.5166983604431152
2.7801830768585205
2.0089950561523438
0.0
0.8487192392349243
0.05251789838075638
0.0
0.9975465536117554
0.0
0.5128052830696106
1.0099061727523804
0.3599745035171509
0.4069271683692932
0.0
0.0
0.0
0.0
0.0
0.0
0.3304532766342163
0.0
0.0
0.0
0.0
0.0
0.0
0.0
0.07773278653621674
0.0
0.0
0.0
0.0
0.0
0.0
0.0
0.0
0.0
0.0
0.0
0.0
0.0
0.5103515386581421
0.0015644431114196777
0.0
0.07167506217956543
0.0
0.2534382939338684
1.1073822975158691
0.5682658553123474
1.280403971672058
0.7321744561195374
0.0
1.6780658960342407
1.4229068756103516
0.5094956755638123
0.8915109038352966
2.247981071472168
1.9945158958435059
1.8658074140548706
0.039832379668951035
1.5370733737945557
2.684391975402832
1.5482842922210693
0.31235471367836
2.840857982635498
4.335200309753418
3.194469690322876
0.7748994827270508
1.5993876457214355
2.2198097705841064
3.32568097114563
3.3568849563598633
3.230686902999878
3.8879036903381348
4.817681312561035
1.5250283479690552
1.2782975435256958
2.190570116043091
3.0327584743499756
4.7544779777526855
2.02646803855896
3.040635108947754
3.29038667678833
0.9049313068389893
0.05748341977596283
0.8056026101112366
1.4219812154769897
5.318087100982666
4.117393493652344
3.272881031036377
2.066800117492676
0.5992944240570068
0.0
0.0
0.06281029433012009
2.9083733558654785
2.7308382987976074
0.4061824381351471
0.21162617206573486
0.0
0.0
0.0
0.559701681137085
1.2488716840744019
0.9487690925598145
0.4257444739341736
0.14489230513572693
0.0
0.0
0.0
0.07005362957715988
0.0
0.27712541818618774
0.6637430787086487
0.0
0.0
0.11215349286794662
0.74705970287323
1.7567028999328613
1.9041473865509033
1.5097198486328125
2.0430519580841064
1.9397797584533691
0.5536870956420898
0.8626489639282227
1.9885903596878052
4.29136323928833
4.807859420776367
3.8103208541870117
3.5407910346984863
4.521386623382568
3.535987377166748
3.022181987762451
4.173442363739014
5.419157981872559
5.785801887512207
6.412362098693848
4.8513407707214355
5.987065315246582
2.281825065612793
1.0829448699951172
3.252732753753662
2.9338982105255127
3.80073618888855
5.308478832244873
3.7119157314300537
0.8406051993370056
0.0
0.0
1.78120756149292
2.1885011196136475
2.5842947959899902
3.9751436710357666
3.1036460399627686
0.0
0.0
0.0
0.0
1.026584506034851
1.0522252321243286
1.8850586414337158
1.519798755645752
0.18929140269756317
0.0
0.0
0.0
0.0
0.0
0.07175072282552719
0.24535782635211945
0.0
0.0
0.0
0.0
0.002702325116842985
0.0
0.0
0.0
0.0
0.0
0.0
0.0
0.3673321008682251
0.0
0.251858651638031
0.2408725470304489
0.0
0.0
0.0
0.0
0.0
0.5991664528846741
1.210833191871643
1.1800588369369507
0.0
0.0
0.0
0.0
0.0
0.7786133885383606
1.0022748708724976
1.5804717540740967
1.387637972831726
0.42701950669288635
0.13895246386528015
0.7431618571281433
2.3773908615112305
2.645824909210205
3.040712594985962
3.273923873901367
2.706207036972046
1.6418191194534302
0.4192095100879669
1.3048044443130493
5.006157875061035
5.966113090515137
7.108797073364258
5.82744836807251
2.022010326385498
0.7806058526039124
0.37059929966926575
2.1538467407226562
3.831782817840576
3.3907968997955322
2.1800994873046875
1.8833539485931396
0.9376575946807861
0.3432266116142273
0.0
0.08607396483421326
0.8039524555206299
0.0
0.0
0.0
0.0
0.0
0.0
0.0
0.0
0.0
0.0
0.0
0.0
0.0
0.0
0.0
0.0
0.0
0.0
0.0
0.0
0.0
0.0
0.0
0.0
0.0
0.0
0.0
0.0
0.0
0.0
0.0
0.0
0.0
0.3444305956363678
0.39840376377105713
0.0
0.0
0.39992454648017883
0.47457608580589294
0.24062871932983398
0.0
1.5924433469772339
1.312012791633606
0.0
0.0
0.03903062641620636
0.0
0.0
0.0
0.0
0.0
0.0
0.0
0.0
0.0
0.0
0.0
0.0
0.20621874928474426
0.7720347046852112
0.0
0.0
0.0
0.0
0.0
0.0
0.0
0.0
0.0
0.0
0.0
0.015530903823673725
0.44302529096603394
1.7034833431243896
3.1306536197662354
3.1975035667419434
0.6052336096763611
0.9932249784469604
3.984440803527832
2.412236213684082
2.620803117752075
3.2637593746185303
2.9800689220428467
2.194540500640869
0.0
1.4855867624282837
3.108854293823242
3.7477481365203857
3.1208038330078125
3.8634586334228516
3.6020426750183105
3.298859119415283
1.216944932937622
1.0949715375900269
2.0421838760375977
4.890271186828613
7.630345821380615
7.871756076812744
6.562553882598877
4.795673847198486
1.5805132389068604
0.0
0.12702220678329468
1.6368706226348877
4.582564830780029
3.8534815311431885
3.77013897895813
2.765230417251587
0.9515472054481506
0.0
0.8750041127204895
0.957137942314148
2.4954464435577393
1.7781380414962769
1.6870914697647095
1.2735270261764526
0.21038037538528442
0.0
0.19660133123397827
0.6867954134941101
0.2978161871433258
0.0
0.5510706901550293
0.0
0.0
0.0
0.4954018294811249
1.1084705591201782
0.7152827978134155
0.49377453327178955
0.24314455687999725
0.4894828200340271
0.13488438725471497
0.0
0.0
0.0
0.0
0.0
0.2706642746925354
0.0
0.0
0.0
0.0
1.5027461051940918
1.906332015991211
2.2494468688964844
4.471477031707764
3.868983507156372
2.966625690460205
0.9684076905250549
2.891716957092285
4.864393711090088
5.743414878845215
8.086237907409668
8.992109298706055
4.876256942749023
2.677027702331543
0.7108014225959778
5.30732536315918
8.267857551574707
7.776838302612305
8.456814765930176
9.935552597045898
6.4747161865234375
4.896505832672119
1.8825101852416992
3.294198513031006
4.001629829406738
4.695192813873291
5.776691913604736
7.0028839111328125
5.3304057121276855
4.4986467361450195
0.4406346082687378
1.1861392259597778
1.6289499998092651
2.592268943786621
2.682727336883545
3.9411213397979736
5.579896926879883
3.4110007286071777
0.0
0.0
0.0
0.358750581741333
2.5200774669647217
2.7483935356140137
2.725881576538086
0.5532566905021667
0.0
0.0
0.0
0.35206544399261475
0.3902866244316101
0.02453276701271534
0.0
0.0
0.0
0.3238760232925415
1.614027738571167
0.11403477191925049
0.0
0.0
0.0
0.0
0.0
0.0
0.40652692317962646
0.0
0.0
0.0
0.0
0.0
0.0
0.0
0.0
0.0
0.0
0.0
0.0
0.0
0.0
0.0
0.0
0.0
0.0
0.0
0.0
0.0
0.0
0.0
0.0
0.0
0.0
0.0
0.0
0.0
0.0
0.7174315452575684
0.0
0.0
0.0
0.0
0.0
0.0
0.0
0.0
0.0
0.0
0.0
0.0
0.0
0.6117620468139648
0.04681241512298584
0.0
0.0
0.0
0.0
0.0
0.0
0.0
0.0
0.0
0.0
0.0
0.0
0.0
0.0
0.0
3.0072555541992188
0.7844909429550171
0.0
2.1114094257354736
0.5822526216506958
0.0
0.0
0.0
0.8545345067977905
0.0
1.7409138679504395
0.032712697982788086
0.2978265881538391
0.7521695494651794
0.0
0.0
0.0
0.0
0.9429043531417847
1.5891369581222534
1.7785311937332153
4.366424083709717
2.316136360168457
1.7318639755249023
0.05030301958322525
1.287477731704712
3.0578672885894775
3.900219440460205
4.1095733642578125
5.96080207824707
2.469878673553467
2.589632272720337
0.38225501775741577
1.2886269092559814
2.9579856395721436
3.639662981033325
2.530059337615967
2.9817922115325928
1.1082044839859009
1.2957308292388916
0.0
1.1419358253479004
2.873497247695923
0.8582199811935425
0.0
0.0
0.0
0.0
0.0
0.0
0.0
0.0
0.0
0.0
0.0
2.137345790863037
0.048065390437841415
0.0
0.0
0.0
0.0
0.0
0.0
0.0
0.0
0.0
0.0
0.0
0.02559218555688858
1.4321962594985962
0.0
0.0
0.0
0.0
0.0
0.36324018239974976
2.305107355117798
0.5087757706642151
0.013139724731445312
0.0
0.5238127708435059
0.0
0.0
0.0
0.0
0.0
0.0
0.0
0.0
0.0
0.0
0.0
0.0
0.0
0.0
0.0
0.0
0.0
0.0
0.0
0.0
0.0
0.0
0.0
0.0
0.0
0.0
0.0
0.0
0.0
0.0
0.0
0.0
0.0
0.04314657300710678
0.8821888566017151
0.0
0.0
0.0
0.8268817067146301
0.2710866332054138
0.0
0.0
1.718118667602539
1.9915212392807007
1.204750418663025
0.9970147609710693
0.5963891744613647
0.29781532287597656
0.0
2.2244489192962646
5.965124130249023
9.369873046875
1.2767186164855957
0.0
0.0
0.14601421356201172
0.14888478815555573
3.5565414428710938
5.398528575897217
3.6960673332214355
1.545114517211914
2.9148130416870117
1.281451940536499
0.0
1.8036800622940063
3.2482986450195312
5.079161643981934
3.3439645767211914
2.3280539512634277
2.0488200187683105
0.4218258559703827
0.0
1.877307653427124
2.6190907955169678
3.0207486152648926
1.0595703125
1.2716259956359863
1.617693543434143
0.8507094383239746
0.7562904357910156
1.8213013410568237
1.941179633140564
2.1459603309631348
1.6573888063430786
2.6214609146118164
1.7408506870269775
2.927112340927124
0.14571374654769897
0.6797425150871277
1.4491169452667236
1.5265965461730957
1.5891594886779785
1.2843496799468994
1.0382705926895142
1.4027364253997803
0.0
0.0
0.01792600005865097
0.0
0.0
0.0
0.0
0.3206421136856079
0.5913721919059753
0.019644737243652344
0.2739170789718628
0.0
0.0
0.0
0.0
0.0
0.0
0.0
1.6435407400131226
2.5138235092163086
2.011852741241455
0.9371697902679443
0.0
0.0
0.0
1.0637521743774414
3.1257379055023193
5.372880935668945
4.782989025115967
3.037975311279297
0.0
0.0
1.0839570760726929
0.4967457950115204
1.8820698261260986
2.868812322616577
4.235426902770996
5.424943447113037
1.6348367929458618
2.0156683921813965
2.397364616394043
3.8463528156280518
3.0018880367279053
1.5237185955047607
2.8741979598999023
3.512922525405884
3.240283966064453
3.6432154178619385
1.1577585935592651
4.268623352050781
2.9944705963134766
0.7042911648750305
1.4035871028900146
1.1472941637039185
1.1345057487487793
0.9636954069137573
0.0
0.0
0.0
0.0
0.0
0.0
0.0
0.0
0.0
0.0
0.0
0.0
0.0
0.0
0.0
0.0
0.13520939648151398
0.4593077301979065
0.8158841133117676
3.6857476234436035
0.1909654438495636
0.0
0.0
0.0
2.669687032699585
4.133862018585205
4.108704566955566
4.605830669403076
1.5120084285736084
0.0
0.0
0.17817234992980957
0.0
0.6581433415412903
2.002763271331787
1.702514410018921
1.3908251523971558
0.9314191341400146
0.03566616773605347
0.0
0.0
0.7993249893188477
2.5331296920776367
3.8420047760009766
2.3963799476623535
2.2236742973327637
0.36058539152145386
0.0
0.0
1.7014260292053223
2.3367207050323486
2.0530271530151367
0.7491041421890259
0.0
0.0
0.0
0.006349906791001558
2.4055774211883545
1.7386314868927002
2.648827075958252
1.5656228065490723
0.060331791639328
0.0
0.0
0.1085067093372345
0.9987661242485046
1.20896577835083
1.559348225593567
0.4859686493873596
0.061955686658620834
0.0
0.0
1.2807810306549072
0.0
0.0940101221203804
0.6346954107284546
0.8590261936187744
0.8579087853431702
1.4776806831359863
0.1113632321357727
0.2157333791255951
0.6673475503921509
0.45998671650886536
1.2290616035461426
1.9558789730072021
4.119495391845703
2.183366537094116
1.7439302206039429
3.73268985748291
3.387295722961426
3.37068247795105
3.766432046890259
3.2484638690948486
6.008114814758301
4.238186359405518
4.6018171310424805
1.6034342050552368
3.1621041297912598
4.100621700286865
4.656128883361816
2.7664132118225098
3.7558844089508057
4.542769432067871
4.097183704376221
1.142575740814209
3.27681303024292
5.126168251037598
4.1540374755859375
3.6297197341918945
3.805342674255371
5.365363121032715
2.983703136444092
0.7143632769584656
0.6231560111045837
1.8172105550765991
1.9170711040496826
1.5035310983657837
0.0
0.2775140404701233
0.0034174956381320953
0.35632389783859253
0.6287960410118103
0.4326937198638916
0.8793879747390747
2.1622769832611084
0.31473326683044434
0.0
0.09872538596391678
0.9862966537475586
1.6219797134399414
0.7186514735221863
1.0109561681747437
0.3887525498867035
0.0
0.0
0.0
0.8019139170646667
1.076632022857666
0.5378879904747009
0.0
0.0
0.0
0.0
0.0
0.0
0.0
0.0
0.4241265058517456
0.0
0.0
0.0
0.0
0.0
0.0
0.0
0.0
0.0
0.0
0.0
0.0
0.0
0.0
0.0
0.0
0.0
0.0
0.0
0.0
0.0
0.0
0.0
0.0
0.0
0.0
0.0
0.0
0.628013014793396
0.5150460004806519
0.5563726425170898
0.0
0.0
0.0
0.0
0.739517092704773
0.6183164715766907
1.8990085124969482
1.2668646574020386
0.010655018500983715
0.0
0.0
0.4882315993309021
0.6293741464614868
0.44805747270584106
0.6226769089698792
1.1865284442901611
0.5159886479377747
0.0
0.0
0.10767155885696411
1.085518717765808
0.10331004112958908
0.0
0.0969741940498352
0.0
0.0
0.0
0.0921623706817627
1.0314961671829224
0.2450319528579712
0.12199205160140991
0.0
0.0
0.3138260245323181
1.0923033952713013
2.3515729904174805
2.2558281421661377
0.1572171002626419
0.0
0.8705546855926514
0.0
0.09709225594997406
0.6718630790710449
2.799083709716797
2.55979323387146
1.1394363641738892
1.28193199634552
0.7233114838600159
0.0
0.0
0.0
2.656877279281616
1.484216570854187
1.409930944442749
2.0700058937072754
1.7189593315124512
0.6549965739250183
1.398319959640503
2.3182737827301025
5.437390327453613
0.5654329657554626
0.2554309666156769
0.0
1.3375978469848633
1.0673867464065552
2.436859607696533
5.367632865905762
5.215756416320801
0.0
0.0
1.7019610404968262
1.9357209205627441
3.5555386543273926
2.7752020359039307
5.93996524810791
3.1646151542663574
0.0
0.0
0.0
2.005601167678833
1.8150579929351807
2.2440242767333984
2.557623863220215
1.7093135118484497
0.270437628030777
0.0
0.26807519793510437
0.8846142292022705
0.062065016478300095
0.49752095341682434
0.39768853783607483
0.21105524897575378
0.0
0.0
0.0
0.044540371745824814
0.0
0.0
0.0
0.31556186079978943
0.271689772605896
0.0
0.5669115781784058
0.0
0.0
0.0
0.0
0.0
0.6288325190544128
0.0
0.247867614030838
0.0
0.0
0.0
0.0
0.15241947770118713
0.5625450015068054
0.28060269355773926
1.4493598937988281
0.0
0.0
0.0
0.0
1.1587615013122559
0.0
0.09047899395227432
0.7030670642852783
0.0
0.0
0.0
0.0
0.4506411850452423
0.0
0.0
0.37636446952819824
0.0
0.0
0.0
0.0
0.10886143893003464
0.02562643773853779
1.0739634037017822
0.3117421567440033
0.3840787708759308
0.7944323420524597
0.7147895097732544
1.3047014474868774
2.6309309005737305
2.3415579795837402
1.8611866235733032
0.0
0.10034409165382385
3.2435262203216553
3.5129785537719727
3.057600975036621
2.899432897567749
2.6894800662994385
0.0
0.0
0.0
0.0
0.0
0.0
0.0
0.0
0.4324016869068146
0.701134979724884
0.6358898878097534
0.0
0.0
0.0
0.0
0.0
2.4595725536346436
1.7410491704940796
1.3625961542129517
0.0
0.0
0.0
1.2892804145812988
1.6962757110595703
4.758937358856201
3.2527105808258057
2.7154810428619385
0.0
0.7960741519927979
0.0
0.0
0.0
2.5505926609039307
1.9305131435394287
0.0
0.0
0.7532463073730469
0.0
0.0
0.0
0.0
0.3135231137275696
0.0
0.0
0.5073666572570801
0.0
0.0
0.0
1.4632093906402588
0.0
0.0
0.0
0.0
0.0
0.0
0.0
1.9098141193389893
0.8858963251113892
0.0
0.0
0.0
0.0
0.0
0.0
0.0
0.0
0.0
0.0
0.0
0.0
0.0
0.0
0.0
0.0
0.6045962572097778
0.5405503511428833
0.0
0.0
0.0
0.0
0.2450675219297409
1.556461215019226
1.4409642219543457
0.2482021450996399
0.0
0.5723927617073059
0.0
0.0
0.2136705368757248
0.12802483141422272
0.0
0.0
0.0
0.0
0.0
0.0
0.0
0.0
0.0
0.0
0.0
0.0
0.0
0.0
0.0
0.0
0.0
0.0
0.0
0.0
0.0
0.0
0.0
0.0
0.0
0.0
0.47315627336502075
0.932811439037323
1.1229043006896973
0.43041953444480896
0.0
0.0
0.0
0.0
0.2923015058040619
0.2140163630247116
0.44510841369628906
0.0
0.3610492944717407
0.32885950803756714
0.02156275138258934
0.9583562612533569
0.053126636892557144
0.0
0.0
0.0
0.0
0.0
0.0
0.06032282114028931
1.107466459274292
0.0
0.0
0.0
0.0
0.0
0.0
0.0
0.0
0.0
0.0
0.0
0.0
0.0
0.0
0.09078666567802429
0.4136381149291992
0.0
0.0
2.4413318634033203
0.0
0.03005247376859188
0.0
0.0
0.0
0.0
0.0
0.0
0.0
1.0391515493392944
1.084937572479248
0.7663571238517761
0.0
0.0
0.0
0.0
1.4074627161026
1.278717279434204
1.7100543975830078
1.448689579963684
0.023182343691587448
0.0
0.0
0.0
0.0
6.22606897354126
0.39485153555870056
0.13186432421207428
0.0
0.0
0.0
0.0
0.022594284266233444
0.6646697521209717
0.9810941219329834
0.0
0.014328598976135254
0.0
0.0
0.0
0.0
0.9217167496681213
0.0
0.0
0.0
0.0
0.0
0.0
0.0
0.0
0.0
0.0
0.0
0.0
0.0
0.0
0.0
0.0
0.0
0.0
0.0
0.0
0.0
0.0
0.0
0.0
0.0
0.0
0.0
0.0
0.0
0.0
0.0
0.0
0.8040378093719482
0.0
0.0
0.0
0.0
0.0
0.0
0.0
0.229093998670578
0.22714462876319885
0.0
0.6337129473686218
0.0
0.0
0.0
0.0
0.0
0.0
0.0
0.0
0.0
0.0
0.0
0.2615072429180145
0.0
0.0
0.0
0.0
0.0
0.0
0.0
0.0
0.37336668372154236
1.640804409980774
0.0
0.0
0.0
0.0
0.30903005599975586
0.0
2.4901068210601807
4.198360443115234
1.3706976175308228
0.5198942422866821
0.0
0.0
0.5538695454597473
2.1497576236724854
4.539559364318848
4.28653621673584
2.3520259857177734
2.94026517868042
1.1328381299972534
1.3782309293746948
1.911877989768982
4.059957504272461
4.78285026550293
3.370811939239502
1.5550795793533325
0.2725910246372223
0.0
0.33197036385536194
3.110734462738037
5.9602766036987305
6.224917411804199
1.9602090120315552
2.989875555038452
0.3123372793197632
0.04707478731870651
0.2565825879573822
0.0
5.873230457305908
5.132411003112793
1.8534858226776123
2.0673365592956543
0.2832329571247101
0.05427964776754379
0.0
0.0
0.0
0.0
0.0
0.0
0.0
0.0
0.0
1.4416652917861938
2.23347806930542
2.860586404800415
0.8006575107574463
0.0
0.0
0.0
0.642619252204895
1.135465145111084
0.8530743718147278
0.018203318119049072
0.0
0.0
0.0
0.556499719619751
0.3546881675720215
0.058934472501277924
0.0
0.0
0.0
0.0
0.0
0.0
0.0
1.056365728378296
1.044926643371582
0.0
0.0
0.0
0.0
0.0
0.23241806030273438
0.0
0.18436503410339355
0.0
0.0
0.0
0.0
0.5326429605484009
0.14305537939071655
0.0
0.0
0.0
0.0
0.0
0.5710031986236572
1.5254449844360352
0.8071467280387878
0.5340664386749268
0.01939827762544155
0.4964505434036255
0.24588803946971893
4.111843109130859
3.4591712951660156
2.548637866973877
1.6192185878753662
0.23389534652233124
0.5643855929374695
1.2456815242767334
2.515559196472168
3.1394870281219482
1.5332190990447998
0.016444562003016472
0.0
0.0
0.21583567559719086
0.5668100118637085
2.028181552886963
0.4709117114543915
0.0
0.0
0.0
0.7569908499717712
0.8884013295173645
2.7087225914001465
4.727740287780762
4.100325107574463
2.339733600616455
2.1471025943756104
2.869215488433838
1.453232765197754
1.3853504657745361
2.564534902572632
3.981982469558716
4.392575263977051
4.133945465087891
3.24611759185791
5.475229740142822
0.0
0.2881113290786743
4.190234184265137
6.210058689117432
6.608908653259277
7.432060241699219
5.597897052764893
4.130662441253662
0.2346835732460022
3.0843143463134766
2.6139931678771973
4.499325275421143
3.9846651554107666
3.437429666519165
1.92728590965271
3.7407631874084473
0.0
1.6352485418319702
2.287057638168335
3.1087610721588135
1.6135004758834839
1.279208779335022
0.5042868256568909
1.7652732133865356
0.0
0.24143260717391968
0.0
0.0
0.0
0.0
0.0
1.6590062379837036
0.8311084508895874
0.0
0.0
0.0
0.0
0.0
0.0
0.9000100493431091
0.0
0.0
0.04361356422305107
0.0
0.0
0.0
0.0
0.0
0.0
0.0
0.0
0.0
0.0
0.0
0.0
0.0
0.0
1.3125860691070557
0.0
0.0
0.0
0.0
0.0
0.0
1.9037548303604126
1.7174863815307617
0.9317950010299683
0.5023157596588135
1.4209883213043213
1.127789855003357
1.4562246799468994
1.242428183555603
0.7554778456687927
1.9506020545959473
3.3176097869873047
2.3835911750793457
2.724778652191162
1.5882514715194702
1.8823949098587036
1.0802571773529053
1.1212339401245117
1.838950753211975
3.3081002235412598
4.951115608215332
3.9308555126190186
2.9477579593658447
2.9961483478546143
2.878448963165283
3.5212202072143555
4.307714462280273
1.4667942523956299
7.793704032897949
4.976269245147705
3.9780402183532715
2.1417670249938965
2.873898983001709
1.579906702041626
3.4465949535369873
2.6708602905273438
3.4007465839385986
1.6270016431808472
1.9133614301681519
1.7083284854888916
2.920727014541626
0.0
0.0
0.13627532124519348
0.4714169502258301
0.17671692371368408
0.0
0.0
0.0
0.0
0.0
0.1608344167470932
1.7273825407028198
0.9660646915435791
0.0
0.0
0.0
0.0
1.371215581893921
1.343864917755127
2.94439697265625
2.1858346462249756
0.5520142912864685
0.0
0.0
0.0
0.2274390608072281
1.5391714572906494
4.008143901824951
3.2156825065612793
3.4897279739379883
1.5933290719985962
1.7479896545410156
0.41645801067352295
1.707106351852417
2.498549222946167
2.9369564056396484
3.1104846000671387
2.0682809352874756
2.689225673675537
3.903029441833496
1.0256751775741577
2.027372121810913
2.3381032943725586
5.196462154388428
1.4749009609222412
2.1062796115875244
1.8228366374969482
2.3795974254608154
0.09428876638412476
3.1714465618133545
5.841421127319336
3.1977639198303223
0.13810451328754425
0.3204101026058197
0.7078872919082642
0.5940372347831726
0.0
0.0
0.22751197218894958
0.29276028275489807
0.0
0.38641396164894104
0.3876928985118866
1.0605144500732422
0.0
0.0
0.0
0.5342155694961548
0.3863913118839264
0.9546745419502258
0.9566100239753723
0.0
3.1688146591186523
1.4684498310089111
2.019414186477661
1.8009026050567627
1.6875942945480347
2.699362277984619
8.778694152832031
2.977132558822632
1.795301079750061
4.383893966674805
3.741304397583008
3.1749062538146973
4.437510013580322
2.603180170059204
2.428889751434326
3.5130929946899414
1.4972748756408691
3.1616926193237305
2.756265878677368
3.4700732231140137
3.888610601425171
2.9443137645721436
2.8524091243743896
1.7594881057739258
0.9833918809890747
1.5269241333007812
0.0
0.0473761260509491
0.3643297851085663
0.7295128107070923
1.7313649654388428
0.6841764450073242
1.719411849975586
0.0
0.0
0.0
0.0
0.0
0.22968168556690216
0.0
1.4606359004974365
0.0
0.0
0.0
0.0
0.00483471155166626
0.0
0.0
0.0
0.0
0.5450834035873413
0.05366514250636101
0.28100353479385376
0.4325489103794098
0.0
0.3125046491622925
0.0
0.0
0.0
0.0
0.15753383934497833
0.3335259258747101
0.5035849809646606
0.0
0.0
0.0
0.3190748691558838
0.0
1.3962312936782837
3.966176986694336
2.7921204566955566
1.3421995639801025
0.10286255925893784
0.12011317908763885
0.0
0.0
2.113229513168335
4.475249767303467
2.417102336883545
2.940865993499756
0.7969965934753418
1.0592392683029175
1.3555742502212524
3.472233533859253
3.215937614440918
3.8310179710388184
6.609442710876465
4.587413787841797
0.0
0.0
1.318190336227417
2.1559345722198486
2.8167238235473633
2.258578300476074
2.6289548873901367
3.0757269859313965
0.0
0.0
2.5344581604003906
4.259248733520508
4.379643440246582
3.758913516998291
3.5807619094848633
2.7823033332824707
0.0
2.240912675857544
2.1649465560913086
3.821108818054199
4.671012878417969
3.7673583030700684
2.8034579753875732
1.902355670928955
0.0
0.3356190025806427
1.6241698265075684
1.9635982513427734
2.9794631004333496
2.784698486328125
1.9766061305999756
0.0
0.0
0.0
0.0
0.0
0.0
1.1886793375015259
1.1037135124206543
0.665949285030365
1.1788266897201538
0.33685243129730225
0.0
2.3050365447998047
4.474850177764893
1.7173142433166504
0.472109854221344
1.4797282218933105
0.835898220539093
0.1724306344985962
0.0
0.9980370998382568
0.7970938086509705
1.0047907829284668
0.0
1.9721765518188477
0.4100487530231476
1.3706623315811157
0.27337151765823364
0.0
0.0
0.7170584201812744
0.8329716324806213
0.021990060806274414
0.3530447483062744
1.261914849281311
2.487335443496704
0.0
0.0
0.0
0.6095841526985168
0.4677140712738037
0.16527357697486877
0.585939884185791
1.5946340560913086
1.6862659454345703
0.0
1.757370948791504
0.5353556275367737
2.477862596511841
0.7747463583946228
0.0
1.1458942890167236
1.2908457517623901
1.288175344467163
0.9708378911018372
0.36203843355178833
0.0
0.41820815205574036
0.36854031682014465
1.168151617050171
0.0
0.0
0.0
0.0
0.0
0.16352412104606628
0.5486587285995483
0.38989055156707764
0.0
0.0
0.0
0.4261903166770935
0.8515236377716064
0.3953862190246582
0.17307044565677643
0.0
0.0
0.0
0.0
0.0
0.4204603433609009
0.14839164912700653
0.2250044047832489
0.0
0.0
0.0
0.0
0.18343640863895416
0.0
0.14492051303386688
1.3796449899673462
0.33471500873565674
0.0
0.0
0.0
0.0
0.0
0.0
0.3612363934516907
0.0
0.0
0.0
0.0
0.0
0.0
0.8258063197135925
0.9616676568984985
1.0149157047271729
2.617476224899292
2.2695188522338867
1.7088375091552734
3.288792133331299
3.7854928970336914
0.13837860524654388
0.12944035232067108
0.7880009412765503
1.2739408016204834
2.69953989982605
0.3729228377342224
0.0
0.16364388167858124
0.0
0.0
0.0
0.748663604259491
0.0
0.0
0.0
0.0
0.0
0.0
0.0
0.0
0.0
0.0
0.0
0.0
1.2952804565429688
0.3675723969936371
0.28020668029785156
0.0
0.0
0.0
0.0
0.0
3.7454206943511963
1.7952836751937866
3.362238883972168
0.6819641590118408
0.0
0.0
0.0
0.0
1.7332388162612915
1.2745747566223145
0.0
0.0
0.0
0.0
0.0
0.0
0.09593379497528076
0.0
0.0
0.0
0.0
0.0
0.0
0.0
0.0
0.0
0.0
0.0
0.0
0.0
0.0
1.0153610706329346
1.3760616779327393
0.3938339948654175
0.7182319164276123
0.0
0.0
0.0
0.0
2.000767707824707
0.7046950459480286
0.5010711550712585
0.0657728910446167
0.0
0.0
0.0
0.0
0.9119327068328857
0.0
0.0
0.0
0.0
0.32166531682014465
0.5508555769920349
0.6200164556503296
0.5253883600234985
1.642807126045227
0.702778160572052
1.7049578428268433
0.9828509092330933
1.446560025215149
2.4037411212921143
5.266988754272461
2.674807548522949
1.6130564212799072
2.225379228591919
3.9006600379943848
3.234227180480957
3.8806447982788086
2.4378414154052734
3.438816547393799
1.8190257549285889
1.5367398262023926
3.0352230072021484
4.917560577392578
5.788111209869385
3.3876545429229736
3.3305249214172363
2.879647731781006
1.4164228439331055
0.0
0.6043127775192261
1.3847711086273193
2.8545238971710205
3.102468729019165
4.16128396987915
0.7204474210739136
0.0
0.0
1.2446422576904297
1.4382413625717163
3.208519220352173
3.4835946559906006
1.9985405206680298
0.0
0.0
0.06021338701248169
0.9421338438987732
0.6738152503967285
1.0431934595108032
0.6852768659591675
0.047510452568531036
0.0
0.0
1.3641072511672974
0.715010941028595
1.140660285949707
0.40497690439224243
0.0
0.0
0.0
0.0
0.0
0.05050056427717209
0.10001102089881897
0.7625570297241211
0.31811800599098206
0.0
0.0
0.0
0.05863535404205322
0.6679556369781494
2.2809560298919678
5.6459197998046875
4.666074752807617
1.0827206373214722
1.1310490369796753
0.6745548248291016
0.0
0.44999539852142334
4.1545209884643555
3.87567400932312
1.7413077354431152
0.8370482921600342
0.7070899605751038
0.9100161790847778
0.06506659835577011
1.0177760124206543
4.323002815246582
2.2842798233032227
1.9832295179367065
1.8168132305145264
2.11089825630188
2.3968796730041504
0.7291111946105957
2.2969794273376465
2.6026992797851562
2.9179506301879883
1.4724687337875366
0.3082091510295868
1.0650112628936768
1.7210026979446411
0.1151670441031456
1.8076450824737549
1.7783547639846802
1.581749677658081
0.0
0.0
0.0
0.4165751039981842
0.030814042314887047
0.054788872599601746
0.0
0.0
0.0
0.0
0.0
0.8106733560562134
0.0
0.0
0.0
0.0
0.0
0.5885732769966125
1.8267970085144043
1.4275538921356201
0.08436087518930435
0.1406446397304535
0.444145143032074
0.6024038791656494
0.2913563549518585
0.06223272159695625
0.0
0.902173638343811
0.7662299275398254
1.8606711626052856
1.5767608880996704
1.3847631216049194
1.2287925481796265
2.2673044204711914
2.3871960639953613
0.40266817808151245
0.15982310473918915
0.5686679482460022
1.1071934700012207
2.2899749279022217
2.7416114807128906
3.491546392440796
2.09598445892334
0.4836190938949585
0.0764414593577385
1.654644250869751
2.3679254055023193
2.4930331707000732
3.138395071029663
2.960721492767334
1.0994282960891724
0.0
0.0
2.4046268463134766
1.847228765487671
1.8381991386413574
1.9851925373077393
0.8109490275382996
0.0
0.0
0.0
1.6082159280776978
0.0
0.0
0.0
0.0
0.0
0.0
0.0
0.002466246485710144
0.0
0.0
0.0
0.0
0.0
0.0
0.0
0.0
0.0
0.0
0.0
0.0
0.0
0.23536086082458496
0.0
0.0
0.0
0.0
0.0
0.0
0.0
0.0
0.0
0.0
0.0
0.8968050479888916
1.3490411043167114
0.0
0.0
0.0
0.44033363461494446
1.6960601806640625
3.140409469604492
2.852837324142456
2.1585328578948975
2.9726576805114746
3.6555376052856445
0.9024953842163086
1.4013630151748657
2.5243165493011475
2.4379191398620605
3.918463945388794
4.617493629455566
5.646517276763916
3.2692949771881104
1.8649944067001343
2.1484298706054688
3.1968870162963867
2.12591552734375
2.36918306350708
5.110951900482178
4.640883922576904
2.3413007259368896
1.0100646018981934
1.0035678148269653
1.746451497077942
1.1328034400939941
0.734123945236206
1.573401927947998
0.8900954127311707
0.571198582649231
0.5356424450874329
0.0
0.0
0.7465683221817017
0.0
0.0
0.16260361671447754
0.6387752294540405
0.3011007606983185
0.0
0.0
0.0
0.0
0.0
0.0
0.0
0.05698773264884949
0.5551548004150391
0.1452275961637497
0.4701744616031647
0.5853033661842346
0.49339815974235535
0.5823725461959839
0.5488156676292419
0.17548459768295288
0.0
1.1904751062393188
2.8356759548187256
3.7422564029693604
3.6668777465820312
7.528209686279297
6.333314418792725
0.8246510624885559
0.5821971297264099
1.8327428102493286
3.5541436672210693
5.367709636688232
6.635093688964844
4.710245132446289
5.27933406829834
2.5190088748931885
0.36406928300857544
1.8499839305877686
3.010413885116577
5.4588303565979
6.597122669219971
7.0288286209106445
4.310944557189941
2.5067596435546875
1.3924059867858887
3.343864917755127
3.3055176734924316
3.411388397216797
3.6267197132110596
3.312699317932129
3.8188865184783936
1.880760908126831
0.5847128629684448
1.9555193185806274
4.381121635437012
1.338052749633789
1.6722265481948853
1.0842305421829224
1.1119966506958008
0.7728196382522583
0.0
0.6043933033943176
0.0
1.1496132612228394
0.0
0.6849428415298462
0.2777023911476135
0.00528750941157341
0.0
0.0
0.0
0.0
0.0
0.0
0.0
0.7458637952804565
0.0
0.0
0.0
0.0922645777463913
0.0
0.0
0.0
0.0
0.0
0.0
0.7061653137207031
0.7757053375244141
0.05063515529036522
0.0
0.0
0.0
0.0
0.0
0.2562910318374634
0.046164266765117645
1.3635040521621704
0.006539881229400635
0.0
0.0
0.0
0.0
0.37216243147850037
2.383286952972412
0.0
0.0
0.0
0.8312467932701111
0.0
0.0
1.0835338830947876
2.345355272293091
0.7520267367362976
0.4706849455833435
0.0
0.0
0.0
0.01965264417231083
2.323770761489868
3.8475632667541504
2.771742343902588
1.407242774963379
0.0
0.0
0.0
1.433788776397705
0.44166141748428345
1.5449737310409546
1.222050666809082
0.0
0.0
0.0
0.0
0.0
0.5911492705345154
0.5225548148155212
0.11764545738697052
0.15764746069908142
0.0
0.0
0.0
0.0
0.0
0.0
0.0
1.1554453372955322
2.805234909057617
1.0964102745056152
2.6850972175598145
0.2622133195400238
0.0
0.0
0.0
2.7985782623291016
5.194605827331543
0.48633670806884766
2.0043177604675293
1.7127987146377563
0.0
0.20001521706581116
2.6614203453063965
0.6330729722976685
0.6695556044578552
0.165557861328125
0.8804165720939636
0.7196682095527649
1.726025938987732
1.672541856765747
0.1858736127614975
0.26341280341148376
0.24440306425094604
0.5769510269165039
0.03271527960896492
0.0
0.07544472813606262
0.9889294505119324
1.808199167251587
1.735796332359314
1.172163963317871
0.0
0.0
0.2801881432533264
0.0
0.0
0.0
0.0
0.0
0.0
0.0
0.9072726964950562
0.4349074065685272
0.0
0.0
0.0
0.0
0.0
0.0
0.0
0.0
0.0
0.0
0.0
0.0
0.9534183740615845
0.0
0.0
0.0
0.0
0.0
0.0
0.0
0.0
1.5784486532211304
0.0
0.0
0.0
0.0
0.8296805620193481
0.771447479724884
0.0
1.3299238681793213
2.2490603923797607
0.0
0.0
0.0
0.0
0.0
2.1835947036743164
1.5941658020019531
1.7638732194900513
0.0
0.0
0.0
0.4485709071159363
0.73533034324646
0.0
0.17815469205379486
0.33293604850769043
0.0
0.0
0.4399970471858978
2.0085997581481934
1.9854902029037476
0.006027691997587681
0.0
0.0
0.0
1.5286107063293457
2.533123254776001
1.2598364353179932
1.3336803913116455
0.25953590869903564
0.0
0.040981411933898926
0.0
0.20475436747074127
0.056884635239839554
0.0
0.05393344163894653
0.1053643524646759
0.0
0.0
0.1575414538383484
0.7443450689315796
0.0
0.0
0.0
0.13053256273269653
0.0
0.7846816182136536
0.4827020764350891
0.13339687883853912
0.0
0.0
0.0
0.0
0.41166242957115173
0.8524073958396912
0.16241925954818726
0.0
0.0
0.0
0.0
0.0
0.2322496771812439
0.0
0.0
0.0
0.0
0.0
0.0
0.0
0.0
0.0
0.0
0.0
0.0
0.0
0.0
0.0
0.032834891229867935
0.092217355966568
0.0
0.0
0.0
0.0
0.0
0.0
0.0
0.0
0.0
0.0
0.0
0.0
0.0
0.0
0.0
0.0
0.0
0.0
0.0
0.0
0.0
0.0
0.0
0.0
0.0
0.0
0.0
0.0
0.0
0.0
0.0
0.0
0.03527294844388962
1.350508451461792
1.6828255653381348
0.1883748173713684
0.0
0.0
0.0
0.0
1.6408952474594116
4.0673346519470215
3.538821220397949
0.5037092566490173
0.0
0.0
0.09240710735321045
0.49777159094810486
2.397207021713257
3.7271735668182373
5.2874345779418945
2.5964174270629883
1.6229829788208008
1.356319546699524
0.12219462543725967
2.6734719276428223
4.616936206817627
6.070714950561523
7.544815540313721
5.089230537414551
3.6049113273620605
3.1096386909484863
0.8491632342338562
3.432316780090332
3.979168653488159
5.7219085693359375
4.108082294464111
4.912816524505615
3.6624867916107178
1.7958159446716309
0.31253886222839355
3.238847017288208
3.2394580841064453
3.7618613243103027
3.062530517578125
3.518101930618286
2.1215884685516357
1.7522777318954468
0.0
1.31380295753479
1.711922526359558
1.6762911081314087
1.1234005689620972
1.052757978439331
1.1783244609832764
0.40649470686912537
0.0
0.0
0.7496424913406372
0.1722491830587387
0.0
0.11660104244947433
0.5680015683174133
0.5464742183685303
0.0
0.0
0.24913614988327026
0.9920361638069153
1.3813540935516357
1.2299695014953613
0.0
0.0
0.0
0.23714450001716614
1.151998519897461
1.020506739616394
0.560829758644104
0.0
0.0
0.0
0.0
0.7824666500091553
3.5950326919555664
2.92126727104187
1.5564073324203491
1.0162817239761353
2.2300028800964355
0.7939601540565491
0.5257762670516968
0.2754462957382202
1.6910090446472168
0.0
0.0
0.0
0.0
0.6301281452178955
1.485124945640564
0.9492691159248352
0.0
0.0
0.0
0.0
0.0
0.0
0.7206581234931946
3.4126508235931396
1.248479962348938
1.7615931034088135
1.8589311838150024
0.018821120262145996
0.0
0.0
0.0
0.033005181699991226
0.7031837105751038
1.374510407447815
0.0
0.0
0.0
0.0
0.0
0.0
0.0
0.0
0.0
0.0
0.0
0.14597517251968384
0.0
0.19473481178283691
0.0
0.12578347325325012
0.0
0.0
0.0
0.5338730812072754
0.0
0.0
0.08249965310096741
1.2462598085403442
0.8481955528259277
0.0
0.0
0.0
0.0
0.0
0.563843309879303
3.378141164779663
4.47342586517334
2.4676294326782227
0.4673773944377899
0.0
0.0
0.0
0.0
0.5038720369338989
3.3003830909729004
3.0027194023132324
1.2799383401870728
0.1639414280653
0.0
0.0
0.0
0.0
0.7059826850891113
3.6602702140808105
1.0062710046768188
0.9949342608451843
0.2911635637283325
0.0
0.0
0.0
0.0
0.25377437472343445
3.112161159515381
2.460698127746582
0.8704705238342285
0.1900578737258911
0.69423907995224
0.7093534469604492
0.0
0.0
0.1512969583272934
0.3021036386489868
0.0
0.0
0.0
0.0
0.0
0.0
0.0
0.0
0.0
0.0
0.0
0.0
0.0
0.0
0.0
0.4215848445892334
1.62158203125
1.104758620262146
0.7789008617401123
0.0
0.0
0.4538842439651489
2.347707986831665
0.7374987006187439
2.449002742767334
1.529371976852417
0.15523424744606018
0.0
0.0
0.0
0.32506734132766724
0.0
2.0876243114471436
0.9476762413978577
0.0
0.0
0.0
0.0
0.0
0.0
0.0
0.0
0.0
0.0
0.0
0.0
0.0
0.0
0.0
0.0
0.0
0.0
0.7266552448272705
0.0
0.0
0.0
0.0
1.0592913627624512
1.6684341430664062
1.219012975692749
1.2413023710250854
0.19331176578998566
0.0
0.0
0.0
0.0
0.1283092200756073
0.43991315364837646
0.0
0.0
0.0
0.0
0.0
0.0
0.0
0.0
0.0
0.0
0.0
0.0
0.0
0.0
0.0
0.0
0.0
0.0
0.0
0.0
0.0
0.0
0.0
0.0
0.0
0.0
0.0
0.0
0.0
0.0
0.0
0.0
0.0
0.0
0.0
0.0
0.0
0.0
0.0
0.0
0.0
0.0
0.0
0.0
0.0
0.0
0.0
0.0
0.0
0.0
0.0
0.0
0.0
0.0
0.0
0.0
0.0
0.0
0.5895929336547852
0.8098766803741455
0.0
0.0
0.0
0.0
0.0
0.0
0.0
0.0
0.0
0.0
0.0
0.0
0.0
1.300154685974121
0.5647879838943481
0.040874917060136795
0.3401806652545929
0.0
0.0
0.0
0.0
3.0733790397644043
1.8520691394805908
0.46891388297080994
3.578073501586914
0.0
0.0
0.0
2.094083547592163
5.30894660949707
3.1809937953948975
0.0
1.3540626764297485
0.04422256723046303
0.0
0.0
0.0
0.4707927703857422
2.914750814437866
0.0
0.0
0.0
0.0
0.0
0.0
0.13163042068481445
2.2218668460845947
0.0
0.0
0.0
0.0
0.0
0.0
0.013644633814692497
0.8378086090087891
0.0
0.0
0.0
0.0
0.0
0.0
0.0
0.0
0.0
0.0
0.0
0.0
0.14106208086013794
0.0
0.0
0.0
0.0
0.0
0.7929420471191406
1.3459831476211548
1.7911314964294434
1.3583847284317017
0.0
0.0
0.0
0.0
0.03806557133793831
1.944888710975647
3.231879711151123
0.9349693059921265
0.0
0.0
0.0
0.0
0.0
2.61281681060791
4.863874435424805
2.137627124786377
0.0
0.0
0.0
0.0
0.0
2.136343479156494
3.509450912475586
3.4533026218414307
1.9286508560180664
3.4292123317718506
2.3024890422821045
0.0
0.41838979721069336
2.0710086822509766
2.5428926944732666
0.0
0.0
0.6332834959030151
2.1560189723968506
0.022150782868266106
0.8760058283805847
2.203246831893921
1.2755855321884155
0.0
1.6868525743484497
2.984539270401001
2.054070472717285
0.0
0.9545518755912781
4.163978576660156
2.841883420944214
0.0
0.0
0.0
0.0
0.0
0.0
0.8716393709182739
0.45780113339424133
0.0
0.33262795209884644
0.2809305191040039
0.09459545463323593
0.0
0.0
0.0
0.0
0.0
0.0
0.0
0.0
2.4668431282043457
0.0
0.0
0.0
0.0
2.9634463787078857
3.1682677268981934
0.804850161075592
5.4510955810546875
2.3054466247558594
0.0
0.0
0.9206121563911438
4.703526496887207
2.537919044494629
0.10077011585235596
3.9221692085266113
2.6686573028564453
0.0
0.0
0.0
2.3587160110473633
3.0492935180664062
1.2158221006393433
2.2395942211151123
0.7945614457130432
0.0
0.0
0.0
1.1704521179199219
2.738259792327881
0.7245043516159058
0.0
0.0
0.0
0.0
0.0
0.0
0.0
0.0
0.0
0.0
0.0
0.0
0.0
0.0
0.0
0.0
0.0
0.0
0.0
0.0
0.0
0.0
0.0
0.0
0.6332724094390869
0.0
0.0
0.0
0.0
0.0
0.0
0.0
1.3987215757369995
0.20841892063617706
0.0
0.0
0.0
0.0
0.0
0.0
0.0
0.0
0.0
0.0
0.0
0.0
0.0
0.0
0.026809025555849075
0.5952016115188599
0.6290700435638428
0.0
0.0
0.0
0.0
0.0
0.0
0.0
0.0
0.0
0.0
0.0
0.0
0.0
0.0
0.0
0.0
0.0
0.0
0.0
0.0
0.0
0.0
0.0
0.0
0.0
0.0
0.0
0.0
0.0
0.0
0.0
0.0
0.0
0.0
0.0
0.0
0.0
0.0
0.0
0.0
0.0
0.2682066261768341
0.3614223003387451
0.07568376511335373
0.0
0.42176130414009094
0.5332990288734436
1.5265967845916748
2.333871603012085
0.9705139398574829
0.9880384802818298
0.03915545716881752
0.0
0.9436134099960327
0.3968779444694519
0.0
1.446622371673584
2.718502998352051
2.391669273376465
0.8962060213088989
0.0
0.0
0.0
0.0
0.0
0.21296191215515137
0.0
0.0
0.0
0.0
0.0
0.0
0.0
0.0
0.0
0.0
0.418091356754303
0.0
0.0
0.0
0.0
0.0
0.0
0.0
0.1973782330751419
0.0
0.0
0.0
0.5945909023284912
0.46378257870674133
0.6817193627357483
0.7540194392204285
0.0
0.0
0.0
0.36138784885406494
1.0961512327194214
1.0209208726882935
0.7017309665679932
0.3498956263065338
0.0
0.0
0.0
0.0
0.0
0.0
0.0
0.0
0.0
0.0
0.0
0.0995870977640152
0.0
0.0
0.0
0.0
0.0
3.1769585609436035
0.2852802276611328
0.46572864055633545
0.0
0.0
0.0
0.0
0.0
1.089743733406067
0.0
0.0
0.0
0.0
0.0
0.0
0.0
0.0
0.0
0.0
0.0
0.0
0.0
0.0
0.0
0.0
0.0
0.0
0.0
0.0
0.0
0.0
0.0
0.0
0.0
0.0
0.0
0.0
0.0
0.0
0.0
0.0
0.0
0.25746768712997437
0.0
0.0
0.0
0.0
0.27585598826408386
0.0
0.0
0.0
0.0
0.0
0.0
0.0
0.0
0.0
0.0
0.0
0.3601135015487671
0.0
0.0
0.0
0.0
0.0
0.0
1.5480031967163086
2.7331626415252686
2.2958478927612305
1.0448639392852783
0.0
0.0
0.0
0.0
1.2396445274353027
3.553870916366577
2.64015793800354
0.5260405540466309
0.0
0.0
0.0
0.0
0.6041104793548584
1.394332766532898
0.02499592863023281
0.012887666933238506
0.14422819018363953
0.5095135569572449
0.14466165006160736
0.8979114890098572
2.778046131134033
4.697110176086426
1.4877722263336182
1.4299246072769165
1.036220669746399
1.7886476516723633
0.0
2.4140377044677734
2.627678871154785
2.7586135864257812
1.4995583295822144
1.4314844608306885
1.0972100496292114
0.5926995277404785
0.0
1.7850594520568848
2.2735776901245117
0.8658249378204346
0.5145666599273682
0.5781148672103882
0.7331652641296387
0.42791739106178284
0.0
0.0
0.0
0.0
0.0
0.0
0.8304525017738342
0.31783726811408997
0.18504729866981506
0.6160503029823303
0.36787521839141846
0.0
0.0
0.0
0.0
0.0
0.2097388505935669
0.7946729063987732
0.7241166830062866
0.0
0.0
0.0
0.0
0.0
0.0
0.20091217756271362
0.6116107702255249
0.0
0.0
0.0
0.0
0.0
0.0
0.0
0.0
0.0
0.0
0.0
0.0
0.0
0.0
0.1819712221622467
0.0
0.0
0.0
0.0
0.0
0.0
0.18045689165592194
1.4709917306900024
1.5277026891708374
1.7507928609848022
1.3914446830749512
0.15288075804710388
0.0
0.0
0.0
0.9762936234474182
1.5078994035720825
1.3512630462646484
0.9066783785820007
0.0
0.0
0.0
0.0
0.0
0.0
0.10451340675354004
0.0
0.0
0.0
0.0
0.0
0.0
0.0
0.0
0.0
0.0
0.0
0.0
1.0011948347091675
0.0
0.0
0.0
0.0
0.0
0.0
0.0
0.0
0.0
0.0
0.0
0.0
0.0
0.0
0.0
0.5951036214828491
0.0
0.0
0.0
0.0
0.0
0.0
0.0
0.0
0.0
0.0
0.0
0.0
0.0
0.0
0.0
0.0
0.0
0.0
0.0
0.0
0.0
0.0
0.0
0.0
0.0
0.0
0.0
0.0
0.0
0.0
0.0
0.7434200048446655
0.5818806886672974
0.0
0.11283755302429199
1.8390774726867676
3.2210798263549805
3.2180800437927246
2.5346570014953613
1.135465145111084
1.9205880165100098
2.7341744899749756
3.7210631370544434
5.549137592315674
4.723215579986572
4.1583251953125
1.9287350177764893
0.8251614570617676
1.9397215843200684
6.220020294189453
7.4601335525512695
7.258831024169922
4.999515533447266
4.1446003913879395
2.410550832748413
1.2621409893035889
2.068763494491577
5.02363920211792
7.167135238647461
6.13532829284668
5.388038158416748
4.024924278259277
2.715916395187378
0.9216085076332092
1.882642149925232
1.74454927444458
3.316237449645996
2.6250553131103516
3.3103513717651367
2.1119723320007324
0.8919482231140137
0.29192787408828735
0.7437736392021179
1.111297845840454
1.8875527381896973
1.4343206882476807
1.0432720184326172
0.0
0.0
0.3681241571903229
0.9288280010223389
0.8637323379516602
0.0
0.0
0.0
0.0
0.0
0.0
0.0
0.0
0.0
0.0
0.0
0.0
0.0
0.0
0.0
0.12623584270477295
0.0
0.323147177696228
2.3643674850463867
0.0
0.0
0.0
0.0
0.0
0.20928257703781128
0.9345682263374329
5.322221755981445
0.0
0.0
0.0
0.13561157882213593
0.8116503357887268
2.865483522415161
3.9169204235076904
5.355124473571777
2.501715660095215
0.5236342549324036
1.574719786643982
2.5880796909332275
4.525447845458984
4.37736177444458
7.074187278747559
7.414237022399902
5.671882629394531
2.3664889335632324
1.7008898258209229
3.7921557426452637
6.0501227378845215
5.004406929016113
6.653007507324219
6.946195125579834
5.176514625549316
2.592700958251953
0.775837242603302
2.0995614528656006
4.515016078948975
3.745084524154663
5.006319046020508
6.8941969871521
4.4763007164001465
2.024050712585449
0.0
0.0
1.7688497304916382
4.590114593505859
5.171422481536865
6.557737350463867
3.828193187713623
0.8915184736251831
0.0
0.0
1.6632816791534424
3.7029876708984375
1.4602144956588745
0.2836271822452545
0.0
0.0
