0.0
0.0
0.038350604474544525
0.01884566806256771
0.0
0.026598194614052773
0.2952579855918884
0.28621724247932434
0.4635831117630005
0.48196202516555786
0.6963092088699341
0.5254502892494202
0.12055788189172745
0.0
0.06632041931152344
0.541225254535675
0.0
0.0517350509762764
0.0
0.0
0.0
0.2421400547027588
0.23520895838737488
0.22216418385505676
0.642836332321167
0.07612764090299606
0.0
0.3797983229160309
0.45418795943260193
0.0
0.11764050275087357
0.743714451789856
0.0
0.20975838601589203
0.10661662369966507
0.0
0.0
0.0
0.0
0.42384833097457886
0.19354936480522156
0.0
0.0
0.0
0.0
0.0
0.0
0.32659292221069336
0.0
0.0
0.1472705751657486
0.27311626076698303
0.8426089882850647
0.13648109138011932
0.0
0.0
0.0
0.0
0.0
0.0
0.0
0.0
0.0
0.1656113713979721
0.0
0.0
0.0
0.7677813768386841
0.0
0.0
0.0
0.0
0.0
0.0
0.0
0.0
0.0
0.0
0.528145432472229
0.19901485741138458
0.0
0.0
0.0
0.23690995573997498
0.0
0.4005903899669647
0.0
0.0
0.0
0.37829744815826416
0.0
0.0
0.0
0.0
0.1475091129541397
0.15370260179042816
0.28178316354751587
0.0
0.0
1.2946330308914185
0.46374082565307617
0.052396874874830246
0.0
0.1260128617286682
0.12417394667863846
0.09004848450422287
0.0
0.0
0.0
0.0
0.0
0.0
0.1257149875164032
0.0
0.0
0.6714449524879456
0.8981261849403381
0.0
0.0
0.0
0.0
0.0
0.0
0.0
0.0
0.0
0.09687144309282303
0.0
0.025398891419172287
0.0
0.824272871017456
0.0
0.38851070404052734
0.0
0.0
0.0
0.0
0.0
0.0
0.0
0.0
0.2438492476940155
0.0
0.0
0.0
0.0
0.8542317748069763
0.0
0.0
0.6224490404129028
0.0
0.0
0.0
0.0
0.0
0.0
0.1411982923746109
0.481463223695755
0.5596834421157837
1.3039911985397339
0.0
0.23626726865768433
0.3835361897945404
0.02886390872299671
0.0
0.5767536759376526
0.16656333208084106
0.0
0.4255450963973999
0.0
0.0
0.028536461293697357
0.0
0.0
0.20295728743076324
0.6229521632194519
0.0
0.0
0.835705578327179
0.0
0.0
0.0
0.0
0.05827847495675087
0.0
0.0
0.0
0.0
0.0
0.0
0.0
0.06392946094274521
0.0
0.0
0.0
0.0
0.0
0.0
0.0
0.0
0.0
0.0
0.0
0.0
0.0
0.0
0.13213056325912476
0.0
0.0
0.0
0.0
0.0
0.0
0.0
0.0
0.0
0.0
0.0
0.0
0.0
0.0
0.0
0.0
0.136414036154747
0.0
0.0
0.0
0.0
0.0
0.0
0.0
0.0
0.0
0.06598631292581558
0.0
0.16605930030345917
0.060047443956136703
0.0
0.0
0.0
0.0
0.029690444469451904
0.6335813999176025
0.28515729308128357
0.0
0.26981550455093384
0.39658069610595703
0.36072131991386414
0.28246620297431946
0.0
0.09096682071685791
0.0
0.0
0.0
0.0
0.0
0.7482689023017883
0.048594921827316284
0.2875079810619354
0.3025428056716919
0.32465869188308716
0.3084058463573456
0.2821657359600067
0.019880231469869614
0.0
0.16004809737205505
0.2212938815355301
0.3500911593437195
0.5125789642333984
0.4871036112308502
0.27269554138183594
0.0
0.4485664963722229
0.21492819488048553
0.21590709686279297
0.0
0.0
0.0
0.9438381791114807
0.0
0.0
0.24346990883350372
0.0
0.20944328606128693
0.6768307089805603
0.6840943694114685
0.0
0.0
0.6163712739944458
0.48621895909309387
0.6522675156593323
0.0
0.09308180212974548
0.0
0.26236769556999207
0.25796085596084595
0.3310438096523285
0.38356584310531616
0.0
0.0
0.3109211325645447
0.7401508092880249
0.25599434971809387
0.0790264755487442
0.9984765648841858
0.4931146502494812
0.991653561592102
0.07871298491954803
0.145582377910614
0.6508033871650696
0.603833019733429
0.5912028551101685
0.3029966652393341
0.776896059513092
0.2967813014984131
0.7558911442756653
0.6082345247268677
0.45918214321136475
0.6530806422233582
0.3016871511936188
0.512931764125824
0.623718798160553
0.7700785994529724
0.12148361653089523
0.0
0.9989137649536133
0.7823476791381836
0.7116588354110718
0.6687106490135193
1.0254710912704468
0.9304919242858887
1.1825218200683594
1.0824534893035889
0.6966622471809387
0.7974814772605896
0.5116191506385803
0.2222049981355667
0.15243837237358093
0.4816868007183075
0.49546152353286743
0.0
0.07908326387405396
0.5029691457748413
1.2457565069198608
0.7073778510093689
0.6945472359657288
0.5501649975776672
0.9223939180374146
0.5262884497642517
0.6123241782188416
0.5315518975257874
0.8958211541175842
0.321344792842865
0.17008480429649353
0.0313744992017746
0.2648020386695862
0.12383618950843811
0.9990972876548767
0.6439701914787292
0.793926477432251
0.7986398935317993
0.27464020252227783
0.0
0.8468787670135498
0.9616240859031677
0.9851363301277161
0.43965670466423035
0.7716422080993652
0.1580778956413269
0.03267974779009819
0.06927770376205444
0.21513038873672485
0.6423064470291138
0.5262591242790222
0.2952568531036377
0.4218197464942932
0.9416863322257996
0.754094123840332
0.7088567018508911
0.8305213451385498
0.6837320327758789
0.7556450366973877
0.575034499168396
0.6060909032821655
0.0
0.058532118797302246
0.0
0.03848214074969292
0.808661162853241
0.44368577003479004
0.0
0.8986055254936218
0.42628684639930725
0.6786984801292419
0.5328478217124939
0.8853588700294495
0.7495778203010559
0.48028674721717834
1.10017991065979
0.46439412236213684
0.11275707185268402
0.0
0.0
0.33688706159591675
0.21600674092769623
0.7159095406532288
1.0265156030654907
0.8248414397239685
0.7303518652915955
0.7519208788871765
0.9412491321563721
0.7494919300079346
0.7253993153572083
0.8960063457489014
0.5870140194892883
0.0
0.24257153272628784
0.5636323690414429
0.0
0.624260663986206
0.0
0.9891104102134705
1.041077971458435
0.0
0.0
0.9808906316757202
0.47936081886291504
0.4120832085609436
0.09706033021211624
0.0
0.0
0.0
0.0
0.0
0.05694735795259476
0.8209680914878845
0.0
0.0
0.0
0.0
0.0
0.0
0.0
0.0
0.0
0.0
0.0
0.0
0.0
0.0
0.0
0.7162161469459534
0.0
0.0
0.0
0.0
0.0
0.0
0.0
0.0
0.0
0.0
0.0
0.0
0.0
0.0
0.35349565744400024
0.0
0.0
0.0
0.12385747581720352
0.13908366858959198
0.0
0.0
0.0
0.0
0.0
0.0
0.0
0.0
0.0
0.0
0.0
0.0
0.0
0.0
0.0
0.0
0.0
0.0
0.0
0.0
0.0
0.0
0.0
0.0
0.0
0.0
0.0
0.0
0.0
0.0
0.0
0.0
0.0
0.0
0.0
0.0
0.0
0.0
0.0
0.0
0.25491228699684143
0.38705575466156006
0.5194929242134094
0.6292681097984314
0.6875646710395813
0.502987265586853
0.5636374950408936
0.8320045471191406
0.9574305415153503
1.048680305480957
0.4805484116077423
0.33946630358695984
0.2900705337524414
0.2507665753364563
0.5804502964019775
1.020167589187622
0.0
0.0
0.0
0.0
0.25014448165893555
0.0
0.0
0.0
0.0
0.49070656299591064
0.4819200336933136
0.6210418343544006
0.39942222833633423
0.0
0.0
0.3142216205596924
0.0
0.0
0.0
0.0
0.0
0.0
0.22379431128501892
0.20309899747371674
0.9906013607978821
0.3116374611854553
0.0
0.44311320781707764
0.556545078754425
0.0
0.0
0.0
0.0
0.0
0.0
0.0
0.0
0.0
1.100723385810852
0.36981451511383057
0.2944459617137909
0.0
0.0
0.0
0.0
0.08953405171632767
0.0
0.0
0.0
0.0
0.0
0.0
0.0
0.0
0.0
0.0
0.0
0.0
0.0
0.0
0.007080564275383949
0.012418628670275211
0.0
0.0
0.0
0.0
0.0
0.0
0.0
0.0
0.0
0.0
0.0
0.0
0.0
0.0
0.18828396499156952
0.007594848982989788
0.16571149230003357
0.0
0.0
0.0
0.0
0.0
0.0
0.0
0.0
0.0
0.0
0.0
0.0
0.6478864550590515
0.30947181582450867
0.4695749878883362
0.21797165274620056
0.6911211013793945
0.0
0.0
0.0
0.0
0.0
0.0
0.0
0.23818624019622803
0.3298131823539734
0.0
0.0
0.8233057260513306
0.6408702731132507
0.0
0.0
1.0547209978103638
0.0
0.0
0.0
0.0
0.0
0.0
0.0
0.0
0.0
0.0
0.0
0.0
0.0
0.0
1.2235431671142578
0.26083266735076904
0.0
0.0
0.0
0.0
0.0
0.0
0.0
0.0
0.0
0.0
0.0
0.0
0.0
0.09868690371513367
0.0
0.10647078603506088
0.0
0.0
0.0
0.0
0.0
0.1057271733880043
0.8337961435317993
0.0
0.0
0.0
1.2618680000305176
1.9643545150756836
0.7992567420005798
0.33789145946502686
0.0
0.22782990336418152
0.0
0.0
0.0
0.12965962290763855
0.0
0.0
0.6884403228759766
0.5955787897109985
1.836721658706665
2.088085651397705
1.2379027605056763
0.093718521296978
0.0
0.5140421986579895
0.4189222753047943
0.4975573718547821
0.0
0.13419407606124878
0.21140027046203613
0.0
0.0
0.9876480102539062
0.6153330206871033
0.5941480994224548
0.7564648985862732
0.5827869176864624
0.49866291880607605
0.4012908935546875
0.5928454399108887
0.0
0.37210145592689514
1.1991801261901855
0.0
0.29659780859947205
0.0
0.0
0.0
0.0
0.0
0.22138097882270813
0.3108821511268616
0.4343816936016083
0.0434209480881691
0.08400288224220276
0.0
0.8525745272636414
0.5760342478752136
0.0
0.0
0.0
0.0
0.0
0.19579510390758514
0.07225272059440613
0.0
0.1658206433057785
0.7534143328666687
0.6320599913597107
0.4744906425476074
0.30114829540252686
0.8328016400337219
0.1321241855621338
0.0
0.0
0.0
0.0
0.24046288430690765
0.5644301176071167
0.5473088622093201
0.5752189755439758
0.6209457516670227
0.5436475276947021
0.889388918876648
0.6562575697898865
0.5597782135009766
0.6535298228263855
0.40526407957077026
0.0
0.7169312238693237
0.5877651572227478
0.013606703840196133
0.0
0.0
0.0
0.0
0.0
0.04559667035937309
0.0
0.0
0.0
0.5629359483718872
1.0380971431732178
0.47587284445762634
0.0
0.0
0.0
0.0
0.0
0.0
0.0
0.0
0.0
0.5548748970031738
0.5167455077171326
1.3049200773239136
0.7657079696655273
0.0
0.0
1.2195827960968018
2.161891460418701
0.5596511960029602
6.97895884513855e-05
0.0
2.3308210372924805
1.9303486347198486
0.0
0.0
0.0
0.14805985987186432
0.0
0.4396798014640808
0.0
0.0
0.0
0.0
0.46728041768074036
1.9710270166397095
0.3408762812614441
0.0
0.0
0.8465225696563721
0.11514299362897873
0.2988532781600952
0.4850640296936035
0.1457890123128891
0.0
0.0
0.10289011150598526
1.380171775817871
0.0
0.0
0.0
0.11410918831825256
1.3929110765457153
0.0
0.0
0.0
0.46024173498153687
1.0765280723571777
0.0
0.0
0.3184800148010254
0.0
0.0
0.37342751026153564
0.0
0.0
0.0
0.0
1.7228156328201294
0.0
0.16996367275714874
0.032719723880290985
0.0
0.3112078905105591
1.3118013143539429
0.07085534930229187
0.0
0.0
0.0
0.0
0.0
0.0
0.10597951710224152
0.0
0.0
0.0
0.0
0.8362659811973572
1.803465485572815
0.0
0.0
0.06614801287651062
1.3957182168960571
0.0
0.0
0.0
0.013564958237111568
0.0
0.0
0.0
0.0
0.0
0.0
0.0
0.7225695252418518
0.0
0.06050797551870346
1.1098581552505493
0.34134891629219055
0.469671368598938
0.0
0.0
0.0
0.0
0.30811989307403564
0.0
0.0
0.2859249711036682
0.0
0.4065890312194824
0.0
0.41873326897621155
0.0
0.3204652965068817
0.0
0.16162444651126862
0.01250864565372467
0.0
0.9138868451118469
0.4487670361995697
0.0
0.0
0.0
1.1324366331100464
0.0
0.0
0.0
1.0235146284103394
0.956372857093811
0.034191057085990906
0.11653424799442291
0.0
0.0
0.0
0.023686882108449936
0.3477192521095276
0.5421759486198425
0.0
0.7582952976226807
0.19973282516002655
1.4623514413833618
0.0
0.0
0.0
0.0
0.0
0.5389643907546997
1.4584721326828003
0.0
0.0
0.0
0.0
0.0
1.074466586112976
1.155585527420044
0.0
2.1864542961120605
0.8102639317512512
0.0
0.0
1.0536749362945557
0.0
0.0
0.0
0.0
0.0
0.0
0.05224716290831566
0.0
0.0
0.0
0.0
0.0
0.11221422255039215
0.0
0.0
0.0
0.0
0.0
0.0
0.0
0.0
0.0
0.0
0.0029654682148247957
0.0
0.0
0.0
0.0
0.0
0.6515238881111145
0.5073624849319458
0.0
0.0
0.0
0.0
0.0
0.0
0.10105956345796585
0.0
0.0
0.0
0.8727788925170898
0.0
0.0
0.0
0.0
0.0
0.0
0.2597571015357971
0.0
0.0
0.0
0.0
0.0
0.0
0.0
0.0
0.0
0.0
0.0
0.0
0.0
0.0
0.0
0.0
0.0
0.0
0.0
0.0
0.0
0.0
0.0
0.0
0.0
0.0
0.0
0.0
0.0
0.0
0.0
0.0
0.0
0.0
0.0
0.0
0.0
0.0
0.0
0.0
0.0
0.0
0.11959211528301239
0.01568630523979664
0.0
0.006237207446247339
0.13533665239810944
0.7156442999839783
0.1341385841369629
0.0
0.0
0.0
0.5890122056007385
0.7458468675613403
1.0033940076828003
0.0552828349173069
0.10959245264530182
0.0
0.3998975455760956
0.21433833241462708
0.13098257780075073
0.025726253166794777
0.3795553743839264
0.2787351906299591
0.0
0.0
0.0
0.0
0.470885306596756
1.0528473854064941
1.8453749418258667
0.9487901329994202
0.1976320445537567
0.0
0.3488381505012512
0.7544137239456177
0.12842145562171936
0.45266956090927124
0.05052560940384865
0.0
0.0
0.325371116399765
0.8629565238952637
0.5383685231208801
0.33554697036743164
0.15062440931797028
1.556839942932129
1.4944959878921509
0.5490466356277466
0.18743665516376495
0.13062390685081482
1.129777431488037
0.43559321761131287
0.0
0.4606782793998718
0.05957373231649399
0.7511355876922607
0.9570367932319641
0.6770021319389343
0.4045146703720093
1.3141292333602905
0.747362494468689
1.4140993356704712
1.7276725769042969
1.2286127805709839
0.0
0.0
0.26710888743400574
0.7574081420898438
0.5309610366821289
0.0
0.7094654440879822
1.4681121110916138
1.5140948295593262
0.0
0.0
0.4727088510990143
0.5852317214012146
1.2023000717163086
1.2229275703430176
1.2825645208358765
0.0
0.0
0.18815137445926666
1.1108932495117188
0.20701761543750763
0.0
0.0
0.8668112754821777
1.2084476947784424
0.0
0.0
0.021678723394870758
0.09340447187423706
0.0
0.0
0.4838065207004547
0.0
0.0
0.7224938273429871
1.1911249160766602
0.6255752444267273
0.0
0.9764735102653503
0.02907864935696125
0.6235058903694153
0.0
0.0
0.6697982549667358
0.45748114585876465
0.21687822043895721
0.0
0.0
0.0
0.0
0.9905905723571777
0.8306488990783691
0.90450519323349
0.03696645051240921
0.2847311198711395
0.0
0.0
0.08109289407730103
0.04272152855992317
0.795760989189148
0.38412508368492126
0.0
0.0
0.0
0.29078471660614014
0.18569819629192352
0.32484880089759827
0.48737001419067383
0.854781985282898
0.9428214430809021
0.0
0.0
0.8684365749359131
0.016126567497849464
0.0
0.30158182978630066
0.0
0.0
0.0
0.0
0.0
0.31946879625320435
0.046951085329055786
0.0
0.8123716115951538
1.289255976676941
0.0
0.0
0.6290243864059448
1.2177982330322266
0.0
0.0
0.0
0.0
0.0
0.0
0.0
0.0
0.0
0.0
0.0
0.5438344478607178
0.0
0.0
0.0
0.0
0.0
0.0
0.0
0.0
0.0
0.0
0.16393683850765228
1.0018153190612793
0.0
0.0
0.0
0.0
0.0
0.006478399503976107
0.0
0.0
0.0
0.0
0.0
0.0
0.0
0.0
0.0
0.7632063627243042
0.42415013909339905
0.0
0.0
0.0288693830370903
0.6087772250175476
0.6356083750724792
0.06407071650028229
0.0
0.0
0.2454840987920761
0.0
0.0
0.0
0.0
0.0
0.7128363251686096
0.834105908870697
1.2670096158981323
0.0
0.0
0.0
0.2951330840587616
0.0
0.0
0.1161237359046936
0.05121573433279991
0.0
0.0
0.21251077950000763
0.061089709401130676
0.0
0.40243491530418396
0.0
0.16293098032474518
0.0
0.0
0.0
0.2426110804080963
0.0
0.0
0.0
0.0
0.0
0.0
0.0
0.11916273832321167
0.11285389959812164
0.0
0.0
0.0
0.0
0.0
0.0
0.11171942204236984
0.11535587906837463
0.387604683637619
0.7620086073875427
0.6622359156608582
0.20959161221981049
0.0
0.0
0.0
0.30062344670295715
0.20200654864311218
0.21173328161239624
0.2706756293773651
0.3405386805534363
0.0
0.0
0.696967363357544
1.16338312625885
1.1365000009536743
0.268705278635025
0.0068628848530352116
0.8472900986671448
0.7112857103347778
0.23834584653377533
0.005463242530822754
0.5682953596115112
0.8937511444091797
0.4654117226600647
0.2976715862751007
0.2400420904159546
0.7401854395866394
1.5073314905166626
0.8875223994255066
1.0623587369918823
0.1262039840221405
0.0
0.0
0.0
0.2886000871658325
0.14160612225532532
0.0
0.0
0.40411263704299927
0.0
0.3552868068218231
0.0
0.6606575846672058
0.04066114500164986
0.0
0.0
0.0
0.0
0.0
0.28301116824150085
0.0
0.4019685983657837
0.4725194275379181
0.0
0.0
0.0
0.3359799385070801
0.0
0.0
0.0
0.0
0.0
0.20036926865577698
0.0
0.0
0.0
0.0
0.0
0.9351649880409241
0.23428209125995636
0.0
0.0
0.41911324858665466
0.8132730722427368
0.9887273907661438
0.0
0.0
0.0
0.0
0.0
0.4891377091407776
0.5651879906654358
0.0
0.0
0.5212714672088623
0.06349816173315048
0.0
0.6628721356391907
0.921535849571228
0.6147158145904541
0.7795264720916748
0.0
0.3611004650592804
0.0
0.0
0.7979323863983154
0.1483415812253952
0.0
0.0
0.0
0.0
0.0
0.2127673327922821
0.0696885883808136
0.3632736802101135
0.7848207950592041
0.14642751216888428
0.8842110633850098
1.0958807468414307
0.23463758826255798
0.0
0.10316704958677292
0.0
0.0
0.0
0.02881709672510624
0.0
0.0
0.36587297916412354
0.583036482334137
0.18683373928070068
0.32190924882888794
0.48905840516090393
1.1362463235855103
0.06665563583374023
0.0
0.23633058369159698
0.5795426964759827
0.10457711666822433
0.2278355062007904
0.0
0.0
0.34603938460350037
0.24136696755886078
0.0
0.0
0.3408384621143341
0.060189902782440186
0.15649747848510742
0.964408814907074
0.0
0.0
0.09622477740049362
1.2070351839065552
1.3375314474105835
0.4519821107387543
0.0
0.2064921259880066
0.9512059092521667
0.2977104187011719
0.0
0.0
0.0
0.0
0.0
0.7222262024879456
1.2981042861938477
1.4404467344284058
0.7769550085067749
0.8475850224494934
0.07371924817562103
0.0
1.5197349786758423
2.0328259468078613
2.121886730194092
1.0352879762649536
1.4900387525558472
0.38898736238479614
0.0
0.32461199164390564
2.0707449913024902
1.686139702796936
1.3180660009384155
0.9796708226203918
0.6681389808654785
0.0806698128581047
0.0
0.0
0.0
0.0
0.0
0.0
0.2356383204460144
1.0452947616577148
0.0
1.5906270742416382
0.7161980867385864
0.0
0.0
0.0
0.0
0.0
0.0
0.0
0.0
0.0
0.0
0.0
0.0
0.0
1.0395172834396362
1.655639410018921
0.0
0.0
0.0
0.0
0.0
0.0
0.0
0.2799667418003082
0.0
0.0
0.3494381904602051
0.0
0.0
0.0
1.9867318868637085
1.8412549495697021
0.5377081036567688
0.42004504799842834
0.0
0.0
0.0
0.0
0.0
0.0
0.0
0.06041399762034416
0.0
0.0
0.0
0.0
0.0
0.0
0.0
0.0
0.0
0.0
0.0
0.0
0.0
0.0
0.0
0.0
0.0
0.5991048812866211
0.14521750807762146
0.0
0.0
0.0
0.0
0.03479892015457153
0.0
0.0
0.0
0.0
0.34554049372673035
0.15030643343925476
0.0
0.0
0.0
0.061617981642484665
0.0
0.0
0.0
0.0
0.0
0.0
0.0
0.17642739415168762
0.5858808159828186
0.0
0.02228708565235138
0.7593873143196106
0.22125743329524994
0.0
0.0
0.22523288428783417
1.1036573648452759
0.0
0.0
0.0
0.9540612697601318
1.1124130487442017
1.0953072309494019
0.9370325803756714
0.2070256471633911
0.0
0.0
0.0
0.03242671117186546
0.37680119276046753
0.0
1.0315756797790527
1.3479669094085693
0.0
0.0
0.0
0.21964029967784882
0.11860426515340805
0.0
0.0
0.36515694856643677
0.5052251815795898
0.16554318368434906
0.6703488230705261
0.051256246864795685
0.7697473764419556
0.0
0.8990797400474548
0.0
0.2816210687160492
0.0
0.5478166937828064
0.5251938700675964
0.42945218086242676
0.23827920854091644
0.0
0.7271980047225952
0.4431065618991852
0.0
0.0
0.0
0.39086785912513733
0.38369426131248474
1.0912420749664307
0.0
0.466156929731369
1.2292152643203735
1.298728346824646
1.245990514755249
0.8439903855323792
0.0
0.0
0.7256014347076416
0.8253700733184814
0.7404968738555908
0.07447974383831024
0.0
0.0
0.0
0.7820762991905212
0.20602548122406006
1.48659086227417
0.757182776927948
0.41034871339797974
1.2597161531448364
1.1725987195968628
0.3317398130893707
0.0
0.5601103901863098
0.7181065082550049
0.3476693332195282
0.0
0.02793954499065876
0.0
0.0
0.3986048996448517
0.4713866412639618
0.21793559193611145
0.22093673050403595
0.5435140132904053
1.010119915008545
1.5160309076309204
0.8804532885551453
0.2355262041091919
0.3699904680252075
1.078260898590088
0.2394028753042221
0.1038028746843338
0.0
0.13290239870548248
0.0
0.287057489156723
0.09734926372766495
0.0
0.3657420873641968
0.5141136646270752
1.3782329559326172
0.8296618461608887
0.3438655138015747
0.28736618161201477
0.5384501218795776
1.7862869501113892
0.37488728761672974
0.13713325560092926
0.202805757522583
0.2739100456237793
0.0
0.4798445999622345
0.0
0.0
0.12762115895748138
0.31779026985168457
2.029449939727783
1.1295620203018188
0.7544465065002441
0.18178191781044006
0.9569201469421387
1.1982392072677612
1.0039523839950562
0.3881533145904541
0.0
0.0
0.0
1.132293701171875
0.0
0.6594279408454895
0.8255119323730469
0.0
0.0
0.0
0.6141294836997986
0.23559314012527466
0.4804641604423523
0.6887810230255127
0.0
0.0
0.0
0.40277329087257385
0.0
0.8855594992637634
0.7164925932884216
0.7469262480735779
0.10179463028907776
1.0573148727416992
0.4420306086540222
0.0
0.33761417865753174
0.08421047031879425
0.0
0.0
0.0
0.0
0.0
0.0
0.0
0.0
0.0
0.9733667373657227
0.5473387837409973
1.2870057821273804
0.0
0.0
0.0
0.0
0.0
0.0
0.0
0.0
0.0
0.0
0.0
0.0
0.0
0.0
1.2952240705490112
0.8060013055801392
0.0
0.0
0.0
0.0
0.0
0.0
0.0
0.0
0.0
0.0
0.0
0.0
0.0
0.0
0.029563477262854576
0.0
0.0
0.0
0.0
0.0
0.0
0.0
0.0
0.0
0.0
0.0
0.0
0.0
0.0
0.0
0.0
0.0
0.0
0.0
0.0
0.0
0.0
0.0
0.0
0.0
0.0
0.0
0.0
0.0
0.0
0.0
0.0
0.0
0.0
0.0
0.0
0.0
0.0
0.0
0.0
0.0
0.0
0.0
0.0
0.0
0.0
0.2524329423904419
0.11788808554410934
0.0
0.0
0.3065693974494934
0.19338911771774292
0.0
0.0
0.05971325933933258
1.2082247734069824
1.3811031579971313
0.8269901871681213
0.0
0.0
0.12633563578128815
1.026404619216919
0.0
0.1596410870552063
0.0
0.0
0.0
0.28234535455703735
0.21286641061306
0.3560834228992462
0.0
0.01935509592294693
0.40089279413223267
1.7942789793014526
0.6352891325950623
0.0
0.0
1.3080135583877563
0.7407816648483276
0.0
0.0
0.46368035674095154
0.0
0.0
0.27318090200424194
1.0009651184082031
0.0
0.010633020661771297
0.30711498856544495
0.6748296618461609
2.135606527328491
0.0
0.0
0.0
0.2288314551115036
0.0
0.0
0.0
0.24311675131320953
0.23020729422569275
1.1154614686965942
1.1203354597091675
0.1021907776594162
0.0
0.48462605476379395
0.0
1.2301746606826782
1.3059489727020264
0.0
0.6417933702468872
0.0
0.0
3.2286221981048584
0.0
0.0
0.07561559230089188
0.4838719666004181
0.29254552721977234
0.0
0.0
0.28363853693008423
0.0
0.0
1.1579564809799194
0.0
0.5102201700210571
1.4426976442337036
0.0
0.46333906054496765
0.31586992740631104
0.2228190302848816
0.0
0.0
0.0
0.021652553230524063
0.0
0.2556065618991852
0.02959241345524788
0.0
0.0
0.0
0.05643212050199509
0.5799353718757629
0.28176769614219666
0.0
0.46581387519836426
0.5762420296669006
1.1385315656661987
0.0
0.07997028529644012
0.4454529285430908
0.12595708668231964
0.9071609377861023
0.0
0.0
0.0
0.0
0.33382782340049744
0.0
1.7865012884140015
0.0
1.5599771738052368
0.5005785226821899
0.039419468492269516
1.0758136510849
0.0
1.3057034015655518
0.39786496758461
0.6554005146026611
0.6225628852844238
0.0
0.0
0.46717503666877747
0.24759840965270996
0.0
0.7954919338226318
0.5428910255432129
0.0
0.5815090537071228
0.0
0.20483200252056122
0.7875261902809143
0.0
0.4388119578361511
0.25116583704948425
0.0
0.0
0.0
1.273764729499817
0.0
0.04339401051402092
0.0
0.0
0.44640231132507324
0.0
0.0
0.0
0.0
0.5854595899581909
0.0
0.6702099442481995
0.8088830709457397
0.0
0.07135482877492905
1.3323532342910767
0.2747209668159485
0.0
0.0
0.20436573028564453
0.17056380212306976
1.0155775547027588
1.7831034660339355
0.9046433568000793
0.0
0.0
0.5201699733734131
0.41849637031555176
1.0608534812927246
1.0511069297790527
0.8998740315437317
0.3836914598941803
2.8483102321624756
0.3520684242248535
0.0
0.0
0.7476016879081726
0.5131548047065735
0.6708157062530518
0.20263968408107758
0.19180390238761902
0.3116549849510193
0.061385780572891235
0.23459716141223907
0.0
0.0
0.0
0.0
0.008419501595199108
1.5751874446868896
0.5716971158981323
0.0
0.6275759935379028
0.2934646010398865
0.8909487724304199
0.24889397621154785
0.0
0.20845940709114075
0.32789456844329834
0.19397717714309692
0.16660580039024353
0.06094696745276451
0.9496409296989441
0.07707227766513824
0.7282981872558594
0.0
2.3435754776000977
0.020910779014229774
0.5307782888412476
0.1949283629655838
0.0
0.0
0.0
0.19482341408729553
0.28231701254844666
0.0
0.0
0.47826236486434937
1.1357401609420776
0.23999996483325958
0.8961563110351562
0.7549251914024353
0.5687088370323181
0.8271664381027222
0.8735230565071106
1.0901129245758057
1.672247052192688
1.0934332609176636
0.32929930090904236
0.0
0.16028286516666412
0.5954723954200745
0.0
0.0
0.7124057412147522
0.012178692035377026
0.1487538069486618
0.0
0.09960517287254333
0.0888676568865776
0.0514354407787323
0.22028344869613647
0.0
0.0
0.06448893249034882
0.0
0.022868124768137932
0.1872711181640625
0.25046485662460327
0.0
0.19274966418743134
0.0
0.002945901360362768
0.3763352334499359
0.018049374222755432
0.0
0.031069910153746605
0.0
0.008916438557207584
0.03145063295960426
0.0
1.0363041162490845
0.5426644086837769
0.314829021692276
0.4119609594345093
0.09820867329835892
0.0
0.06128492206335068
0.0
0.10625731199979782
0.0
0.3893178701400757
0.9791767001152039
0.0
0.0
1.1224737167358398
2.3150246143341064
0.5384919047355652
0.08434772491455078
1.068434715270996
0.0
0.08309577405452728
0.021303873509168625
0.4131125509738922
0.9564633369445801
0.0
0.0
0.0
0.0
1.3971532583236694
0.3985210061073303
0.39901015162467957
0.028401384130120277
0.0
0.8270785212516785
0.0
1.0047749280929565
0.04877558723092079
0.11918221414089203
0.0
1.2770929336547852
0.0
0.0
1.3768517971038818
0.8727608919143677
0.0
0.661647617816925
0.39284273982048035
0.0
0.9612323641777039
0.31234389543533325
0.5384085774421692
0.49284133315086365
0.0
0.0
0.0
0.6279656291007996
0.0
0.07694295048713684
0.0
0.0
0.0
0.593807578086853
0.4389636218547821
0.18401286005973816
0.0
0.0
1.0109517574310303
0.4016934931278229
0.15441587567329407
0.0
0.0
0.6141913533210754
0.0
0.0
0.0
0.0
1.226639747619629
0.0
0.0
0.1345028281211853
0.0
0.23954159021377563
0.012509061023592949
0.4709129333496094
0.22080710530281067
0.0
0.0
0.0
1.0469813346862793
0.0
0.1508083939552307
0.9695403575897217
0.11550983786582947
0.7860808372497559
0.0
0.8445181250572205
0.3771178424358368
0.7701146602630615
0.24021828174591064
0.5213501453399658
0.0
1.4277094602584839
0.0
0.0
0.0
0.0
0.0
0.6668431162834167
0.7459497451782227
0.14568877220153809
0.6584252715110779
0.6960027813911438
0.7503913640975952
0.8220409750938416
0.14733900129795074
0.0
1.2813786268234253
0.15950651466846466
0.0
0.0
0.0
0.0
0.7601875066757202
0.0
0.5996687412261963
1.3607404232025146
0.3827199637889862
0.0
0.3948110044002533
0.7143404483795166
1.1809241771697998
0.20068100094795227
0.0
0.0
0.0
0.0
0.0
0.0
1.1070526838302612
0.26645955443382263
0.20795200765132904
0.0
0.06760255992412567
0.0
0.7557512521743774
1.3420417308807373
0.6283577084541321
0.44086530804634094
0.3880236744880676
0.02761107310652733
0.5195960402488708
0.402100533246994
0.0
0.7495982050895691
0.0
0.0
0.015615119598805904
0.4457581043243408
0.4242829978466034
0.7188669443130493
0.0
0.0
0.0
0.16214340925216675
0.0
0.0
0.20175519585609436
0.43079859018325806
0.0
0.8481751680374146
0.0
2.1280550956726074
0.9466022253036499
0.3714428246021271
0.0
0.0
0.0625729188323021
0.5271230340003967
0.5094838738441467
0.0
0.004671330563724041
0.7007433176040649
0.0
0.02596733719110489
0.34045252203941345
0.0
0.36310479044914246
0.018801148980855942
0.23445899784564972
0.5150586366653442
0.0
0.1703946888446808
0.3291029930114746
0.3484604060649872
0.0
0.08122541010379791
0.7402777075767517
0.0
0.05705033242702484
0.0
0.025392606854438782
0.1496123969554901
0.5468359589576721
0.060917407274246216
0.0
0.0
0.3449329733848572
0.0937037542462349
0.37218326330184937
0.0
0.4585511386394501
1.1640033721923828
0.12041657418012619
1.5236672163009644
0.0
0.0
0.0
0.0
0.0
0.32053297758102417
0.0
0.0
0.07149134576320648
0.25557658076286316
0.0
0.7396715879440308
0.6211814284324646
0.0
0.0
0.5846523642539978
0.44459354877471924
0.38878798484802246
0.7123342752456665
0.19791150093078613
0.25207868218421936
0.35172510147094727
0.44847559928894043
0.2859620749950409
0.17217667400836945
0.21017010509967804
0.04618353024125099
0.07547381520271301
0.07602760940790176
0.0
0.17126068472862244
0.04772248491644859
0.5002673864364624
0.42746081948280334
0.44357845187187195
0.04098694398999214
0.26247602701187134
1.066480278968811
0.5580823421478271
0.0
0.07201331108808517
0.4077717065811157
0.39191046357154846
0.40660375356674194
0.0
0.0
0.0
0.0
1.0491760969161987
0.7666481137275696
0.0
0.0
0.20401418209075928
0.8657106757164001
0.9429272413253784
0.1712220162153244
0.0
0.0
0.07647433876991272
0.0
0.0
0.0
0.19369007647037506
0.0
1.0795859098434448
0.13297440111637115
0.07233162969350815
0.0
0.2278020828962326
0.0
0.04245898127555847
0.13976751267910004
0.0
0.0
0.0
0.0
0.1582993119955063
0.0
0.19117313623428345
0.0
0.0
0.0
0.0
0.0
0.0
0.0
0.0
0.0
0.0
0.0
0.0
0.0
0.31378626823425293
0.5817955136299133
0.0
0.0
0.0
0.0
0.0
0.0
0.0
0.0
0.0
0.8874407410621643
0.9634936451911926
1.410668134689331
0.0
0.0
0.0
0.0
0.0
0.0
0.0
0.0
0.26116102933883667
0.0
1.7777527570724487
1.6540262699127197
0.5976720452308655
1.0862698554992676
0.8998758792877197
1.7154920101165771
0.0
0.0
0.0
0.0
0.0
0.0
0.0
0.0
0.0
0.0
0.9342039823532104
1.1970423460006714
0.06374451518058777
0.0
0.3266359269618988
0.7443128228187561
0.03582274541258812
0.0
0.5614634156227112
0.09976277500391006
0.0
0.0
0.0
0.0
0.0
0.0
0.0
0.0
0.0
1.0874848365783691
0.7420572638511658
0.0
0.0
0.09585437923669815
0.307410329580307
0.3867534399032593
0.38265731930732727
0.0
0.0
0.0
0.0
0.9735856652259827
0.09786694496870041
0.0
0.0
0.28702521324157715
0.42774227261543274
0.0
0.0
0.0
1.0029528141021729
1.1102818250656128
0.1417030692100525
0.0
1.3749847412109375
0.8123422861099243
0.0
0.5191994309425354
0.0
0.0
0.0
0.0
0.0
0.0
0.0
0.0
0.0
0.0
0.0
0.0
0.5878313779830933
0.28116312623023987
0.0
0.8269048929214478
0.03894013166427612
0.0
0.0
0.0
0.0
0.0
0.0
0.14319977164268494
0.10642796754837036
0.0851779505610466
0.0
0.0
0.0
0.0
0.0
0.0
0.23384124040603638
0.0
0.0
0.06500513106584549
0.04872521385550499
0.0
0.0
0.07760478556156158
0.0
0.0
0.0
0.0
0.0
0.0
0.0
0.0
1.1302361488342285
0.09311850368976593
0.0
0.0
0.0
0.0
0.0
0.0
0.11644449830055237
0.0
0.0
0.39405086636543274
0.0
0.3655740022659302
0.2837129533290863
0.0
0.5853402614593506
0.6758037805557251
0.0
0.0
0.0
0.12604869902133942
0.0
0.0
0.0
0.0
0.0
0.766944169998169
0.4050145447254181
0.7071389555931091
0.2784372568130493
0.0
0.0
0.23100422322750092
0.8287700414657593
0.26340100169181824
0.0
0.1270514279603958
0.0
0.0
0.0
0.0
0.0
0.0
0.17496256530284882
0.0
0.26663443446159363
0.4179818630218506
0.3051632344722748
0.195329487323761
0.2193606197834015
0.0
0.0
0.0
0.0
0.17850081622600555
0.13364216685295105
0.4082953631877899
0.25805428624153137
0.0
0.5306791067123413
0.0
0.29083341360092163
0.6138780117034912
0.11463877558708191
0.0
0.5208367705345154
0.045640088617801666
0.0
0.0
0.19195979833602905
0.5870453119277954
0.3551728129386902
0.5132483243942261
0.41125258803367615
0.0
0.3826790452003479
0.0
0.37255439162254333
0.4664968252182007
0.22818636894226074
0.0
0.06429305672645569
0.0
0.0
0.0
0.0
0.13522672653198242
0.4028680920600891
0.4435993731021881
0.0
0.0
0.33161771297454834
0.0
0.4540281891822815
0.2344530075788498
0.0
0.0
0.0
0.24036823213100433
0.7335732579231262
0.0
0.0
0.2779388725757599
0.5195056796073914
0.6034722924232483
0.0
0.0
0.0
0.3081223964691162
0.8416715264320374
0.0
0.0
0.11430718749761581
0.2895139157772064
0.5143535137176514
0.9860705733299255
0.0
0.0835639163851738
0.4554794728755951
0.6836256980895996
1.0567092895507812
0.0
0.0
0.0
0.08628295361995697
0.6742779612541199
0.0
0.0
0.0
0.28278806805610657
0.7298968434333801
0.28070759773254395
0.0
0.0
0.29079684615135193
0.9860526323318481
0.8454969525337219
0.5222101807594299
0.27525681257247925
0.0
0.0
0.17493578791618347
0.0
0.0
0.0
0.0
0.6424683928489685
0.3080892264842987
0.0
0.09640699625015259
0.6795365214347839
1.0942602157592773
0.29414501786231995
0.1924523562192917
0.7674659490585327
0.0
0.35331112146377563
0.004546593874692917
0.2480894774198532
0.0
0.0
0.0
0.9217280745506287
0.09857500344514847
0.0
0.15143519639968872
0.8562015295028687
0.9370034337043762
0.17962461709976196
0.0
0.0
0.19819577038288116
0.9988713264465332
0.0
0.0
0.22009168565273285
0.0
0.0
0.0
0.0
0.0
0.0
0.05852681025862694
0.18440958857536316
0.0
0.0
0.0
0.22834055125713348
0.5154891610145569
0.048650894314050674
0.0
0.39086613059043884
0.0
0.0
0.0
0.0
0.0
0.3004550635814667
0.18245305120944977
0.0
0.0
0.0
0.0
0.33481889963150024
0.671133816242218
0.0
0.0
0.0
0.0
0.0
0.0
0.4511547386646271
0.21887706220149994
0.4029234051704407
0.34427082538604736
0.05829786881804466
0.3174920976161957
0.007374550215899944
0.0
0.0
0.12538181245326996
0.0
0.0
0.0
0.0
0.3558063507080078
0.18882639706134796
0.1396024525165558
0.30334654450416565
0.05834435299038887
0.25566306710243225
0.262246310710907
0.3047800064086914
0.0
0.0
0.5775296688079834
0.07698733359575272
0.0
0.0
0.0
0.43112191557884216
0.9013487696647644
0.8169110417366028
0.6493229866027832
0.3158033490180969
0.27302059531211853
0.46489661931991577
0.4839782416820526
0.42580446600914
0.0
0.0
0.7378019690513611
1.140934705734253
0.0
0.0
0.073019839823246
1.120324730873108
1.1377466917037964
0.9768264889717102
0.6007253527641296
0.39024481177330017
0.36333030462265015
0.5327179431915283
0.3699439764022827
0.0
0.0
0.0
0.31107035279273987
0.850219190120697
0.536054253578186
0.0
0.5156313180923462
1.0063798427581787
0.5636425614356995
0.5936887860298157
0.7519065141677856
0.5840598940849304
0.7556370496749878
0.3379099667072296
0.0
0.0
0.0
0.0
0.28865760564804077
0.5310975909233093
0.4991195499897003
0.5038530230522156
0.7648873329162598
0.5039032697677612
0.2543851435184479
0.19175755977630615
0.0
0.0
0.0
0.0
0.0
0.0
0.0
0.25320106744766235
0.0
0.6630036234855652
0.37464362382888794
0.37902554869651794
0.3960783779621124
0.4090191423892975
0.4340318441390991
0.6201297044754028
0.5446726679801941
0.2294793277978897
0.2645038068294525
0.3378601670265198
0.40118885040283203
0.3711819052696228
0.5039899349212646
0.44603487849235535
0.0
0.18207909166812897
0.20286473631858826
0.12585416436195374
0.1458013951778412
0.0
0.0
0.0
0.0
0.0
0.0
0.0
0.0
0.0
0.18093951046466827
0.059624772518873215
0.0
0.0
0.0
0.280916690826416
0.11588428914546967
1.3021031618118286
0.08662685006856918
0.0
0.0
0.0
0.0
0.8198052048683167
0.15178707242012024
0.0
0.0
0.015692835673689842
0.0
0.0
0.0
0.36905306577682495
0.0
0.0
0.0
0.0
0.0
0.18413327634334564
0.0
0.0
0.4128972887992859
0.2386307567358017
0.0
0.0
0.21236631274223328
0.0
0.0
0.0
0.0
0.0
0.0
0.0
0.0
0.261002779006958
0.0
0.01793651096522808
0.0
0.19349360466003418
0.0
0.0
0.01257345825433731
0.0
0.0
0.30337804555892944
1.1478573083877563
0.25822678208351135
0.058487460017204285
0.01261943019926548
0.4351482093334198
0.0
0.0
0.0
0.0
0.40960919857025146
0.34314873814582825
0.0
0.0
0.0
0.0
0.0
0.5176457762718201
0.0
0.113894023001194
0.0
0.1421019583940506
0.0
0.0
0.0
0.0
0.20880655944347382
0.0
0.0
0.0
0.0
0.0
0.0
0.0
0.41812974214553833
0.4838775098323822
0.1706908792257309
0.4401930272579193
0.43675512075424194
0.3177948594093323
0.39601704478263855
0.013740737922489643
0.11678013950586319
0.0
0.0
0.06019492819905281
0.12027450650930405
0.3751709461212158
0.714074432849884
0.0
0.0
0.8768105506896973
0.0
0.0
0.0
0.19360366463661194
0.0004910763236694038
0.06384345144033432
0.27451062202453613
0.0
0.0
0.13266535103321075
0.8465999960899353
0.6511730551719666
0.2801370918750763
0.44398534297943115
0.10818058997392654
0.0
0.0
0.0
0.5823644995689392
0.0
0.0
0.0
0.0
0.0
0.0
0.0
0.0
0.3588011860847473
0.0
0.6228008270263672
1.0765190124511719
0.596156656742096
0.22639210522174835
0.23921634256839752
0.11279918998479843
0.2724613845348358
0.3418930172920227
0.7940726280212402
0.012320137582719326
0.0
0.0
0.7467522621154785
0.2538013160228729
0.2590242922306061
0.0
0.42883360385894775
0.6926680207252502
0.06447793543338776
0.4259069561958313
0.971686840057373
1.204578161239624
0.9277907013893127
1.0408176183700562
1.0906411409378052
1.0592169761657715
1.0038161277770996
0.11253051459789276
0.33661240339279175
0.68792724609375
0.8618225455284119
0.0
0.0
0.0
0.14949604868888855
0.38544532656669617
0.3567673861980438
0.23554670810699463
0.2309691160917282
0.39285892248153687
0.20088893175125122
0.2709202766418457
0.4425983428955078
0.0
0.0882585346698761
1.0633800029754639
0.5418041944503784
0.24573035538196564
0.0
0.09676460176706314
0.2862860858440399
0.10159233957529068
0.5963463187217712
0.4308536648750305
0.3955642580986023
0.7952572107315063
0.9167279005050659
0.19031323492527008
0.0
0.0
0.0
0.6379407048225403
1.2585830688476562
1.2507904767990112
0.7409533858299255
0.7290473580360413
1.3805047273635864
1.2163058519363403
0.783669114112854
0.5989282727241516
0.27800434827804565
0.5070887804031372
0.31790757179260254
0.19764114916324615
0.0708320215344429
0.0
0.3913228213787079
0.8685917258262634
1.4997588396072388
1.6838293075561523
1.1451555490493774
0.8650240302085876
0.6351646780967712
0.9820591807365417
1.3311388492584229
1.477556586265564
0.7228686809539795
0.31962481141090393
0.6915661096572876
1.0904614925384521
0.5110639333724976
0.7505443692207336
0.0
0.4774276912212372
0.6331958770751953
0.9177860617637634
0.8827664852142334
0.7928199768066406
0.9881587624549866
1.354843020439148
1.1136658191680908
0.684982180595398
0.6932599544525146
0.47782355546951294
0.2828562259674072
0.3483082950115204
1.0046073198318481
0.9400253295898438
0.0
0.0
0.0
0.0
0.0
0.0
0.0
0.0
0.0
0.0
0.0
0.0
0.0
0.0
0.0
0.0
0.0
0.0
0.0
0.0
0.0
0.29385146498680115
0.46283987164497375
0.0
0.0
0.0
0.0
0.0
0.0
0.0
0.0
0.0
0.0
0.0
0.0
0.0
0.0
0.0
0.0
0.0
0.0
0.0
0.0
0.0
0.0
0.011052790097892284
0.0
0.0
0.0
0.0
0.0
0.0
0.0
0.0
0.0
0.0
0.0
0.0
0.0
0.0
0.0
0.0
0.0
0.0
0.0
0.0
0.0
0.0
0.0
0.0
0.0
0.0
0.040667906403541565
0.0
0.0
0.0
0.0
0.0
0.0
0.0
0.0
0.0
0.0
0.0
0.33036184310913086
0.0
0.0
0.0
0.0
0.0
0.0
0.0
0.0
0.0
0.0
0.0
0.0
0.0
0.0
0.0
0.0
0.0
0.0
0.0
0.05098628252744675
0.863679826259613
0.0
0.0
0.0
0.0
0.0
0.0
0.0
0.0
0.0
0.0
0.0
0.1253640055656433
0.41399163007736206
0.0
0.0
0.0
0.0
0.0
0.0
0.0
0.31211963295936584
0.3256056606769562
0.0
0.019221382215619087
0.0
0.0
0.0
0.0
0.0
0.0
0.0
0.0
0.30050408840179443
0.0
0.0
0.0
0.0
0.0
0.0
0.0
0.0
0.0
0.0
0.5096268653869629
1.1407358646392822
0.0
0.4479757845401764
0.2056684046983719
0.37139251828193665
1.259459376335144
1.6896148920059204
0.5546332597732544
0.0
0.0
0.0
0.0
0.0
0.061370279639959335
0.0
0.47024986147880554
1.2625129222869873
0.5855005979537964
0.7779607176780701
1.5053116083145142
1.5052186250686646
0.9525765776634216
0.35035136342048645
0.5895552635192871
0.48124682903289795
0.24551188945770264
0.04265940561890602
0.0
0.0
0.0
0.0
0.0
0.0
0.0
0.5546795129776001
0.058469295501708984
0.0
0.0
0.0
0.0
0.0
0.3192833364009857
0.0
0.8577338457107544
0.0
0.0
0.0
0.23902751505374908
0.0
0.0
0.0
0.0
0.0
0.012229238636791706
0.41576093435287476
0.0
0.0
0.0
0.0
0.0
0.35421279072761536
0.502649188041687
0.5835162997245789
0.25619378685951233
0.4447918236255646
0.4372594356536865
0.7173928618431091
0.6013187766075134
0.35938769578933716
0.17100836336612701
0.0
0.0
0.0
0.0
0.5113677382469177
0.811323881149292
1.1613578796386719
1.639840841293335
1.4562009572982788
0.8703389763832092
0.5172940492630005
0.6174196004867554
0.8683043718338013
0.2782105803489685
0.4839809834957123
0.13893815875053406
0.09669671207666397
0.21750524640083313
0.6432058811187744
1.5561022758483887
0.4688722491264343
0.10207615047693253
0.21348384022712708
0.2716360092163086
0.3454569876194
0.13360410928726196
0.06072704493999481
0.5458163619041443
0.5254138708114624
0.17422208189964294
0.05880064517259598
0.0
0.0
0.06909754127264023
0.3376273512840271
0.0
0.2960004508495331
0.0
0.0
0.0
0.11966775357723236
0.0
0.0
0.0
0.0
0.0
0.0
0.0
0.0
0.0
0.0
0.0
0.31637588143348694
0.0
0.0
0.03511567413806915
0.0
0.0
1.1031241416931152
0.0
0.0
0.0
0.547336757183075
0.41773611307144165
0.3041209578514099
0.0
0.0
0.0
0.0
0.0
0.0
0.0
0.0
0.0
0.0
0.0
0.25061964988708496
0.0
0.49978500604629517
0.05116128548979759
0.6273608803749084
0.0
0.0
0.0
0.0
0.0
0.5511391162872314
0.0
0.0
0.0
1.1458122730255127
0.0
0.0
0.0
0.0
0.0
0.0
0.0
0.0
0.0
0.12539973855018616
0.41944369673728943
0.0
0.0
0.6557906866073608
1.3773388862609863
0.0
0.0
0.22431674599647522
0.0
0.8218416571617126
0.21406438946723938
0.0
0.0
0.0
0.0
0.0
0.10596198588609695
0.0
0.0
0.0
0.0
0.0
0.0
0.0
0.03591280058026314
1.4399592876434326
0.0
0.0
0.0
0.11977341026067734
0.0
0.17683067917823792
0.946147084236145
0.0
0.0
0.0
0.0
0.6158736348152161
0.7096878886222839
0.31171950697898865
0.0
0.5709766745567322
0.0
0.0
0.39131659269332886
0.6291607022285461
0.005284364800900221
0.11972200870513916
0.1733238697052002
0.0
0.0
0.0
0.5274268388748169
0.16022953391075134
0.0
0.0
0.0
0.0
0.13760414719581604
0.01329824049025774
0.0
0.0
0.8037580847740173
0.4706394374370575
0.41940730810165405
0.17462866008281708
0.0
0.0
0.0
0.0
0.0
0.0
0.09411042183637619
0.8448836207389832
0.0
0.0
0.0
0.5193621516227722
0.0
0.0
0.0
0.0
0.0
0.0
0.0
0.08834894746541977
1.1657359600067139
0.0
0.0
0.0
0.0
0.44720160961151123
0.0
0.0
0.0
0.0
0.3085451126098633
0.0
0.1924358457326889
1.9731245040893555
1.0142121315002441
1.1114555597305298
0.17978888750076294
0.0
0.06068029627203941
1.075609564781189
1.6783156394958496
0.8827855587005615
0.6091849207878113
1.0001335144042969
0.5512421131134033
0.0
0.31506526470184326
0.0
0.974655032157898
0.414332777261734
0.0
0.2299973964691162
0.3889103829860687
0.8422520756721497
0.3191760778427124
0.2095743715763092
0.0
0.3861333131790161
0.6709299683570862
0.0
0.3026171922683716
0.21201516687870026
0.0
0.0
0.9305562973022461
0.0
0.4079475700855255
0.1750604808330536
0.0
0.0
0.20870687067508698
0.12294711917638779
0.5942432284355164
1.1877480745315552
0.0
0.6739723086357117
1.2106739282608032
0.0
0.0
0.2913307547569275
0.30326735973358154
0.3034522235393524
0.10961627960205078
0.6588668823242188
0.38254573941230774
0.0
0.12787459790706635
0.009437831118702888
0.3626587986946106
0.0
0.3626594841480255
1.5180606842041016
0.0
0.19217421114444733
0.0
0.44461625814437866
0.35964784026145935
0.38271763920783997
0.11535584181547165
0.06768114119768143
0.0
0.34504780173301697
0.5091373324394226
1.084965467453003
0.0
0.3336999714374542
1.5428825616836548
0.38901060819625854
0.33816584944725037
0.2600628137588501
0.0
0.12873229384422302
0.24247591197490692
0.3266192674636841
0.1289045661687851
0.04296601563692093
0.0
0.0
0.23329947888851166
0.06771163642406464
0.0
0.1070874035358429
0.3264271318912506
0.0
0.0494195856153965
0.044607795774936676
0.0
0.3103729486465454
0.5674024224281311
0.3173428773880005
1.1081069707870483
0.2678670585155487
0.0
0.8877565860748291
0.7900092601776123
0.2997976541519165
0.0
0.0
0.0
0.0
0.07726602256298065
0.347830206155777
0.6383981108665466
0.19780859351158142
0.22630846500396729
0.2790698707103729
0.1765185296535492
0.0
0.0
0.2103123813867569
0.9506763815879822
1.1195241212844849
0.5123931169509888
0.7043334245681763
0.0
0.0
0.0
0.7666460275650024
0.0
0.0
0.0
0.6178440451622009
0.4866090416908264
0.2819746732711792
0.26542872190475464
0.10046688467264175
0.5241949558258057
0.7801830172538757
0.6985257267951965
0.6522586345672607
0.09713605791330338
0.0
0.0
0.6857183575630188
0.7206339240074158
0.0
0.4288634955883026
1.6557469367980957
0.17228387296199799
0.9679219722747803
1.0251003503799438
0.7829840779304504
0.0
0.0
0.0
0.006495220120996237
0.3439119756221771
0.0
0.0
0.4411780834197998
0.66824871301651
0.0
0.0
0.44182437658309937
0.0
0.34343221783638
0.08749430626630783
0.10838577151298523
0.5542091727256775
1.0210800170898438
0.2542288303375244
0.44274428486824036
0.3397158980369568
0.0
0.0
0.2662261426448822
1.2625192403793335
0.23650111258029938
0.0
0.0
0.20039431750774384
0.9137928485870361
0.10746908187866211
0.0
0.7767858505249023
0.5375416874885559
0.319291889667511
0.17364339530467987
0.3773290812969208
0.8213871717453003
0.5165361166000366
0.1628761738538742
0.6279717087745667
0.39009472727775574
0.0
0.07814118266105652
1.0963670015335083
0.9483012557029724
0.4504449665546417
0.0
0.8758553266525269
0.5656516551971436
0.2662040591239929
0.0
0.41703009605407715
1.351155400276184
1.3723002672195435
0.4287477135658264
0.3037082850933075
0.0031932727433741093
0.3332657516002655
0.0
0.4506273865699768
0.0
0.2974739372730255
0.7802876830101013
1.1679596900939941
0.36687928438186646
0.4360535144805908
0.0
0.684651792049408
0.9921376705169678
0.8910593390464783
0.11503087729215622
0.009440603666007519
0.0
0.2906031012535095
0.07378391176462173
0.0
0.35567423701286316
0.7869018316268921
0.7466525435447693
0.0
0.0
0.10652574151754379
1.027287483215332
0.20386269688606262
0.0
0.0
0.5596936941146851
0.039745841175317764
0.0
0.4808886647224426
0.8583768010139465
0.0
0.0
0.15143996477127075
0.0
0.0
0.0
0.0
0.0
0.0
0.0
0.0
0.1071750745177269
0.0
0.0
1.057673692703247
0.5454118251800537
0.0
0.07213964313268661
0.0
0.0
0.0
0.0
0.24747663736343384
0.3048137426376343
0.5592333078384399
0.28299927711486816
0.7395123243331909
0.035991061478853226
0.0
0.0
0.8091450929641724
1.0417582988739014
1.195619821548462
1.2182953357696533
0.2831028997898102
0.22647324204444885
0.8434963226318359
0.9314125180244446
1.150410532951355
1.3920968770980835
0.8240887522697449
1.09662663936615
1.716498613357544
0.21890123188495636
0.0
0.0
0.683140754699707
0.8939983248710632
0.8637610673904419
0.8994325399398804
0.613278865814209
0.4439639449119568
0.9708870053291321
1.3512158393859863
0.45545339584350586
0.11594998091459274
0.8098106980323792
1.8424334526062012
1.3161089420318604
0.8629360198974609
0.6101712584495544
0.0
0.0
0.0
0.0
0.0
0.0
0.0
0.34126368165016174
0.7707021236419678
0.22127684950828552
0.6069920659065247
1.4778708219528198
0.894784688949585
1.0971835851669312
0.4406573176383972
0.5083630084991455
0.1224774569272995
0.0
0.25768476724624634
0.31667542457580566
0.6154789328575134
0.0
0.0
0.2540895640850067
0.4737370014190674
0.9632899165153503
0.9243015646934509
0.5176740288734436
0.24263356626033783
0.5348440408706665
0.0
0.6099846363067627
0.42636874318122864
0.46008673310279846
0.52744460105896
0.7891929745674133
0.8774043321609497
0.7825747132301331
0.7823395729064941
0.7897334694862366
0.7849201560020447
0.6857753992080688
0.6042908430099487
0.6127814054489136
0.5911234021186829
0.8881664276123047
0.0
0.11284258216619492
0.014947625808417797
0.3192949891090393
0.03736791014671326
0.0
0.3213178217411041
0.29584652185440063
0.404115229845047
0.0
0.0
0.6034468412399292
0.719700813293457
0.007701085414737463
0.4854176938533783
0.659192681312561
0.0
0.0
0.12107458710670471
0.2515326142311096
0.0
0.0
0.0
0.0
0.0
0.0
0.0
0.0
0.0
0.0
0.0
0.5309191346168518
0.0
0.0
0.0
0.24911531805992126
0.09349428862333298
0.0
0.0
0.0
0.0
0.0
0.0
0.0
0.0
0.0
0.0
0.23269687592983246
0.0
0.0
0.0
0.0
0.0
0.0
0.0
0.0
0.0
0.0
0.0
0.0
0.0
0.0
0.0
0.0
0.0
0.0
0.0
0.0
0.0
0.0
0.0
0.0
0.0
0.0
0.0
0.0
0.0
0.0
0.0
0.0
0.0
0.0
0.0
0.0
0.0
0.0
0.0
0.0
0.0
0.0
0.0
0.1610131412744522
0.0
0.0
0.0
0.0
0.0
0.0
0.0
0.0
0.0
0.0
0.0
0.0
0.0
0.0
0.0
0.0
0.0
0.0
0.0
0.0
0.0
0.0
0.0
0.0
0.0
0.0
0.0
0.0
0.0
0.0
0.0
0.0
0.0
0.0
0.0
0.006035062950104475
0.0
0.0
0.0
0.0
0.0
0.15790323913097382
0.0
0.0
0.0
0.0
0.0
0.0
0.0
0.0
0.0
0.031670209020376205
0.0
0.0
0.0
0.0
0.0
0.11256802827119827
0.0
0.0
0.0
0.0
0.0
0.0
0.0
0.0
0.0
0.0
0.0
0.0
0.0
0.0
0.0
0.0
0.18833699822425842
0.06999211758375168
0.0
0.0
0.1717306226491928
0.48621049523353577
0.5363592505455017
0.514569103717804
0.06473739445209503
0.0
0.0
0.0
0.0
0.0
0.0
0.0
0.3699539303779602
0.5161149501800537
0.7829797863960266
0.8292489051818848
0.7568173408508301
0.5988928079605103
0.46008118987083435
0.14758509397506714
0.28534039855003357
0.19004298746585846
0.0
0.17904819548130035
0.0
0.0
0.0
0.0
0.0
0.5758810043334961
0.8919909596443176
0.6189762949943542
0.4471522867679596
0.23366791009902954
0.2318044751882553
0.03041154518723488
0.27998295426368713
0.0
0.0
0.0893533006310463
0.0
0.0
0.0
0.0
0.0
0.0
0.33083072304725647
0.7064902186393738
0.6646698713302612
0.23427030444145203
0.0
0.23132190108299255
0.08506054431200027
0.0
0.0
0.0
0.27876806259155273
0.0
0.0
0.013951781205832958
0.29120540618896484
0.7094966769218445
1.1001790761947632
0.6963123083114624
0.12596340477466583
0.11394509673118591
0.1550074964761734
0.0
0.0
0.0
0.0
0.3278655707836151
0.15937887132167816
0.0
0.0
0.31821268796920776
0.0
0.0
0.11409270018339157
0.0
0.11305895447731018
0.1095043495297432
0.11329960823059082
0.024374181404709816
0.0
0.05188603699207306
0.20947813987731934
0.0
0.0
0.0
0.09732423722743988
0.6594219207763672
0.0
0.007345315534621477
0.0
1.9685171842575073
0.8713870644569397
0.0
0.08145090192556381
0.0
0.0
0.0
0.0
0.5804855823516846
0.14663949608802795
0.0
0.0
0.0
0.8486987948417664
0.6741709113121033
1.5241475105285645
0.0
0.0
0.0
0.4787258803844452
0.16150136291980743
0.0
0.0
0.6507017016410828
1.471285104751587
0.0
0.0
0.0
0.7115980386734009
0.7132036089897156
0.14290907979011536
0.0
0.0
0.11992505192756653
0.9081960916519165
0.9906930327415466
0.3775533437728882
0.0
0.0
0.0
0.0
0.0
0.0
0.5756007432937622
0.2808792293071747
0.0
0.687211275100708
0.0
1.0682069063186646
0.0
0.0
0.5750882625579834
0.0
0.21430116891860962
0.23549950122833252
0.10780257731676102
0.0
0.28821486234664917
0.1659928411245346
0.2048559933900833
0.1168985441327095
0.701346755027771
0.0
0.4945000410079956
1.7156128883361816
0.0
0.0009564170031808317
0.14257799088954926
0.06125837191939354
0.0
0.0
0.0
0.0
1.1756210327148438
0.0
0.305671364068985
1.3449881076812744
0.0
0.0
0.0
0.5183387398719788
0.5084151029586792
1.022395372390747
0.0
0.9323970675468445
0.0
0.7119404077529907
0.058247681707143784
0.0
0.1710585206747055
0.0
0.0
0.3998575806617737
0.30738407373428345
0.6011977791786194
0.48384708166122437
0.0
1.1321841478347778
0.1509883999824524
0.5926574468612671
0.0
0.3912615478038788
0.9520747065544128
0.0
0.0
0.0
0.5833728909492493
0.10978788137435913
0.0
1.4301081895828247
1.0514461994171143
0.0
0.0
1.885226845741272
0.0
0.36619701981544495
0.8475602269172668
1.085147500038147
0.0
0.0
0.0
0.0
0.12424252927303314
0.0
0.9303768277168274
0.0
0.0
0.23416507244110107
0.6066445708274841
0.0
1.770559549331665
0.6245193481445312
0.0
0.0
0.11884647607803345
0.6171775460243225
0.0
0.0
1.1945313215255737
0.14912459254264832
0.0
0.20989739894866943
0.0
0.0
0.455373615026474
1.5260065793991089
0.0
0.0
0.0
0.07214735448360443
0.0
0.0
0.0
0.0
0.0
0.23801648616790771
0.9000431895256042
0.21132177114486694
0.6277972459793091
0.20827803015708923
0.0
0.0
0.0
0.13184435665607452
0.0
0.0
0.0
0.0
0.0
0.3157520890235901
0.0
1.1784701347351074
0.2956264019012451
0.0
0.07652658224105835
0.0
0.21911098062992096
0.0
0.16250337660312653
0.0
0.0
0.22146619856357574
0.11871299147605896
0.0
0.12554149329662323
0.0
0.08609511703252792
1.3289215564727783
0.0
0.1921989768743515
0.0
0.0
0.0
0.08125339448451996
0.0
0.5899568200111389
0.9584174156188965
0.0
1.3006014823913574
0.0
0.16271443665027618
0.16462768614292145
0.07040011137723923
0.1324094831943512
0.7826716899871826
0.014743286184966564
0.0
0.19435454905033112
0.0
0.0
0.0
0.7132673859596252
0.0
0.49437379837036133
1.0340083837509155
0.1255761682987213
0.3427872061729431
0.0
0.5731642246246338
0.19563040137290955
0.0
0.4230627119541168
0.337421715259552
0.0
0.0
0.5857635736465454
0.6436635255813599
0.0
0.1705625057220459
2.001528739929199
0.0967300683259964
0.4122815430164337
0.0
0.07333696633577347
0.3462560474872589
0.24414536356925964
0.21132908761501312
0.07387880235910416
0.0
0.0
0.0
0.0
0.0
0.12649911642074585
0.3832770586013794
0.184745192527771
0.18398863077163696
0.0
0.0
0.0
0.0
0.0
0.08273202925920486
0.6924118399620056
0.0
0.0
0.0
0.7554128766059875
0.44539010524749756
0.0
0.0
0.0
0.4955058991909027
0.09452789276838303
0.0
0.0
0.0
0.0
0.08868224173784256
0.0
0.0
0.0
0.35417288541793823
0.0
0.0
0.3845987617969513
0.0
0.0
0.5795994997024536
0.47160035371780396
0.0
0.1623946726322174
0.0
0.0
0.0
0.1587686538696289
1.4545296430587769
0.5292354226112366
0.0
0.0
0.07637238502502441
0.0
0.0
0.0
0.05036472901701927
0.41810259222984314
0.5257209539413452
0.47644200921058655
0.08977245539426804
1.777714490890503
0.6258022785186768
1.0341717004776
0.0
0.0
0.0
0.0
0.6416937112808228
0.011497830972075462
0.5173323750495911
0.0
0.0
0.0
0.0
0.0
0.30227887630462646
0.0
0.0
0.0
0.0937023013830185
0.0
0.0
0.5628657341003418
0.0
0.0
0.0
0.7155275344848633
0.6221214532852173
0.0
0.0
0.0
0.0
0.0
0.0
0.7752556204795837
0.5570086240768433
0.4545820951461792
0.0
0.0
0.0
0.0
0.3400501012802124
0.33293572068214417
0.46967339515686035
0.0
0.0
0.0
0.028043512254953384
0.5751973986625671
0.4145980775356293
0.0
0.0
0.0
0.0
0.0
0.0
0.0
0.3298550844192505
0.0
0.8301716446876526
0.0
0.12118946760892868
0.0
0.0
0.4224831163883209
0.0
0.0
0.0
0.0
0.2841911315917969
0.0
0.0
0.0
0.0
0.49281755089759827
0.9675208926200867
0.0
0.0
0.0
0.0
0.7743608355522156
0.0
0.0
1.35932195186615
0.0
0.0
0.31255051493644714
0.0
0.0
0.6722843050956726
1.001406192779541
0.0
0.0
0.0
0.0
0.0
0.3711617588996887
1.2374871969223022
2.0263590812683105
0.8895165920257568
0.12864622473716736
0.7668808698654175
0.0
0.7350532412528992
1.150219440460205
1.1682838201522827
0.9502745270729065
0.9004546999931335
0.0
0.0
0.0
0.1423695683479309
0.07089840620756149
0.0
0.0
0.0
0.0
0.0
0.4462442696094513
0.07878755033016205
0.0
0.0
0.0
0.0
0.0
0.0
0.0
0.594753623008728
0.0
0.0
0.0
0.0
0.0
0.0
0.0
0.0
0.3046095073223114
0.0
0.0
0.17336511611938477
0.0
0.0
0.0
0.0
0.0
0.0
0.0
0.0
0.0
0.123018778860569
0.3419520854949951
0.0
0.0
0.0
0.16537952423095703
0.0
0.0
0.0
0.0
0.0
0.0
0.0
0.0
0.0
0.0
0.21237480640411377
0.0
0.0
0.0
1.3093750476837158
0.0
0.0
0.0
0.0
0.0
0.0
0.0
0.0
0.0
0.0
0.0
0.0
0.0
0.0
0.24368149042129517
0.0
0.0
0.0
0.0
0.0
0.0
0.0
0.0
0.0
0.0
0.0
0.0
0.0
0.0
0.0
0.0
0.0
0.0
0.0
0.0
0.0
0.0
0.0
0.0
0.0
0.42604562640190125
0.0
0.0
0.0
0.5856298804283142
0.8439685702323914
0.12941819429397583
0.0
0.0
0.0
0.0050293863750994205
0.0
0.0
0.0
0.0
0.0
0.3637874722480774
0.40359872579574585
0.06808091700077057
0.027393562719225883
1.4077025651931763
1.9218957424163818
1.61361825466156
1.0358272790908813
0.0
0.0
0.6934385299682617
2.210806131362915
0.0
0.0
0.0
0.02058390900492668
0.0
0.8993929028511047
0.8589791059494019
0.5035849213600159
0.24074091017246246
0.6033318638801575
0.09374693036079407
1.6020467281341553
0.06458603590726852
0.0
0.753186821937561
2.11814022064209
1.1005398035049438
0.0
1.054368495941162
2.2083871364593506
0.3645012080669403
0.7903022766113281
1.065645456314087
0.686564028263092
0.0
0.5531625151634216
0.13052763044834137
0.745140790939331
0.9364914894104004
0.0
0.723810613155365
1.2863519191741943
0.5570926070213318
0.3768579065799713
1.3226559162139893
0.06324217468500137
0.03516094386577606
1.1633321046829224
0.9207280874252319
1.1200679540634155
0.781121015548706
0.525968611240387
0.3814912438392639
0.4004969596862793
1.1026510000228882
0.3797124922275543
0.4353047013282776
1.3675365447998047
1.1326333284378052
0.0
0.6682629585266113
0.2366226464509964
0.5262590646743774
0.5726119875907898
0.7206974625587463
0.5949458479881287
0.21063324809074402
0.6991472840309143
0.7014478445053101
0.0
0.942356526851654
1.0172327756881714
0.0
0.12714165449142456
1.3956648111343384
0.1969318389892578
0.29531028866767883
0.7530916929244995
1.5199551582336426
1.017857313156128
0.0
1.003957986831665
0.5862913131713867
1.9789737462997437
0.8313833475112915
0.17957966029644012
0.726789116859436
0.36253833770751953
0.0
0.20172186195850372
0.06937848031520844
1.5616799592971802
0.5835052132606506
0.49854710698127747
0.35838955640792847
0.0
0.8389903903007507
0.48774078488349915
0.8652189373970032
0.5432859659194946
0.2530910074710846
0.8456051349639893
0.8535346388816833
0.0
0.0
0.3069528639316559
0.0
0.8008603453636169
1.0650451183319092
1.384137749671936
0.8271003365516663
0.0
1.837270975112915
0.922111988067627
0.6187503933906555
0.29356876015663147
0.6305192708969116
0.33639290928840637
0.0
0.0
0.25657692551612854
0.0
0.0
1.2291600704193115
2.1369850635528564
2.2088119983673096
0.7488913536071777
0.1813989281654358
0.30368536710739136
0.7750168442726135
1.0629081726074219
1.0223129987716675
1.3055623769760132
0.5596042275428772
0.4480580985546112
0.9346998333930969
0.7777230739593506
0.3161987364292145
0.3479195237159729
1.3925669193267822
0.6779075264930725
1.0476714372634888
0.17979545891284943
0.07502517104148865
0.0
0.36902689933776855
0.36179640889167786
0.10920357704162598
0.06023520231246948
0.7789135575294495
0.23719702661037445
1.692941427230835
1.3294270038604736
0.7396137118339539
0.41764140129089355
0.16815605759620667
0.8421664834022522
0.7854899168014526
0.588847279548645
0.26388370990753174
0.0
0.0
0.0
0.19218716025352478
0.4738801419734955
0.0
0.2608419358730316
1.7395087480545044
0.3720383644104004
0.7166715860366821
0.5046616792678833
0.20194649696350098
0.539933979511261
0.500801146030426
0.253993958234787
0.3004032373428345
0.0
0.0
0.08171898871660233
0.06687203049659729
0.0
0.4286637306213379
0.8978406190872192
1.2278709411621094
0.5753210783004761
0.44353076815605164
0.7016441822052002
0.2091015875339508
0.0
0.02259528450667858
0.0
0.2683350741863251
0.4721578359603882
0.1834774613380432
0.3899138867855072
0.12578575313091278
0.0
1.0165048837661743
1.2819310426712036
1.3889961242675781
0.6596288084983826
1.0698275566101074
0.9011086821556091
0.8147773146629333
0.5225438475608826
0.8684435486793518
0.774331271648407
0.5345970392227173
0.34278053045272827
0.6398757696151733
0.6537171602249146
0.8839305639266968
0.899278461933136
0.5843504071235657
1.526328444480896
1.6008086204528809
0.9349402785301208
0.48870617151260376
0.47512251138687134
0.25479763746261597
0.24640792608261108
0.15245851874351501
0.08552853018045425
0.2075025588274002
0.2831684947013855
0.28605422377586365
0.007412231992930174
0.0
0.19375069439411163
0.2932015657424927
0.3603938817977905
0.4734121859073639
0.7338109612464905
0.363089919090271
0.2660908102989197
0.15698939561843872
0.27455297112464905
0.0
0.0
0.22944362461566925
0.0
0.0
0.0
0.0
0.0
0.0
0.05620009824633598
0.020177708938717842
0.5167500972747803
0.0
0.16006512939929962
0.43305906653404236
0.5536215305328369
0.0
0.0
0.0
0.0
0.0
0.0
0.0
0.0
0.0
0.1525173783302307
0.2380198836326599
0.483649879693985
0.0
0.0
0.25513985753059387
0.0
0.0
0.0
0.0
0.0
0.0
0.0994100347161293
0.2980218529701233
0.20927011966705322
0.0
0.3462134599685669
0.5327699184417725
0.18426908552646637
0.0
0.2963907718658447
0.42425042390823364
0.0
0.0
0.4788167476654053
0.38568100333213806
0.0
0.20015040040016174
0.0
0.0
0.0
0.0
0.16381551325321198
0.1051306277513504
1.007354497909546
0.7475981712341309
0.8779280781745911
0.5056716203689575
0.0
0.0
0.16724582016468048
0.0
0.0
1.3201497793197632
0.49864163994789124
0.9388265609741211
0.4091646373271942
0.0
0.01202308014035225
0.0
1.3966385126113892
1.2472730875015259
0.5618821382522583
0.3231750726699829
0.14974023401737213
0.4116561710834503
0.0
0.0
0.0
1.0702186822891235
0.9450424313545227
0.38697752356529236
0.0
0.0
0.6109087467193604
0.2772357761859894
1.2396851778030396
1.2320297956466675
0.4321519136428833
0.0
0.12525774538516998
0.0
0.0
0.0
0.0
0.37926310300827026
0.0
0.0
0.0
0.0
1.1954083442687988
0.5892912745475769
1.0090843439102173
0.8488656878471375
0.7396841049194336
0.0
0.0
0.0
0.0
0.24771396815776825
0.46218156814575195
0.05331990867853165
0.0
0.0
0.0
0.0
0.06672462821006775
0.5415781140327454
0.5298488140106201
0.4859355092048645
0.9147453904151917
0.7239989638328552
0.0
0.0
0.0
0.0
0.13505133986473083
0.0
0.0
0.17180082201957703
0.0
0.0
0.0643724575638771
0.3695230782032013
0.7622258067131042
0.35162153840065
1.0245978832244873
1.1489381790161133
0.0
0.0
0.0
0.0
0.0
0.0
0.0
0.0
0.0
0.0
0.0
0.0
0.1403750628232956
0.0
0.16218151152133942
0.6161487698554993
0.02914990484714508
0.0
0.0
0.0
0.0
0.0
0.0
0.0
0.0
0.0
0.0
0.0
0.0
0.0
0.11381278187036514
1.0499790906906128
1.3722147941589355
0.021615229547023773
0.0
0.0
0.0
0.0
0.0
0.0
0.0
0.0
0.0
0.0
0.4216318726539612
0.20873014628887177
0.0
0.577106773853302
0.7151141166687012
0.09235478937625885
0.0
0.0
0.0
0.0
0.0
0.0
0.05070648342370987
0.15302522480487823
0.0
0.0869157537817955
0.4584932029247284
0.3939169943332672
0.0
0.0
0.0
0.0
0.0
0.0
0.0
0.0
0.0
0.0
0.0
0.0
0.0
0.2209785282611847
0.39403796195983887
0.15611189603805542
0.0
0.0
0.0
0.0
0.0
0.0
0.0
0.0
0.0
0.0
0.0
0.07939793169498444
0.14714856445789337
0.18786656856536865
0.9357954859733582
1.0007481575012207
1.0685838460922241
1.0275416374206543
0.9963188767433167
0.9197321534156799
1.089906930923462
0.9782156348228455
0.7102742195129395
0.2529706656932831
0.40139782428741455
0.7207949757575989
1.103601336479187
1.4041392803192139
1.0146375894546509
0.6495534181594849
0.0
0.0
0.13207490742206573
0.0
0.0
0.28268325328826904
0.4549266993999481
0.0
0.0
0.0
0.0
0.0
0.0
0.0
0.0
0.0
0.06726938486099243
0.0
0.0
0.0
0.0
0.0
0.0
0.0
0.0
0.0
0.3487139940261841
0.30204829573631287
0.0
0.0
0.0
0.6639857888221741
0.0
0.0
0.0
0.0
0.0
0.0
0.0
0.006018439773470163
0.0
0.0
1.145335078239441
0.9778663516044617
0.3560364246368408
0.0
0.0
0.17707547545433044
0.0
0.2753310203552246
0.5672277212142944
0.09612159430980682
0.029623540118336678
0.6548975110054016
0.5649433135986328
0.14204514026641846
0.008675213903188705
0.0
0.0
0.28215038776397705
0.0011929546017199755
0.4364696443080902
0.0
0.0
0.0
0.0
0.0
0.21690818667411804
0.0
0.0
0.8155864477157593
0.49620044231414795
0.0
0.0
0.11025184392929077
0.0
0.0
0.0573597177863121
0.0
0.0
0.08311379700899124
0.21696919202804565
0.0
0.0
0.0
0.0
0.0
0.4533770978450775
0.6714577078819275
0.3790656328201294
0.0
0.0
0.0
0.0
0.11216966062784195
0.33295202255249023
0.27903497219085693
0.37810179591178894
0.0
0.0
0.2130717933177948
0.0
0.0
0.0
0.0
0.8994626402854919
0.6584382057189941
0.45394065976142883
0.0
0.0
0.6514806151390076
1.0477571487426758
0.30286747217178345
0.0
0.0
0.0
0.0
0.4408281445503235
0.0
0.0
0.0
0.18183216452598572
0.0
0.23428142070770264
0.0
0.1159510686993599
0.4937339127063751
0.0
0.2440039962530136
0.6305268406867981
0.0
0.0
0.0
0.015542161650955677
0.25902074575424194
0.8299122452735901
0.886688232421875
0.26375141739845276
0.12343044579029083
0.0
0.0
0.7803888320922852
0.6280936002731323
0.0
0.0
0.5559158325195312
0.0
0.0
0.526168942451477
0.34229356050491333
0.0
0.0
0.0
0.0
0.0
0.0
0.0
0.0
0.0
0.0
0.0
0.0
0.0
1.0233410596847534
0.2286972552537918
0.0
0.0
0.0
0.0
0.0
0.0
0.0
0.0
0.0
0.0
0.0
0.0
0.0
0.0
0.47076737880706787
0.0
0.0
0.0
0.0
0.0
0.0
0.0
0.0
0.0
0.045366670936346054
0.0
0.04192831367254257
0.2759004533290863
0.0
0.0
0.0
0.0
0.0
0.07008744776248932
0.0
0.0
0.0
0.0
0.0
0.0
0.0
0.0
0.0
0.12945470213890076
0.0
0.0
0.0
0.0
0.0
0.0
0.0
0.0
0.0
0.0
0.0
0.0
0.2907238006591797
0.0
0.0
0.25111109018325806
1.069322943687439
0.7824757695198059
0.011492650024592876
0.4796499013900757
0.6895550489425659
0.4333474636077881
0.5288161039352417
0.5283219218254089
0.4086593985557556
0.7712950110435486
0.8856950998306274
0.8168964982032776
0.546715497970581
0.5389295816421509
0.24459165334701538
0.0
0.0
0.0
0.0
0.0
0.0
0.0
0.0
0.0
0.0
0.0
0.0
0.0
0.0
0.0
0.0
0.0
0.0
0.0
0.0
0.0
0.0
0.07803713530302048
0.0
0.0
0.0
0.3877558708190918
1.083843469619751
0.03336016461253166
0.0
0.0
0.0
0.0
0.0
0.0
0.0
0.0
0.0
0.0
0.0
0.022910695523023605
0.8014172315597534
1.99819815158844
1.1754429340362549
1.0241456031799316
1.3274604082107544
0.010238038375973701
0.0
0.0
1.2601847648620605
0.046529386192560196
0.0
0.0
0.0
0.0
0.3280274271965027
0.9151445031166077
0.3356902599334717
0.0
0.0
0.0
0.7354559302330017
0.8571574687957764
0.0
0.0
0.8949737548828125
0.027269411832094193
0.0
0.0
0.2924998700618744
0.0
0.0
0.0
0.0
0.0
0.0
0.0
0.0
1.0581793785095215
0.0
0.29509344696998596
0.4810066819190979
0.0
0.0
0.5643764734268188
0.0
0.0
0.0
0.0
0.07966747134923935
0.30582016706466675
0.0
0.0
0.0
0.5107640624046326
0.19821855425834656
0.0
0.7325354814529419
0.8574987649917603
0.0
0.0
0.0
0.0
0.0
0.0
0.0
0.0
0.0
0.0
0.0
0.15903592109680176
0.0
0.0
0.0
1.2305421829223633
0.23872193694114685
0.0
0.0
0.0
0.0
0.0
0.0
0.0
0.0
0.0
0.3276047706604004
0.0
0.0
0.13203449547290802
0.0
0.9348337650299072
0.7667073011398315
0.0
0.0
0.0
0.0
0.9840099215507507
0.0
0.0
0.0
0.0
0.11359470337629318
0.0
0.0
0.0
0.0
0.7992753386497498
0.12300895899534225
0.718498170375824
0.0
0.0
0.0
0.5632727146148682
0.0
0.0
0.0
0.0
0.0
0.0
0.0
0.0
0.0
0.0
0.0
0.983427882194519
0.0
0.0
0.6290066838264465
0.0
0.0
0.0
0.2876344323158264
1.2064666748046875
1.1458797454833984
1.4576865434646606
2.3741097450256348
1.1138869524002075
1.4572029113769531
0.0
0.0
0.0
0.0
0.49173426628112793
1.3163784742355347
1.5922820568084717
2.059126615524292
1.6632170677185059
1.268219232559204
1.2006405591964722
1.9838162660598755
2.3131792545318604
3.347188711166382
0.9388160109519958
2.2144949436187744
0.06390079855918884
0.0
0.0
0.0
0.6273080110549927
0.6381528377532959
0.6134212017059326
0.256196528673172
0.3534879982471466
0.0
0.0
0.0
0.0
1.2673728466033936
0.16548147797584534
0.39404046535491943
1.538514256477356
0.13912427425384521
0.0
0.0
0.0
0.0
0.0
0.0
0.0
0.2020787000656128
0.0
0.0
0.34665647149086
1.142127275466919
0.19493599236011505
0.011141195893287659
1.1068952083587646
0.6321372985839844
0.0
0.0
0.0
0.0
0.0
0.0
0.0
0.013003025203943253
0.0
0.4185476005077362
0.4288615584373474
1.1028516292572021
0.24789544939994812
0.0
0.8260172009468079
0.7981680631637573
0.2619241774082184
0.9801583290100098
0.9628786444664001
0.5446757078170776
0.5020604133605957
0.9171380400657654
0.4271118938922882
0.344055712223053
0.968143880367279
0.5411410331726074
0.022934874519705772
0.6295414566993713
1.3441799879074097
0.7337426543235779
1.0066819190979004
1.3462491035461426
1.1050881147384644
1.070207118988037
1.2960482835769653
1.540027379989624
1.4128340482711792
1.226780652999878
1.1955252885818481
0.7440568208694458
0.7622715830802917
1.1011052131652832
1.3101282119750977
1.2999616861343384
1.220001459121704
0.013368222862482071
0.5874013900756836
0.8493241667747498
0.5984569787979126
0.0
0.0
0.3248360753059387
0.0
0.0
0.6174444556236267
0.0
0.0
0.0
0.8530177474021912
0.5311280488967896
0.7586721181869507
0.0
0.2839290201663971
0.7410170435905457
0.13276442885398865
0.0
0.0
0.0
0.0
0.0
0.7754582762718201
0.0
0.0
0.0
0.0
0.5023539066314697
0.0
0.0
0.0
0.6878988742828369
0.0
0.0
0.32976233959198
0.0
0.0
0.0
0.0
0.0
0.0
0.0
0.0
0.0
0.0
0.0
0.0
0.0
0.0
0.0
0.0
0.0
0.0
0.0
0.0
0.0
0.0
0.0
0.0
0.0
0.0
0.0
0.0
0.0
0.0
0.0
0.0
0.0
0.0
0.0
0.0
0.0
0.0
0.0
0.0
0.0
0.0
0.0
0.0
0.0
0.0
0.0
0.0
0.0
0.0
0.0
0.0
0.0
0.0
0.0
0.02111826464533806
0.0
0.0
0.0
0.0
0.0
0.0
0.0
0.0
0.0
0.0
0.0
0.0
0.0
0.0
0.0
0.0
0.9457293748855591
0.0
0.04741398245096207
0.0
0.0
0.0
0.0
0.0
0.0
0.0
0.0
0.0
0.0
0.0
0.0
0.30821335315704346
1.3795632123947144
0.09610950946807861
0.1336314082145691
0.0
0.0
0.0
0.0
0.0
0.0
0.0
0.0
0.0
0.0
0.0
0.0
0.9948457479476929
1.1807550191879272
0.0
0.017702938988804817
0.0
0.0
0.0
0.0
0.7117474675178528
0.3564029633998871
0.0
0.0
0.0
0.23182277381420135
0.3628593683242798
0.3433222770690918
0.18158796429634094
0.765631377696991
0.0
0.0
0.0
0.0
0.0
0.0
0.8062612414360046
0.0988006591796875
0.1242465227842331
0.19428414106369019
0.7147185206413269
0.46356141567230225
0.47297343611717224
0.3142628073692322
0.13711173832416534
0.4919116497039795
0.0
0.0
0.0
0.14846152067184448
0.0
0.4818517863750458
0.019382091239094734
0.0
0.7922991514205933
0.598610520362854
0.632938802242279
0.143143430352211
0.20003844797611237
0.45535245537757874
0.31514957547187805
0.8813872933387756
1.050781011581421
0.0
0.0
0.0
0.0
0.0
0.0
0.0
0.11877870559692383
0.20211854577064514
0.0
0.0
0.0
0.0
0.4866185486316681
0.0
0.571202278137207
0.0
0.0
0.0
0.0
0.0
0.0
0.0
0.022206952795386314
0.3774494230747223
0.5350266695022583
0.08009379357099533
0.11870928108692169
0.050256986171007156
0.0
0.0
0.6418418288230896
0.0
0.7110607028007507
0.0
0.49049296975135803
0.21503537893295288
0.2714614272117615
0.0
0.3332427144050598
0.0
0.08787591010332108
0.0
0.030009638518095016
0.0
0.0
0.0
0.200577512383461
0.0
0.0
0.0
0.09225233644247055
0.0
0.0
0.0
0.0
0.027425942942500114
0.0
0.0
0.006502753123641014
0.0
0.0
0.0
0.0
0.0
0.0
0.0
0.0
0.014780861325562
0.025776846334338188
0.0
0.8539400100708008
1.0418392419815063
0.0
0.0
0.05463029071688652
0.0
0.0
0.0
0.36260849237442017
0.6095204949378967
0.0
0.0
0.0
0.6078349351882935
0.0
0.3556354343891144
0.0
0.0
0.0
0.795619547367096
0.017154758796095848
0.0
0.0
0.0
0.7975224256515503
0.0
0.0
0.0
0.24109014868736267
1.026408076286316
0.0
0.0
0.0
0.5752329230308533
0.5675173997879028
0.12101580947637558
0.697043240070343
0.1349610537290573
0.0
0.0
1.1856579780578613
0.440199613571167
0.0
0.332745760679245
0.56842440366745
0.0
0.8448821306228638
0.5382198691368103
0.46638673543930054
1.0503984689712524
0.0
0.23327620327472687
0.0
0.06627348810434341
0.0
0.0
1.229651689529419
0.6556105017662048
0.19452312588691711
0.0915670394897461
0.6258007287979126
0.37750163674354553
0.0006800043047405779
0.14631496369838715
0.002433984773233533
0.2281932383775711
0.5827600955963135
1.2525674104690552
0.0
0.2797166109085083
0.0
0.0
0.889956533908844
0.5482712984085083
0.0
0.0
0.0
0.003082273993641138
0.3482607901096344
0.07572585344314575
0.32129576802253723
0.2858077585697174
0.3425924479961395
0.3952457308769226
0.3704962432384491
0.36162394285202026
0.6949559450149536
0.40503647923469543
0.449323832988739
0.5109963417053223
0.0
0.0
0.0
0.1495705395936966
1.344153881072998
0.14081227779388428
0.6938133835792542
0.7386106252670288
0.4885686933994293
0.18800950050354004
0.0
0.381413072347641
1.9199475049972534
0.0
0.3356793224811554
0.08822998404502869
0.507509708404541
0.7234047651290894
0.6938053369522095
0.4149225056171417
0.0
0.0
0.43966901302337646
0.9307583570480347
0.0
0.5533552169799805
0.0
0.6399574279785156
0.2254277467727661
0.11823226511478424
0.3170353174209595
0.0
0.0
0.3920257091522217
0.3543338179588318
0.7164077162742615
0.6279642581939697
0.0
0.29229021072387695
0.5412484407424927
1.122875690460205
0.0
0.0
0.0
0.0
0.0
0.30875363945961
0.0
0.06891860067844391
1.0481953620910645
0.04801567271351814
0.080307237803936
0.0
0.6113730072975159
0.20945951342582703
0.21554067730903625
0.0
0.0
0.1425822526216507
0.0
0.0
0.0
0.5863182544708252
0.0
0.6424252986907959
0.3300306797027588
0.518980860710144
0.6920565962791443
0.0
0.0
0.0
0.0
0.0
0.0
0.0
0.0
0.08335442841053009
0.5317668318748474
0.14869588613510132
0.0
1.1944133043289185
0.4801251292228699
2.033231258392334
0.0
0.0
0.0
0.0
0.0
0.0
0.0819537565112114
0.41020485758781433
0.12126792222261429
0.7939086556434631
0.6731493473052979
0.1272927075624466
0.0
0.35623711347579956
0.8738393187522888
0.1480298936367035
0.24348503351211548
0.060847509652376175
0.0
0.0
0.24032796919345856
0.34585317969322205
0.0
0.10877449810504913
0.6924989819526672
0.9357683062553406
1.1442852020263672
0.30769526958465576
0.0
0.24259504675865173
0.22539037466049194
0.0
0.0
0.0
0.15454219281673431
0.0
0.0
0.0
0.07951794564723969
0.007356530521064997
0.5126429796218872
0.34512463212013245
0.0
0.23168784379959106
0.0
0.0
0.1934940367937088
0.0
0.0
0.0
0.0
0.0
0.011411448940634727
0.42557665705680847
0.10457602888345718
0.23865433037281036
0.8684036135673523
0.6581284403800964
0.6056779026985168
0.8848052024841309
0.6050186157226562
0.5998725891113281
0.5426374077796936
0.45998725295066833
0.3656523823738098
0.4930502474308014
0.46881625056266785
0.4226071238517761
0.13434773683547974
0.005041508469730616
0.08008347451686859
0.042882148176431656
0.36414632201194763
0.6535330414772034
0.7116423845291138
0.5226081609725952
0.0
0.0
0.0
0.0
0.25271525979042053
0.057080045342445374
0.0
0.0
0.0
0.6319556832313538
0.0
0.0
0.0
0.0
0.03925319015979767
0.1136942058801651
0.0
0.0
0.0
0.0
0.036210834980010986
0.0
0.06703820824623108
0.9249789118766785
0.42500561475753784
0.3526241183280945
0.6166025400161743
0.5075158476829529
0.0
0.0
0.02859306149184704
0.23422668874263763
1.2273114919662476
0.08281535655260086
0.0
0.0
0.0
0.0
0.7921974062919617
0.6030094027519226
0.0
0.0
0.06640825420618057
0.0
0.0
0.26241108775138855
0.02206100896000862
0.0
0.4645777642726898
0.5163867473602295
0.4170500934123993
0.27637141942977905
0.0
0.0
0.0
0.0
0.44485846161842346
0.3141385614871979
0.048875316977500916
0.16543100774288177
0.032308418303728104
0.00976927112787962
0.36869144439697266
0.336995393037796
0.568109393119812
0.23683439195156097
0.6848899126052856
0.3170148730278015
0.0
0.0
0.0
0.32384538650512695
0.8763726949691772
0.3015291690826416
0.0
0.6957365274429321
0.0
0.11051347106695175
0.9247779250144958
0.18818464875221252
0.709759533405304
0.0
0.3166278898715973
1.1301606893539429
0.2377782166004181
0.0
0.0
0.0
0.6140586733818054
0.0
0.0
0.12687578797340393
0.0
0.0
1.0972918272018433
0.39061275124549866
0.7808172702789307
0.05387982726097107
0.7496142387390137
0.0
0.0
0.0
0.0
0.0
0.060916684567928314
0.0
0.0
0.20791710913181305
0.0
0.0
0.7138914465904236
0.0
0.0
0.0
0.6551350951194763
0.18486294150352478
0.0
0.036910638213157654
0.036024659872055054
0.13467088341712952
0.8242090940475464
0.0
0.0
0.0
0.3890250027179718
0.7003520727157593
0.0
0.0
0.0
0.0
0.6588127613067627
0.0
0.0
0.38214054703712463
0.3046693205833435
0.0
0.45037996768951416
0.0
0.0
0.33024662733078003
1.2807633876800537
0.29727497696876526
0.0
0.15172702074050903
0.0
0.0
0.8322697877883911
0.7202906608581543
0.0
0.0
0.0
0.0
0.3061083257198334
0.08108783513307571
0.6088793277740479
0.26275962591171265
0.04636186361312866
0.0
0.2390395998954773
0.240817129611969
0.0
0.0
0.7007688283920288
0.0021659908816218376
0.0
0.12891915440559387
0.0
0.0
0.44326052069664
0.25313660502433777
0.053979840129613876
0.0
0.314245343208313
0.0
0.40475642681121826
0.7511478662490845
0.0
0.11547961831092834
0.3728272616863251
0.0
0.4480237662792206
0.7372450232505798
0.827689528465271
0.14330768585205078
0.22548043727874756
0.29392939805984497
0.00946590956300497
0.0
0.0
0.0
0.1710587441921234
0.07506175339221954
0.18076804280281067
0.0
0.0
0.0
0.0
0.0
0.0
0.0
0.0
0.0
0.0
0.0
0.05175524204969406
0.0
0.0
0.0
0.04358195140957832
0.0
0.0
0.0
0.0
0.0
0.0
0.1881439983844757
0.0
0.0
0.008326773531734943
0.23196740448474884
0.19693489372730255
0.0
0.19545945525169373
0.07212954759597778
0.3331601321697235
0.02644035592675209
0.26757317781448364
0.10776492208242416
0.5373633503913879
0.5481857657432556
0.24589526653289795
0.12280680239200592
0.033955808728933334
0.043165747076272964
0.6660377383232117
0.16411985456943512
0.0
0.12047526985406876
0.41545507311820984
0.0
0.0
0.0
0.0
0.0
0.0
0.0
0.0
0.0
0.0
0.0
0.0
0.0
0.0
0.0
0.0
0.0
0.0
0.0
0.0
0.0
0.0
0.0
0.0
0.0
0.0
0.5673097968101501
0.8929295539855957
0.048446860164403915
0.0
0.0
0.0
0.0
0.0
0.0
0.0
0.0
0.0
0.0
0.0
0.06109488755464554
0.0
0.07884524762630463
0.0644955188035965
0.0
0.45480018854141235
0.0
0.0
0.0
1.5183959007263184
0.04983646795153618
0.0
0.0
0.0
0.0
0.0
0.7371987104415894
0.15930607914924622
0.0
0.0
0.0
0.886792004108429
0.5176801681518555
0.0
0.0
0.5187667012214661
0.0
0.0
0.0
0.0
0.0
0.0
0.0
0.7394917011260986
0.0
0.0
0.0
0.0
0.40650826692581177
0.0
0.8505467176437378
1.8962244987487793
0.0
0.0
0.0
0.0
0.0
0.0
0.0
0.6544764041900635
0.0
0.0
0.7228367924690247
0.0
0.3109329640865326
0.0
0.7578070163726807
1.384316086769104
0.538460910320282
0.0
0.0
0.0
0.0
0.0
0.0
0.4021790623664856
0.0
0.0
0.27084413170814514
0.023010261356830597
0.20589157938957214
0.0
0.7324754595756531
0.36888957023620605
0.6478630900382996
0.0
0.0
0.0
0.0
0.0
0.0
0.0
0.0
0.0
0.353880375623703
0.484122633934021
0.0
0.0
0.3207244873046875
0.13069036602973938
0.22369444370269775
0.35286104679107666
0.0
0.0
0.27848321199417114
0.0
1.2123006582260132
0.0
0.0
0.0
0.0
0.6322542428970337
0.0
0.0
0.019978970289230347
0.0
0.4600106477737427
0.45932474732398987
0.0
0.0
0.0
0.0
0.0
0.0
0.0
0.0
0.4554983675479889
0.0
0.0
0.0
1.0038859844207764
0.0
0.0
0.7288452386856079
0.0
0.0
0.0
0.0
0.0
0.0
0.3082234859466553
0.5710036754608154
0.8035987019538879
1.109425663948059
1.1291722059249878
1.8906992673873901
1.3392215967178345
1.1079857349395752
0.0
0.060476191341876984
0.0
0.0
1.1432191133499146
2.001842737197876
1.4812743663787842
1.5771220922470093
0.63250732421875
0.4242169260978699
0.8136334419250488
0.7922055125236511
0.806900143623352
1.8421515226364136
1.1593139171600342
2.7371249198913574
1.0908257961273193
0.0
0.0
0.7180961966514587
0.5577070713043213
0.4073205292224884
0.41887640953063965
0.2681809067726135
0.1665094792842865
0.017573561519384384
0.0
0.0
0.0
0.3180205821990967
0.4179442822933197
1.1904404163360596
1.925774097442627
0.0
0.0
0.822928786277771
0.0
0.21658839285373688
0.0
0.0
0.0
0.4458276927471161
0.16003042459487915
0.04509497806429863
0.0
0.9572330713272095
0.004860441666096449
0.4110204577445984
1.2034798860549927
1.2638357877731323
0.2564767599105835
1.5513722896575928
0.6677865982055664
0.4029644727706909
0.0
0.0
0.0
0.525423526763916
0.44381847977638245
0.0
0.06577788293361664
1.5336196422576904
0.22379252314567566
0.09468887001276016
0.686588704586029
1.1577059030532837
0.858768880367279
1.0213003158569336
0.840408980846405
0.9256107807159424
0.6189206838607788
0.4056311547756195
0.0
0.24795308709144592
0.35805612802505493
0.0
0.3785604238510132
1.7259775400161743
0.0
0.0
0.0
0.37439221143722534
0.2695688009262085
0.09643403440713882
0.0
0.06550498306751251
0.058599378913640976
0.0
0.0
0.07753545045852661
0.09200611710548401
0.4080129861831665
0.3681372106075287
0.22609609365463257
0.0
0.0
0.0
0.0
0.0
0.0
0.0
0.0
0.0
0.0
0.0
0.0
0.0
0.0
0.02621961571276188
0.31798791885375977
0.0
0.0
0.0
0.0
0.0
0.0
0.0
0.0
0.4517914354801178
0.0
0.0
0.0
0.0
0.0
0.0
0.0
0.0
0.0
0.0
0.0
0.0
0.0
0.0
0.0
0.5561366677284241
0.0
0.1587565839290619
0.0
0.0
0.0
0.0
0.0
0.4964790642261505
0.0
0.0
0.6596447825431824
0.0
0.0
1.1291407346725464
0.0
0.0
0.0
0.5512946844100952
0.0
0.0
0.0
0.0
0.0
2.08310866355896
0.15491139888763428
0.049704842269420624
1.4071342945098877
0.0
0.0
0.21739788353443146
0.0
0.0
0.0
1.044076919555664
1.3515241146087646
0.10638250410556793
0.19322781264781952
0.16222284734249115
0.0
2.139110565185547
0.40522924065589905
0.0
0.0
0.0
0.0
0.0
0.0
0.0
0.0
0.0
0.0
0.12054114788770676
0.19352610409259796
0.9757558107376099
0.6322774291038513
2.0994741916656494
0.9247865676879883
0.02229202166199684
0.0
0.0
0.0
0.0
0.0
0.0
0.0
0.0
0.0
0.0
0.0
0.390901118516922
0.1349707543849945
1.8940571546554565
0.3454180359840393
0.5988377928733826
0.0
0.0
1.1392720937728882
0.0
0.0
0.0
0.0
0.0
0.0
0.0
0.0
0.0
0.6324000954627991
0.640346884727478
0.0
0.0
0.0
0.0
1.7863579988479614
2.1064646244049072
0.0
0.0
0.7713037729263306
0.05396290495991707
0.0
0.0
0.0
0.0
0.23853209614753723
0.0
0.0
0.2663925290107727
0.0
0.0
0.0
0.48008862137794495
0.0
0.0
0.23102229833602905
0.0
0.08591093122959137
0.07821642607450485
0.0
0.515079140663147
0.5780391693115234
0.0
0.0
0.6921003460884094
0.0
0.0
0.0
0.0
0.0
0.20160014927387238
0.0
0.04848990589380264
0.0
0.0
0.0
0.19502051174640656
0.0
0.0
0.0
0.7492808699607849
0.0
0.0
0.46447083353996277
0.0
0.0
0.03910592198371887
0.0
0.04886616766452789
0.0
0.0
0.12992873787879944
0.544596254825592
0.0
0.6470537781715393
0.0
0.0
0.0
0.0
0.0
0.7831186652183533
0.0
0.1211840882897377
0.4102034866809845
0.1753336787223816
0.0
0.0
0.0
0.0
0.0
0.41046619415283203
0.0
0.0
0.0
0.0
0.0
0.19487132132053375
0.39699652791023254
0.39624136686325073
0.0023879592772573233
0.0
0.0
0.041379164904356
0.0
0.0
0.0
0.0
0.0
0.0
0.0
0.3688690662384033
0.0
0.0
0.0
0.0
0.0
0.09814300388097763
0.6071078777313232
0.6221332550048828
0.03326227515935898
0.0
0.8041689395904541
0.7393863201141357
0.8856135010719299
0.718208372592926
0.496136873960495
0.5584255456924438
0.5598516464233398
0.838761568069458
0.37525084614753723
0.41372060775756836
0.150527685880661
0.08469896763563156
0.33419284224510193
0.668739378452301
0.5086727142333984
0.5579822063446045
0.8315173983573914
0.35155272483825684
0.0
0.0878293439745903
0.0
0.0
0.23144268989562988
0.14328166842460632
0.0
0.0
0.0
0.2609414756298065
0.47025880217552185
0.0
0.0
0.0945729985833168
0.025168759748339653
0.20796622335910797
0.0
0.0
0.0
0.0
0.7226011753082275
0.3026685416698456
0.46257975697517395
0.2600485682487488
0.17732377350330353
0.9870108366012573
0.547879159450531
0.05839847773313522
0.0
0.3428870737552643
0.9879481196403503
1.0337209701538086
1.1304057836532593
0.0
0.0
0.0
0.0
0.0
1.7672624588012695
0.24157871305942535
0.0
0.5025396943092346
0.9889202117919922
0.0
0.42971959710121155
0.0
1.6990845203399658
0.9227509498596191
0.34898921847343445
0.995340883731842
0.3537786304950714
0.18701325356960297
1.1052643060684204
0.0
1.0632598400115967
0.0
0.0
0.0
1.5744467973709106
0.0
0.8464303612709045
0.0
0.9136772751808167
0.46235373616218567
0.0
1.2211074829101562
1.3457109928131104
0.0
0.0
0.3605800271034241
1.5527031421661377
0.34285491704940796
0.0
0.0
1.0284671783447266
0.5130818486213684
0.15951652824878693
0.2300538569688797
0.39496222138404846
0.0
0.0
0.3259086608886719
1.2415621280670166
0.571670413017273
0.0
0.0
0.8836849927902222
0.07698038220405579
0.0
0.04517969861626625
1.3078032732009888
0.24338868260383606
0.0
0.0
0.46296998858451843
0.0
0.1090075746178627
1.1343421936035156
0.48303037881851196
1.0328352451324463
0.0
0.011110734194517136
0.0
0.0
0.0
0.0
1.7543061971664429
0.08268577605485916
0.0
0.0
0.0
0.0
0.25510624051094055
0.4747295081615448
0.41747763752937317
1.8876583576202393
0.22853179275989532
0.0
0.0
0.0
1.3052006959915161
0.0
0.5796133279800415
0.0
0.0
0.261224627494812
0.0
0.0
0.046991411596536636
0.0
0.5223932862281799
0.8231318593025208
0.9131808280944824
0.34518781304359436
0.0
1.2100921869277954
0.8840113878250122
0.18403975665569305
0.18955664336681366
0.0
0.6811078786849976
0.22865313291549683
0.0
0.0
0.6821627020835876
0.10522058606147766
0.24123869836330414
1.0477192401885986
0.5037263035774231
0.0
0.0
1.651533842086792
1.7805559635162354
0.7850167155265808
0.6364551782608032
0.0
0.23530058562755585
0.7385388016700745
0.8430637121200562
0.25845736265182495
0.06656022369861603
1.2754294872283936
0.08885014802217484
0.16107769310474396
0.5144436359405518
0.0
0.0
0.0
0.6449069976806641
0.16040846705436707
0.0
0.0
0.0
0.0
0.0
1.1365797519683838
0.0
0.7819353938102722
0.0
0.9157336354255676
0.5134968757629395
0.0
0.21190477907657623
0.0
0.0
0.0
0.0
0.0
0.0
0.0
0.0
0.2712254822254181
0.03370647504925728
0.0
0.21240942180156708
1.3296030759811401
0.021979250013828278
0.0
0.0
0.0
0.0
0.0
0.0
0.0
0.0
0.0
0.0
0.12574395537376404
0.0
0.0
0.0
0.0
0.0
0.0
0.0
0.0
0.0
0.0
0.0
0.0
0.0
0.014041924849152565
0.0
0.11826785653829575
0.0
0.0
0.0
0.0
0.0
0.0
0.0
0.0
0.0
0.0
0.0
0.0
0.0
0.0
0.0
0.0
0.0
0.0
0.07970596849918365
0.05430581793189049
0.05629630759358406
0.0
0.0
0.0
0.0
0.0
0.0
0.0
0.0
0.12787672877311707
0.3462744355201721
0.0
0.0
0.0
0.0
0.0
0.2879895567893982
0.0
0.0
0.0
0.0
0.0
0.1230633556842804
0.0
0.0
0.0
0.1545172929763794
0.0
0.0
0.0
0.0
0.0
0.626762866973877
0.0
0.39296749234199524
0.13628005981445312
0.0
0.0
0.2741757035255432
0.767987072467804
0.27716898918151855
0.0
0.0
1.0795156955718994
1.1908631324768066
0.0
0.0
0.01075739786028862
0.0
0.0
0.6002810597419739
0.5360568761825562
0.37051019072532654
0.0
0.0
0.10158583521842957
1.4994843006134033
0.21521039307117462
0.0
0.7775008678436279
0.3347657024860382
0.0
0.0
0.0
0.6120558381080627
0.0
0.30429816246032715
0.0
0.6992501616477966
0.0
0.7301861047744751
0.24093541502952576
1.0091049671173096
1.793566107749939
0.0
0.637546181678772
0.0
0.0
1.629926085472107
0.0
0.0
0.6769682765007019
0.9984697103500366
0.8205976486206055
0.7473332285881042
0.0
0.0
0.6761632561683655
0.08141066879034042
1.710667371749878
0.7391970753669739
0.44304990768432617
0.0
0.0
0.3773723840713501
1.1009128093719482
0.0
0.0
0.0
0.5406789183616638
0.6470687389373779
0.0
0.0
0.37159463763237
0.015107925981283188
0.0
0.7034372091293335
0.5516222715377808
0.5889003872871399
1.7744301557540894
0.0
0.46700984239578247
0.0
0.0
0.0
0.16670729219913483
0.19525055587291718
0.0
0.0
0.0
0.0
0.0
0.0
0.6048359870910645
0.0
2.0855002403259277
0.31106847524642944
0.7623052597045898
0.0
0.0
0.0
0.04443519189953804
0.0
0.0
0.0
0.0
0.1230008453130722
0.0
0.0
0.0
0.0
0.9867331385612488
1.0918225049972534
0.04071996733546257
0.6584508419036865
0.0
0.3678523004055023
1.658225655555725
0.0
0.0
0.27356600761413574
0.5270625352859497
0.0
0.0
0.0
0.0
0.0
0.012116198427975178
0.665546178817749
1.155553936958313
0.0
0.0
0.0
0.7184358835220337
0.09328960627317429
0.0
0.7642496824264526
0.7017073035240173
0.0
0.0
0.0
0.8315823674201965
0.0
0.0
0.0
0.0
0.0
0.0
0.0
0.0
0.0
0.0
0.0
0.0
0.02533702179789543
0.0
0.0
1.3183571100234985
0.0
0.0
0.0
0.0
0.0
0.0
0.0
0.0
0.09862739592790604
0.03311435878276825
0.4945536255836487
0.0
0.0
0.10055307298898697
0.0
0.13960212469100952
1.1581071615219116
0.5611585378646851
0.0
0.0
0.3042352497577667
0.41316381096839905
0.13990364968776703
0.0
0.02986918017268181
0.06432248651981354
0.0
0.0
0.0
0.0
0.0
0.29047492146492004
0.0
1.4563647508621216
0.11582620441913605
0.0
0.0
0.0
0.20863740146160126
0.21810093522071838
0.3924003541469574
0.12774692475795746
0.0
0.1303088217973709
0.13469217717647552
0.0
0.3461688756942749
0.7339213490486145
0.43768611550331116
0.03706064820289612
1.0301074981689453
0.41818514466285706
0.5153766870498657
0.4113297760486603
0.13305926322937012
0.0
0.0
0.0
0.31038156151771545
0.0
0.0
0.48822838068008423
1.452292799949646
0.9961240291595459
0.8676013946533203
0.8520572781562805
0.8732956051826477
0.7733529210090637
0.8096458911895752
0.8358216881752014
0.9278404712677002
0.839282751083374
0.6389327049255371
0.721893846988678
0.7779202461242676
0.6350146532058716
0.6877555847167969
0.8301495313644409
0.41303718090057373
0.30480730533599854
0.2007317692041397
0.23620277643203735
0.24174070358276367
0.26740261912345886
0.03421614319086075
0.0
0.2237977832555771
0.0
0.0
0.0
0.0
0.0
0.0
0.19957613945007324
0.0
0.22548995912075043
0.0
0.024663230404257774
0.0
0.06357692182064056
0.5159313678741455
0.4721773564815521
0.15904979407787323
0.009767953306436539
0.0
0.19683469831943512
0.23865629732608795
0.0
0.0
0.0
0.0
0.0
0.0
0.0
0.11865104734897614
0.0
0.0
0.25901636481285095
0.3535216748714447
0.026184551417827606
0.0
0.0
0.0
0.009222240187227726
0.0
0.0
0.0
0.5459219813346863
0.0
0.0
0.0
0.0
0.0
0.0
0.0
0.0
0.0
0.20141233503818512
0.0
0.02910260669887066
0.0
0.0
0.0
0.6471107006072998
0.06820070743560791
0.0
0.0
0.09791725873947144
0.9014285206794739
0.0
0.0
0.0
0.0
0.1395832896232605
0.19518981873989105
0.23172563314437866
0.04486147686839104
0.0
0.0
0.6320759654045105
0.0
0.0
0.07035014778375626
0.0
0.07874681055545807
0.007544377818703651
0.0
0.0
0.0
0.04518977552652359
0.0
0.0
0.0
0.0
0.0
0.6397349834442139
0.034444596618413925
0.0
0.0
0.0
0.0
0.0
0.0
0.39633530378341675
0.008044412359595299
0.0
0.0
0.4424162805080414
0.30655041337013245
0.0
0.0
0.318543940782547
0.0
0.0
0.0
0.0
0.0
0.5115574598312378
0.0
0.0
0.2558014988899231
0.11420338600873947
0.4053907096385956
0.522269070148468
0.15867872536182404
0.0
0.0
0.613558292388916
0.0
0.0
0.0
0.0
0.0
0.0
0.5163207650184631
0.0
0.0
0.22877094149589539
0.0
0.0
0.24104811251163483
0.599097490310669
0.18349236249923706
0.46805259585380554
0.12037796527147293
0.40297532081604004
0.03984654322266579
0.0
0.0
0.046284690499305725
0.648353636264801
0.3000512719154358
0.05141165480017662
0.05841546133160591
0.019741125404834747
0.0
0.46154582500457764
0.7280526161193848
0.3317689895629883
0.2705143690109253
0.0749664157629013
0.424958199262619
0.339287132024765
0.6719194650650024
0.5291041135787964
0.670953631401062
0.54889315366745
0.6414796710014343
0.9677433967590332
1.0014981031417847
0.8816945552825928
0.6772751212120056
0.23516066372394562
0.3017464876174927
0.0
0.031175769865512848
0.0
0.06765663623809814
0.5984333157539368
0.0
0.0
0.0
0.41424059867858887
0.3246684670448303
0.02044903114438057
0.09652665257453918
0.0
0.0
0.3839137554168701
0.08628138899803162
0.0
0.4392843246459961
0.0
0.0
0.0
0.0
0.0
0.0
0.0
0.09654246270656586
0.0
0.0
0.31083497405052185
0.2514563202857971
0.0
0.0
0.4027479887008667
0.0
0.0
0.0
0.0
0.0
0.31049150228500366
0.4248543381690979
0.28171443939208984
0.3231200575828552
0.027368154376745224
0.0
0.029994169250130653
0.0
0.0
0.0
0.0
0.12061845511198044
0.0
0.0
0.0
0.0
0.0
0.0
0.0
0.34746450185775757
0.5840826630592346
0.41222628951072693
0.0
0.09796969592571259
0.5461838245391846
0.0
0.0
0.0
0.0
0.0
0.0
0.0
0.0
0.0
0.0
0.0
0.0
0.0
0.0
0.0
0.0
0.0
0.0
0.0
0.0
0.0
0.0
0.0
0.6129365563392639
1.0883749723434448
0.44655492901802063
0.6694994568824768
0.967476487159729
1.6907655000686646
2.1159279346466064
2.052365303039551
0.6611322164535522
0.0
0.0
0.2899957299232483
1.7469749450683594
0.0
0.0
0.0
0.0
0.0
1.2519981861114502
1.9167203903198242
0.0
0.0
0.0
0.0
1.036673665046692
0.4596201181411743
0.0
0.6396525502204895
2.1116585731506348
0.43004199862480164
0.0
0.06853264570236206
0.8746863603591919
0.26403528451919556
0.0
0.0
0.0
0.0
0.0
0.0
0.15038150548934937
0.018690651282668114
0.0
0.0
0.0
0.0
0.6073492169380188
1.3747373819351196
0.25200432538986206
0.0
0.0
0.10351433604955673
0.6586373448371887
0.5639067888259888
0.0
0.16168354451656342
0.0
0.08242467045783997
0.13574565947055817
0.002562055829912424
0.0
0.0
0.0
0.4595106244087219
0.0
0.0
0.0
0.0
0.4828339219093323
0.25110918283462524
0.0
0.0
0.0
0.0
0.25955379009246826
0.0
0.0046835774555802345
0.9319259524345398
0.0
0.0
0.3823363482952118
0.17699505388736725
0.0
0.0
0.0
0.0
0.0
0.19376763701438904
0.09295050799846649
0.0
0.0
0.0
0.0
0.37400850653648376
0.4314059019088745
0.0
0.33894431591033936
0.5689405202865601
0.0
0.0
0.0
0.0
0.0
0.4980951249599457
0.0
0.0
0.0
0.0
0.0
0.0
0.0
0.0
0.0
0.8032587170600891
0.0
1.4542022943496704
0.0
1.71981942653656
0.016439149156212807
0.1147475391626358
0.5824584364891052
0.0
0.0
0.0
0.0
0.0
0.0
0.7987457513809204
0.9663013219833374
0.6043597459793091
0.0
0.0
0.0
0.0
0.7483875155448914
0.9183404445648193
0.0
0.0
0.0
0.9526134133338928
0.0
0.0
0.5105129480361938
0.8585910797119141
0.0
0.0
0.0
0.0
0.0
1.0574393272399902
0.29794320464134216
0.0
0.0
0.8814475536346436
1.613608479499817
0.0
0.0
0.0
0.0
0.0
0.0
0.2051914930343628
1.4121711254119873
0.5662516951560974
0.0
0.0
0.0
0.0
0.0
0.0
0.0
0.008520495146512985
0.11338599771261215
0.0
0.0
0.0377274751663208
0.0
0.0
0.0
0.0
0.0
0.0
0.03736235573887825
0.0
0.0
0.0
0.0
0.0
0.0
0.0
0.0
0.0
0.0
0.0
0.0
0.0
0.0
0.0
0.0
0.0
0.38186994194984436
0.0
0.604928731918335
0.0
0.0
0.0
0.0
0.0
0.03843972831964493
0.0
0.0
0.0
0.0
0.0
0.0
0.014108870178461075
0.0
0.0
0.3836010694503784
0.0
0.0
0.07043756544589996
0.0
0.0
0.18374978005886078
0.7675859332084656
0.8688744902610779
0.32721349596977234
0.0
0.0
0.09181540459394455
0.0
0.0
0.20399601757526398
0.0
0.0
0.457401305437088
0.08674599230289459
0.15958085656166077
0.08186956495046616
0.36368465423583984
0.48089250922203064
0.13579028844833374
0.010984392836689949
0.0
0.05049077793955803
0.3299012780189514
0.31289419531822205
0.2208656519651413
0.21083788573741913
0.7147043347358704
0.0
0.5404234528541565
0.277821809053421
0.0
0.0
0.0
0.0
0.0
0.0
0.0
0.0
0.111977219581604
0.5811544060707092
0.3701115548610687
0.0
0.5353857278823853
0.0
0.12185727804899216
0.562972366809845
0.03718440234661102
0.0
0.5975005030632019
0.0
0.0
0.44123807549476624
1.477866768836975
0.24673354625701904
0.0
0.0
0.4578382968902588
0.5749017596244812
0.5260546207427979
0.0
0.31263819336891174
0.3438098728656769
0.0
0.0
0.0
0.0
0.33799031376838684
0.2462104707956314
1.0083651542663574
0.0
0.0
0.0
0.17441412806510925
1.0858489274978638
0.8084640502929688
0.0
0.12014630436897278
0.0
0.0
0.07537942379713058
0.09470797330141068
0.0
0.0
0.0
0.49747201800346375
0.0
0.0
0.0
0.0
1.2124630212783813
1.2266541719436646
0.7974388599395752
0.014498675242066383
0.0
0.968259871006012
0.7797952890396118
0.0
0.0
0.009800076484680176
0.0015076006529852748
0.9195144772529602
0.0
0.0
0.0
0.0
0.10616680234670639
0.5019493103027344
1.0023633241653442
0.13799157738685608
0.0
0.8007742762565613
1.667580246925354
0.1511763036251068
0.47760719060897827
0.0
0.23720736801624298
0.8704359531402588
0.0
0.0
0.0
0.27915075421333313
0.2730465829372406
0.0
0.8675339818000793
0.0
0.3480939567089081
0.0
1.045171856880188
0.4171620011329651
0.0
0.0
0.0
0.4539872705936432
0.0
0.0
0.0
0.384222149848938
0.0
0.0
0.6942901611328125
0.0
0.49083223938941956
0.13332797586917877
0.0
0.46503907442092896
0.0
0.0
0.8854816555976868
0.0
0.0
0.0
0.2760242819786072
0.8864842653274536
0.23090271651744843
0.6683415770530701
0.3927246928215027
0.0
0.0
0.5986235737800598
0.0
0.5785312652587891
0.13900533318519592
0.0
0.9988978505134583
0.0
0.0
0.0
0.9419271945953369
0.5672193169593811
0.5714941620826721
0.7038192749023438
0.1023111343383789
0.0
0.1571730077266693
0.48666104674339294
0.0
0.26700150966644287
1.0542161464691162
0.020708706229925156
0.0
0.0
0.43856534361839294
0.7746810913085938
1.1439855098724365
0.20587150752544403
0.5140659809112549
0.43110528588294983
1.0031777620315552
0.0
0.21409565210342407
0.5947195887565613
0.0
0.0
0.0
0.0
0.0
0.0
0.37973761558532715
0.041715480387210846
0.0025472212582826614
0.0
0.0
0.0
0.3177611827850342
0.7954573631286621
0.6727910041809082
0.0
0.0
0.0
0.0
0.0
0.0
0.0
0.0
0.0
0.0
0.0
0.0
0.0
0.017404798418283463
0.0
1.4217455387115479
0.0
0.0
0.0
0.0
0.0
0.0
0.0
0.0
0.0
0.0
0.0
0.0
0.0
0.10276199877262115
0.0
0.18632617592811584
0.22137118875980377
0.0
0.0
0.0
0.0
0.0
0.0
0.0
0.0
0.0
0.0
0.0
0.4812079668045044
0.19481803476810455
0.0
0.0
0.0
0.0
0.0
0.0
0.0
0.3218831717967987
0.0
0.0
0.0
0.49354684352874756
0.0
0.0
0.1992197185754776
