0.0
0.0
0.0
0.20525197684764862
0.3396535813808441
0.0
0.0
0.5205217003822327
0.9781864881515503
0.35674235224723816
0.0
0.0
0.22360076010227203
0.4080515205860138
0.6352538466453552
0.46681708097457886
0.0
0.0
0.0
0.7678865194320679
0.5558084845542908
0.0
0.0
0.0
0.5826176404953003
0.0
0.0
0.0
0.0
0.0
0.18697161972522736
0.0
0.0
0.0
0.0
0.6815825700759888
0.4084106981754303
0.0
0.0
0.0
0.0
0.0
0.0
0.0
0.0
0.0
0.0
0.0
0.0
0.0
0.0
0.0
0.0
0.0
0.0
0.0
0.0
0.0
0.0
0.0
0.0
0.0
0.0
0.0
0.0
0.0
0.0
0.0
0.0
0.0
0.0
0.0
0.0
0.0
0.0
0.0
0.0
0.0
0.0
0.0
0.0
0.0
0.07712803781032562
0.0
0.0
0.0
0.0
0.0
0.18608039617538452
0.0
0.0
0.0
0.0
0.0
0.0
0.0
0.12141139805316925
0.0
0.0
0.0
0.0
0.0
0.0
0.0
0.02401430904865265
0.0
0.0
0.05429806932806969
0.21427689492702484
0.5146409869194031
0.44791755080223083
0.0
0.18085598945617676
0.0
0.0
0.0
0.0
0.0
0.0
0.11959917098283768
0.19167986512184143
0.0
0.0
0.0
0.33458444476127625
0.6245316863059998
0.7665368318557739
0.24121779203414917
0.12890289723873138
0.3318186402320862
0.0
0.0
0.0
0.0
0.0
0.05045102909207344
0.0
0.0
0.0
0.11605540663003922
0.09946043789386749
0.0
0.4497556984424591
0.6120087504386902
0.0
0.34526464343070984
0.05643342062830925
0.0
0.0
0.0
0.17009380459785461
0.17910850048065186
0.0
0.0
0.0
0.0
0.0
0.0
0.3942878544330597
0.6566512584686279
0.0
0.0
0.2757047414779663
0.0
0.0
0.0
0.27352073788642883
0.44725602865219116
0.24355162680149078
0.0
0.0
0.0
0.0
0.0
0.0
0.0
0.0
0.0
0.1501830667257309
0.0
0.0
0.0
0.0
0.0
0.22083903849124908
0.2724227011203766
0.19819605350494385
0.4157598316669464
0.4077569544315338
0.13444006443023682
0.2652602195739746
0.5889788866043091
0.0
0.0
0.4645971953868866
0.08522484451532364
0.0
0.0
0.0
0.0
0.46230876445770264
0.5816268920898438
0.23758447170257568
0.19598716497421265
0.3688358962535858
0.3702017068862915
0.2780381143093109
0.4599670469760895
0.0
0.0
0.0
0.0
0.0
0.0
0.0
0.0
0.0
0.0
0.0
0.024230578914284706
0.1680520474910736
0.0
0.0
0.22060930728912354
0.0
0.0
0.0
0.0
0.1683449000120163
0.0
0.0
0.0
0.0
0.0
0.1340213567018509
0.026723060756921768
0.0
0.0
0.0
0.0
0.0
0.0
0.0
0.18112824857234955
0.5710659623146057
0.40237390995025635
0.0
0.0
0.0
0.040179066359996796
0.3593335449695587
0.004136588890105486
0.0
0.0
0.1974629908800125
0.2548488676548004
0.0
0.0
0.0
0.0758427232503891
0.6470756530761719
0.06582295149564743
0.0
0.0751904547214508
0.22087381780147552
0.0
0.0
0.0
0.17284709215164185
0.0
0.449443519115448
1.2412817478179932
0.0
0.0
0.0
0.0
0.3448568284511566
0.11462502926588058
0.0
0.0
0.0
0.0
0.71523517370224
1.181100606918335
2.1259448528289795
0.1470695286989212
0.0
0.6539590358734131
0.6535069346427917
0.45903903245925903
0.0
0.0
0.11913818120956421
0.0
0.0
0.0
0.1630173623561859
0.0
0.0
0.0
1.2674025297164917
1.3745263814926147
0.0
0.0
1.0917731523513794
0.7625148892402649
0.0
0.0
0.0
0.0
0.0
0.0
0.453919380903244
0.0
0.0
0.0
0.0
0.7835479378700256
0.0
0.0
0.2330053597688675
0.0
0.0
0.0
0.3307461738586426
0.0
0.0
0.0
1.0976476669311523
0.21284061670303345
0.0
0.0
0.0
0.13182367384433746
0.0
0.0
0.021112464368343353
0.0
0.0
0.0
0.0
0.0
0.0
0.0
1.3864262104034424
0.0
0.0
0.0
0.0
0.0
0.0
0.0
0.3049655556678772
0.0
0.0
0.0
0.0
0.0
0.0
0.0
0.007075450383126736
0.0
0.0
0.0
0.11184186488389969
0.0
0.0
0.0
0.0
0.4914882183074951
0.45389890670776367
0.0
0.0
0.0
0.0
0.0
0.0
0.0
0.0
0.0
1.0777653455734253
0.030794860795140266
0.0
0.0
0.0
0.0
0.0
0.0
0.0
0.0
0.0
1.0623385906219482
0.0
0.0
0.0
0.0
0.5727282762527466
0.0
0.0
0.5285851955413818
0.0
0.0
0.0
0.0
0.0
0.0
0.0
0.035741761326789856
0.0
0.0
0.0
0.0
0.0
0.0
0.0
0.34063032269477844
0.29447782039642334
0.0
0.0
0.0
0.0
0.0
0.0
0.0
0.0
0.0
0.0
0.0
0.0
0.0
0.0
0.6820375919342041
0.5973736047744751
0.14462226629257202
0.0
0.0
0.0
0.0
0.0
0.0
0.0
0.0
0.0
0.0
0.0
0.0
0.18500028550624847
0.0
0.7067629098892212
0.9933733344078064
0.0
0.0
0.0
0.0
0.0
0.0
0.0
0.0
0.0
0.0
0.0
0.0
0.0
0.0
0.0
0.06313057243824005
0.1085209846496582
0.0
0.0
0.0
0.0
0.0
0.0
0.0
0.0
0.0
0.0
0.0
0.9184880256652832
0.0
0.0
0.0
0.0
0.0
0.0
0.0
0.0
0.0
0.0
0.34371650218963623
0.25668665766716003
0.0
0.0
0.0
1.3099957704544067
0.0
0.0
0.0
0.0
0.0
0.0
0.036808181554079056
0.36097264289855957
0.15924490988254547
0.3680824637413025
0.6531270742416382
0.17863218486309052
0.0
0.0
0.0
0.0
0.0
0.0
0.0
0.0
0.0
0.0
0.0
0.0
0.0
0.0
0.5715832710266113
0.2716512084007263
0.0
0.0
0.0
0.0
0.0
0.0
0.0
0.0
0.0
0.0
0.0
0.0
0.15365947782993317
1.20067298412323
1.7010968923568726
0.15756452083587646
0.0
0.0
0.0
0.0
0.0
0.0
0.0
0.0
0.0
0.0
0.0
0.6372007727622986
1.289541482925415
0.31432288885116577
0.0
0.0
0.0
0.0
0.0
0.0
0.0
0.0
0.0
0.0
0.0
0.0
0.0
0.0
0.0
0.0
0.0
0.0
0.0
0.0
0.0
0.0
0.0
0.0
0.0
0.0
0.0
0.0
0.0
0.0
0.0
0.0
0.0
0.0
0.0
0.0
0.0
0.0
0.0
0.0
0.0
0.0
0.0
0.0
0.0
0.0
0.0
0.0
0.0
0.0
0.0
0.0
0.0
0.0
0.0
0.0
0.0
0.0
0.0
0.0
0.0
0.0
0.0
0.0
0.0
0.0
0.0
0.0
0.0
0.0
0.16347968578338623
0.0
0.0
0.0
0.0
0.0
0.0
0.0
0.0
0.0
0.0
0.0
0.0
0.0
0.0
0.10098584741353989
0.774343729019165
0.0
0.0
0.0
0.0
0.0
0.0
0.0
0.3651725649833679
0.0
0.0
0.0
0.21179337799549103
0.30759379267692566
0.0
0.0
0.6728957295417786
0.0
0.0
0.0
0.0
0.0
0.0
0.0
0.0
0.0
0.0
0.44628527760505676
0.8033497929573059
0.0
0.0
0.15445832908153534
1.0073983669281006
0.0
0.0
0.0
0.0
0.0
0.0
0.0
0.0
0.0
0.0
0.0020706304349005222
0.0
0.0
0.0
0.0
0.0
0.0
0.0
0.0
0.0
0.4658913314342499
0.6120485067367554
0.0
0.0
0.0
0.0
0.0
0.0
0.0
0.0
0.0
0.0
0.0
0.0
0.0
0.10562033951282501
1.4332882165908813
0.08596789836883545
0.0
0.0
0.0
0.0
0.0
0.0
0.0
0.0
0.10849746316671371
0.32542622089385986
0.0
0.0
0.0
0.0
0.0
0.0
0.0
0.0
0.0
0.0
0.0
0.0
0.08827152103185654
0.06698061525821686
0.6532416343688965
0.18227225542068481
0.0
0.0
0.0
0.0
0.0
0.0
0.0
0.0
0.0
0.0
0.0
0.08431949466466904
0.0
0.0
0.8108431696891785
0.0
0.0
0.0
0.0
0.0
0.0
0.0
0.0
0.0
0.0
0.0
0.0
0.0
0.0
0.0
0.0
0.0
0.0
0.0
0.0
0.07401038706302643
0.045097656548023224
0.77763432264328
0.9660948514938354
1.0379552841186523
1.041479229927063
1.5364532470703125
1.8855242729187012
1.2680190801620483
0.5714003443717957
0.3298490643501282
0.0
0.0
0.0
0.0
0.0
0.0
0.0
0.0
0.0
0.0
0.0
0.0
0.0
0.0
0.0
0.2162950187921524
0.0
0.0
0.0
0.0
0.0
0.0
0.0
0.0
0.0
0.0
0.0
0.0
0.0
0.0
0.0
0.0
0.0
0.0
0.0
0.0
0.0
0.0767277404665947
0.6838226318359375
0.2680791914463043
0.0
0.0
0.0
0.0
0.0
0.0
0.0
0.0
0.0
0.0
0.0
0.0
0.0
0.0
0.0
0.0
0.0
0.0
0.0
0.0
0.0
0.0
0.0
0.0
0.0
0.0
0.0
0.0
0.0
0.0
0.0
0.0
0.0
0.0
0.0
0.0
0.0
0.0
0.0
0.0
0.0
0.0
0.0
0.0
0.0
0.0
0.0
0.0
0.0
0.0
0.0
0.0
0.0
0.09829797595739365
0.0
0.0
0.0
0.0
0.0
0.0
0.0
0.0
0.0
0.0
0.0
0.0
0.0
0.0
0.0
0.0
0.0786382332444191
0.0
0.0
0.0
0.0
0.0
0.0
0.0
0.0
0.0
0.0
0.0
0.0
0.0
0.0
0.0
0.0
0.0
0.0
0.0
0.0009847860783338547
0.0
0.0
0.0
0.0
0.0
0.0
0.0
0.0
0.0
0.0
0.0
0.0
0.0
0.0
0.23810289800167084
0.0
0.0
0.0
0.0
0.0
0.5838202238082886
0.8651564717292786
0.605270504951477
0.8293251395225525
0.3833727240562439
0.40620940923690796
0.9661656618118286
0.9914944767951965
0.9201663136482239
0.23099568486213684
0.139606773853302
0.0
0.0
0.0
0.0
0.0
0.07133635878562927
0.15248382091522217
0.2857913374900818
0.9163789749145508
1.1623402833938599
1.0863837003707886
1.0246211290359497
0.7284031510353088
0.7063286900520325
0.08813879638910294
0.3563362956047058
0.07522506266832352
0.0
0.0
0.0
0.0
0.0
0.0
0.0
0.0005566112813539803
0.10278522968292236
0.09223835915327072
0.0
0.0
0.0
0.08330989629030228
0.6611049175262451
0.23496191203594208
0.28144776821136475
0.0
0.0
0.0
0.0
0.0
0.16840559244155884
0.2947266101837158
0.35545167326927185
0.16833338141441345
0.0
0.0
0.0
0.0
0.0
0.0
0.5484961271286011
0.2863859236240387
0.0
0.0
0.6321931481361389
0.9739508032798767
0.9389946460723877
0.7065972089767456
0.6778514981269836
0.6063531637191772
0.5535282492637634
0.0
0.0
0.0
0.0
0.0
0.63612961769104
0.724861204624176
0.7366929650306702
0.2933249771595001
0.16750767827033997
0.3114268481731415
0.41150134801864624
0.22964198887348175
0.028340641409158707
0.0
0.0
0.0
0.0
0.0
0.0
0.4740535020828247
0.6059408187866211
0.6102801561355591
0.8051906824111938
0.6078012585639954
0.19752360880374908
0.17282459139823914
0.27047958970069885
0.0
0.0
0.0
0.3836631178855896
0.4531690180301666
0.4549976885318756
0.5879060626029968
0.7255308628082275
0.14038188755512238
0.0
0.0
0.4747914671897888
0.14335507154464722
0.0
0.0
0.0
0.0
0.0
0.08244987577199936
0.31057703495025635
0.0
0.0
0.049207210540771484
0.5320907831192017
0.0
0.0
0.0
0.08827301859855652
0.0
0.0
0.0
0.0
0.0
0.2380700260400772
0.7547550797462463
0.5942133665084839
0.3553146719932556
0.0
0.0
0.6100600957870483
0.0
0.0
0.0
0.0
0.0
0.0
0.0
0.37853190302848816
0.2717355489730835
0.0
0.0
0.35144490003585815
0.7504069209098816
0.0
0.0
0.34764793515205383
0.0
0.0
0.0
0.0
0.0
0.0
0.0
0.0829811692237854
0.12613746523857117
0.0
0.0
0.05738050863146782
0.4897651970386505
0.0
0.0
0.0
0.0
0.0
0.0
0.0
0.0
0.0
0.0
0.0
0.0
0.0
0.0
0.0
0.2626531720161438
0.0
0.0
0.0
0.0
0.0
0.0
0.0
0.0
0.0
0.0
0.0
0.0
0.0
0.0
0.0
0.0
0.0
0.0
0.0
0.0
0.0
0.0
0.0
0.0
0.0
0.0
0.0
0.04030955210328102
0.0
0.0
0.0
0.0
0.0
0.0
0.25904518365859985
0.0
0.006913819350302219
0.0
0.0
0.0
0.0
0.0
0.0
0.0
0.0
0.0
0.0
0.0
0.0
0.0
0.8445724844932556
0.0
0.11847794055938721
0.0
0.0
0.0
0.0
0.0
0.0
0.0
0.0
0.0
0.0
0.0
0.0
0.0
0.6345731019973755
0.0
0.0
0.0
0.0
0.0
0.0
0.0
0.0
0.0
0.0
0.0
0.0
0.0
0.0
0.0
0.0
0.0
0.0
0.0
0.0
0.0
0.0
0.0
0.48893293738365173
0.5631518363952637
0.03809398412704468
0.0
0.0
0.2321743667125702
0.40661323070526123
0.0
0.0
0.0
0.0
0.0
0.0
0.0
0.0
0.0
0.4414357841014862
0.5906252264976501
0.4582972228527069
0.23874995112419128
0.1702042669057846
0.0
0.0
0.0
0.0
0.15836994349956512
0.0
0.0
0.0
0.0
0.0
0.0
0.0
0.14829476177692413
0.284448504447937
0.3019099831581116
0.0
0.0
0.0
0.0
0.06176590174436569
0.0
0.0
0.0
0.0
0.0
0.0
0.0
0.0
0.0
0.0
0.0
0.0
0.0
0.0
0.0
0.0
0.29819512367248535
0.4913932681083679
0.6064451932907104
0.3651851415634155
0.3756190538406372
0.4909239113330841
0.5177280306816101
0.47321611642837524
0.4040522873401642
0.4360154867172241
0.34475913643836975
0.1613539457321167
0.2197159379720688
0.060500938445329666
0.15892504155635834
0.32426348328590393
0.0
0.0
0.0
0.0
0.0
0.05653978884220123
0.0
0.0
0.0
0.0
0.0
0.5962088108062744
0.808696985244751
0.0644528791308403
0.0
0.10212460160255432
0.5014895796775818
0.2980768084526062
0.31094545125961304
0.0
0.0
0.0
0.0
0.0
0.0
0.0
0.0
0.0
0.7777271270751953
1.5248403549194336
0.01783563196659088
0.0
0.0
0.15201881527900696
0.3582178056240082
0.0
0.0
0.0
0.0
0.0
0.3056696355342865
1.2986512184143066
0.0
0.0
0.0
0.5522122979164124
1.1403416395187378
0.0
0.0
0.0
0.21521849930286407
0.0
0.0
0.0
0.0
0.0
0.11274727433919907
1.8423120975494385
1.0559409856796265
0.0
0.0
0.0
1.3749514818191528
0.6152241826057434
0.0
0.0
0.582512617111206
0.0
0.0
0.5852764844894409
0.04546622559428215
0.0
0.0
0.0
0.12360603362321854
0.8153642416000366
0.0
0.0
0.5429861545562744
1.625954508781433
0.0
0.0
0.7326138019561768
0.550069272518158
0.0
0.0
0.6854843497276306
0.7294755578041077
0.0
0.0
0.0
0.0
0.0
0.0
0.0
1.1458182334899902
0.533115565776825
0.0
0.028585752472281456
0.10658956319093704
0.0
0.0
0.0
0.0
0.18935845792293549
0.47287580370903015
0.0
0.0
0.0
0.0
0.0
0.0
0.8166295289993286
0.27393484115600586
0.12513479590415955
0.33387520909309387
0.5015256404876709
0.0
0.0
0.0
0.0
0.0
0.4525133967399597
0.0
0.0
0.0
0.0
0.0
0.7197112441062927
0.0
0.3417317271232605
0.26872897148132324
0.5865468382835388
0.0
0.0
0.08919189870357513
0.0
0.0
0.0
0.0
0.0
0.23555298149585724
0.08755718916654587
0.0
0.6528385877609253
0.0
0.0
0.0
0.3468184471130371
0.0495966412127018
0.0
0.0
0.6549293398857117
0.2734948992729187
0.0
0.0
0.0
0.7750829458236694
0.9421054720878601
0.18540862202644348
0.0
0.23223792016506195
0.0
0.0
0.0
0.0
0.0
0.0
0.0
0.7881907820701599
0.0
0.0
0.0
0.0
0.16823138296604156
0.1945880651473999
0.0
0.46672946214675903
0.0
0.0
0.0
0.0
0.0
0.0
0.0
0.0
0.05081640183925629
0.0
0.0
0.0
0.0
0.0
0.0
0.463889479637146
0.7617712616920471
0.0
0.0
0.0
0.0
0.0
0.0
0.0
0.0
0.0
0.0
0.0
0.0
0.0
0.0
0.0
1.8029184341430664
2.19058895111084
0.390063613653183
0.01915394514799118
0.24273869395256042
0.13834835588932037
0.0
0.0
0.0
0.0
0.0
0.0
0.0
0.0
0.0
0.0
0.0
1.8265173435211182
0.6020967960357666
0.0
0.0
0.0
0.0
0.0
0.0
0.0
0.0
0.0
0.0
0.6834174394607544
0.10170299559831619
0.0
0.0
0.0
0.2290724366903305
0.0
0.0
0.0
0.0
0.0
0.0
0.0
0.0
0.2557101845741272
0.0
0.0
0.6632444858551025
0.7338373064994812
0.7318039536476135
0.5566740036010742
0.4693610370159149
0.11874020844697952
0.3781031668186188
0.4628864824771881
0.12382255494594574
0.0
0.0
0.0
0.0
0.2513209581375122
0.8985884189605713
0.1260523647069931
0.0
0.0
0.0
0.0
0.0
0.0
0.0
0.0
0.0
0.0
0.0
0.0
0.0
0.0
0.0
0.0
0.0
0.0
0.0
0.0
0.0
0.0
0.0
0.0
0.0
0.0
0.0
0.0
0.0
0.0
0.0
0.0
0.0
0.0
0.0
0.0
0.0
0.0
0.0
0.0
0.0
0.0
0.0
0.0
0.0
0.0
0.0
0.0
0.0
0.0
0.0
0.0
0.0
0.0
0.0
0.0
0.0
0.0
0.0
0.0
0.0
0.0
0.0
0.0
0.0
0.0
0.0
0.0
0.0
0.0
0.0
0.0
0.0
0.0
0.0
0.0
0.0
0.0
0.0
0.0
0.5323494076728821
0.0
0.0
0.0
0.0
0.0
0.0
0.0
0.0
0.0
0.0
0.0
0.0
0.0
0.0
0.0
1.050679087638855
0.019390491768717766
0.0
0.0
0.0
0.0
0.0
0.0
0.0
0.0
0.0
0.0
0.0
0.0
0.0
0.0
0.7261677980422974
0.0
0.0
0.0
0.0
0.0
0.0
0.0
0.0
0.0
0.0
0.0
0.0
0.0
0.0
0.0
0.39863014221191406
0.0
0.0
0.0
0.0
0.0
0.0
0.0
0.0
0.0
0.0
0.0
0.0
0.0
0.0
0.0
0.0
0.0
0.0
0.0
0.0
0.0
0.0
0.0
0.0
0.0
0.0
0.0
0.0
0.0
0.0
0.0
0.0
0.0
0.0
0.0
0.0
0.0
0.0
0.0
0.0
0.0
0.0
0.0
0.0
0.0
0.0
0.0
0.0
0.0
0.0
0.0
0.0
0.0
0.0
0.0
0.0
0.0
0.0
0.0
0.0
0.0
0.0
0.0
0.0
0.0
0.0
0.0
0.0
0.0
0.0
0.0
0.0
0.0
0.0
0.0
0.0
0.0
0.0
0.0
0.0
0.0
0.0
0.0
0.0
0.0
0.0
0.0
0.0
0.0
0.0
0.0
0.0
0.0
0.0
0.0
0.14477166533470154
0.0
0.0
0.0
0.0
0.15611809492111206
0.1592799425125122
0.11713345348834991
0.0
0.0
0.0
0.0
0.0
0.0
0.0
0.0
0.0
0.0
0.0
0.0
0.0
0.0
0.0
0.0
0.0
0.0
0.0
0.0
0.0
0.0
0.0
0.0
0.0
0.0
0.0
0.0
0.050820671021938324
0.0
0.0
0.5985714793205261
1.3903720378875732
0.26241594552993774
0.0
0.0
0.0
0.0
0.0948895588517189
0.6975867748260498
0.9574118256568909
0.0
0.0
0.8726261854171753
0.3781411051750183
0.0
0.0
0.0
0.0
0.0
0.0
0.0
0.0
0.0
0.3013501465320587
0.9574857354164124
1.0936150550842285
0.0
0.0
1.4414323568344116
0.43622887134552
0.0
0.0
0.0
0.0
0.0
0.0
0.0
0.0
0.0
0.0
1.3562616109848022
0.5417391657829285
0.0
0.0
1.0106587409973145
0.0
0.0
0.0
0.0
0.0
0.4050033390522003
0.4656100571155548
0.0
0.0
0.0
0.0
1.2637913227081299
0.21341414749622345
0.0
0.0
0.5701048374176025
0.0
0.0
0.0
0.0
0.7415101528167725
0.49800553917884827
0.0
0.0
0.0
0.0
0.0
0.4078843295574188
0.23681172728538513
0.0
0.0
0.10632967948913574
0.0
0.0
0.0
0.0
0.3206852376461029
0.22437307238578796
0.0
0.0
0.0
0.30362406373023987
0.21853575110435486
0.0
0.3510359525680542
0.013424914330244064
0.0
0.0
0.3542042374610901
0.0
0.0
0.0
0.0
0.0
0.0
0.0
0.0
0.2233215570449829
0.4629189074039459
0.0
0.40053004026412964
0.46412625908851624
0.0
0.0
0.5858572721481323
0.0
0.0
0.18866389989852905
0.04062686115503311
0.14553338289260864
0.0
0.0
0.4003332555294037
0.2562677264213562
0.0
0.0
0.5889539122581482
0.7948427796363831
0.32821282744407654
0.039780862629413605
0.0
0.012137508019804955
0.5005605816841125
0.0
0.0
0.27711233496665955
0.0
0.0
0.055153969675302505
0.0
0.0
0.6230071783065796
0.017824962735176086
0.876477062702179
1.388810396194458
0.45153307914733887
0.0
0.0
0.0
0.0
0.0
0.0
0.0
0.0
0.0
0.0
0.0
0.0
0.0
0.40618884563446045
1.652444839477539
0.5204434394836426
0.0
0.0
0.0
0.0
0.0
0.0
0.0
0.0
0.0
0.0
0.0
0.0
0.0
0.0
0.7597095966339111
0.3571747839450836
0.0
0.0
0.0
0.0
0.0
0.0
0.0
0.0
0.0
0.0
0.427496075630188
0.0
0.0
0.0
0.0
0.5131646394729614
0.0
0.0
0.0
0.0
0.0
0.11028694361448288
0.0
0.0
0.25667983293533325
0.15676122903823853
0.05384278669953346
0.0
0.0
0.0
0.0
0.0
0.0
0.0
0.0
0.0
0.0
0.0
0.09878116846084595
0.3001706004142761
0.3048168420791626
0.0
0.014238478615880013
0.0
0.7120627760887146
0.4373813271522522
0.06196955218911171
0.0
0.11618370562791824
0.3549130856990814
0.19218909740447998
0.0
0.25384965538978577
0.3680281937122345
0.5566886067390442
0.341945618391037
0.1336829960346222
0.42970943450927734
0.0
0.0
0.8357343077659607
0.4775661826133728
0.09236503392457962
0.0
0.0
0.033994778990745544
0.6257658004760742
0.6434376239776611
0.0
0.0
0.0
0.44819125533103943
0.3525812327861786
0.35650521516799927
0.11027412861585617
0.0
0.3328375816345215
0.0
0.0
0.0
0.0
0.0
0.0
0.0
0.0
0.0
0.0
0.06113694980740547
0.18432341516017914
0.7170417308807373
0.6352148056030273
0.0
0.0
0.0
1.5621665716171265
0.1769295185804367
0.0
0.0
0.0
0.0
0.0
0.0
0.0
0.0
0.0
0.20233044028282166
1.5352962017059326
0.0
0.0
0.0
1.7670031785964966
0.7000407576560974
0.0
0.0
0.0
0.0
0.0
0.0
0.6018835306167603
0.3322436809539795
0.0
0.0
1.0535238981246948
0.7081347107887268
0.0
0.0
0.7363450527191162
0.0
0.0
0.14573442935943604
0.1866937279701233
0.0
0.0
0.3115059435367584
1.2921082973480225
0.5160403847694397
0.0
0.0
0.047015704214572906
0.9489455223083496
0.0
0.3161625564098358
0.7459078431129456
0.0
0.0
1.3376520872116089
0.3175863027572632
0.0
0.0
0.23619067668914795
1.2804473638534546
0.07405027002096176
0.0
0.0882263034582138
0.0
0.5025673508644104
0.0
0.0
0.8726710081100464
0.2454928457736969
0.0
0.76774662733078
0.04542592540383339
0.0
0.0
0.0
0.7126442193984985
0.0
0.0
0.015210439451038837
0.09320197999477386
0.5266634225845337
0.0
0.0
0.0
0.39154085516929626
0.0
0.0
0.0
0.1105324923992157
0.0
0.0
0.6651745438575745
0.0
0.007293309085071087
0.13033652305603027
0.6280210018157959
0.7566124200820923
0.0
0.0
0.0
0.0
0.0
0.0
0.137952521443367
0.06974688172340393
0.0
0.0
0.05386345461010933
0.0
0.0
0.22268211841583252
1.1581215858459473
0.42511898279190063
0.0
0.0
0.0
0.0
0.0
0.0
0.2709512412548065
0.0
0.0
0.0
0.0
0.0
0.0
0.6376595497131348
0.9218031167984009
0.0
0.0
0.28199997544288635
0.0
0.0
0.0
0.0
0.47414281964302063
0.0
0.0
0.0
0.0
0.0
0.0
0.05973992496728897
0.0
0.0
0.0
0.05863870680332184
0.0
0.0
0.0
0.0
0.6690015196800232
0.30299293994903564
0.0
0.0
0.161560520529747
0.160808265209198
0.12451545149087906
0.0
0.0
0.09058619290590286
0.0
0.0
0.1871848702430725
0.6774146556854248
0.0
0.0
0.7906104922294617
0.8762526512145996
0.39475947618484497
0.039047956466674805
0.012562443502247334
0.0
0.22217898070812225
0.0
0.0
0.22627469897270203
0.0
0.0
0.0
0.20646905899047852
0.0
0.0
0.27256911993026733
0.4470984637737274
0.14979837834835052
0.0
0.0
0.008164220489561558
0.0
0.0
0.0
0.46946996450424194
0.0
0.0
0.0
0.0
0.0
0.19012488424777985
0.28670427203178406
0.0
0.0
0.0
0.0
0.0
0.0
0.0
0.0
0.36390480399131775
0.0
0.0
0.41996216773986816
0.0
0.11824821680784225
0.0
0.0
0.0394764244556427
0.3560944199562073
0.0
0.0
0.0
0.03442138060927391
0.0
0.0
0.4195648431777954
0.0
0.0
0.0
0.0
0.0
0.10785460472106934
0.0
0.0
0.0
0.0
0.2404264360666275
0.5905992984771729
0.19560079276561737
0.0
0.0
0.0
0.41979432106018066
0.0
0.0
0.0
0.0
0.0
0.6241229176521301
0.3110300600528717
0.0
0.0
0.0
1.9230108261108398
2.5267856121063232
1.705183744430542
0.0
0.0
1.0117733478546143
0.8875572085380554
0.07006123661994934
0.0
0.0
0.0
0.13164068758487701
0.49828457832336426
0.8530835509300232
0.009551877155900002
0.0
0.0
0.0
1.4256089925765991
1.215663194656372
0.0
0.0
0.6760122179985046
1.5907725095748901
0.11150472611188889
0.0
0.0
0.0
0.0
0.7799597382545471
1.47720468044281
0.0
0.0
0.0
0.0
0.6079124808311462
0.0
0.0
0.0
0.549888014793396
0.54506516456604
0.18154193460941315
0.7327557802200317
0.059019848704338074
0.0
0.0
0.0
0.0
0.0
0.0
0.0
0.19519644975662231
0.06996756792068481
0.0
0.0
0.0
0.0
0.03002367541193962
0.03702041134238243
0.0
0.0
0.0
0.0
0.0
0.0
0.0
0.0
0.0
0.0
0.0
0.0
0.5434664487838745
0.0
0.0
0.0
0.0
0.0
0.0
0.0
0.0
0.0
0.0
0.0
0.0
0.0
0.0
0.0
0.24141773581504822
0.8885297775268555
0.0
0.0
0.28282225131988525
0.0
0.10420683026313782
0.0
0.0
0.0
0.2981157898902893
0.19532600045204163
0.0
0.0
0.0
0.0
0.0
0.5983825325965881
0.8454866409301758
0.0
0.0
0.0
0.0
0.0
0.0
0.0
0.0
0.0
0.0
0.0
0.013398642651736736
0.0
0.0
0.0
0.5537173748016357
0.08858570456504822
0.0
0.0
0.0
0.0
0.0
0.0
0.0
0.1633087545633316
0.18535123765468597
0.0
0.5726821422576904
0.0
0.0
0.0
0.0
0.7105228304862976
0.7519959211349487
0.2936795949935913
0.04629058018326759
0.23645761609077454
0.0
0.0
0.23891307413578033
0.8794738054275513
1.0708948373794556
1.0830854177474976
0.7782517671585083
1.9788509607315063
0.0
0.0
0.0
0.0
0.6911945343017578
0.7749876379966736
0.14068447053432465
0.0
0.0
0.0
0.0
0.0
0.0
0.0
0.0
1.0893113613128662
1.065813660621643
0.0
0.0
0.0
0.0
0.0
0.0
0.0
0.0
0.0
0.0
0.0
0.0
0.0
0.0
0.0
1.215468168258667
0.5927399396896362
0.0
0.0
0.0
0.0
0.04438856616616249
0.0
0.0
0.0
0.0
0.0
0.0
0.0
0.0
0.0
0.0
0.7946930527687073
0.0005027426523156464
0.1340676248073578
0.0
0.0
0.0
0.020947489887475967
0.0
0.0
0.0
0.0
0.0
0.26077067852020264
0.0
0.0
0.0
0.0
0.0
0.0
0.0
0.0
0.0
0.0
0.0
0.0
0.0
0.0
0.0
0.0
0.0
0.0
0.0
0.0
0.0
0.16994263231754303
0.0
0.0
0.0
0.0
0.8516096472740173
0.22603464126586914
0.04835421219468117
0.0
0.0
0.31668826937675476
0.0
0.0
0.0
0.0
0.0
0.0
0.0
0.0
0.0
0.0
0.0
0.0
0.0
0.10059256106615067
0.0
0.0
0.0
0.12907126545906067
0.0
0.0
0.0
0.0
0.0
0.06803115457296371
0.0
0.0
0.0
0.0
0.0
0.23409123718738556
0.44756409525871277
0.0
0.125940203666687
0.45513013005256653
0.0
0.0
0.8690526485443115
0.4447176158428192
0.0
0.3342418074607849
0.0
0.0
0.0
0.0
0.0
0.0
0.4084588587284088
0.5851269364356995
1.1378400325775146
0.581545889377594
0.0
0.02660973183810711
0.9870047569274902
0.0
0.0
0.0
0.0
0.0
0.33947375416755676
0.0
0.0
0.0
0.0
1.3277840614318848
0.6534481048583984
0.7015065550804138
0.0
0.0
1.2073866128921509
0.0
0.0
0.0
0.0
0.0
0.0
0.0
0.0
0.0
0.0
1.1605108976364136
0.0
0.0
0.24923714995384216
0.0
0.342227041721344
0.46362894773483276
0.0
0.0
0.0
0.0
0.0
0.0
0.0
0.0
0.0
0.1879909783601761
0.0
0.0
0.3636538088321686
0.779921293258667
0.0
0.19440242648124695
0.0
0.0
0.0
0.0
0.0
0.0
0.0
0.0
0.0
0.0
0.0
0.0
0.29415714740753174
1.6955722570419312
0.0
0.0
0.0
0.0
0.5380083918571472
0.0
0.0
0.0
0.0
0.003680315101519227
0.0
0.0
0.0
0.0
0.0
1.4200489521026611
0.7605206966400146
0.3520834147930145
0.48062804341316223
0.0
0.1808510273694992
0.38621532917022705
0.0
0.0
0.25016549229621887
0.0554639995098114
0.0
0.0
0.8012019991874695
0.0
0.0
0.014687757939100266
0.9941236972808838
1.2299309968948364
0.11826957017183304
0.0
0.0
0.5856024622917175
0.43411681056022644
0.0
0.0
0.0
0.0
0.6142978668212891
0.6438708305358887
0.7225329875946045
0.0
0.0
0.0
0.9381939172744751
0.0
0.0
0.0
0.0
0.07866667956113815
0.0
0.0
0.0
0.13117355108261108
1.0088858604431152
0.0
1.110266923904419
1.2720681428909302
0.0
0.0
0.0
0.0
0.0
0.0
0.0
0.0
0.0
0.0
0.0
0.0
0.5590484142303467
0.0
0.19914710521697998
1.242066740989685
0.24941246211528778
0.0
0.0
0.0
0.0
0.0
0.0
0.0
0.0
0.0
0.0
0.0
0.4595800042152405
0.0
0.0
0.0
0.5190956592559814
0.021031999960541725
0.0
0.0
0.0
0.0
0.0
0.0
0.0
0.0
0.0
0.0
0.6223936080932617
0.0
0.0
0.0
0.0
0.17608407139778137
0.0
0.0
0.0
0.0
0.0
0.0
0.0
0.0
0.0
0.0
0.0
0.7086425423622131
0.8890627026557922
0.5915118455886841
0.06426644325256348
0.0
0.46023303270339966
0.8486787676811218
0.5765213370323181
0.7310946583747864
0.9833184480667114
1.059813141822815
0.5743322372436523
0.6189195513725281
0.6996468901634216
0.13578885793685913
0.0
0.07877527922391891
1.1055716276168823
0.35519939661026
0.0
0.0
0.0
0.0
0.0
0.0
0.0
0.0
0.0
0.0
0.0
0.0
0.09593886137008667
0.0
0.0
0.0
0.0
0.0
0.0
0.0
0.0
0.0
0.0
0.6511120796203613
1.0981866121292114
0.0
0.0
0.0
0.29886308312416077
0.0
0.0
0.0
0.0
0.019053524360060692
0.0
0.0
0.019140593707561493
0.2961956262588501
0.0
0.0
0.6157600283622742
0.2093377709388733
0.3584766387939453
0.22677761316299438
0.423650324344635
0.0
0.36332833766937256
0.0
0.0
0.0
0.0
0.0
0.04691349342465401
0.15131394565105438
0.0
0.0
0.0
0.03065454587340355
0.24633687734603882
0.0
0.0
0.0
0.12879504263401031
0.0
0.0
0.16590765118598938
0.03459929674863815
0.0
0.0
0.0
0.0
0.009628145024180412
0.0
0.0
0.3329707086086273
0.0
0.011068502441048622
0.0
0.0
0.0
0.0
0.6660435199737549
0.3402155041694641
0.0
0.0030779612716287374
0.0
0.0
0.0
0.0
0.0
0.0
0.2831881642341614
0.8427252173423767
0.0
0.0
0.0
0.0
0.0
0.0
0.0
0.0
0.0
0.0
0.0
0.0
0.0
0.0
0.0
0.32004979252815247
0.0
0.0
0.0
0.0
0.0
0.0
0.0
0.0
0.0
0.0
0.0
0.0
0.0
0.0
0.0
0.0
0.4165726900100708
0.0
0.0
0.2707599103450775
0.0
0.0
0.0
0.0
0.0
0.0
0.0
0.0
0.0
0.0
0.0
0.19355276226997375
0.20763732492923737
0.0
0.0
0.0
0.0
0.0
0.0
0.0
0.0
0.0
0.0
0.0
0.0
0.0
0.0
0.0
0.0
0.0
0.0
0.0
0.22044780850410461
0.2196376770734787
0.0
0.0
0.0
0.0
0.0
0.0
0.0
0.0
0.0
0.3934183120727539
0.0
0.0
0.0
0.0
0.0
0.2608890235424042
0.4327881932258606
0.8753370046615601
0.3672327995300293
0.4257086217403412
0.400270938873291
0.0
0.0
0.0
0.0
0.0
0.8199853301048279
0.786952793598175
0.0
0.0
0.0
0.0
0.05158081650733948
0.2876491844654083
0.0
0.0
0.0
0.0
0.0
0.0
0.0
0.0
0.0
0.6953681111335754
0.0
0.0
0.0
0.0
0.0
0.0
0.0
0.0
0.0
0.0
0.0
0.0
0.0
0.0
0.0
0.010478787124156952
0.08073648065328598
0.0
0.0
0.0
0.0
0.0
0.0
0.0
0.0
0.0
0.0
0.0
0.0
0.0
0.0
0.0
0.0
0.2846541106700897
0.283943235874176
0.0
0.0
0.0
0.14804603159427643
0.0
0.0
0.0
0.0
0.0
0.0
0.20578794181346893
0.0
0.0
0.0
0.38246849179267883
0.4587346911430359
0.0
0.0
0.0
0.0
0.0
0.07612510025501251
0.5588181018829346
0.0
0.0
0.0
0.041261591017246246
0.0
0.0
0.0
0.0
0.10416175425052643
0.0
0.0
0.0
0.0
0.6376745700836182
1.15629243850708
1.6331266164779663
1.2648738622665405
0.0710907056927681
0.0
0.0
0.0
0.0
0.0
0.0
0.0
0.0
0.0
0.0992659330368042
0.7956798076629639
0.6646742224693298
0.0
0.21461670100688934
0.6122879385948181
0.0
0.0
0.0
0.0
0.0
0.0
0.0
0.0
0.0
0.0
0.6951077580451965
0.8826243281364441
0.3356601297855377
0.0
0.0
0.23273710906505585
0.0
0.0
0.0
0.0
0.0
0.0
0.0
0.0
0.0
0.0
0.17844681441783905
0.0
0.0
0.0
0.0
0.6549242734909058
0.6680522561073303
0.0
0.0
0.0
0.0
0.0
0.0
0.0
0.0
0.0
0.0
0.0
0.0
0.0
0.0
0.2685805857181549
0.9371595978736877
0.7847780585289001
0.1625187247991562
0.0
0.0
0.0
0.0
0.0
0.0
0.0
0.0
0.26909658312797546
0.0
0.0
0.03526000678539276
0.4350998103618622
0.5251392126083374
0.16584451496601105
0.0
0.0
0.0
0.0
0.0
0.0
0.0
0.0
0.0
0.30655261874198914
0.0
0.0
0.0
0.0
0.0
0.0
0.0
0.0
0.0
0.0
0.0
0.0
0.0
0.0
0.0
0.0
0.0
0.0
0.0
0.0
0.0
0.0
0.03829542547464371
0.0
0.0
0.0
0.0
0.0
0.0
0.0
0.0
0.0
0.0
0.0
0.0
0.0
0.0
0.0
0.5414029955863953
0.0
0.0
0.0
0.029504569247364998
0.0
0.0
0.0
0.18242792785167694
0.0
0.0
0.29802951216697693
0.9501425623893738
1.0941715240478516
1.1601797342300415
1.4049471616744995
1.228635311126709
0.0
0.0
0.0
0.0
0.0
0.0
0.7607434391975403
1.1995893716812134
1.0617928504943848
1.437201976776123
1.4182723760604858
1.2539925575256348
1.0089818239212036
1.2789697647094727
0.9890662431716919
0.724216639995575
0.0
0.0
0.0
0.0
0.0
0.0
0.2801336348056793
0.19073046743869781
0.18955475091934204
0.5476605892181396
0.9006558060646057
0.9268941879272461
0.8156631588935852
0.9516818523406982
0.59442538022995
0.7377826571464539
0.0
0.0
0.0
0.0
0.0
0.0
0.0
0.0
0.07299386709928513
0.47565028071403503
0.7878135442733765
0.537472665309906
0.9611956477165222
0.9988212585449219
0.42938339710235596
0.6520959138870239
0.0
0.07948210090398788
0.0
0.0
0.1436784565448761
0.3351588249206543
0.3495267331600189
0.24601998925209045
0.4586191475391388
0.6273097395896912
0.660357654094696
0.7131571173667908
0.7389439344406128
0.3581029772758484
0.0
0.126368448138237
0.0
0.0
0.5343199968338013
0.0
0.0
0.0
0.13556510210037231
0.10672269761562347
0.012816334143280983
0.2571311891078949
0.14541170001029968
0.0
0.23112888634204865
0.35221588611602783
0.0
0.0
0.0
0.0
0.0
0.0
0.0
0.0
0.0
0.0
0.0
0.0
0.0
0.0
0.0
0.0
0.0
0.0
0.0
0.0
0.0
0.0
0.0
0.0
0.0
0.0
0.0
0.0
0.0
0.0
0.0
0.0
0.0
0.0
0.0
0.0
0.0
0.0
0.08146820217370987
0.0
0.0
0.0
0.0
0.0
0.0
0.0
0.0
0.0
0.0
0.0
0.06725823879241943
0.0
0.0
0.0
0.0
0.0
0.0
0.0
0.0
0.0
0.0
0.0
0.0
0.0
0.0
0.0
0.23038934171199799
0.0
0.0
0.0
0.0
0.0
0.0
0.0
0.0
0.0
0.0
0.0
0.0
0.0
0.0
0.0
0.0
0.0
0.0
0.0
0.0
0.0
0.0
0.0
0.0
0.0
0.0
0.0
0.0
0.0
0.0781768336892128
0.0
0.0
0.0
0.0
0.0
0.0
0.0
0.0
0.0
0.0
0.0
0.0
0.0
0.0
0.25899460911750793
0.2533012628555298
0.0
0.0
0.0
0.0
0.0
0.0
0.0
0.0
0.0
0.0
0.0
0.0
0.0
0.0
1.084797739982605
0.09286903589963913
0.0
0.0
0.0
0.0
0.0
0.0
0.0
0.6400139331817627
0.0
0.0
0.0
0.0
0.40663835406303406
0.8705974221229553
1.304648518562317
0.24258649349212646
0.0
0.33330655097961426
0.0
0.0
0.0
0.0
0.29913073778152466
0.49767735600471497
0.3801041841506958
0.17755675315856934
0.0
0.4994867146015167
1.1391682624816895
1.2789931297302246
1.0315808057785034
0.20209474861621857
0.0
0.30752918124198914
0.47927355766296387
0.0
0.0
0.20235589146614075
0.0
0.0
0.1558995097875595
0.5776832699775696
0.2928455173969269
0.5454963445663452
0.8319962024688721
0.575005292892456
0.0
0.31242847442626953
0.0730719044804573
0.0
0.3687324821949005
0.9872608184814453
0.13802248239517212
0.14880923926830292
0.0
0.0
0.0
0.0
0.06756366789340973
0.12099512666463852
0.09358993917703629
0.0
0.0
0.4067562520503998
0.0
0.0
0.0
0.6304467916488647
1.3058969974517822
0.0
0.0
0.0
0.0
0.3011187016963959
0.006643231958150864
0.0
0.0
0.0
0.24891787767410278
0.0
0.0
0.0
0.0
0.07524234801530838
1.5212996006011963
0.0
0.0
0.0
0.11675295978784561
0.35559844970703125
0.0
0.0
0.0
0.10609718412160873
0.003009466454386711
0.0
0.0
0.0
0.0
0.0
0.11892367154359818
0.0
0.0
0.0
0.1014394611120224
0.5859706997871399
0.38917893171310425
0.0
0.0
0.42306676506996155
0.08071031421422958
0.0
0.0
0.0
0.29777806997299194
0.4563070237636566
0.661981999874115
0.7399932742118835
0.36470210552215576
0.16702266037464142
0.7756502032279968
1.0446438789367676
0.5968930721282959
0.22263315320014954
0.0880684107542038
0.29180774092674255
0.4150044023990631
0.6058990359306335
0.7266772985458374
0.0
0.0
0.0
0.3473498225212097
0.4778943657875061
0.0
0.0
0.0
0.0
0.0
0.0
0.0
0.0
0.0
0.0
0.22634729743003845
0.0
0.0
0.0
0.5554491877555847
1.2210114002227783
0.0
0.0
0.0
0.16580219566822052
0.0
0.0
0.0
0.0
0.0
0.0
0.0
0.0
0.0
0.0
0.0
0.36313116550445557
0.0
0.0
0.15526339411735535
0.05532157048583031
0.0
0.0
0.0
0.0
0.07921402901411057
0.0
0.0
0.0
0.0
0.0
0.0
0.0
0.0
0.0
0.0
0.0
0.0
0.0
0.0
0.0
0.6304858922958374
0.0
0.0
0.0
0.0
0.0
0.0
0.0
0.0
0.0
0.0
0.45912110805511475
0.12509767711162567
0.0
0.0
0.0
0.5768654942512512
0.4291391670703888
0.0
0.0
0.0
0.0
0.0
0.061679597944021225
0.0
0.0
0.0
0.553299069404602
0.0
0.0
0.0
0.0
0.3098227381706238
0.011305945925414562
0.0
0.0
0.0
0.0
0.0
0.0
0.0
0.0
0.0
0.0
0.0
0.0
0.0
0.0
0.0
0.0
0.0
0.0
0.0
0.0
0.0
0.0
0.0
0.0
0.0
0.043695952743291855
0.0
0.0
0.0
0.0
0.0
0.0
0.0
0.0
0.0
0.0
0.0
0.0
0.0991486981511116
0.06793730705976486
0.0
0.0
0.0
0.0
0.0
0.0
0.0
0.0
0.0
0.0
0.0
0.0
0.0
0.0
0.0
0.0
0.0
0.0
0.0
0.038129471242427826
0.41974079608917236
0.11353149265050888
0.0
0.0
0.0
0.0
0.0
0.0
0.0
0.0
0.0
0.0
0.0
0.0
0.6520628333091736
0.8571807742118835
0.6686825752258301
0.6578962802886963
0.8985405564308167
0.5860352516174316
0.0
0.0662265494465828
0.2096332311630249
0.0
0.0
0.0
0.0
0.0
0.4380545914173126
1.0259839296340942
1.430238962173462
1.20810067653656
0.7543855309486389
0.7210972905158997
1.178707242012024
0.3900916576385498
0.0
0.13726769387722015
1.386700987815857
0.6385343670845032
0.0
0.0
0.0
0.0
0.02497139386832714
0.4937894642353058
0.8051206469535828
0.8971360325813293
0.7571365237236023
0.5361151099205017
0.734727144241333
0.0
0.0
0.0
0.3020561933517456
0.3927590847015381
0.0
0.0
0.0
0.0
0.0
0.0
0.0836699828505516
0.44256600737571716
0.467241108417511
0.313893586397171
0.24418911337852478
0.0
0.0
0.0
0.0
0.2389955073595047
0.29189586639404297
0.0
0.0
0.0
0.027586814016103745
0.0
0.0
0.0
0.0283675454556942
0.0
0.0
0.0
0.0
0.0
0.2259213775396347
0.0
0.0
0.0
0.34129565954208374
0.3554658889770508
0.0
0.0
0.0
0.43310996890068054
0.8613054156303406
0.17176316678524017
0.0
0.0
0.0
0.0
0.0
0.0
0.0
0.0
0.0
0.0
0.0
0.0
0.0
0.4762799143791199
0.634936511516571
0.10780403763055801
0.13495975732803345
0.0
0.0
0.0
0.0
0.11250196397304535
0.0
0.0
0.0
0.0
0.0
0.0
0.4868728816509247
0.6921447515487671
0.32397687435150146
0.26660487055778503
0.9658012986183167
0.34184280037879944
0.0
0.0
0.0
0.2292727679014206
0.0
0.0
0.0
0.0
0.20445378124713898
0.024842167273163795
0.040049757808446884
0.22893409430980682
0.0
0.0
0.3211136758327484
0.9946006536483765
0.0
0.0
0.0
0.5739142894744873
0.0
0.0
0.034698210656642914
1.3154219388961792
0.9376505017280579
0.0
0.0
0.0
0.0
0.0
0.0
0.06846033781766891
0.0
0.0
0.0
0.5029399394989014
0.0
0.0
0.0
0.6275184154510498
0.0
0.0
0.0
0.03273693844676018
0.2999570071697235
0.0
0.0
0.0
0.03759239614009857
0.0
0.0
0.40861624479293823
0.0
0.0
0.0
0.0
0.0
0.0
0.0
0.3641643226146698
0.4777008891105652
0.0
0.0
0.0
0.5302265882492065
0.0
0.0
0.0
0.0
0.0
0.0
0.0
0.0
0.0
0.0
0.36542776226997375
0.17115718126296997
0.0
0.0
0.0
1.016465425491333
0.0
0.0
0.0
0.0
0.0
0.0
0.0
0.0
0.0
0.0
0.0
0.0
0.0
0.0
0.0
0.28529444336891174
0.0
0.0
0.0
0.0
0.0
0.0
0.0
0.0
0.24650436639785767
0.0
0.0
0.0
0.0
0.0
0.0
0.0
0.0
0.0
0.0
0.0
0.0
0.0
0.0
0.0
0.0
0.0
0.0
0.0
0.15193189680576324
0.0
0.0
0.0
0.0
0.0
0.0
0.0
0.0
0.0
0.9299255013465881
0.25645267963409424
0.0
0.0
0.6558675169944763
0.8328753113746643
0.39328083395957947
0.033092331141233444
0.0
0.28810834884643555
0.0
0.0
0.0
0.0
0.0
0.5022699236869812
1.706144094467163
0.9723069071769714
0.455517053604126
0.6384031772613525
0.7729772329330444
0.25879254937171936
0.0
0.0
0.0
0.7320950627326965
0.0
0.0
0.0
0.0
0.0
0.5202357769012451
0.7046947479248047
0.5199850797653198
0.0
0.1604691445827484
0.1638244092464447
0.0
0.0
0.0
0.0
1.2152267694473267
0.0
0.0
0.0
0.0
0.0
0.003835066221654415
0.10620247572660446
0.11028788238763809
0.0
0.0
0.0
0.0
0.0
0.0
0.0
0.5516513586044312
0.0
0.0
0.0
0.0
0.0
0.0
0.0
0.0
0.0
0.0
0.0
0.0
0.0
0.0
0.0
0.0
0.0
0.0
0.0
0.0
0.0
0.0
0.0
0.0
0.0
0.0
0.0
0.0
0.0
0.0
0.0
0.0
0.0
0.0
0.10835455358028412
0.0
0.04580048844218254
0.14324897527694702
0.0
0.0
0.0
0.0
0.0
0.0
0.0
0.0
0.0
0.16305424273014069
0.0
0.0
0.0
0.0
0.17776766419410706
0.0
0.0
0.0
0.0
0.0
0.0
0.4586459696292877
0.0
0.0
0.0
0.0
0.0
0.0
0.0
0.0
0.585489809513092
0.05307620391249657
0.0
0.0
0.0
0.20328986644744873
0.010217222385108471
0.8461846709251404
0.3221869468688965
0.0
0.0
0.0
0.004529660567641258
0.0
0.0
0.0
0.0
0.20734688639640808
0.0
0.0
0.0
0.0
0.0
0.6907090544700623
0.7497380971908569
0.0
0.0
0.0
0.0
0.2507856786251068
0.9845566153526306
0.0
0.0
0.0
0.7852541208267212
0.21849903464317322
0.0
0.0
0.3059667646884918
0.5336613059043884
0.0078132851049304
0.0
0.0
0.0
0.0
0.0
0.0
0.0
0.0
0.0
0.6842789649963379
0.0
0.05149203911423683
0.35316720604896545
0.2226046472787857
0.0
0.0
0.31751468777656555
0.0
0.0
0.0
0.0
0.0
0.0
0.0
0.0
0.0
0.0
0.0
0.0
0.0
0.0
0.0
0.09137557446956635
0.0
0.0
0.05240609869360924
0.3188900351524353
0.0
0.0
0.0
0.0
0.0
0.0
0.0
0.0
0.0
0.0
0.0
0.0
0.0
0.47401556372642517
0.0
0.0
0.0
0.0
0.006929929368197918
0.0
0.0
1.1780743598937988
0.580232560634613
0.0
0.0
0.0
0.0
0.40696796774864197
0.9226948022842407
0.9726052284240723
0.18376222252845764
0.4869020879268646
0.0
0.0
0.0
0.3994556665420532
0.4801751971244812
0.6971138119697571
0.0732286348938942
0.0
0.0
0.0
0.0
0.36186012625694275
0.36100420355796814
0.03877382352948189
0.0
0.0
0.0
0.0
0.0
0.031045032665133476
0.0
0.0
0.0
0.0
0.0
0.0
0.0
0.009472248144447803
0.0
0.10296284407377243
0.0
0.0
0.0
0.5189622044563293
0.0
0.0
0.0
0.0
0.0
0.0
0.45331621170043945
0.6173480153083801
0.0
0.20795725286006927
0.5500780940055847
0.2475959062576294
0.0
0.16149161756038666
0.6423980593681335
0.3108282685279846
0.0
0.0
0.9217835068702698
0.751203715801239
0.853831946849823
1.0087555646896362
0.4233817756175995
0.0
0.036775872111320496
0.5389047265052795
0.0
0.0
0.0
0.0
0.0
0.0
0.0
0.0
0.0
0.0
0.22349825501441956
0.46168720722198486
0.0
0.0
0.40527042746543884
0.353648841381073
0.0
0.0
0.0
0.0
0.0
0.0
0.0
0.0
0.0
0.0
0.0
0.0
0.0
0.0
0.2302505075931549
0.0
0.0
0.0
0.13131286203861237
0.0
0.013911894522607327
0.15716652572155
0.0
0.0
0.0
0.0
0.0
0.0996023565530777
0.0
0.0
0.0
0.0
0.0
0.3962373435497284
0.0
0.0
0.0
0.0
0.0
0.0
0.0
0.0
0.0
0.0
0.0
0.02258715033531189
0.0
0.0
0.0
0.241084024310112
0.0
0.0
0.0
0.0
0.0
0.0
0.0
0.0
0.0
0.0
0.0
0.0
0.0
0.0
0.0
0.31319162249565125
0.0
0.0
0.0
0.0
0.0
0.0
0.0
0.0
0.0
0.0
0.0
0.0
0.0
0.0
0.0
0.0
0.0
0.0
0.0
0.0
0.1203010305762291
0.0
0.0
0.0
0.0
0.363009512424469
0.0
0.0
0.0
0.05838141217827797
0.0
0.0
0.0
0.0
0.0
0.0
0.0
0.0
0.0
0.0
0.0
0.050788745284080505
0.0
0.0
0.0
0.0
0.0
0.0
0.0
0.0
0.0
0.0
0.0
0.0
0.0
0.0
0.0
0.0
0.0
0.0
0.0
0.0
0.0
0.0
0.13022743165493011
0.0
0.0
0.14153030514717102
0.0
0.0
0.0
0.0
0.0
0.0
0.0
0.0
0.0
0.0
0.0
0.0
0.0
0.0
0.0
0.23683437705039978
0.0
0.0
0.0
0.0
0.0
0.0
0.0
0.0
0.0
0.0
0.0
0.0
0.0
0.0
0.0
0.09401225298643112
0.0
0.0
0.0
0.0
0.0
0.0
0.0
0.0
0.0
0.0
0.0
0.0
0.0
0.0
0.0
0.0
0.0
0.0
0.0
0.0
0.0
0.0
0.0
0.0
0.0
0.0
0.0
0.3103684186935425
0.1733185350894928
0.0
0.0
0.0
0.0
0.0
0.0
0.0
0.0
0.0
0.0
0.0
0.0
0.0
0.0
0.03183410316705704
0.6038649678230286
0.012661912478506565
0.0
0.0
0.0
0.0
0.0
0.0
0.0
0.0
0.0
0.0
0.0
0.0
0.0
0.0
0.2886449992656708
0.1611340343952179
0.0
0.0
0.0
0.0
0.0
0.0
0.0
0.0
0.0
0.0
0.0
0.0
0.0
0.0
0.0
0.16517901420593262
0.0
0.0
0.0
0.0
0.0
0.0
0.0
0.0
0.0
0.0
0.0
0.0
0.0
0.0
0.0
0.07963413745164871
0.0
0.0
0.0
0.0
0.0
0.0
0.0
0.0
0.0
0.0
0.0
0.0
0.0
0.0
0.0
0.35600003600120544
0.0
0.0
0.0
0.0
0.7425564527511597
0.0
0.0
0.0
0.0
0.0
0.0
0.0
0.0
0.0
0.0
0.09310442209243774
0.0
0.0
0.0
0.0
2.585390567779541
0.9865521192550659
0.0
0.0
0.0
0.1890772134065628
0.0
0.0
0.0
0.0
0.0
0.4522014558315277
0.14322589337825775
0.0
0.0
0.0
0.3613041937351227
0.09259342402219772
0.0
0.0
0.0
0.0
0.0
0.6874405741691589
0.6226221919059753
0.06898424029350281
0.0
0.21808871626853943
2.205374240875244
0.0
0.0
0.0
0.0
0.0
0.0
0.0
0.0
0.0
0.0
0.0
1.5329030752182007
0.11703009158372879
0.0
0.0
1.0482001304626465
0.0
0.0
0.0
0.0
0.0
0.0
0.0
0.0
0.0
0.0
0.0
0.875170111656189
0.43121451139450073
0.0
0.0
0.0
0.0
0.01783948764204979
0.0
0.0
0.0
0.0
0.0
0.0
0.0
0.0
0.0
0.0
0.8982084393501282
0.0
0.0
0.0
0.0
0.0
0.0
0.0
0.0
0.0
0.0
0.1572461724281311
0.0
0.0
0.0
0.0
0.10585213452577591
0.0
0.0
0.0
0.2725735902786255
0.0
0.0
0.0
0.0
0.0
0.0
0.0
0.0
0.0
0.0
0.0
0.0
0.0
0.0
0.0
0.054813068360090256
0.11916010081768036
0.0
0.0
0.0
0.4776972234249115
0.08121992647647858
0.0
0.0
0.0
1.2047251462936401
0.0
0.0
0.0
0.0
0.0
0.0
0.0
0.0
0.0
0.0
0.9018952250480652
0.2080422341823578
0.0
0.0
0.09811919927597046
1.5840672254562378
0.0
0.0
0.19863539934158325
0.28012901544570923
0.0
0.0
0.0
0.8976126313209534
0.0
0.0
0.0
0.0
0.0
0.0
0.0
0.0
0.0
0.0
0.0025479316245764494
0.6383429169654846
0.0
0.0
0.0
0.5712568163871765
0.14865931868553162
0.0
0.0
0.0
0.0
0.0
0.0
0.0
0.0
0.0
0.0
0.8842913508415222
0.0
0.0
0.0
0.0
0.0
0.6133942604064941
0.0
0.0
0.0
0.0
0.0
0.0
0.0
0.0
0.0
0.512425422668457
0.19236423075199127
0.0
0.0
0.0
0.0
1.6165567636489868
0.4874075651168823
0.0
0.0
0.5190358757972717
0.0
0.0
0.0
0.0
0.0
0.13572491705417633
0.0
0.0
0.0
0.0
0.0
0.006770104635506868
0.0
0.0
0.0
0.0
0.0
0.0
0.0
0.7593408823013306
0.0
0.1527453362941742
0.0
0.0
0.0
0.0
0.0
0.19900532066822052
0.0
0.0
0.0
0.0
0.4852536618709564
0.0
0.0
0.21520131826400757
0.39665257930755615
0.0
0.0
0.36172744631767273
0.1283392310142517
0.0
0.030707472935318947
0.3473828136920929
0.0
0.0
0.0
0.0
0.0
0.0
0.6698223352432251
0.0076302639208734035
0.5194820165634155
0.0
0.0
0.6625068187713623
0.3987066447734833
0.0
0.0
0.28245729207992554
0.0
0.0
0.0
0.6705415844917297
0.0
0.0
0.813549816608429
0.6707643270492554
0.5406296849250793
0.0
0.42018449306488037
1.3429675102233887
0.28916874527931213
0.0
0.0
0.0
0.0
0.0
0.0
0.0
0.0
0.0
0.35821083188056946
1.2691913843154907
0.47530999779701233
0.0
0.7637719511985779
1.7122441530227661
0.0
0.0
0.0
0.0
0.0
0.0
0.0
0.0
0.0
0.0
0.0
1.2628694772720337
0.0
0.0
0.7507379651069641
1.51389741897583
0.0
0.0
0.0
0.0
0.0
0.0
0.0
0.0
0.0
0.0
0.0
0.48183855414390564
0.0
0.0
0.35544446110725403
0.29911160469055176
0.0
0.0
0.0
0.0
0.001746887224726379
0.0
0.09637527912855148
0.0
0.0
0.0
0.0
0.0
0.0
0.0
0.0
0.3078371286392212
0.0
0.0
0.0
0.0
0.0
0.0
0.0
0.0
0.0
0.0
0.07237154245376587
0.0
0.0
0.44722500443458557
0.0
0.8953416347503662
0.1102970615029335
0.0
0.0
0.0
0.0
0.0
0.0
0.0
0.0
0.0
0.0
0.0
0.0
0.6850321888923645
0.0
0.2427213490009308
0.6336206197738647
0.0
0.0
0.12232375890016556
0.006028979085385799
0.021161174401640892
0.0
0.0
0.0
0.0
0.0
0.0
0.07601738721132278
1.1294684410095215
0.4141067564487457
0.0
0.05519986152648926
0.0
0.0
0.0
0.0
0.0
0.0
0.0
0.0
0.0
0.0
0.07912570238113403
0.04581226781010628
0.9616944789886475
0.9657027125358582
0.0
0.0
0.0
0.0
0.0
0.0
0.0
0.0
0.0
0.0
0.0
0.0
0.06961701810359955
0.0
0.2625649869441986
0.6877482533454895
0.3578827679157257
0.0
0.0
0.0740717425942421
0.0
0.0
0.0
0.0
0.0
0.0
0.0
0.0
0.0
0.07605315744876862
0.06870757043361664
0.0
0.12434567511081696
0.0
0.0
0.3047145903110504
0.041142795234918594
0.07363758981227875
0.0
0.0
0.0
0.0
0.0
0.0
0.0
0.3199131190776825
0.44857075810432434
0.0
0.0
0.0
0.0
0.0
0.0
0.19510452449321747
0.0
0.0
0.0
0.0
0.0
0.0
0.0
0.0996013805270195
0.0
0.0
0.0
0.0
0.0
0.0
0.0
0.0
0.0
0.0
0.0
0.0
0.0
0.0
0.0
0.0
0.0
0.004578142426908016
0.0
0.0
0.12980087101459503
0.013172618113458157
0.0
0.02050427906215191
0.0
0.0
0.0
0.0
0.0
0.0
0.0
0.0
0.0
0.0
0.0
0.0
0.0
0.0
0.0
0.0
0.0
0.0
0.0
0.0
0.0
0.0
0.0
0.0
0.0
0.29882144927978516
0.0
0.0
0.0
0.0
0.0
0.0
0.13010580837726593
0.0
0.0
0.0
0.0
0.0
0.3757043480873108
0.0
0.0
0.0
0.0
0.0
0.0
0.0
0.0
0.0
0.7375118136405945
0.0
0.0
0.0
0.18630608916282654
0.0
0.0
0.0
0.0
0.38916003704071045
0.0
0.0
0.0
0.0
0.0
0.0
0.815984845161438
0.0
0.0
0.0
0.0
0.6649930477142334
0.0
0.0
0.37535586953163147
0.31300556659698486
0.0
0.0
0.0
0.0
0.0
0.0
0.08789233863353729
0.0
0.0
0.0
0.0
0.6344498991966248
0.3580271601676941
0.4687840938568115
0.0
0.0
0.0
0.0
0.0
0.0
0.0
0.0
0.9727931618690491
0.07993347942829132
0.0
0.0
0.0
0.6675270199775696
1.5438789129257202
0.4325776696205139
0.0
0.0
0.0
0.21383175253868103
0.0
0.0
0.0
0.39108380675315857
1.1550031900405884
0.0
0.0
0.0
0.0
0.21454091370105743
1.1730117797851562
0.12243524938821793
0.0
0.0
0.0
0.0
0.0
0.0
0.0
0.37072527408599854
0.0
0.0
0.0
0.0
0.3825526833534241
0.29802626371383667
0.10647124797105789
0.0
0.0
0.0
0.09826401621103287
0.0
0.0
0.0
0.0
0.7066910266876221
0.0
0.0
0.0
0.19917872548103333
1.0526682138442993
0.0
0.0
0.0
0.0
0.037378113716840744
0.0
0.0
0.0
0.0
0.0
0.0
0.0
0.0
0.0
0.6547776460647583
0.9045451879501343
0.0
0.0
0.0
0.0
0.0
0.029808025807142258
0.0
0.0
0.0
0.0
0.0
0.0
0.0
0.0
0.0
0.0
0.0
0.0
0.0
0.0
0.0
0.1573522388935089
0.0
0.0
0.0
0.0
0.0
0.25370585918426514
0.0
0.0
0.0
0.001926660188473761
0.15598899126052856
0.5133683681488037
0.0
0.05534641817212105
0.2569066286087036
0.0
0.0
0.0
0.0
0.11407794058322906
0.0
0.22111721336841583
0.11451347917318344
0.0
0.0
0.0062371715903282166
0.0
0.0
0.0
0.5234374403953552
0.592282772064209
0.0
0.0
0.0
0.0
0.0
0.0
0.0
0.0
0.0
0.0
0.0
0.0
0.0808042660355568
0.0
0.0
0.0
0.0
0.0
0.0
0.0
0.0
0.0
0.0
0.0
0.0
0.0
0.0
0.0
0.5447174906730652
0.0
0.0
0.0
0.7681015133857727
0.257418692111969
0.0
0.0
0.0
0.0
0.0
0.0
0.09724497050046921
0.053983308374881744
0.0
0.0
0.5462790727615356
0.0
0.0
0.0
0.0
0.0
0.0
0.0
0.0
0.0
0.0
0.0
0.0
0.0
0.0
0.0
0.0
0.0
0.0
0.0
0.10810904204845428
0.0
0.0
0.0
0.0
0.0
0.0
0.0
0.0
0.0
0.0
0.0
0.0
0.0
0.0
0.0
0.0
0.0
0.0
0.0
0.0
0.0
0.0
1.4869170188903809
0.35545435547828674
0.0
0.0
0.0
0.5795442461967468
0.2228182554244995
0.8649117350578308
0.0
0.0
0.0
0.0
0.0
0.0
0.15846015512943268
0.0
0.2878590524196625
0.5414875745773315
0.8499734401702881
0.47876518964767456
0.0
0.1919197291135788
0.033983901143074036
1.4048484563827515
0.0
0.0
0.0
0.0
0.0
0.6136271357536316
1.5122970342636108
0.0
0.09379082918167114
0.0
0.15581068396568298
1.4175560474395752
0.0
0.0
0.0
0.3773984909057617
0.0
0.0
0.5055158138275146
0.0
0.0
0.0
0.6675570607185364
0.19614870846271515
0.8525510430335999
0.0
0.14873464405536652
1.3603074550628662
0.3346628248691559
0.0
0.0
0.0
0.0
0.0
0.6789839267730713
0.0
0.0
0.0
0.0
0.0
0.0
0.0
0.0
0.44266584515571594
0.5858803391456604
0.0
0.0
0.13718470931053162
0.04010314121842384
0.0
0.0
0.0
0.0
0.0
0.0
0.0
0.0
0.0
0.0
0.0
0.0
0.0
0.0
0.08997522294521332
0.027107378467917442
0.0
0.0
0.0
0.0
0.0
0.0
0.44885483384132385
0.07231658697128296
0.0
0.0
0.0
0.0
0.2554938793182373
0.0
0.0
1.1323028802871704
0.0
0.0
0.0
0.0
0.0
0.0
0.0
0.6960712671279907
0.0
0.0
0.0
0.0
0.0
0.0
0.0
0.6121976971626282
0.0
0.0
0.0
0.0
0.0
0.0
0.0
0.0
0.0
0.0
0.0
0.0
0.0
0.0
0.0
0.0
0.9397537708282471
0.0
0.0
0.0
0.0
0.0
0.0
0.0
0.0
0.0
0.0
0.0
0.0
0.0
0.0
0.0
1.0543828010559082
0.0
0.0
0.0
0.0
0.0
0.0
0.0
0.0
0.0
0.0
0.0
0.0
0.4003552198410034
0.0
0.0
0.0
0.2896479666233063
0.2313472330570221
0.048106320202350616
0.0
0.0
0.0
0.0
0.0
0.0
0.0
0.0
0.0
0.0
0.0
0.0
0.0
0.0
0.0
0.0
0.0
0.0
0.0
0.0
0.0
0.0
0.0
0.0
0.1061892881989479
0.0
0.0
0.0
0.0
0.0
0.0
0.0
0.0
0.0
0.0
0.0
0.0
0.0
0.0
0.4190221130847931
0.009449043311178684
0.10805459320545197
0.0
0.0
0.0
0.0
0.0
0.0
0.0
0.0
0.0
0.0
0.0
0.30619826912879944
0.0
0.0
0.17897984385490417
0.0
0.0
0.0
0.0
0.0
0.0
0.0
0.0
0.015463839285075665
0.0
0.0
0.0
0.0
0.0
0.0
0.0
0.2099248617887497
0.4009091556072235
0.7207549810409546
0.0
0.0
0.0
0.0
0.0
0.0
0.0
0.0
0.0
0.0
0.0
0.0
0.004040486644953489
0.0
0.0
0.0
0.0
0.0
0.0
0.0
0.0
0.0
0.0
0.0
0.40749263763427734
0.0
0.0
0.0
0.0
0.0
0.0
0.0
0.0
0.0
0.0
0.0
0.0
0.0
0.0
0.019098179414868355
0.0
0.0
0.0
0.0
0.0
0.0
0.0
0.0
0.0
0.0
0.0
0.0
0.0
0.0
0.0
0.0
0.0
0.0
0.0
0.0
0.0
0.0
0.0
0.0
0.0
0.034368425607681274
0.0
0.0
0.0
0.0
0.0
0.0
0.0
0.0
0.0
0.0
0.0
0.0
0.0
0.0
0.0
0.0
0.0
0.0
0.3069269359111786
0.5285305976867676
0.5328390598297119
0.19491280615329742
0.6066580414772034
0.37090927362442017
0.4012353718280792
0.4534144997596741
0.3610655665397644
0.0
0.0
0.0
0.0
0.0
0.0
0.6818785667419434
0.0
0.0
0.0
0.7888464331626892
0.9105044007301331
0.6951766610145569
0.6973745822906494
0.27001461386680603
0.0
0.03931861370801926
0.0
0.0
0.0
0.0
0.0
0.0
0.0
0.0
0.0
0.08358681946992874
0.020298579707741737
0.0
0.0
0.0
0.0
0.0
0.0
0.0
0.0
0.0
0.0
0.0
0.0
0.0
0.0
0.0
0.0
0.0
0.0
0.0
0.0
0.0
0.0
0.0
0.0
0.0
0.0
0.0
0.0
0.0
0.0
0.0
0.0
0.0
0.0
0.0
0.0
0.0
0.0
0.0
0.0
0.0
0.0
0.0
0.0
0.0
0.0
0.0
0.0
0.0
0.0
0.0
0.0
0.0
0.0
0.0
0.0
0.0
0.0
0.0
0.0
0.0
0.0
0.0
0.0
0.035646744072437286
0.0
0.0
0.14427201449871063
0.0
0.0
0.0
0.0
0.0
0.1822444498538971
0.6512174606323242
0.4044003188610077
0.3202812075614929
0.04327583685517311
0.0
0.30483734607696533
0.0
0.0
0.0
0.0
0.2949092388153076
0.4981338381767273
0.4700915515422821
0.0
0.0
0.14043869078159332
0.5665717124938965
0.5338912010192871
0.5959942936897278
0.7185136675834656
0.6000294089317322
0.4364355206489563
0.09578016400337219
0.0
0.34535983204841614
0.06065281853079796
0.427151620388031
0.1833498179912567
0.0
0.0
0.0
0.0
0.0
0.0
0.0
0.0
0.0
0.0
0.08718359470367432
0.0
0.1502193659543991
0.1804070919752121
0.0
0.0
0.0
0.0
0.0
0.0
0.0
0.0
0.0
0.0
0.0
0.0
0.0
0.0
0.0
0.0
0.0
0.0
0.0
0.0
0.0
0.0
0.0
0.0
1.2926915884017944
2.5540177822113037
0.23586124181747437
0.0
0.7242584824562073
0.3469903767108917
0.0
0.0
0.0
0.31140708923339844
0.08123290538787842
0.0
0.0
0.0
0.0
0.0
0.07876559346914291
0.4943590462207794
0.0
0.0
0.7957573533058167
0.30246537923812866
0.09530288726091385
0.0
0.0
0.17834481596946716
0.0
0.0
0.0
0.0
1.0712090730667114
0.0
0.0
0.0
0.0
0.0
0.0
0.0
0.0
0.0
0.27599674463272095
0.33037200570106506
0.0
0.0
0.0
0.0
0.0
0.0
0.0
0.7272636294364929
0.3538535535335541
0.0
0.0
0.0
0.0
0.0
0.3938271999359131
0.0
0.0
0.0
0.0
0.0
0.0
0.0
0.0
0.6240136623382568
0.0
0.0
0.0
0.0
0.0
0.0
0.6688342094421387
0.4318237900733948
0.0
0.0
0.0
0.0
0.0
0.0
0.0
0.0
0.0
0.0
0.0
0.0
0.7336283922195435
0.7438660860061646
0.7496520280838013
0.6375021934509277
0.2901327311992645
0.0
0.0
0.0
0.0
0.02013728953897953
0.0
0.0
0.0
0.0
0.0
0.0
1.0603036880493164
0.6704488396644592
0.0
0.0
0.3992798626422882
0.0
0.0
0.0
0.0
0.7074637413024902
0.0
0.0
0.0
0.0
0.0
0.0
0.0
0.0
0.26860252022743225
0.0
0.0
0.0
0.0
0.0
0.0
0.1475033015012741
0.0
0.0
0.0
0.0
0.0
0.0
0.0
0.5533713698387146
0.15331020951271057
0.0
0.0
0.020022176206111908
0.0
0.0
0.0
0.1670907884836197
0.0
0.0
0.0
0.004368901252746582
0.0
0.0
0.0
1.284767746925354
0.0
0.0
0.5134872198104858
1.1715480089187622
0.14656735956668854
0.0
0.0
0.0
0.0
0.0
0.0
0.0
0.0
0.0
0.0
1.2715891599655151
0.0
0.0
0.5551007986068726
0.09037553519010544
0.0
0.0
0.0
0.0
0.0
0.0051660253666341305
0.0
0.0
0.0
0.0
0.21642670035362244
1.4304392337799072
0.2448408454656601
0.0
0.0
0.0
0.0
0.0
0.0
0.0
0.0
0.0
0.0
0.0
0.0
0.0
0.3795715272426605
0.9383909702301025
0.23250041902065277
0.0
0.0
0.0
0.0
0.0
0.0
0.0
0.0
0.17404258251190186
0.29584431648254395
0.045686233788728714
0.6532753109931946
0.04807690903544426
0.5077318549156189
0.26627254486083984
0.0
0.0
0.0
0.0
0.0
0.0
0.0
0.0
0.0
0.0
0.0
0.0
0.3354445993900299
0.0
0.0
0.11392051726579666
0.0
0.0
0.2277800440788269
0.0
0.0
0.0
0.0
0.0
0.0
0.0
0.0
0.0
0.0
0.0
0.0
0.36623290181159973
0.0
0.0
0.24685817956924438
0.0
0.0
0.0
0.0
0.0
0.0
0.5493878722190857
0.0
0.0
0.0
0.0
0.0
0.0
0.0
0.0
0.0
0.0
0.0
0.3499760031700134
0.5796264410018921
0.0
0.0
1.0417120456695557
0.036436595022678375
0.0
0.15631580352783203
0.46901556849479675
0.832912802696228
0.0
0.024185677990317345
0.0
0.0
0.0
0.0
0.769959032535553
0.7317274808883667
0.0
0.0
0.3009422719478607
0.0
0.0
0.0
0.2508540749549866
1.4606029987335205
0.0
0.33168792724609375
0.0
0.0
0.0
0.0
0.5011415481567383
0.0
0.0
0.0
0.5197901725769043
0.0
0.0
0.0
0.2561328113079071
1.2046970129013062
0.0
0.7620236277580261
0.0
0.0
0.06797432899475098
0.0
0.0
0.0
0.0
0.5982378721237183
1.1979782581329346
0.0
0.0
0.0
0.33600914478302
0.3759467899799347
0.028856610879302025
0.9084879159927368
0.0
0.0
0.0
0.0
0.0
0.0
0.0
0.34793034195899963
0.07956507056951523
0.0
0.0
0.0
0.4931850731372833
0.0
0.0
0.6938349008560181
0.0
0.0861523449420929
0.0
0.0
0.0
0.0
0.0
0.08006482571363449
0.0
0.0
0.0
0.11226482689380646
0.13606376945972443
0.0
0.0
0.0
0.0
0.5415219068527222
0.0
0.0
0.0
0.0
0.039910487830638885
0.6698027849197388
0.0
0.0
0.0
0.0
0.1278710961341858
0.0
0.360910028219223
0.0
0.0
0.8641786575317383
0.0
0.0
0.0
0.0
0.0
0.7520586848258972
0.0
0.0
0.0
0.0
0.0
0.0
0.0750635638833046
0.0
0.0
0.6235548257827759
0.0
0.0
0.0
0.0
0.0
0.0
0.0
0.0
0.0
0.0
0.0
0.0
0.2761530578136444
0.0
0.0
0.37277692556381226
0.0
0.0
0.0
0.0
0.0
0.0
0.0
0.0
0.0
0.0
0.0
0.0
0.4730609953403473
0.0
0.0
0.37367144227027893
0.34622958302497864
0.0
0.0
0.0
0.0
0.0
0.0
0.0
0.0
0.0
0.0
0.0
0.5392152070999146
0.0
0.0
0.0
0.3968297839164734
0.0
0.0
0.0
0.0
0.0
0.0
0.0
0.026038838550448418
0.0405559316277504
0.0
0.0
0.6414774656295776
0.0
0.0
0.0
0.0
0.0
0.0
0.0
0.0
0.0
0.0
0.0
0.0
0.0
0.0
0.0
0.04794888570904732
0.0
0.0
0.0
0.06255553662776947
0.0
0.0
0.0
0.0
0.0
0.7320348024368286
0.9329172968864441
0.40136078000068665
0.13024817407131195
0.2957714796066284
0.0
0.0
0.0
0.0
0.27855342626571655
0.0
0.0
0.0
0.0
0.0
0.01667245849967003
0.8023786544799805
0.3412107527256012
0.0
0.0
0.0
0.0
0.0
0.0
0.21862226724624634
0.0
0.0
0.0
0.0
0.49379292130470276
0.18537619709968567
0.0
0.0
0.0
0.0
0.0
0.0
0.0
0.0
0.0
0.1631806492805481
0.0
0.0
0.0
0.6965435147285461
0.9319109320640564
1.0556941032409668
0.0
0.0
0.0
0.0
0.0
0.0
0.0
0.0
0.00831206701695919
0.0
0.0
0.0
0.0
0.0
0.0
0.47030213475227356
0.0
0.0
0.0
0.0
0.0
0.0
0.0
0.0
0.3608839809894562
0.0
0.0
0.0
0.0
0.0
0.0
0.0
0.0
0.0
0.0
0.5067164897918701
0.059214066714048386
0.0
0.0
0.32942092418670654
0.38038170337677
0.0
0.0
0.0
0.26268571615219116
0.0
0.027509372681379318
0.8165773749351501
0.0
0.0
0.0
1.138473629951477
0.0
0.0
0.0
0.6385946869850159
0.01629546284675598
0.0
0.0
0.0
0.0
0.0
0.6073251962661743
0.812720775604248
0.0
0.0
0.0
0.43001580238342285
0.0
0.0
0.0
0.0
0.022229330614209175
0.0
0.0
0.0
0.0
0.3124930262565613
0.13692815601825714
0.0
0.0
0.0
0.17762789130210876
0.8243760466575623
0.0
0.0
0.0
0.0
0.0960184633731842
0.0
0.0
0.5187200307846069
0.0
0.4211081266403198
0.0
0.0
0.0
0.0
0.23969238996505737
0.507270336151123
0.0
0.0
0.0
0.0
0.0596766322851181
0.0
0.0
0.22955262660980225
0.0
0.15614798665046692
0.0
0.0
0.0
0.4967452585697174
0.5867433547973633
0.0
0.0
0.0
0.0
0.0
0.32866719365119934
0.0
0.0
0.0
0.0
2.214331865310669
0.38804754614830017
0.0
0.2804830074310303
0.728006899356842
0.057358793914318085
0.0
0.0
0.0
0.0
0.0
0.42520248889923096
0.0
0.0
0.0
0.6461023092269897
2.1646549701690674
0.0
0.0
0.0
0.0
0.0
0.0
0.0
0.0
0.0
0.0
0.8393669128417969
0.0
0.0
0.0
1.321574091911316
0.0
0.0
0.0
0.0
0.0
0.0
0.0
0.0
0.0
0.0
0.0
0.7980350852012634
0.0
0.0
0.0
0.8425958156585693
0.0
0.0
0.0
0.0
0.0
0.0
0.0
0.0
0.0
0.0
0.0
0.12876185774803162
0.0
0.0
0.22396549582481384
0.0
0.0
0.0
0.0
0.0
0.0
0.0
0.0
0.0
0.0
0.0
0.0
0.0
0.0
0.0
0.0
0.0
0.0
0.0
0.0
0.0
0.0
0.0
0.0
0.0
0.0
0.0
0.0
0.0
0.0
0.0
0.0
0.0
0.0
0.0
0.0
0.0
0.0
0.0
0.0
0.24239930510520935
0.3242967426776886
0.0
0.0
0.0
0.04088790342211723
0.0
0.0
0.0
0.0
0.0
0.0
0.0
0.0
0.0
0.0
0.0
0.0
0.0
0.0
0.0
0.0
0.5290185809135437
0.5119267106056213
0.4225613474845886
0.30456656217575073
0.14190521836280823
0.0
0.0
0.0
0.0
0.0
0.0
0.0
0.0
0.0
0.0
0.0
0.2589380443096161
0.19455952942371368
0.017347397282719612
0.09307625144720078
0.0
0.0
0.0
0.0
0.0
0.0
0.0
0.0
0.0
0.5818696022033691
0.0
0.0
0.0
0.0
0.0
0.0
0.0
0.0
0.4079129695892334
0.0
0.0
0.0
0.0
0.0
0.0
0.4658096730709076
0.0
0.0
0.0
0.08422965556383133
0.0
0.0
0.0
0.0
0.23053428530693054
0.0
0.0
0.0
0.0
0.0
0.0
0.0
0.0
0.0
0.0
0.29748615622520447
0.18959319591522217
0.0
0.0
0.0
0.0
0.0
0.0
0.0
0.0
0.0
0.0
0.0
0.0
0.0
0.0
0.0
0.0
0.0
0.0
0.12389106303453445
0.40156829357147217
0.0
0.0
0.0
0.0
0.8080374002456665
0.23050518333911896
0.0
0.0
0.0
0.0
0.0
0.1674649715423584
0.0
0.32159146666526794
0.5856420397758484
0.007477512117475271
0.0
0.0
0.0
0.0
0.0
0.0
0.0
0.0
0.09544768929481506
0.0
0.0
0.7809576988220215
0.4709843695163727
0.08902871608734131
0.0
0.0
0.0
0.0
0.0
0.0
0.0
0.0
0.0
0.0
0.0
0.0
0.0
0.0
0.0
0.0
0.0
0.0
0.0
0.0
0.0
0.0
0.0
0.0
0.0
0.0
0.0
0.0
0.0
0.0
0.0
0.0
0.0
0.0
0.0
0.0
0.0
0.0
0.0
0.0
0.2581358850002289
0.0
0.0
0.0
0.0
0.0
0.0
0.0
0.0
0.0
0.0
0.0
0.0
0.0
0.0
0.0
0.0
0.0
0.0
0.0
0.0
0.0
0.0
0.0
0.01546628586947918
0.2641238570213318
0.0
0.0
0.0278005450963974
0.17581170797348022
0.0
0.0
0.0
0.019378608092665672
0.18029502034187317
0.20713932812213898
0.0
0.0
0.1015012264251709
0.18013696372509003
0.0
0.0
0.0
0.0
0.31364351511001587
0.0
0.0
0.0
0.013027545996010303
0.0
0.23474422097206116
0.08844893425703049
0.0
0.0
0.24870893359184265
0.8586088418960571
0.611661970615387
0.18542402982711792
0.0
0.0
0.6161285042762756
0.9796034097671509
0.39086681604385376
0.0
0.22164765000343323
0.0
0.0
0.0
0.0
0.0
0.0
0.0
0.0
0.0
0.0
0.0
0.0
0.242753803730011
1.2710784673690796
0.1317417472600937
0.0
0.0
0.0
0.08283489942550659
0.0
0.0
0.2544865906238556
0.0
0.0
0.0
0.0
0.0
0.0
0.0
0.0
1.1641383171081543
0.6434553861618042
0.0
0.0
0.2196902334690094
0.22371743619441986
0.0
0.0
0.0
0.0
0.0
0.5077756643295288
1.3713103532791138
0.49510112404823303
0.0
0.0
0.37746137380599976
1.1974396705627441
0.0
0.0
0.0
0.0
0.0
0.0
0.0
0.0
0.0
0.0
0.0
0.18927383422851562
0.12849289178848267
0.0
0.1426202952861786
1.8457460403442383
0.0
0.0
0.0
0.0
0.4043300449848175
0.0
0.0
0.0
0.591059684753418
0.0
0.0
0.0
0.0
0.0
0.0
0.4189378321170807
0.0
0.0
0.0
0.0
0.08883923292160034
0.0
0.0
0.0
0.0
0.0
0.0
0.0
0.0
0.0
0.0
0.0
0.0
0.0
0.0
0.04504914581775665
0.44082680344581604
0.0
0.0
0.0
0.0
0.0
0.0
0.0
0.0
0.0
0.0
0.0
0.0
0.0
0.0
0.2567337155342102
0.30361005663871765
0.15498504042625427
0.0
0.0
0.0
0.0
0.0
0.0
0.0
0.0
0.0
0.0
0.0
0.0
0.0
0.0
0.0
1.176203727722168
0.0
0.0
0.0
0.6754235029220581
0.0
0.0
0.0
0.0
0.0
0.0
0.0
0.03648514300584793
0.0
0.0
0.0
0.5742519497871399
0.0
0.0
0.0
0.03909873962402344
0.0
0.0
0.0
0.0
0.0
0.0
0.0
0.9987453818321228
0.22756239771842957
0.0
0.0
0.0
0.0
0.0
0.0
0.0
0.0
0.0
0.0
0.0
0.0
0.0
0.0
1.0474623441696167
1.183280110359192
0.0
0.0
0.0
0.0
0.0
0.0
0.0
0.0
0.0
0.0
0.0
0.0
0.0
0.0
0.0
0.4208206832408905
0.9845768213272095
0.0
0.0
0.0
0.0
0.0
0.0
0.0
0.0
0.0
0.0
0.0
0.0
0.0
0.0
0.0
0.729637086391449
0.37029802799224854
0.0
0.0
0.0
0.0
0.0
0.0
0.0
0.0
0.0
0.0
0.0
0.0
0.0
0.04757218435406685
0.0
0.0
0.0
0.0
0.039108723402023315
0.2769007980823517
0.008925323374569416
0.0
0.0
0.0
0.0
0.0
0.0
0.0
0.0
0.0
0.0
0.0
0.0
0.0
0.0
0.0
0.0
0.0
0.12862077355384827
0.36849892139434814
0.0
0.0
0.043101903051137924
0.0
0.10130052268505096
0.0
0.0
0.0
0.47009405493736267
0.0
0.0
0.0
0.0
0.0
0.0
0.12922403216362
0.0
0.0
0.6582999229431152
0.09868898242712021
0.48197734355926514
0.0
0.0
0.0
0.31306585669517517
0.0
0.0
0.042309295386075974
0.0
0.0
0.3141065835952759
0.38455793261528015
0.0
0.0
0.7101876139640808
0.3350312411785126
0.9473876953125
0.0
0.0
0.41327112913131714
1.2300537824630737
0.566643238067627
0.0
0.6517723798751831
0.0
0.0
0.2853013575077057
0.1969643384218216
0.16813692450523376
0.0
0.5069555640220642
0.23563848435878754
1.0037400722503662
0.0
0.00013970349391456693
0.2667075991630554
0.36527425050735474
0.0
0.0
0.42831742763519287
0.0
0.0
0.0
0.0
0.05457301810383797
0.0
0.40449681878089905
0.0
0.1621222198009491
0.0
0.019093506038188934
0.0
0.0
0.0
0.0
0.6266540288925171
0.4746493101119995
0.3564623296260834
0.011915258131921291
0.0
0.16652120649814606
0.0
0.615053653717041
0.0
0.0
0.0
0.0
0.10677655041217804
0.7892287373542786
0.6559017300605774
0.02670964226126671
0.6354531645774841
0.36199089884757996
0.23541544377803802
0.0
0.4898010492324829
0.5807986259460449
0.0
0.7475016117095947
0.0
0.0
0.30633974075317383
0.0
0.8549448847770691
0.5420796275138855
0.3135512173175812
0.0
0.0
0.0
0.0
0.0
0.5873297452926636
0.6204368472099304
0.0
1.1358017921447754
0.0
0.0
0.2768422067165375
0.40599215030670166
0.8850501179695129
0.0
0.13359998166561127
0.22277972102165222
0.12653754651546478
0.3307838439941406
0.4388464391231537
0.1123049408197403
0.40336841344833374
0.14276978373527527
0.0
0.6122973561286926
0.0
0.0
0.0
0.18223808705806732
1.022635579109192
0.5421318411827087
1.0468429327011108
0.8115524053573608
0.3794955015182495
0.5262085795402527
0.9108362197875977
0.7129625678062439
0.867213785648346
0.6480086445808411
0.0
0.7469008564949036
0.03836049139499664
0.0
0.0017011461313813925
0.03962734341621399
0.9313063621520996
0.43244418501853943
0.07427365332841873
0.17670013010501862
0.3039260506629944
0.34796056151390076
0.5842899680137634
0.48476216197013855
0.3956371247768402
0.0
0.0
0.3516919016838074
0.0
0.0
0.0
0.14418867230415344
0.4978863000869751
0.0
0.0
0.0
0.0
0.0
0.0
0.0
0.0
0.0
0.0
0.43608415126800537
0.0
0.46332597732543945
0.2628437876701355
0.17556414008140564
0.0
0.0
0.0
0.0
0.0
0.0
0.0
0.0
0.0
0.0
0.0
0.4708020091056824
0.0
0.0967923104763031
0.2018851786851883
0.0
0.0
0.4518595337867737
0.7443041205406189
0.0
0.0
0.015183212235569954
0.0
0.0
0.0
0.0
0.0
0.30115553736686707
0.0
0.0
0.0
0.0
0.0
0.34120190143585205
0.0
0.0
0.0
0.0
0.0
0.0
0.0
0.0
0.0
0.591329038143158
0.0
0.0
0.0
0.18129344284534454
0.24287185072898865
0.2884518504142761
0.17073726654052734
0.2538255453109741
0.0
0.13886694610118866
0.34620940685272217
0.5924373865127563
0.19647112488746643
0.0
0.6378521919250488
1.528022289276123
0.17380724847316742
0.27086201310157776
0.31688544154167175
0.1841391772031784
0.0
0.0
0.0
0.1931411772966385
0.3031458854675293
0.0
0.0
0.0
0.0867871642112732
0.32455334067344666
0.28172576427459717
0.0
0.0
0.1583259254693985
0.0994052141904831
0.0
0.0
0.0
0.0
0.0
0.0
0.0
0.0
0.0
0.0
0.0
0.0
0.0
0.0
0.0
0.0
0.0
0.08891624957323074
0.0
0.0
0.0
0.0
0.0
0.15821532905101776
0.11739414930343628
0.0
0.0
0.0
0.0
0.0
0.0
0.0
0.0
0.0
0.13148628175258636
0.0
0.0
0.0
0.0
0.3587932586669922
0.6167294383049011
0.3733375072479248
0.0
0.0
0.0
0.17978999018669128
0.0
0.0
0.0
0.0
0.0
0.0
0.0
0.012174874544143677
0.0
0.0
0.0
0.2968727648258209
0.1430116444826126
0.0
0.0
0.3650830388069153
0.047216806560754776
0.0
0.0
0.035073500126600266
0.004060171078890562
0.0
0.0
0.0
0.0
0.29814669489860535
0.04330689460039139
0.2747390866279602
0.5555350184440613
0.0
0.0
0.0
0.01744387485086918
0.0
0.0
0.0
0.015250001102685928
0.009443113580346107
0.0
0.0
0.0
0.3407922387123108
0.18798282742500305
0.3593462109565735
0.8518524169921875
0.09417197853326797
0.0
0.0
0.0
0.0
0.0
0.0
0.0
0.40221652388572693
0.0
0.0
0.0
0.0
0.0
0.0
0.4232335388660431
0.16072051227092743
0.0
0.0
0.0
0.04373948276042938
0.0
0.0
0.0
0.10482145100831985
0.0
0.0
0.0
0.1727508306503296
0.0
0.0
0.0
0.0
0.0
0.0
0.3601081371307373
0.32049208879470825
0.0
0.0
0.0
0.0
0.0
0.0
0.13568703830242157
0.6900089383125305
0.21410110592842102
0.0
0.0
0.0
0.0
0.0
0.18533742427825928
0.2625138759613037
0.0
0.0
0.0
0.0
0.0
0.0
0.0
0.20283673703670502
0.0
0.0
0.0
0.0
0.0
0.0
0.05450323596596718
0.21370245516300201
0.0
0.06688579171895981
0.0
0.0
0.5038818120956421
0.6842650771141052
0.16135847568511963
0.04784221947193146
0.13562189042568207
0.16916710138320923
0.24599219858646393
0.277836412191391
0.0
0.0
0.10967741906642914
0.2791045606136322
0.6224695444107056
0.43159767985343933
0.0
0.04486047476530075
0.44906744360923767
0.7383307218551636
0.5554163455963135
0.11386065185070038
0.21025364100933075
0.4600817561149597
0.5519011616706848
0.587623655796051
0.0
0.1685391217470169
0.0
0.15070879459381104
0.8269693851470947
0.5475198030471802
0.12668442726135254
0.12659750878810883
0.22741660475730896
0.45756885409355164
0.6778912544250488
0.36349785327911377
0.3283019959926605
0.41696619987487793
0.6062753200531006
0.40935927629470825
0.0
0.04525083303451538
0.012746869586408138
0.20286838710308075
0.3400554060935974
0.04104122146964073
0.09832639247179031
0.021738311275839806
0.0
0.057676952332258224
0.42328235507011414
0.3504209518432617
0.12560947239398956
0.0
0.30733171105384827
0.27004751563072205
0.0
0.0
0.0
0.16343511641025543
0.026794595643877983
0.0
0.0
0.0
0.0
0.0
0.360743910074234
0.1090565025806427
0.0
0.0
0.5537444949150085
0.48826906085014343
0.0
0.21090997755527496
0.0
0.41881975531578064
0.179425910115242
0.10972743481397629
0.034109845757484436
0.6350212097167969
0.7155049443244934
0.4246220588684082
0.46162980794906616
0.09351133555173874
0.1510353982448578
0.5114127397537231
0.8137911558151245
0.17539377510547638
0.0
0.23374898731708527
0.0
0.011408780701458454
0.0
0.0
0.0
0.0
0.032616838812828064
0.0
0.0
0.0
0.0
0.0
0.0
0.0
0.0
0.0
0.0
0.0
0.3036554753780365
0.0
0.12178713083267212
0.46120545268058777
0.2774863541126251
0.0
0.0
0.0
0.0
0.0
0.0
0.017068378627300262
0.476713091135025
0.0
0.0
0.0
0.40106087923049927
0.11767145991325378
0.0
0.0
0.0
0.0
0.0
0.0
0.0
0.0
0.0
0.49275335669517517
1.1477930545806885
0.0
0.0
0.0
0.0
0.0
0.0
0.0
0.0
0.0
0.0
0.0
0.0
0.0
0.0
0.32608458399772644
1.4000375270843506
0.0
0.0
0.0
0.4416293501853943
0.4260140657424927
0.0
0.0
0.0
0.0
0.0
0.0
0.0
0.0
0.0
0.0
0.32241368293762207
0.0
0.0
0.0
0.5001991391181946
1.1790941953659058
0.0
0.0
0.0
0.34623420238494873
0.538358747959137
0.30080658197402954
0.46495458483695984
0.22198131680488586
0.0
0.0
0.0
0.0
0.0
0.0
0.06313703954219818
1.0519450902938843
0.7533881664276123
0.0
0.0
0.0
0.20356279611587524
0.0
0.2902412712574005
0.06393913924694061
0.0
0.0
0.0
0.0
0.0
0.0
0.3531392514705658
0.3370436728000641
0.7659399509429932
0.0
0.0
0.0
0.0
0.0
0.0
0.0
0.0
0.0
0.0
0.0
0.0
0.0
0.407880961894989
0.0
0.8286348581314087
0.20592273771762848
0.0
0.0
0.7287725210189819
0.42889881134033203
0.0
0.0
0.15999872982501984
0.0
0.0
0.0
0.0
0.18681594729423523
0.0
0.0
0.15256227552890778
0.3649319112300873
0.0
0.0
0.9640834927558899
0.8630475997924805
0.19931301474571228
0.0
0.0
0.0
0.0
0.47303351759910583
0.24328112602233887
0.614011287689209
0.0
0.0
0.0
0.22917763888835907
0.0
0.0
0.627481997013092
0.4020331799983978
0.08580733835697174
0.0
0.0
0.0
0.0
0.0
0.0018698277417570353
0.7641009092330933
0.26544561982154846
0.0
0.0
0.0
0.0
0.0
0.0
0.0
0.0
0.0
0.0
0.0
0.0
0.0
0.24492722749710083
0.4384761154651642
0.6633567810058594
0.29148632287979126
0.0
0.0
0.21914565563201904
0.008024537935853004
0.0
0.0
0.0
0.0
0.0
0.0
0.0
0.0
0.26622092723846436
0.6507329940795898
0.6244927048683167
1.1047468185424805
0.6540281176567078
0.0
0.4741096794605255
0.3728521168231964
0.0
0.0
0.0
0.0
0.0
0.0
0.0
0.2244492918252945
0.7833206653594971
0.8376737236976624
0.9291267991065979
0.6437796354293823
0.7862674593925476
0.2493169903755188
0.3189564347267151
0.45464763045310974
0.03418273478746414
0.0
0.0
0.0
0.0
0.0
0.006865998264402151
0.35116463899612427
0.0
0.0
0.0
0.0
0.0
0.0
0.0
0.0
0.0
0.0
0.0
0.0
0.0
0.0
0.0
0.0
0.0
0.0
0.0
0.0
0.0
0.0
0.0
0.0
0.0
0.0
0.0
0.10747808963060379
0.0
0.0
0.0
0.0
0.635696291923523
0.053008221089839935
0.0
0.0
0.2603251039981842
0.45630666613578796
0.0
0.0
0.0
0.0
0.0
0.06481654196977615
0.2258889079093933
0.0
0.0
0.0
3.03434681892395
0.9713367223739624
0.0
0.0
0.0
0.0
0.0
0.0
0.0
0.0
0.0
0.0
0.20368362963199615
0.0
0.0
0.0
0.5583905577659607
0.0
0.0
0.0
0.35685133934020996
0.0
0.0
0.0
0.5293630957603455
0.14809821546077728
0.0
0.0
0.0
0.0
0.0
0.0
0.0
0.0
0.0
0.0
1.217451810836792
0.0
0.0
0.0
0.0
0.0
0.0
0.0
0.3814028799533844
0.0
0.0
0.0
0.0
0.0
0.0
0.0
0.0
0.0
0.3974720537662506
0.0
0.0
0.0
0.0
0.0
0.18712440133094788
0.06582579016685486
0.0
0.0
0.0
0.31987178325653076
0.0
0.0
0.0
0.0
0.4134434163570404
0.0
0.0
0.0
0.0
0.0
0.0
0.0
0.30247578024864197
0.0
0.0
0.0
0.0
0.0
0.0
0.136572003364563
0.0
0.0
0.0
0.5139142870903015
0.0
0.0
0.0
0.32837724685668945
0.0
0.14428994059562683
0.0
0.0
0.0
0.0
0.0
1.2799471616744995
0.0
0.0
0.0
0.0
0.0
0.0
0.0
0.0
0.0
1.0921396017074585
0.0
0.0
0.0
0.0
0.0
0.0
0.0
0.0
0.0
0.0
0.0
0.0
0.0
0.0
0.03403315320611
0.0
0.09884689003229141
0.0
0.0
0.0
0.0
0.0
0.0
0.0
0.0
0.0
0.0
0.0
0.0
0.0
0.38543111085891724
0.0
0.0
0.0
0.0
0.0
0.0
0.0
0.0
0.0
0.0
0.0
0.0
0.0
0.0
0.0
0.11417319625616074
0.18071043491363525
0.0
0.0
0.0
0.0
0.0
0.0
0.1343163102865219
0.0
0.0
0.0
0.0
0.0
0.0
0.0
0.2782629728317261
0.5613347887992859
0.0
0.0
0.0
0.0
0.0
0.0
0.0
0.0
0.0
0.0
0.0
0.0
0.0
0.0
1.2915174961090088
0.5590760111808777
0.2488476037979126
0.0
0.0
0.0
0.0
0.0
0.11991176009178162
0.0
0.0
0.13901548087596893
0.1349439173936844
0.0
0.0
0.0
1.2827928066253662
