-1.3693183660507202
-1.7945787906646729
-2.6023812294006348
-1.219707727432251
-1.88958740234375
-3.6205759048461914
-2.100945472717285
-1.1150315999984741
-1.1031121015548706
-2.0493040084838867
-1.6134624481201172
-2.1744229793548584
-2.119001865386963
-4.018669605255127
-4.555312633514404
-2.4949803352355957
-0.4170914888381958
-4.0123772621154785
-1.6214145421981812
-1.753123164176941
-0.39479196071624756
-1.218932867050171
-3.702648878097534
-3.023195743560791
-2.040822982788086
-5.369488716125488
-2.03483247756958
0.9614046216011047
-1.1659197807312012
-1.4214692115783691
0.7048500180244446
0.7882987260818481
-1.4065133333206177
-4.426352500915527
-3.4239022731781006
-0.3377269506454468
-1.2831324338912964
-0.3398747444152832
2.3332879543304443
1.0426580905914307
0.6100855469703674
-0.7384896278381348
-1.6735155582427979
-0.6274453401565552
-1.6137372255325317
0.029504351317882538
0.8686546087265015
1.6999231576919556
-1.614080786705017
-1.3373223543167114
-1.4123245477676392
-1.1993157863616943
0.22524479031562805
0.7064430117607117
1.0579603910446167
1.182888388633728
-2.381502866744995
-1.7758166790008545
0.4189537763595581
-0.6238292455673218
0.0651145875453949
0.48536163568496704
0.7394149303436279
0.7517053484916687
0.7705762386322021
0.42609280347824097
-0.9859946966171265
-0.31819072365760803
-0.8444979190826416
-0.45512524247169495
1.8992254734039307
1.4476795196533203
0.032895296812057495
1.7118488550186157
-1.8539886474609375
-1.0279256105422974
-0.4953378736972809
-1.87272310256958
0.7222495079040527
3.159343719482422
0.30323243141174316
3.9003045558929443
-1.487931251525879
-2.9899539947509766
-0.46840572357177734
-1.1705987453460693
-0.9940574765205383
2.5679240226745605
1.0207651853561401
2.363572835922241
-0.7626725435256958
-3.0586495399475098
-1.2155649662017822
-2.269305467605591
-2.6401917934417725
1.8832769393920898
0.12420816719532013
0.21435736119747162
0.1650293469429016
-0.8289446234703064
-1.0812748670578003
-1.2368698120117188
-1.570363998413086
1.0669810771942139
0.5608828067779541
0.10636043548583984
0.557334840297699
1.3147013187408447
-0.5675663352012634
-0.6891369819641113
-0.38122907280921936
0.2802731990814209
0.9576412439346313
1.2945760488510132
0.5565157532691956
0.17989113926887512
-1.2920780181884766
-1.3168069124221802
-1.6491904258728027
-1.3703961372375488
0.5730822682380676
1.7534306049346924
0.9283434748649597
-0.017513446509838104
-0.46053990721702576
-0.9447845816612244
-0.8099555373191833
-0.13437561690807343
-0.3537066876888275
0.052116502076387405
0.5311169624328613
-1.0730739831924438
-1.8035731315612793
0.4511581361293793
-0.7517886161804199
-1.5938808917999268
-0.8659555912017822
-2.074429988861084
-1.4175397157669067
-0.9405732750892639
-0.0102548748254776
1.0037556886672974
1.8201050758361816
-2.8896408081054688
-0.5432807207107544
0.36005061864852905
-0.20331880450248718
1.4031970500946045
1.1107426881790161
-2.1844193935394287
0.7951762676239014
-1.494857907295227
1.8965494632720947
1.800648808479309
0.11972841620445251
-1.318311333656311
2.084697961807251
-2.456395387649536
0.2909672260284424
0.5809676647186279
1.112206220626831
1.6461913585662842
0.10033649206161499
0.4157165288925171
3.250441074371338
-1.053729772567749
1.464120864868164
-0.1965620070695877
-0.16966907680034637
-0.753368079662323
1.7692362070083618
1.9839595556259155
2.132042169570923
-0.2977394163608551
0.2708895206451416
-0.8354400992393494
2.1833302974700928
0.34162023663520813
-0.25552040338516235
2.786465644836426
0.8734601736068726
-0.22238019108772278
-1.2067029476165771
0.26272282004356384
2.488051414489746
2.3849937915802
-0.9546631574630737
0.3164089024066925
-0.9737945199012756
0.15134170651435852
0.8598120212554932
0.6435219645500183
0.8180450797080994
0.7055655121803284
-2.0205068588256836
-0.08616448193788528
1.3944650888442993
1.2635698318481445
2.1129238605499268
1.6209067106246948
1.2561262845993042
1.098840355873108
-0.8079524636268616
-0.04311402514576912
1.0561507940292358
2.203767776489258
-0.139083132147789
0.3426286578178406
0.15992316603660583
1.0958117246627808
-0.09579828381538391
-0.15532797574996948
-0.0922238826751709
-0.11099712550640106
1.4974256753921509
0.2100227326154709
0.4278024137020111
0.3240679204463959
1.0502161979675293
1.7777210474014282
3.336904525756836
1.6150457859039307
1.2587008476257324
1.3900965452194214
0.8912836909294128
-1.126272439956665
0.06419390439987183
2.324821949005127
2.659238576889038
0.09539473056793213
0.707822859287262
1.105406641960144
-0.03728898614645004
-0.8365367650985718
-2.390747308731079
0.05662425979971886
0.4148068130016327
-0.5435095429420471
0.24501651525497437
-0.5763427019119263
-0.8308520317077637
-1.7259232997894287
-3.070786952972412
-2.046159505844116
-1.367800235748291
-1.3274348974227905
-0.4664546549320221
0.6125661730766296
0.7429231405258179
-0.45205217599868774
-2.150254011154175
-0.8008288741111755
0.20412598550319672
-0.13775300979614258
-0.2765195369720459
0.6844457387924194
0.4129117727279663
0.25211501121520996
-0.15481697022914886
-0.8768972754478455
-0.8800708651542664
0.4416916072368622
1.879280924797058
0.2698400914669037
0.5979721546173096
1.2472116947174072
0.4465385675430298
-0.7016336917877197
0.4262811839580536
0.8503905534744263
0.4523589015007019
2.0609805583953857
-0.315201073884964
1.260089635848999
1.626646637916565
-1.034148097038269
0.2765941023826599
-0.4861418604850769
-1.0184643268585205
2.3317854404449463
0.7193911671638489
1.0023572444915771
1.3437306880950928
-0.52852863073349
0.5756392478942871
1.0002260208129883
0.897079348564148
0.9501275420188904
1.1740115880966187
1.093272089958191
1.1135426759719849
0.12369729578495026
-0.7601308226585388
-0.23562344908714294
-0.47293710708618164
-0.10227396339178085
1.175581693649292
0.43267926573753357
-1.1259523630142212
0.21288911998271942
0.7916808128356934
0.4989773631095886
-0.025848999619483948
-0.6159455180168152
1.7659498453140259
1.0724231004714966
-1.7511574029922485
-1.7925305366516113
-0.31249263882637024
-0.8766629099845886
-0.329594224691391
-0.6766110062599182
0.8042014241218567
0.27685806155204773
0.33020472526550293
0.1505303978919983
1.2280412912368774
0.9020398259162903
0.14960747957229614
-0.48791956901550293
0.0004422711208462715
0.2733192443847656
-0.19726012647151947
0.4342697262763977
-0.4554298520088196
0.12094025313854218
0.2177431434392929
-0.23299729824066162
-0.6024987101554871
0.6269540190696716
0.6554042100906372
1.120583176612854
1.5009526014328003
1.9327425956726074
2.008378267288208
1.9662232398986816
1.070906162261963
1.4869402647018433
1.9877599477767944
0.5781331062316895
2.2097465991973877
0.6924918293952942
1.3134980201721191
1.5621026754379272
0.8921220898628235
-1.040196180343628
0.31583279371261597
-1.7838010787963867
-0.5880218148231506
-1.2672992944717407
-2.3189940452575684
-1.6450271606445312
-0.7376805543899536
-0.828356146812439
0.2997720241546631
-1.702199101448059
-2.1447978019714355
-2.0041775703430176
-1.2052265405654907
-1.4219729900360107
-0.866041362285614
-0.4933040142059326
0.21133817732334137
-0.15233992040157318
-0.7984848618507385
-0.26574358344078064
-0.15277431905269623
-0.4915153384208679
0.5101612210273743
0.29648536443710327
-0.30730801820755005
0.49185681343078613
0.606992781162262
0.017999332398176193
0.519261360168457
-0.38312962651252747
0.04332266375422478
-0.5874929428100586
-1.666225790977478
0.7035536766052246
0.8772550225257874
-0.6481649279594421
-0.6381289958953857
-0.8487568497657776
-0.18320691585540771
-1.6905406713485718
-1.1458228826522827
-1.01662278175354
-3.1554276943206787
-1.6152812242507935
-0.684298574924469
-1.491138219833374
0.36367931962013245
-1.9989351034164429
-2.8388590812683105
-2.68617582321167
-3.9182846546173096
-3.1945295333862305
-1.6031427383422852
-2.8515172004699707
-0.6599262952804565
-3.30056095123291
-3.2841615676879883
-2.3494033813476562
-1.3633317947387695
-0.05158413201570511
-0.8137450218200684
-2.701279878616333
-0.027953237295150757
-1.8009333610534668
-2.1876516342163086
-2.360438108444214
-0.683601975440979
0.9262562394142151
0.5278465747833252
-1.3017321825027466
0.07449828088283539
-1.8521137237548828
-3.881564140319824
-3.226623773574829
-2.762918710708618
-1.1305131912231445
-0.8889198899269104
-1.129675269126892
1.7189620733261108
-2.4792160987854004
-3.1866981983184814
-2.4752535820007324
-1.7668291330337524
-0.2892279326915741
1.2444578409194946
0.3715812563896179
1.2953529357910156
-0.38902437686920166
-2.114332675933838
-1.3660625219345093
0.8265982866287231
1.013682246208191
0.2509230971336365
-0.30356720089912415
-0.09439759701490402
-0.9496023058891296
-2.0788733959198
-0.995974600315094
-0.37090933322906494
-0.93485426902771
-1.4025578498840332
-1.2785022258758545
0.3177601397037506
0.2794819474220276
1.425436019897461
1.451225757598877
-0.14048470556735992
-0.849283754825592
-2.0712389945983887
-1.0184091329574585
-0.5999889969825745
-0.6327163577079773
1.3610128164291382
0.1697898507118225
-1.5833672285079956
-0.06350594758987427
-1.3442202806472778
-1.9071544408798218
-0.018888436257839203
0.1457258015871048
0.5193788409233093
1.2761462926864624
-0.8788270354270935
-1.0371040105819702
-1.8641518354415894
-1.4393181800842285
2.189471960067749
2.8785829544067383
1.954537034034729
-1.0916210412979126
0.5116446614265442
0.8156607747077942
-2.049356460571289
-0.9633520841598511
1.0425182580947876
2.2942123413085938
1.3636689186096191
-2.9310572147369385
-1.1117610931396484
0.2891073226928711
-1.7928426265716553
-1.5089830160140991
0.06676755845546722
1.4243273735046387
2.3125367164611816
-1.3946824073791504
-0.026523873209953308
0.3011753261089325
-2.045541763305664
-1.336119294166565
0.8113107085227966
1.3668092489242554
1.1534923315048218
-0.5852585434913635
-1.1461228132247925
-0.12642386555671692
-1.1461011171340942
-1.3199105262756348
0.5378644466400146
0.5095447301864624
-1.1329443454742432
-1.2155174016952515
-0.9796844720840454
-0.2109888195991516
-0.04905400797724724
0.10844219475984573
-0.5893325209617615
0.6513293385505676
0.9076523780822754
-1.190024733543396
-1.1826956272125244
-0.2723070979118347
0.7939403653144836
2.2526981830596924
0.8682032823562622
3.2436435222625732
0.9368088245391846
-0.5370169878005981
1.3591179847717285
1.8224979639053345
1.808403730392456
2.111572742462158
0.9702302813529968
1.9324589967727661
1.1414605379104614
2.402157783508301
3.252753257751465
4.419413089752197
4.967152118682861
0.7772233486175537
0.6976134181022644
0.9069188237190247
1.5680359601974487
2.9996464252471924
0.8127985596656799
0.6321987509727478
1.0898226499557495
-1.2775321006774902
0.5848923325538635
1.5224319696426392
0.6751879453659058
1.1430217027664185
0.8871173858642578
0.014388680458068848
-0.8361793160438538
-0.4274963438510895
0.061460427939891815
1.299527883529663
-0.4410042464733124
-1.0481793880462646
-0.7722680568695068
-0.7390202283859253
0.47741249203681946
-0.38196414709091187
0.7786524891853333
-1.172469973564148
0.4243791997432709
0.03046659380197525
-0.8169849514961243
0.08407735824584961
0.29424771666526794
0.43140843510627747
2.0390431880950928
-0.029109885916113853
0.32607659697532654
1.330043911933899
1.4059206247329712
1.1522465944290161
0.034090686589479446
0.39670851826667786
-1.2983454465866089
-2.11150860786438
-1.172389268875122
-1.0872148275375366
-0.47046738862991333
-0.9377962350845337
-1.4591413736343384
-1.5054681301116943
-1.3386863470077515
-1.5768461227416992
0.28420087695121765
-0.16858075559139252
1.1867573261260986
0.5395678281784058
-0.18263840675354004
-0.5658014416694641
0.3616856634616852
0.6203759908676147
2.0602352619171143
1.4242050647735596
1.759636402130127
1.4796507358551025
0.5055756568908691
-0.36745956540107727
-0.11529448628425598
-0.23537959158420563
1.829180121421814
0.890914261341095
-0.11044944822788239
0.7611130475997925
0.6933029294013977
-1.6817163228988647
-0.9012892246246338
-0.8109641075134277
0.6031497716903687
0.5297142267227173
-0.4678853154182434
1.271541953086853
0.6622034311294556
-0.7815208435058594
-0.5838176608085632
-0.952212929725647
-0.02645248919725418
1.2140507698059082
1.3530930280685425
0.9044853448867798
0.2827591001987457
-0.10108909010887146
-0.8389456868171692
0.4058438837528229
1.1240172386169434
2.067645311355591
1.5177676677703857
-0.608108401298523
-0.7933263778686523
-1.3026293516159058
-1.014431357383728
-0.8739476203918457
-0.2962372303009033
-0.4892505705356598
-0.581963837146759
-1.363593339920044
-1.4993617534637451
-1.0691108703613281
-0.5313425064086914
0.037822429090738297
-0.17800897359848022
0.3530622720718384
-1.133178472518921
-1.7802343368530273
-0.9598556756973267
-1.0370527505874634
-0.15736421942710876
0.11606493592262268
-0.23527628183364868
0.655656635761261
-0.9980974197387695
-0.8273367285728455
-1.0103386640548706
-0.18108128011226654
-0.4273947477340698
-0.11856796592473984
-0.9637806415557861
-0.7335190176963806
-0.6801313161849976
0.3604890704154968
-0.5938806533813477
1.4806456565856934
-1.5086523294448853
0.15906740725040436
0.6925888061523438
-0.2772583067417145
1.2370493412017822
0.7713049650192261
1.8805246353149414
-0.15960553288459778
-1.1940593719482422
0.3849749267101288
1.9545087814331055
0.05898211896419525
-0.5359243750572205
0.39087456464767456
1.108709692955017
-1.364319086074829
0.15774933993816376
-0.15976279973983765
0.8661530613899231
-0.6690216660499573
-1.702195644378662
-1.2485712766647339
-1.583678126335144
-1.334506869316101
0.2015381008386612
0.6336587071418762
-0.47754624485969543
-0.6779116988182068
-0.9576873183250427
-1.10112726688385
-1.5836626291275024
-1.1496564149856567
-0.6871826648712158
0.03934285044670105
-0.630074143409729
-0.24201743304729462
-0.5792664289474487
-0.7812298536300659
-0.2108546942472458
-0.3593388497829437
-2.5648624897003174
-3.470432758331299
-1.8864772319793701
-1.060764193534851
-1.9204341173171997
-2.1351683139801025
-2.6278011798858643
-2.074268102645874
-1.265647530555725
-3.2811903953552246
-1.8197002410888672
-2.053689479827881
-2.069575309753418
-2.5469861030578613
-3.409923791885376
-0.8189277648925781
0.12941640615463257
-0.3819270133972168
-0.9605457186698914
-2.7400665283203125
-0.44481566548347473
-0.6923015713691711
-3.7753212451934814
-0.030702948570251465
0.006530731916427612
1.12211012840271
-0.13333213329315186
-1.4119616746902466
-2.0502448081970215
-2.277628183364868
-2.3705856800079346
-1.7846410274505615
-0.8142493963241577
0.539778470993042
1.347113013267517
0.6711016893386841
-0.28826287388801575
0.16311824321746826
0.9575269818305969
0.5447954535484314
-0.32237064838409424
0.6183822154998779
2.7038381099700928
3.5298962593078613
3.860194206237793
3.6507174968719482
1.4084506034851074
0.6348989605903625
0.20461657643318176
3.4842348098754883
2.9543673992156982
1.4314932823181152
-0.4195898175239563
-0.4303378164768219
-0.7756965756416321
-0.7425954937934875
-0.7173104882240295
1.8550198078155518
2.2423346042633057
0.9495563507080078
0.402424693107605
-0.3749977648258209
0.5967168807983398
0.9762722253799438
2.5185556411743164
-0.3731895983219147
0.5367199778556824
0.7867105007171631
1.3325172662734985
0.07637426257133484
0.10996359586715698
-0.10893261432647705
1.8068015575408936
-0.3928842544555664
1.6621432304382324
-0.045302614569664
0.8557880520820618
2.1067848205566406
-0.548321008682251
0.36932140588760376
-0.41995352506637573
0.8553493618965149
2.0939879417419434
0.4950326681137085
-0.4372566044330597
1.7960759401321411
2.5388646125793457
0.6920303106307983
1.2374061346054077
1.9033479690551758
1.421569585800171
0.5321468114852905
0.02054561674594879
1.4421051740646362
1.9644668102264404
0.7412689328193665
1.3750709295272827
0.21413607895374298
1.6335612535476685
1.6549625396728516
3.6212708950042725
4.555873870849609
3.484375
0.6642793416976929
0.5162636041641235
1.2061567306518555
2.1046249866485596
2.318786144256592
0.6968016028404236
0.48598039150238037
2.09737491607666
0.28691890835762024
-0.5615496039390564
2.2167749404907227
2.078760862350464
1.901127576828003
1.2542808055877686
1.211827039718628
1.8475608825683594
0.6480000019073486
0.06964818388223648
1.1986557245254517
1.749977469444275
1.6922024488449097
0.37114566564559937
0.12168034166097641
0.12424099445343018
-0.04825938120484352
0.7669810652732849
0.811389684677124
-0.9354601502418518
0.7120087742805481
1.3504455089569092
3.55184006690979
2.9181394577026367
0.34659135341644287
1.6251550912857056
3.1427791118621826
-0.903489887714386
1.735336184501648
2.469341516494751
4.113434314727783
5.187078952789307
1.6072020530700684
-0.40421172976493835
-0.8700563907623291
-1.1040583848953247
0.5238185524940491
-1.6655381917953491
-0.8327950835227966
1.3809901475906372
0.14127099514007568
-1.6540669202804565
-2.9783244132995605
-2.6016035079956055
-1.92745840549469
-3.101141929626465
-1.392434000968933
-1.170694351196289
0.5261040329933167
-0.9533680081367493
-3.340775728225708
-4.153573513031006
-3.963320255279541
-3.1072564125061035
-2.618922233581543
-1.9919471740722656
0.5812414884567261
0.3545568585395813
-2.3561832904815674
-3.7004895210266113
-2.8899731636047363
-2.0720460414886475
-1.0110583305358887
-0.2598581910133362
0.4148396849632263
0.8817539811134338
-2.210268497467041
-3.3127644062042236
-1.43330979347229
-0.9916983842849731
-0.08835545927286148
-0.29977402091026306
0.636195719242096
-0.29966771602630615
-0.9874067902565002
-1.9650238752365112
-1.696960210800171
-0.4707498252391815
0.40478745102882385
0.898654043674469
0.8513033986091614
-0.9924359917640686
-1.3573739528656006
-0.7689267992973328
-0.3264218270778656
-1.293308973312378
-1.3067655563354492
-0.7624225616455078
0.3614141047000885
-1.2380315065383911
-1.5367305278778076
-1.3200452327728271
-0.40986987948417664
0.6413275599479675
1.835150957107544
2.373934268951416
1.2313343286514282
-0.5333012938499451
1.2082191705703735
0.9045445322990417
2.9058847427368164
2.815448760986328
3.0250132083892822
1.889231562614441
0.07375893741846085
-0.3521974980831146
2.4388208389282227
3.553877592086792
2.4903697967529297
0.05291014537215233
2.381300926208496
0.07902909815311432
-1.409338116645813
-1.2772771120071411
0.01559411734342575
0.9062404632568359
1.0140478610992432
1.4611459970474243
2.404463529586792
-0.039459701627492905
1.0472561120986938
-1.5672706365585327
-1.009899377822876
0.5242835283279419
1.2351876497268677
1.67836332321167
1.7002513408660889
2.790951728820801
1.6472408771514893
-0.2081523984670639
0.7579908967018127
2.0297937393188477
2.4068572521209717
3.179616928100586
2.06003475189209
1.8235673904418945
0.2411750704050064
0.558347761631012
0.34616267681121826
1.175504207611084
1.409847378730774
0.5142197608947754
-0.5232890844345093
-0.3519722819328308
-0.0854300782084465
0.014695954509079456
0.2032400220632553
0.9295712113380432
0.7465786337852478
-0.5406904816627502
-0.3711887001991272
-1.3037009239196777
0.8315298557281494
-0.4668337404727936
0.1885368973016739
0.627955436706543
-1.0786765813827515
-3.023284673690796
-0.8717233538627625
-1.2503304481506348
-0.8196754455566406
-0.5128885507583618
-0.3666369915008545
-0.5170096755027771
-0.23282581567764282
-0.03620050847530365
-1.0304763317108154
-1.158729910850525
-0.8451180458068848
0.5190416574478149
0.00718379020690918
-0.06490156054496765
0.14813704788684845
0.7923806309700012
0.7209925651550293
0.25370004773139954
-0.32613056898117065
0.503075897693634
1.8420003652572632
0.39329761266708374
-0.7831971645355225
0.7929112315177917
0.7163985371589661
0.9631953239440918
-0.3127867579460144
0.7561278939247131
2.8200814723968506
1.7278050184249878
0.3043481409549713
-0.437881737947464
0.23710966110229492
0.3648304343223572
-0.173570916056633
0.44900569319725037
0.38801345229148865
0.47067031264305115
1.0409340858459473
0.2720848619937897
0.06155356019735336
0.6182559132575989
1.7757989168167114
1.1798646450042725
0.5995862483978271
0.24020904302597046
1.7638237476348877
0.189424529671669
0.15854492783546448
0.44478151202201843
0.6482372879981995
-0.4004039168357849
-1.1954456567764282
-1.6774128675460815
-0.4770168960094452
-1.5037020444869995
-1.5128810405731201
-2.203183889389038
-1.4471139907836914
2.156106948852539
0.26585882902145386
-0.21889397501945496
-0.19010108709335327
-1.2898646593093872
-3.311328172683716
-3.212069034576416
-1.580356240272522
0.060010068118572235
-1.1071852445602417
-0.6525617837905884
-1.2511475086212158
-2.8206725120544434
-2.6680400371551514
-2.140070676803589
-2.0545248985290527
-0.6917014122009277
-2.206174612045288
-2.409059762954712
-2.5560643672943115
-4.643601417541504
-1.9797329902648926
-3.3982481956481934
-1.9145299196243286
-0.46398478746414185
-2.266711711883545
-1.9745862483978271
-0.9520381689071655
-1.9719866514205933
-1.1258046627044678
-0.7702187299728394
-0.36531102657318115
0.219260573387146
-1.205140233039856
-1.676918864250183
-1.3544926643371582
-3.4286584854125977
-2.557849884033203
-2.281589984893799
-1.6631019115447998
-0.6250148415565491
-0.3450440764427185
-0.18128350377082825
-2.099313735961914
-3.5377402305603027
-3.110534191131592
-2.4987778663635254
-0.9325411319732666
-1.2696059942245483
-0.7201422452926636
-0.7601268291473389
-1.6423065662384033
-1.540405511856079
-0.26317158341407776
0.07057981193065643
0.0166128221899271
0.3830474317073822
0.39035871624946594
-0.22973597049713135
-1.3893764019012451
-0.8994768261909485
-0.08220464736223221
-0.10903014242649078
-0.10441108047962189
-0.4361517131328583
-0.6817348599433899
-0.45527976751327515
-1.2378597259521484
-0.05435073375701904
1.5859887599945068
1.347121000289917
-0.6755984425544739
-0.9920712113380432
-0.3212331533432007
-0.10480302572250366
0.23233413696289062
0.22550828754901886
0.844598114490509
1.2697038650512695
-1.4856889247894287
1.1018365621566772
1.1689902544021606
-0.005130648612976074
-0.7467898726463318
-2.103719472885132
-2.482680559158325
-2.840989112854004
-2.610454797744751
-0.018784910440444946
-1.024846076965332
-2.4424538612365723
-3.173079252243042
-3.8034629821777344
-2.1583051681518555
-3.7744104862213135
-2.032317876815796
-2.126079797744751
-1.7363635301589966
-1.7525076866149902
-2.4270589351654053
-3.28476619720459
-2.420182943344116
-1.9147895574569702
-0.8036379218101501
-1.6278407573699951
-2.2573070526123047
-2.082303047180176
-0.2845853269100189
-0.15578794479370117
0.975521981716156
1.081890344619751
0.25231173634529114
0.45232275128364563
0.6784383058547974
0.965433657169342
0.704458475112915
-0.010744370520114899
0.4231693744659424
0.30845072865486145
0.26380655169487
0.6000687479972839
0.4085986018180847
-0.93491131067276
0.6048086881637573
0.5807808041572571
0.10255573689937592
0.24576914310455322
-0.4631197452545166
0.20624755322933197
0.17664025723934174
-0.5623241662979126
2.0373165607452393
1.077771544456482
0.14612393081188202
0.2048584520816803
0.2242712825536728
0.9042212963104248
0.567135751247406
1.2261409759521484
2.6690704822540283
1.8556782007217407
0.2956121563911438
0.08612651377916336
1.3947967290878296
-0.14166341722011566
-0.4637264311313629
0.5700236558914185
1.653975248336792
-0.12424683570861816
1.135155200958252
0.4769115447998047
-0.09838436543941498
-1.7348661422729492
-2.1493566036224365
-0.3850112557411194
-1.357537031173706
-1.7886552810668945
-0.7873728275299072
-1.4950634241104126
-0.5993045568466187
-1.2402408123016357
-2.5481374263763428
0.2592424154281616
-0.13185007870197296
-2.1067910194396973
-2.2483277320861816
-0.6909000873565674
-0.06307924538850784
0.5922492146492004
0.16358038783073425
-0.9197601675987244
-0.4236646294593811
-0.7729430198669434
-1.062099814414978
-0.5670796036720276
0.3908228874206543
-0.27079305052757263
1.54253089427948
0.48102641105651855
-0.8305668234825134
-0.10461591184139252
-0.7141584157943726
-0.664905846118927
-0.11141331493854523
0.19407151639461517
0.1278855800628662
0.9311298131942749
-0.6249474883079529
-0.8477423191070557
-0.12255759537220001
-0.4002925753593445
-0.34619587659835815
-0.1804226189851761
0.4600983262062073
0.8775457143783569
0.11917198449373245
-0.7152911424636841
-1.3750845193862915
-0.9237237572669983
-0.05233248323202133
0.1709836721420288
1.3452378511428833
1.4551435708999634
0.7269496917724609
0.6456835269927979
-0.3266732096672058
-1.0186940431594849
0.7598608732223511
0.4444368779659271
0.058660462498664856
-0.39988231658935547
0.07208069413900375
0.9791115522384644
1.364040493965149
-0.21769043803215027
0.9579904675483704
-0.41620734333992004
0.6209288835525513
0.34894588589668274
0.3354366719722748
0.7395935654640198
0.5975943207740784
0.7576367259025574
1.4374585151672363
-1.074553370475769
0.3806637227535248
1.14799964427948
-0.9075475335121155
-0.344908207654953
-0.6964544057846069
0.15541425347328186
0.6224878430366516
-1.2275077104568481
-0.9921433329582214
0.5785620808601379
-0.6288964748382568
-1.417092204093933
-0.7024643421173096
-0.32542937994003296
0.37301695346832275
-0.8762915134429932
-0.5761125683784485
-0.6027510762214661
-0.5315676331520081
0.041305240243673325
0.07416121661663055
0.3604734539985657
0.5940134525299072
-0.47651466727256775
-0.9088730216026306
0.25263747572898865
0.8826144933700562
0.2454335242509842
-0.11570178717374802
-0.9607952237129211
-1.1649892330169678
0.5702412724494934
0.2628950774669647
-0.25963541865348816
1.3892942667007446
0.7229359149932861
0.5226479768753052
-1.0318635702133179
0.062050990760326385
-1.5694726705551147
-1.0407685041427612
-1.0351881980895996
-0.276697039604187
-1.1835705041885376
1.0641014575958252
-1.1527034044265747
0.40703311562538147
-2.788494825363159
-2.0371623039245605
-0.39451882243156433
0.1647985726594925
0.43505534529685974
1.000529408454895
-0.10848796367645264
0.12993456423282623
-1.9776095151901245
-1.0217188596725464
-0.1478790044784546
0.5106741189956665
0.17149823904037476
0.14053617417812347
0.8845019340515137
0.05938374251127243
-0.5932707786560059
-0.291862815618515
-0.8822273015975952
0.18329857289791107
-0.06336458027362823
0.32971882820129395
0.27981680631637573
-0.8085565567016602
-0.8857786059379578
-0.5349620580673218
1.0181015729904175
0.4873221814632416
0.5318527817726135
0.5626882314682007
0.4747847020626068
-0.21181786060333252
1.017892837524414
-0.628978431224823
-0.2651377022266388
0.5683736801147461
0.8329898715019226
0.6696385741233826
1.0253864526748657
-0.08903984725475311
-1.262391209602356
-0.7310413122177124
0.20150135457515717
-0.34287112951278687
-1.0527414083480835
-0.11490122228860855
-1.1133979558944702
-1.4117016792297363
1.0020802021026611
0.6070871353149414
-0.26690250635147095
-1.5040653944015503
-1.6694157123565674
1.48427152633667
-0.1530526876449585
-2.1314549446105957
-0.2842766344547272
-4.096302032470703
-4.298543453216553
-2.548280715942383
-0.6410202383995056
0.7331680655479431
0.877376139163971
-2.701944351196289
-1.5659472942352295
-3.4271438121795654
-2.9971184730529785
-1.879689335823059
-0.900534987449646
-0.32551971077919006
1.0336484909057617
-0.45551300048828125
-1.0822583436965942
-0.7650926113128662
-1.7000035047531128
-1.9858494997024536
-1.057326078414917
-1.4371083974838257
-0.7034271359443665
-0.05378490686416626
-1.0473427772521973
-1.2646154165267944
-0.7182645201683044
-1.4743237495422363
-1.554855227470398
-0.03208386152982712
-0.32988277077674866
-0.5033710598945618
-0.8668464422225952
-3.338548183441162
-1.7300605773925781
-0.3228539526462555
-1.3340847492218018
-0.6003875136375427
-0.4769003987312317
-0.41984060406684875
-0.28567320108413696
-1.8106549978256226
-1.460900902748108
0.19048191606998444
-0.40612173080444336
-1.0260423421859741
-0.7181956768035889
-0.42629754543304443
-0.7042272686958313
-0.779403567314148
-0.21386589109897614
0.8327176570892334
-0.37665194272994995
-1.716825246810913
-1.3151423931121826
-0.5709201693534851
-1.4852361679077148
-1.162047266960144
-1.7764081954956055
-0.37253233790397644
-0.15918372571468353
-1.7677265405654907
-2.293630838394165
-1.4803045988082886
-1.2254669666290283
-2.0691404342651367
0.193820521235466
-1.3872560262680054
-1.292630672454834
-2.352879762649536
-3.8224523067474365
-3.3119254112243652
-2.0979723930358887
-2.7450969219207764
-0.21267572045326233
-1.4858322143554688
-1.124027132987976
-1.472804069519043
-2.7198877334594727
-1.9443567991256714
-1.804297685623169
-2.2532434463500977
-1.096059799194336
-0.6727498173713684
-1.6092090606689453
-1.288759708404541
-1.3773481845855713
-1.0837554931640625
-0.9775798916816711
-0.886788010597229
-0.3033353388309479
-0.48125582933425903
-1.051042079925537
-2.223388433456421
-1.1471151113510132
-1.0771087408065796
-2.5955588817596436
-0.5098463296890259
-0.8389272689819336
-2.298431158065796
-1.867594838142395
-0.8762084245681763
-0.552780270576477
-0.6037744283676147
-2.1501877307891846
-1.3128336668014526
-0.9817495942115784
-1.835307240486145
-1.0118449926376343
-0.7314020395278931
-0.047595277428627014
-0.1773163229227066
0.7351555824279785
1.184310793876648
-0.7725875973701477
-0.06788825243711472
0.28306844830513
-1.0347299575805664
-0.7986952066421509
0.5032625794410706
-0.6504737734794617
0.12104158103466034
-0.4721463918685913
-0.6566619873046875
-0.9733037352561951
-1.6242386102676392
-2.105936288833618
-0.772026002407074
-1.8650046586990356
-1.379709005355835
0.3117789626121521
-0.23111002147197723
-0.6114086508750916
0.4441443979740143
0.6815775632858276
-1.453305959701538
-2.709036350250244
-3.95439076423645
0.2680085301399231
0.9539156556129456
2.038477659225464
1.721011757850647
4.371728897094727
-0.21401481330394745
0.22852347791194916
-0.5134867429733276
2.450279712677002
2.8189098834991455
3.230034112930298
3.3231449127197266
4.025296211242676
-0.5201288461685181
1.5954340696334839
1.3718492984771729
1.0475304126739502
1.8711177110671997
-0.5309869050979614
1.3790158033370972
1.1737581491470337
-0.3895914554595947
-0.3222027122974396
1.9223743677139282
0.9000741243362427
1.2147679328918457
-0.0566081777215004
-0.1565820723772049
0.4814271926879883
0.5751627683639526
-0.5181618332862854
0.17461691796779633
0.0273841954767704
0.09630618989467621
-0.03732824698090553
0.08060971647500992
0.28129956126213074
0.15824013948440552
-0.8183512687683105
-0.9636096954345703
-1.4046118259429932
-0.35859042406082153
-1.0267971754074097
-2.6483154296875
-2.037593364715576
-0.8294904232025146
-1.747374176979065
0.013633925467729568
-1.1840074062347412
-1.3389997482299805
-0.6933057308197021
-0.5334311723709106
-3.0172109603881836
-0.7949538826942444
-1.5709893703460693
-0.7504246234893799
-1.0078232288360596
0.5426592230796814
-0.9972653388977051
0.04746711999177933
-2.2368526458740234
-0.1243569552898407
-2.2947661876678467
-1.781062126159668
-0.7403140664100647
-0.058172304183244705
-0.24788230657577515
-0.676018476486206
-0.16409222781658173
-0.13256363570690155
-1.230003833770752
-1.7278865575790405
-1.0643806457519531
-0.8531036972999573
-1.9315369129180908
-2.1196439266204834
-1.618689775466919
0.3288362920284271
-0.38104960322380066
-2.4583332538604736
-2.4959301948547363
-1.909423828125
-1.9730286598205566
-1.3927422761917114
-1.0402071475982666
0.448842316865921
-1.046695590019226
-1.8217189311981201
-2.937946081161499
-1.0628494024276733
-1.082846999168396
-0.5169659852981567
0.4830799698829651
0.3960418701171875
-0.12050401419401169
-1.233209490776062
-0.8074021339416504
1.0916122198104858
1.4552453756332397
1.0493437051773071
0.3941962718963623
0.4275723695755005
-1.1900763511657715
-1.1296751499176025
-0.24156978726387024
-1.8957953453063965
-1.9286329746246338
-1.3147610425949097
-1.76255202293396
-0.8485813736915588
-1.9213017225265503
-2.0836129188537598
-1.2422512769699097
-2.6020896434783936
-1.17061448097229
-0.43887579441070557
-1.2062616348266602
-1.7476359605789185
0.61136794090271
-0.8379403352737427
-0.1378503143787384
0.5553290843963623
0.7289076447486877
-0.9851945042610168
0.6299874782562256
-0.9072014689445496
2.03800106048584
0.38481560349464417
-0.6541699767112732
0.22195027768611908
0.7172045111656189
-1.2781620025634766
-1.003913402557373
-0.7815344333648682
1.2884321212768555
0.3799995481967926
-0.9115176200866699
0.8231919407844543
1.1478465795516968
0.548736572265625
0.5390411615371704
0.844940185546875
-0.36619049310684204
-0.10289428383111954
-0.03386160731315613
1.4299665689468384
1.9280928373336792
1.3426735401153564
0.9852297902107239
0.3306981921195984
0.3634597659111023
-0.12188125401735306
-0.5671446323394775
1.038288950920105
0.6794124245643616
0.4704476594924927
-0.42684170603752136
-0.2480955719947815
1.3365813493728638
0.8973721861839294
-0.17675989866256714
0.432132363319397
0.08030977845191956
0.23656295239925385
0.15695680677890778
0.6755965948104858
-1.5961488485336304
-0.35625892877578735
-0.3327103555202484
-0.3242684304714203
-1.5236197710037231
-1.874916434288025
-2.4415571689605713
-0.7739353775978088
-1.4807721376419067
0.7506038546562195
1.1848421096801758
-0.4382341802120209
-1.5158010721206665
-0.820908784866333
-1.6592062711715698
-1.4720432758331299
-0.0959903746843338
0.20678496360778809
1.049351692199707
0.4762052297592163
-0.6604243516921997
-1.3056834936141968
0.21013182401657104
0.42804768681526184
-0.5662510991096497
-0.5055317878723145
0.704098105430603
1.095685362815857
0.4358707666397095
0.2008150815963745
0.43463975191116333
-0.00729784369468689
-0.4814460277557373
0.06319506466388702
1.14241361618042
0.937816321849823
-0.16209618747234344
-0.41313618421554565
-1.3399358987808228
-0.053379181772470474
-0.15403927862644196
-0.08549803495407104
1.0760968923568726
0.12612344324588776
-0.23360000550746918
-0.8128479719161987
-0.19260267913341522
0.03708852455019951
-0.1695880889892578
-1.3643207550048828
-2.255466938018799
-1.8977842330932617
-1.1728450059890747
-1.0657680034637451
-0.566604495048523
-0.29968467354774475
0.20159867405891418
0.29249343276023865
-0.7630327939987183
-1.0965710878372192
-0.49169600009918213
0.12531253695487976
0.04617920145392418
0.029280703514814377
-0.9813677072525024
-1.1152938604354858
-1.4879008531570435
-0.539919912815094
-0.20874306559562683
-0.685439944267273
-1.3407870531082153
-1.1068452596664429
-0.8471243381500244
-1.1856311559677124
-0.04404326155781746
1.2189351320266724
-0.04964103177189827
-0.4880248010158539
-0.9582656025886536
-2.681749105453491
0.12188945710659027
-0.4959581196308136
0.529436469078064
0.6153693795204163
-0.6160216927528381
-0.9975194931030273
-1.1562039852142334
-1.866825819015503
-0.10847870260477066
-0.26234716176986694
-0.970693051815033
-0.01968480460345745
0.2557520568370819
-0.3194666802883148
-0.20912687480449677
-0.4819885194301605
-0.9635838270187378
-1.1087582111358643
-0.6035857200622559
-0.6059497594833374
-0.4290168881416321
-0.7001930475234985
0.9881955981254578
-0.31275510787963867
-0.9491490721702576
-2.2594821453094482
0.5932902693748474
0.3798438608646393
-0.3194596767425537
0.21083448827266693
1.0958093404769897
0.16768556833267212
0.5644443035125732
-0.321254163980484
0.2527715265750885
0.06795787811279297
-1.0348180532455444
-0.07143428921699524
0.39663612842559814
-0.48768261075019836
-0.9775720834732056
1.872279167175293
0.31532612442970276
-0.22052569687366486
-0.24071794748306274
-0.10284523665904999
0.9437076449394226
0.08709551393985748
-0.5997807383537292
0.24116745591163635
0.9744146466255188
0.6031478047370911
0.7627732157707214
-0.9602430462837219
-2.1599669456481934
-0.7427202463150024
-2.8692266941070557
-0.9402135610580444
1.2090644836425781
-0.21965713798999786
-0.12163151055574417
-1.6394579410552979
-2.091339588165283
-1.2063648700714111
-2.508121967315674
-0.28643879294395447
1.1648269891738892
-0.2326446771621704
-0.5485371351242065
-2.6040070056915283
-0.2694952189922333
-0.005300983786582947
-1.8560816049575806
-1.3922072649002075
0.47329646348953247
0.3659917712211609
-0.5065304040908813
-0.0720999538898468
0.8283008337020874
0.3044460415840149
-0.9006763100624084
-1.8712528944015503
-0.8669476509094238
-1.4760112762451172
-1.0128929615020752
-0.7744023203849792
-1.6737329959869385
0.5581940412521362
-0.7227500677108765
0.4028806686401367
0.9591174721717834
0.4589974880218506
0.1565297245979309
-1.2268915176391602
-0.7569528818130493
-0.1851581633090973
-1.5733604431152344
-0.31122907996177673
-0.5659107565879822
0.7835474014282227
1.3992692232131958
0.7905505299568176
0.43344834446907043
-0.30833548307418823
-0.2535998225212097
0.8663398623466492
0.6541144251823425
-0.32109618186950684
0.029499538242816925
0.013056188821792603
0.0443512499332428
-0.12858736515045166
0.042161814868450165
-1.0884290933609009
-0.9721060395240784
-0.9045703411102295
-1.4468282461166382
-2.049562692642212
-1.8259085416793823
-1.8223563432693481
0.2306971251964569
-1.0920376777648926
-0.8122550845146179
-1.0971752405166626
-1.6776529550552368
-1.1476457118988037
-2.6531803607940674
-2.564082384109497
1.38181471824646
0.007856156677007675
-1.1280238628387451
-0.8341324925422668
-1.1146185398101807
0.012492429465055466
-1.2781795263290405
-2.1678833961486816
1.2263908386230469
0.16388645768165588
-1.2909773588180542
-1.4584050178527832
-1.84951651096344
-0.8234626650810242
-0.910495400428772
-1.9157406091690063
0.5643205642700195
-0.5867307186126709
-1.1606237888336182
-2.1324644088745117
-0.47621673345565796
-0.46396371722221375
-0.4686950445175171
-1.2054481506347656
0.34485670924186707
0.1217639148235321
0.6556593775749207
-0.28560230135917664
-0.3582930266857147
0.022702880203723907
0.3365417420864105
-0.585616409778595
-0.26371291279792786
0.17419137060642242
0.22886593639850616
-0.7580553293228149
-1.040583848953247
-0.4902721643447876
-0.5083919167518616
-0.3618682026863098
-0.38736775517463684
-0.34441646933555603
-0.6990591883659363
-0.9570116996765137
-0.6017165780067444
-0.0596364326775074
0.24853169918060303
0.2423594743013382
0.02495952695608139
-0.48761749267578125
0.5195387601852417
-0.5854169130325317
-0.2901866137981415
-1.02348792552948
-1.4002708196640015
-0.4301740527153015
-0.09634943306446075
-1.2400643825531006
-0.08767908811569214
-0.9041649699211121
0.24416443705558777
0.7422670722007751
-1.4788949489593506
-1.2264328002929688
-2.1623170375823975
-3.4734816551208496
-0.09164942055940628
-0.16993610560894012
-0.23156751692295074
0.7284760475158691
-0.43919292092323303
-1.8151342868804932
-3.3963541984558105
-3.741696357727051
-0.8466744422912598
-0.24546502530574799
-0.14031220972537994
0.3122226893901825
-0.7788387537002563
-0.5814891457557678
-2.2991135120391846
-3.4863121509552
-2.854635000228882
-1.6971652507781982
-0.7028516530990601
-0.6567328572273254
-0.7151169776916504
-0.49751096963882446
-2.72725510597229
-3.222280740737915
-4.732346534729004
-1.9939919710159302
-1.3056997060775757
-1.1199026107788086
-0.9765099287033081
-1.1001472473144531
-3.1179752349853516
-3.247664213180542
-1.236095666885376
-0.24170881509780884
1.107905626296997
0.7476060390472412
0.3727722465991974
-0.43120065331459045
-0.857562243938446
-1.1206505298614502
-0.5664756298065186
0.01854882761836052
0.5473337769508362
0.18477477133274078
-0.4926186203956604
-0.6602721214294434
-1.0648603439331055
-1.4954363107681274
-0.736778974533081
-0.48002415895462036
-1.3037368059158325
-0.8729159235954285
-1.8349189758300781
-1.3166189193725586
0.2750025987625122
-0.7126953601837158
-0.12891975045204163
-0.17954502999782562
-1.995919942855835
-1.7111366987228394
-1.6746124029159546
-1.329241394996643
1.0855863094329834
-1.14768385887146
-2.1294658184051514
-2.1476242542266846
-2.167848587036133
-1.8633986711502075
-0.3489292562007904
-0.3601202964782715
-0.29602739214897156
-2.047652244567871
-3.4918112754821777
-3.2301790714263916
-1.4784557819366455
-0.016781963407993317
-1.705808162689209
-0.06895751506090164
0.36491382122039795
-0.15470731258392334
-1.8641794919967651
-3.0696380138397217
-2.6852898597717285
-2.772291421890259
-2.2903342247009277
0.22732119262218475
-0.8949044346809387
-0.3232632279396057
-1.7346408367156982
-2.5218026638031006
-0.26575812697410583
-0.8486352562904358
0.10543940961360931
-0.43722298741340637
0.20614102482795715
-2.403315782546997
-1.9537932872772217
-2.6741790771484375
-2.4006309509277344
-0.722183883190155
-0.7523189187049866
0.8496182560920715
0.4427662789821625
-0.9880512952804565
-1.5490140914916992
-0.8242390155792236
-1.7141697406768799
-0.8245428800582886
-0.915367066860199
0.17603878676891327
-0.211902916431427
-0.8929727673530579
-0.7841886878013611
-1.1610726118087769
-1.2556568384170532
-0.8188770413398743
-1.2944657802581787
-1.7733242511749268
0.5464041233062744
-0.062059782445430756
-0.9383566379547119
-0.561897337436676
0.3316057622432709
-0.6356882452964783
-0.3387574851512909
-1.5242013931274414
0.9954984784126282
0.7861196398735046
-1.0687497854232788
0.10653981566429138
0.3247424066066742
-1.8808891773223877
-0.47385773062705994
-1.288048505783081
1.4177309274673462
0.6252322196960449
-0.8258297443389893
-0.15845875442028046
0.6136313676834106
-0.6522260308265686
0.5380522012710571
-0.7827551960945129
-0.8925946354866028
-0.37859782576560974
-0.6964322328567505
-0.46283480525016785
0.2439470738172531
-0.5681898593902588
0.03865259513258934
-0.9100597500801086
-0.3423115909099579
-0.9363804459571838
0.12955480813980103
1.239338755607605
-0.00765533372759819
0.011128107085824013
0.7204684019088745
1.2047617435455322
1.5462197065353394
1.6121292114257812
-0.2786293029785156
1.8336715698242188
0.1638527363538742
-0.3175836503505707
-0.5987987518310547
0.5015877485275269
-0.05591803789138794
1.24600350856781
1.077208399772644
1.8401533365249634
0.07095357775688171
0.23414254188537598
0.17319437861442566
0.7470428943634033
-0.9725341200828552
-0.4063093662261963
-0.00663129985332489
-1.2455919981002808
0.3213392198085785
-0.7494004368782043
-0.6228881478309631
-1.2560069561004639
-0.7056991457939148
-0.22909338772296906
0.26636895537376404
-1.2707360982894897
-0.2379307746887207
-0.056169293820858
0.18496015667915344
0.17523923516273499
-1.0571974515914917
1.6210190057754517
-0.07131633162498474
-1.2777570486068726
0.6661064624786377
1.1495121717453003
-0.3206493556499481
-0.6840752363204956
0.4753251075744629
-0.43041953444480896
-1.768791913986206
0.43521928787231445
1.5799884796142578
0.6843506097793579
1.3118691444396973
0.8634689450263977
-1.267956018447876
-2.1293389797210693
-1.3131262063980103
0.6838979125022888
1.2380400896072388
-0.5579162836074829
1.4607734680175781
1.092774748802185
-0.06212920695543289
-0.3153657019138336
-0.08314936608076096
1.017826795578003
0.7122782468795776
-1.36994469165802
-0.5366953611373901
-0.45159298181533813
-0.6264899373054504
0.607715904712677
0.8045186400413513
0.5950160026550293
0.3818783760070801
-0.32651492953300476
-0.26891008019447327
-0.46916213631629944
-0.015923283994197845
-0.8999270796775818
-0.5632678866386414
0.26348671317100525
0.38590559363365173
0.676776111125946
0.14626950025558472
-0.19233132898807526
0.03521811589598656
-0.5216569900512695
0.036109283566474915
0.20381394028663635
-0.04448641836643219
1.9621273279190063
2.0591611862182617
-1.0486979484558105
2.0414059162139893
0.6164271831512451
-1.812467336654663
1.1669795513153076
0.027797561138868332
0.5404278039932251
5.222542762756348
1.8864496946334839
0.6024399399757385
0.43041127920150757
-2.2568533420562744
0.3586806058883667
0.9056453704833984
0.4327206313610077
1.1391685009002686
1.983718752861023
-0.9309007525444031
-0.752705991268158
-1.7371350526809692
-0.7135111093521118
0.2733604311943054
0.5322611331939697
-0.9721705913543701
1.0059270858764648
-0.6642809510231018
-1.1855945587158203
-0.7777636051177979
-1.5583021640777588
-0.5061289668083191
-1.62457275390625
-0.3483524024486542
0.04578378051519394
0.7145571708679199
-2.2696692943573
-0.6428523659706116
-0.42254412174224854
0.2840546667575836
0.004385828971862793
-0.5061697959899902
-0.5797929763793945
0.7816346883773804
-1.0088200569152832
-1.151688814163208
0.16481859982013702
-0.7563917636871338
-0.2626698613166809
-0.29004207253456116
-0.451925128698349
-1.0772851705551147
-0.980594277381897
-1.5636918544769287
-0.12433388084173203
-0.11582496762275696
0.14697936177253723
0.483730673789978
0.5396652817726135
-0.12218865752220154
0.46832001209259033
0.14932255446910858
0.31629812717437744
-0.7212165594100952
-1.6627315282821655
-0.518843412399292
0.05378958582878113
-1.12684166431427
1.09824538230896
1.2717701196670532
0.5320382714271545
-0.9233803749084473
1.44930100440979
-0.659765362739563
0.9303678274154663
-0.909501314163208
0.5061262845993042
0.6196384429931641
1.4200639724731445
1.2093710899353027
2.4662704467773438
0.12707819044589996
2.1372485160827637
-1.1073720455169678
0.070534847676754
0.3165178596973419
1.8205666542053223
2.4330029487609863
1.9371907711029053
2.7216525077819824
1.8050379753112793
-0.44667088985443115
-0.23948919773101807
1.0471875667572021
1.8525739908218384
1.1038949489593506
-0.06322862207889557
0.8490402102470398
0.08557894825935364
-0.3086879253387451
1.5742322206497192
2.9130048751831055
1.233965277671814
0.9875403046607971
0.5195470452308655
0.7977742552757263
0.4291810393333435
-0.5757948756217957
1.8134284019470215
1.5908735990524292
0.45017433166503906
0.9261912703514099
0.8227071166038513
1.011104702949524
0.13124240934848785
-0.276847779750824
0.4787544012069702
0.3452378511428833
-0.05867946520447731
1.0668318271636963
0.8931113481521606
0.8828334808349609
-0.29525110125541687
-0.7427550554275513
-0.5155753493309021
-2.7126903533935547
-2.212721586227417
-1.0369566679000854
-1.152024745941162
-0.8305302262306213
-0.2583352327346802
0.31039249897003174
0.134403795003891
-1.0024268627166748
0.6721289753913879
-0.057657696306705475
-2.23166823387146
-2.378335475921631
-0.4066246747970581
-0.44523221254348755
-1.184975266456604
-0.5872551798820496
-1.3313584327697754
-2.865415096282959
-4.6863484382629395
-3.44915509223938
-0.5503832101821899
-1.4189822673797607
-2.2464795112609863
-2.11997127532959
-3.9828827381134033
-3.263554096221924
-4.0137619972229
-3.1596546173095703
-0.7088971138000488
-1.8947458267211914
-2.6937949657440186
-1.283510684967041
-1.9760044813156128
-1.876220464706421
-1.1352503299713135
-1.8651326894760132
1.0692782402038574
-1.0543714761734009
-0.8238409757614136
-1.9785875082015991
-0.23761767148971558
-1.410717487335205
-1.0955299139022827
-1.9958164691925049
-0.10722047835588455
-0.4020451605319977
-1.375447154045105
-1.4610754251480103
-1.2198975086212158
-1.356400728225708
-1.6659214496612549
-2.515303373336792
-0.08529635518789291
-1.1938148736953735
-0.54051673412323
-0.7498066425323486
-1.4318830966949463
-1.4013903141021729
-1.310447335243225
-0.7275901436805725
-0.5466660857200623
-1.5549564361572266
-0.547644317150116
-1.1239153146743774
-1.5140753984451294
-0.31864961981773376
-0.8229429125785828
-0.5903928875923157
-0.28831911087036133
-2.0651841163635254
-0.5448855757713318
-0.542461097240448
-1.1792470216751099
-1.094800591468811
-2.3546574115753174
-4.04430627822876
-1.275282621383667
-2.4567792415618896
-1.142895221710205
-1.722496509552002
-3.0813376903533936
-3.7429192066192627
-3.9032483100891113
-5.827003479003906
-1.7858994007110596
-2.28228759765625
-1.553626537322998
-2.2372536659240723
-2.2426629066467285
-2.1754958629608154
-3.445971965789795
-3.935166358947754
-0.5649885535240173
-2.148390293121338
-2.576864719390869
-2.4700539112091064
-1.8299907445907593
-1.8246138095855713
-2.683117151260376
-2.1406867504119873
-0.8076002597808838
-0.9001684188842773
-1.9249154329299927
-2.970719337463379
-0.7347274422645569
0.8172720074653625
-0.046731263399124146
0.4902278780937195
1.0510903596878052
-1.6284328699111938
-1.584996223449707
-1.8859385251998901
-0.8664937019348145
-0.7017320394515991
-2.6171340942382812
-2.1542370319366455
-1.6023695468902588
-2.262876272201538
-2.319063901901245
-1.9588724374771118
-1.3204365968704224
-2.3142151832580566
-2.5374655723571777
-2.4455153942108154
-1.4014683961868286
0.38183164596557617
-0.0387687161564827
-0.09230680763721466
-0.6380746364593506
-0.8632976412773132
-1.3296492099761963
-1.9073115587234497
-1.0732076168060303
0.29090625047683716
-0.9945843815803528
0.4242037832736969
-0.4938705265522003
0.6618956923484802
1.6996088027954102
-0.13180045783519745
-1.2397080659866333
1.5480549335479736
1.3954607248306274
1.8383457660675049
0.3101179599761963
2.310887336730957
2.5789265632629395
2.042833089828491
0.3075413703918457
1.5850656032562256
1.4534190893173218
1.356324315071106
-1.1437264680862427
1.4733086824417114
1.1491445302963257
1.030544638633728
0.602294921875
0.309279203414917
0.6960005164146423
-0.5491719245910645
-1.6325695514678955
0.5732622742652893
0.08607485890388489
-0.8865628838539124
0.7784410715103149
-0.0645921528339386
1.0290188789367676
-0.9588438272476196
-1.1890162229537964
-0.7374861240386963
-1.9956095218658447
-1.9487087726593018
0.03331993147730827
-0.12873254716396332
0.6977580189704895
0.5702884197235107
0.9620905518531799
-0.15849420428276062
-1.0055662393569946
-0.2163807898759842
0.8656968474388123
0.44915103912353516
-0.13157965242862701
-1.3508082628250122
-1.095945119857788
-0.556125819683075
-0.42660996317863464
0.23169668018817902
0.56964510679245
-0.44725343585014343
-0.6313738226890564
-1.0512361526489258
-0.6688192486763
-0.7346290349960327
0.1291811466217041
1.2791081666946411
0.9475255012512207
-0.9750036597251892
-0.5158603191375732
-0.31896212697029114
-0.8261114358901978
0.17387500405311584
1.2224271297454834
1.8965914249420166
1.75238835811615
0.10638515651226044
-0.019482461735606194
-0.019550353288650513
0.5441871285438538
0.6111238598823547
0.21504856646060944
1.3234127759933472
0.26452916860580444
0.6059927344322205
-0.9357263445854187
-0.8951814770698547
-0.336590439081192
-0.7522919774055481
-0.06798624247312546
0.6936085224151611
-0.3626331388950348
0.5095948576927185
0.0073720477521419525
-1.1250509023666382
-1.6024824380874634
-2.143815040588379
-1.3254282474517822
-1.3782545328140259
-0.4131270945072174
-0.08316295593976974
-1.8370872735977173
-2.2935667037963867
-1.8031949996948242
-0.6844909191131592
-0.760615885257721
-0.9561036825180054
-0.8072489500045776
1.0877400636672974
-0.9037621021270752
-1.1651850938796997
-0.710287868976593
-0.604733943939209
-0.22522251307964325
-0.3341977596282959
-0.7392309904098511
1.5366545915603638
0.2438729852437973
0.013481073081493378
0.5629748106002808
-0.054418131709098816
-0.08278107643127441
-0.3245485723018646
-0.10692153871059418
-0.4608680009841919
0.383723646402359
0.037251442670822144
0.6354590654373169
-0.40194961428642273
-0.31008201837539673
-1.5463674068450928
-0.43854424357414246
1.3883744478225708
1.948686957359314
1.4244163036346436
3.364203453063965
1.892813801765442
0.9206835627555847
0.6396135091781616
0.5330065488815308
1.753090500831604
2.013484239578247
2.579780101776123
1.5996884107589722
1.1506781578063965
1.1920888423919678
-1.3447829484939575
-0.4184598922729492
0.5302743315696716
1.415933609008789
1.9295127391815186
0.044272005558013916
0.01638004183769226
0.3802698850631714
-1.6494133472442627
-0.8575903177261353
0.5279563069343567
0.11201534420251846
0.601051390171051
-0.6343280673027039
-1.301169991493225
-1.6625056266784668
-1.6296310424804688
-1.2555710077285767
-0.4528430104255676
-0.4451734721660614
0.33480602502822876
-1.4194682836532593
-2.132401466369629
-1.3558796644210815
-0.8501227498054504
-1.3003120422363281
0.17923641204833984
1.0396322011947632
-0.9306024312973022
-1.2956290245056152
-1.9828940629959106
-2.4816317558288574
-1.7681914567947388
-0.24209706485271454
-1.100038766860962
-0.905993640422821
-1.527998924255371
-1.3491544723510742
-0.2004474699497223
0.30846524238586426
0.8224316239356995
0.7841414213180542
-1.2829456329345703
-0.8664485812187195
-0.16964218020439148
-0.8331170082092285
-0.6801970601081848
-0.4299126863479614
-1.2228575944900513
0.024318739771842957
-1.8480504751205444
-1.615561842918396
-0.7048430442810059
-2.1023788452148438
-0.8336464762687683
-1.1782253980636597
-1.9542237520217896
-0.6894456744194031
-0.7881368398666382
-0.6871728897094727
-0.5738991498947144
-1.725654125213623
-0.536597490310669
-0.6632803678512573
-1.6008878946304321
-1.5311088562011719
-0.23582148551940918
-0.6307265162467957
0.2882893681526184
-0.5240556597709656
-0.15563619136810303
-0.8064869046211243
-1.6045637130737305
-1.0331215858459473
-0.2156497687101364
-0.5382962822914124
1.009306788444519
1.7182896137237549
1.171245813369751
0.6240156888961792
0.9380990862846375
0.676307201385498
0.4178885221481323
-0.009762637317180634
0.018777968361973763
1.685999870300293
0.6871797442436218
1.0551356077194214
0.07524222880601883
-0.10775107890367508
-0.21037890017032623
0.8397220969200134
1.1381571292877197
1.1506186723709106
-0.2782129645347595
-0.9565330743789673
-1.1787053346633911
-1.2736964225769043
-1.3756585121154785
-1.2262731790542603
-0.04230917990207672
-0.3600047826766968
-0.45539942383766174
-0.6061359643936157
-0.33146291971206665
-0.2048337310552597
-0.10529501736164093
1.1098952293395996
-0.12836308777332306
0.17248131334781647
0.16228163242340088
-1.6813013553619385
-1.3579717874526978
0.27770745754241943
-1.2793339490890503
0.534765899181366
0.5341507196426392
-0.9675434231758118
-1.5232762098312378
0.3767280578613281
1.067348837852478
-0.3794766366481781
-0.6969069242477417
-0.002082809805870056
-0.49270251393318176
-0.14761553704738617
-0.8783733248710632
0.2432156205177307
1.7598986625671387
0.9203017354011536
-0.6323282718658447
0.11938720941543579
0.05008798837661743
0.24222737550735474
-0.8167443871498108
-2.4483227729797363
0.15265268087387085
0.31045594811439514
-1.6272661685943604
-0.8114625811576843
-0.7617430686950684
-1.0294662714004517
0.6872259974479675
0.04147587716579437
0.8858639001846313
0.4007188081741333
-1.750585913658142
0.3453730046749115
1.9321750402450562
-0.9366346001625061
-0.5203402638435364
-0.8350233435630798
-0.21255922317504883
-0.70680171251297
-0.9683160781860352
-0.061279021203517914
1.2706624269485474
0.05076824128627777
0.4375153183937073
-0.16588591039180756
-0.4302029311656952
-0.5141364932060242
0.25212034583091736
0.3068416118621826
-0.9041172862052917
-0.7555985450744629
-0.49617496132850647
-0.03366949409246445
-0.18520796298980713
-0.6151119470596313
-0.23427902162075043
-0.9997128844261169
-0.9910736680030823
0.11631521582603455
-0.9880589842796326
-0.056677963584661484
0.33845049142837524
-1.103672742843628
-0.1405201405286789
-0.026061268523335457
-1.209932565689087
-0.24555230140686035
-0.4498257637023926
1.592390775680542
0.9362315535545349
-0.48430541157722473
-0.07291096448898315
0.30855879187583923
-2.116131067276001
0.10613000392913818
-0.26896798610687256
-0.2684082090854645
0.9648206233978271
-0.190871462225914
-1.4083514213562012
-0.935588002204895
-1.2291738986968994
0.12567751109600067
-1.3315544128417969
-1.8019660711288452
-0.8351840376853943
-1.5395324230194092
-0.6393983960151672
-0.08654390275478363
-0.5962342619895935
-2.3808419704437256
-1.8362113237380981
-1.0061187744140625
-0.375714510679245
-0.7308756709098816
-1.2489877939224243
-0.02980056405067444
0.1989918053150177
-1.1344363689422607
-0.5099906325340271
-0.4392376244068146
-0.975939929485321
-0.8761850595474243
-1.1809396743774414
-0.8855146169662476
0.05235736072063446
0.593388020992279
-1.1673732995986938
-0.8894087076187134
-1.5801583528518677
-1.0239814519882202
-0.5765907764434814
-0.7414209246635437
-1.1884729862213135
-1.1354533433914185
-1.4546929597854614
-0.6627734303474426
-0.7305154204368591
-0.08659245073795319
-0.7893632054328918
-1.04607093334198
-0.484847754240036
-1.6851221323013306
-0.9026352763175964
-1.1925606727600098
-0.6208202242851257
-0.32179316878318787
-0.4491141438484192
-1.2608122825622559
-0.15886661410331726
-1.6184287071228027
-0.0263979509472847
0.13543304800987244
0.11937357485294342
-0.793897271156311
0.04735243320465088
-1.1148488521575928
-0.6968108415603638
-0.20914579927921295
1.3688316345214844
-0.024478904902935028
-1.4122859239578247
-0.9955551624298096
-0.1345771700143814
-1.1395975351333618
0.0966782420873642
0.8359509110450745
-0.3570370674133301
-2.0058302879333496
-1.2014153003692627
-1.144701600074768
-1.047972321510315
-0.819731593132019
0.03119295835494995
1.4597229957580566
0.2660846412181854
-0.3547521233558655
0.13775664567947388
-2.027068853378296
-0.4227217137813568
-0.536594569683075
-0.9271684288978577
0.22234264016151428
-0.5643765330314636
-0.05952037498354912
-1.6573411226272583
-0.9684479236602783
0.16323357820510864
-0.18185101449489594
-1.0119349956512451
0.9786485433578491
1.3754146099090576
-1.0870658159255981
-1.4216055870056152
-0.5515159964561462
-0.22067266702651978
-0.5126082301139832
-1.5982277393341064
-0.047544214874506
-0.5207247734069824
-1.872685194015503
-1.3824808597564697
-0.45213842391967773
-1.431959867477417
-2.826197624206543
-1.4608285427093506
-1.4002161026000977
-2.0913286209106445
-1.7391631603240967
-1.4292103052139282
-2.5757315158843994
0.6429507732391357
-0.8354151248931885
-1.547713279724121
-0.8956189751625061
-1.516794204711914
-1.0901168584823608
-0.6521211862564087
-1.1217795610427856
-1.1424800157546997
-0.7721263766288757
-2.811790704727173
-2.081296443939209
-1.9902583360671997
-2.087110757827759
-2.5624101161956787
-0.8550652861595154
-2.855198383331299
-2.2370355129241943
-1.5327932834625244
-1.5099573135375977
-2.2869045734405518
-1.974976658821106
-2.6112217903137207
-0.8508844971656799
-2.1791062355041504
-2.0245373249053955
-0.5677436590194702
-0.31818440556526184
-0.18739430606365204
0.06746698915958405
-1.0449222326278687
-1.8921384811401367
-0.5782114267349243
-1.30047607421875
-2.6274948120117188
-2.698603391647339
-1.6876635551452637
-2.3171379566192627
-1.8021615743637085
-1.4025132656097412
-1.350630760192871
-1.2811956405639648
-2.4271280765533447
-3.2911863327026367
-3.06109881401062
-3.959139108657837
-3.7207725048065186
-2.091635227203369
-1.2920318841934204
-2.1875803470611572
-2.1326539516448975
-1.3098206520080566
-1.0124397277832031
-0.9519131779670715
-1.2752045392990112
-0.8962989449501038
0.20615462958812714
-0.8926476240158081
-0.09260768443346024
-0.3229094445705414
-0.3355548083782196
0.027527064085006714
0.3727099895477295
-1.976883053779602
0.7389097213745117
-0.2424394190311432
-0.35265424847602844
0.14935526251792908
0.5745087265968323
-1.6036700010299683
0.8576501607894897
-0.4103471040725708
-0.4447179138660431
0.3400941491127014
-0.18585704267024994
0.30495762825012207
0.6424483060836792
-2.020972490310669
-1.840556025505066
1.6804054975509644
-0.6394416093826294
0.5008657574653625
-2.297633409500122
-0.9295647740364075
-2.6275548934936523
-2.6712303161621094
-3.314223051071167
0.25096213817596436
-1.2599800825119019
-0.18270011246204376
-1.911115288734436
-2.0899033546447754
-0.7205171585083008
-1.7800480127334595
-1.8276408910751343
-1.2445964813232422
-0.7185063362121582
-2.139539957046509
-0.7987805604934692
-2.5451011657714844
0.03173552453517914
-2.64030122756958
-0.5185413956642151
-0.4055064916610718
-0.1285572052001953
-0.7124999165534973
-1.0768665075302124
-1.6185487508773804
-2.0418403148651123
-1.1291818618774414
-1.3507992029190063
-0.30580073595046997
-1.5990115404129028
0.6822589039802551
-0.2754681706428528
0.036974113434553146
-1.2969626188278198
-1.1834791898727417
-1.4279084205627441
-0.19873128831386566
0.528465986251831
0.600748598575592
0.31113874912261963
0.025724126026034355
-1.3428845405578613
-1.0137608051300049
1.354892611503601
0.38466745615005493
-0.6047796607017517
-0.20366446673870087
-0.7690442800521851
0.07953590154647827
-0.7034112215042114
-0.9470127820968628
-0.11580099165439606
0.1325206309556961
-1.233021855354309
-0.5117243528366089
-0.8144274950027466
-0.33165425062179565
-1.1591044664382935
-1.8763655424118042
0.04023575782775879
0.03390272706747055
-0.7532684206962585
0.17026221752166748
-1.7493027448654175
-0.8602654337882996
-1.7206975221633911
-1.3265295028686523
-0.3908514380455017
0.19246762990951538
-1.0858919620513916
-0.8903428912162781
-0.11122998595237732
-0.22943046689033508
-0.5518040060997009
0.8539261221885681
1.7111753225326538
0.8643392324447632
-0.7356458306312561
-0.769361674785614
0.46307966113090515
0.5834482312202454
1.15423583984375
1.3064604997634888
1.7652462720870972
0.12386827170848846
0.14947916567325592
0.5330353379249573
1.5157731771469116
2.289639949798584
2.367271661758423
2.188971757888794
0.7058741450309753
0.15043018758296967
0.3014586269855499
0.0699252188205719
1.1168529987335205
0.30855080485343933
-0.26174312829971313
0.046805188059806824
-0.23695415258407593
0.1839541345834732
-2.250091075897217
-1.7677392959594727
-0.6931788921356201
-0.86632239818573
-1.0763646364212036
-0.671118974685669
-1.7267097234725952
-2.174736976623535
-0.7836776971817017
-0.4556815028190613
0.2567794620990753
0.9352612495422363
-0.4426127076148987
0.1680683046579361
-0.6880506277084351
-1.4212284088134766
0.9643324017524719
0.9821953773498535
0.14679060876369476
2.5752060413360596
1.9746770858764648
-2.357862949371338
-0.9741142988204956
-0.3846760094165802
-0.6656970381736755
-1.3161128759384155
-1.708846926689148
0.8849400877952576
0.8486592769622803
-1.9903795719146729
-1.7600016593933105
0.40756261348724365
-1.2239526510238647
-0.7521998286247253
-0.329024076461792
1.461755633354187
1.4706804752349854
1.0077168941497803
2.4270663261413574
0.7135157585144043
-1.6090747117996216
0.329207181930542
0.8814669847488403
0.016172245144844055
0.25024494528770447
-0.4820879399776459
-0.33141225576400757
-1.0824718475341797
-1.1915161609649658
-0.464901328086853
0.26341551542282104
-0.24147677421569824
-0.36369356513023376
-0.7291749715805054
-1.1225179433822632
-1.2241791486740112
0.31992802023887634
-0.12592190504074097
-1.6544520854949951
-1.1524602174758911
-1.6148269176483154
-1.0338622331619263
-0.5765944123268127
-0.15781189501285553
-1.491551160812378
-1.6475955247879028
-0.7873529195785522
1.2190629243850708
1.5625567436218262
1.588724970817566
0.24322684109210968
1.2318869829177856
-1.6802551746368408
-0.11084143072366714
1.8480209112167358
-1.5238728523254395
-2.287644386291504
-1.0206390619277954
-1.2059526443481445
0.18351265788078308
0.4625292420387268
0.012185506522655487
1.2296035289764404
-1.5142207145690918
0.6017776131629944
0.5090771317481995
1.4153313636779785
0.8666186928749084
2.1190173625946045
1.2230017185211182
2.256639242172241
-0.017396144568920135
2.3846776485443115
1.1316343545913696
0.07525300979614258
3.1532626152038574
2.132863759994507
2.78533673286438
2.700927972793579
2.028106927871704
2.9685847759246826
2.1640548706054688
0.9868221879005432
2.226437568664551
2.4822585582733154
4.499425411224365
2.6841955184936523
1.660717487335205
1.303530216217041
0.240261048078537
0.4564747214317322
-0.11566271632909775
1.5873479843139648
1.7942641973495483
1.651002049446106
-0.5960156321525574
-1.0257463455200195
-0.8965722322463989
-0.8707498908042908
-1.0327752828598022
0.7382248640060425
0.19811315834522247
-0.2040715515613556
-0.20173786580562592
-1.038208246231079
-1.434073805809021
-0.8330159783363342
-0.3891707956790924
-1.627028465270996
-2.0273616313934326
-1.6710933446884155
-1.685207724571228
-2.206094980239868
-1.5010679960250854
-1.5014793872833252
-0.9184094071388245
-0.46607425808906555
-2.7565348148345947
-2.298419713973999
-0.9517337679862976
-3.194805145263672
-2.9151811599731445
-1.5512914657592773
-1.8232355117797852
-0.019923917949199677
-1.4584672451019287
-2.8441109657287598
0.4052104353904724
-0.9358040690422058
-2.9238109588623047
-1.0490702390670776
-1.6492972373962402
-0.776067852973938
0.48180514574050903
-0.4577494263648987
-1.2802132368087769
-3.775071144104004
-1.0676645040512085
-2.558140993118286
-2.62960147857666
-0.7252565622329712
-0.5240439176559448
-0.16292473673820496
-1.398400068283081
-0.601393461227417
0.9591177701950073
-1.3399375677108765
-1.515381932258606
-0.10212525725364685
-1.6559467315673828
-2.1110284328460693
-1.9204576015472412
-0.8777186274528503
0.025438427925109863
1.528106927871704
1.3259549140930176
0.7929815649986267
0.48443394899368286
0.5931921005249023
-0.30227941274642944
-1.1037367582321167
-0.5894955396652222
-0.8351143002510071
-0.9749456644058228
-0.4208815395832062
-0.9310910701751709
0.08737120777368546
-0.85821932554245
-1.118956208229065
-1.1527786254882812
-1.0317072868347168
-0.8513512015342712
-1.069292426109314
-1.2298681735992432
0.8578910827636719
0.4628976285457611
-0.28425782918930054
-0.9371235966682434
-1.9402374029159546
-2.1628623008728027
-1.5681524276733398
-1.0558459758758545
0.34912097454071045
-0.5600860118865967
-0.5440124273300171
-0.8875612020492554
-2.933696985244751
-3.68928599357605
-2.0189878940582275
-2.3878674507141113
-1.4522370100021362
-0.4147144556045532
-0.27327147126197815
-2.0467357635498047
-0.9158650040626526
-2.836170196533203
-3.318373441696167
-2.3545188903808594
-2.2979469299316406
-0.335733026266098
0.519212007522583
-0.0013540908694267273
1.2441885471343994
-1.4384970664978027
-1.983299732208252
-1.9352868795394897
-1.567895531654358
-0.28546544909477234
0.502394437789917
0.4802582263946533
0.0418984554708004
0.6358218789100647
-1.1238716840744019
-1.794288158416748
0.9402656555175781
2.0658318996429443
2.0498509407043457
1.1621352434158325
1.9682130813598633
1.0492424964904785
-1.2864265441894531
-1.9187425374984741
0.2023099809885025
2.4932501316070557
0.68239825963974
1.1495683193206787
1.3438669443130493
-0.4556456506252289
-0.6161397695541382
-1.3971449136734009
0.2791067063808441
0.61147141456604
-0.1230967789888382
0.3188895285129547
0.7745411396026611
0.642849326133728
1.4597176313400269
1.6228370666503906
1.4846590757369995
2.6996166706085205
2.0980703830718994
0.6888155341148376
-0.8886718153953552
-1.05216646194458
0.8360325694084167
1.8486156463623047
1.800216555595398
0.5567123293876648
0.33023589849472046
-0.3520726263523102
1.1845368146896362
-1.3174196481704712
-0.5548911690711975
1.1489219665527344
0.7509604096412659
1.93968665599823
1.5540460348129272
0.9176673293113708
1.4936074018478394
-0.8075227737426758
-0.2430395632982254
0.47953248023986816
0.4001174569129944
2.057685375213623
0.5382578372955322
1.306456446647644
1.3428982496261597
0.14338380098342896
0.3287026584148407
1.065592646598816
0.6784663200378418
0.4683323800563812
-1.22042977809906
-2.563096523284912
-1.946612000465393
-0.4187043607234955
0.30183228850364685
-0.33844730257987976
-0.889107882976532
-0.9506339430809021
-0.8030992150306702
-2.4977734088897705
-1.3888779878616333
-0.7158613801002502
-1.257256269454956
-1.8057345151901245
-1.2349379062652588
-0.4612513780593872
0.8692352771759033
1.3005250692367554
2.257917881011963
1.3092801570892334
0.14298129081726074
0.03126668930053711
-0.2672692835330963
0.08536195755004883
0.7712787985801697
0.6191847324371338
0.5400949120521545
-0.11791867017745972
-0.016309766098856926
0.1434643566608429
0.5623391270637512
0.15173344314098358
1.0721194744110107
-0.4050534665584564
1.0379573106765747
-0.12245160341262817
1.0508617162704468
2.197093963623047
2.4484341144561768
-0.3633449971675873
0.00015786290168762207
1.22579026222229
0.3255910873413086
0.11769407987594604
3.0818684101104736
0.04030873253941536
-0.5794728398323059
-0.5754806399345398
1.6095131635665894
2.443819999694824
1.741105079650879
0.2924928069114685
0.3250972330570221
-2.3136818408966064
-1.7597136497497559
0.6340271830558777
1.6574047803878784
0.6518827080726624
2.88413143157959
1.012607455253601
0.6893821954727173
-0.15537257492542267
0.40142929553985596
0.2306583672761917
0.639519214630127
1.5300796031951904
1.9712995290756226
0.9018451571464539
0.7291560173034668
0.5493892431259155
-0.7483883500099182
-2.6270933151245117
-0.8281350135803223
-0.8184757828712463
-1.5268614292144775
-0.02995956689119339
0.2463850975036621
0.35717010498046875
-1.3343369960784912
-2.2832889556884766
-1.016700029373169
-0.6508164405822754
0.1340593844652176
2.1805098056793213
-0.44016632437705994
-0.7651954293251038
-2.198392391204834
-1.2574914693832397
0.7158160209655762
1.3696845769882202
1.797603964805603
2.095367431640625
-0.9347882270812988
-0.431087464094162
-1.219738483428955
-1.1447643041610718
-1.0598368644714355
-1.9140604734420776
-1.9687758684158325
-1.2781509160995483
-1.6867092847824097
-1.4727948904037476
-1.574853777885437
-0.27021849155426025
-1.5182850360870361
-3.8289077281951904
-2.3190369606018066
-2.7637317180633545
-0.8268237113952637
-1.0092021226882935
-1.383570671081543
0.4251973628997803
0.09057968854904175
-1.3012036085128784
1.8731216192245483
0.13185463845729828
0.8333003520965576
-0.7493599653244019
-1.3063715696334839
0.618600070476532
1.3522268533706665
0.586811900138855
3.5658392906188965
3.209296464920044
0.6100685000419617
-1.116854190826416
-2.27044677734375
2.2053380012512207
-0.484425812959671
-0.3464239835739136
1.6178524494171143
2.433293342590332
-2.1184449195861816
-0.26581838726997375
-1.7542227506637573
2.1044199466705322
1.0916099548339844
0.875580906867981
2.2203209400177
1.5758520364761353
-1.4917635917663574
-2.029574155807495
2.278068780899048
0.8243698477745056
-0.12546126544475555
-1.2483264207839966
-0.1122669130563736
0.07286719977855682
-0.05270489305257797
-2.271883726119995
0.6878880262374878
-0.17651283740997314
-1.7387440204620361
-1.2139678001403809
-1.4356685876846313
-0.4063360393047333
0.6524736285209656
-0.90135657787323
-0.3864779770374298
0.7783887982368469
0.4832809567451477
-0.12088902294635773
-1.0355463027954102
-0.7523136138916016
-0.5866112112998962
-0.608074963092804
-0.7044742107391357
-0.6361829042434692
0.5849936008453369
0.6550180912017822
-1.3534164428710938
-0.984778881072998
-2.266998291015625
-2.9911744594573975
-3.4946370124816895
-0.0068858712911605835
-0.22764894366264343
0.0278099924325943
-0.11526475846767426
-2.231480360031128
-3.365562677383423
-2.6009535789489746
-1.1835094690322876
0.208489328622818
-1.4126394987106323
1.313132882118225
0.7915695309638977
-3.4465253353118896
-1.8186153173446655
-0.7774685025215149
0.6688643097877502
-0.10102640092372894
0.29032057523727417
2.525968074798584
1.0305886268615723
-1.7969074249267578
-1.6844449043273926
-3.446013927459717
-1.1744996309280396
0.059432175010442734
-1.2009261846542358
-0.47263115644454956
-0.5795857906341553
-1.7606139183044434
-1.66873300075531
-2.1634016036987305
-1.8025182485580444
1.1191712617874146
-0.7095092535018921
-0.5237146019935608
-0.8790563941001892
-1.5949134826660156
-0.2514467239379883
-1.383162260055542
1.0231736898422241
2.09659743309021
0.7854803800582886
-0.34484556317329407
-0.44959914684295654
-0.061162643134593964
0.9710243344306946
-1.5782285928726196
0.0031767617911100388
0.5897974371910095
-1.2290277481079102
-1.2350882291793823
-1.1774530410766602
-1.884214162826538
0.9694353938102722
-0.9770395755767822
-0.2754271924495697
0.20251773297786713
-0.5923343300819397
-2.434528350830078
-3.5840468406677246
-3.503025531768799
0.6094993352890015
0.04786670207977295
-0.1542021781206131
-0.6560009121894836
-2.5465142726898193
-2.478396415710449
-2.923332929611206
-3.2906832695007324
-1.183691382408142
-0.11584578454494476
0.09424012899398804
0.19577372074127197
-2.3664870262145996
-0.5815737247467041
-1.5220400094985962
-2.5535075664520264
-2.3083646297454834
-2.3402528762817383
-0.9284307956695557
-0.31071680784225464
-0.6971619725227356
1.124338984489441
0.7164035439491272
0.42340394854545593
-2.0464766025543213
-2.304779529571533
-1.006927251815796
-0.49505534768104553
-0.5553183555603027
-0.07226352393627167
0.8505330681800842
-0.021622389554977417
-1.510550618171692
-0.8830882906913757
1.8651392459869385
0.7079402804374695
-1.2724634408950806
-1.1027469635009766
-0.3078642785549164
-0.6202300786972046
-0.6674062609672546
-0.19705332815647125
0.803881824016571
0.13002191483974457
-1.004780888557434
-0.6817903518676758
-0.7241554260253906
-0.8953044414520264
-1.241536021232605
-0.49724265933036804
0.9310927987098694
0.5010243058204651
0.04744141176342964
1.0144768953323364
-0.6693537831306458
-0.9760781526565552
0.06051063537597656
-1.1606636047363281
1.9864729642868042
1.8334197998046875
-0.5290506482124329
0.6617804169654846
-0.30254554748535156
-1.7894495725631714
1.3732457160949707
-2.147493839263916
-0.6739541292190552
0.8888290524482727
-0.1912299394607544
-1.3802433013916016
0.8318100571632385
-1.188230037689209
1.705568790435791
0.798220157623291
-0.3429698944091797
-1.1631073951721191
-0.9693870544433594
-0.21313545107841492
0.8733545541763306
-0.8824858665466309
1.7117098569869995
3.1156911849975586
2.4522206783294678
-1.318089246749878
-1.1505818367004395
0.3200512230396271
-1.2354662418365479
-0.8453164100646973
0.35112372040748596
1.334290623664856
0.04283354803919792
-3.153740167617798
-0.9250160455703735
0.549172043800354
0.05621909350156784
-0.6149080395698547
0.48100516200065613
-0.05800263583660126
0.4387505054473877
-2.17141056060791
-1.9349021911621094
0.1908511221408844
0.5975780487060547
-0.20800738036632538
0.5075305104255676
0.15105579793453217
0.6131495237350464
-0.031971078366041183
-0.5070055723190308
0.5844135880470276
1.037314772605896
0.45826178789138794
-1.3281890153884888
-2.2137300968170166
-1.6039642095565796
-2.3133978843688965
-2.9479641914367676
-3.6294045448303223
-3.0500988960266113
-1.1750133037567139
-2.490239143371582
-4.734989166259766
-2.4915642738342285
-3.1042239665985107
-3.4102206230163574
-1.3385143280029297
-2.3445076942443848
-1.2832287549972534
2.003340005874634
-1.5477272272109985
-1.7555716037750244
-0.5245712399482727
-0.09873061627149582
2.3665902614593506
-0.7138519287109375
-1.5069429874420166
1.3457928895950317
-1.7728456258773804
-0.3015787601470947
0.8266107439994812
-1.507959246635437
-1.2586649656295776
-1.277969241142273
-1.5989540815353394
-1.8579891920089722
-1.7060160636901855
-1.3667751550674438
-1.7651095390319824
-2.103384017944336
-1.8775030374526978
-1.8969125747680664
-1.7900489568710327
-3.2946407794952393
-2.766648292541504
-1.6457281112670898
-1.87099027633667
-2.4879887104034424
-0.6772505044937134
-1.621446967124939
0.3341636061668396
-1.4931256771087646
-1.6922261714935303
-0.06580179929733276
-0.556424081325531
-0.9712956547737122
-0.88922518491745
-2.124561309814453
-1.0484774112701416
-0.7322247624397278
-1.9884388446807861
0.23332419991493225
-0.3543974459171295
-0.9339421987533569
-1.1768277883529663
-2.056551933288574
-0.1325838565826416
0.190778449177742
0.1524641364812851
-0.46128010749816895
-0.24302254617214203
0.34455153346061707
1.1019481420516968
1.3480974435806274
-0.07152611017227173
-1.283527135848999
-2.109877824783325
-0.6881756782531738
0.21301354467868805
-2.7182765007019043
-2.6023507118225098
-0.1918189376592636
0.4589088559150696
0.12702254951000214
0.8090908527374268
0.505750834941864
-1.9553890228271484
-1.3956478834152222
-0.8731126189231873
-0.6064558029174805
0.9655402302742004
0.6509823203086853
1.7001501321792603
0.546553909778595
-1.0492671728134155
0.000476643443107605
1.1622560024261475
0.7383694648742676
0.9744975566864014
-0.5359815359115601
0.40853622555732727
1.3690989017486572
0.9222272038459778
0.8782517910003662
0.044407300651073456
-0.6185811758041382
0.2881871461868286
0.2396920919418335
0.7060368657112122
2.4988698959350586
3.233879804611206
1.404006838798523
-0.004478167742490768
-0.7237244248390198
0.46017974615097046
1.451884388923645
2.3105549812316895
1.138566255569458
0.11247655004262924
0.37277984619140625
-0.14862054586410522
0.25707805156707764
-0.14295035600662231
-0.3178446590900421
2.1300437450408936
1.7157706022262573
0.6250198483467102
-0.4408125579357147
-0.9672326445579529
-1.2792384624481201
-0.7954866886138916
0.2763800621032715
0.4887824058532715
-0.8529993891716003
0.28999653458595276
0.41324517130851746
-1.038651466369629
-1.1480966806411743
-0.18384093046188354
-0.5593557953834534
0.7733887434005737
-0.07853648066520691
1.264761209487915
1.1729952096939087
1.0550272464752197
-0.7308245897293091
-0.40138179063796997
-0.7118372321128845
0.482600599527359
-2.0638108253479004e-06
1.099817156791687
-0.6141029000282288
-1.8196901082992554
-1.7516586780548096
-2.3106791973114014
-0.8753522634506226
-0.2497095912694931
0.6927573680877686
0.39180779457092285
-1.4775618314743042
-1.9687467813491821
-0.6051236391067505
-0.5491111874580383
-0.7541330456733704
-0.7942150831222534
-0.5088387727737427
0.3293325901031494
-1.289857268333435
-0.40486106276512146
-1.4517730474472046
-0.1309509128332138
-0.624870777130127
-0.891681969165802
-0.9510093927383423
-0.4852757751941681
-1.7635363340377808
-0.7470076680183411
0.009603656828403473
0.07230374962091446
-0.7545813322067261
-0.9745068550109863
-0.7080733180046082
0.9622835516929626
0.5311535000801086
0.036976490169763565
1.3370671272277832
1.1259865760803223
-0.20556193590164185
-1.3708176612854004
-1.2158715724945068
-0.6594054698944092
0.6524657011032104
0.5105926394462585
-0.6894443035125732
-0.4908345937728882
1.4447485208511353
2.0021626949310303
2.2481493949890137
3.235077381134033
3.860313892364502
2.5753846168518066
3.027264356613159
3.4137380123138428
0.8801731467247009
1.1324002742767334
1.4026391506195068
1.8075265884399414
1.5379135608673096
2.1982314586639404
1.695786476135254
2.1399121284484863
-0.31826937198638916
-0.6282652616500854
-0.19661761820316315
0.7613295316696167
-0.06403052061796188
-0.010526672005653381
1.9745675325393677
1.491626501083374
-0.8164044618606567
-0.4554801881313324
1.6742688417434692
2.1286308765411377
1.8969007730484009
1.6207817792892456
1.601020336151123
0.5553737282752991
0.8736712336540222
2.0760817527770996
2.539445638656616
1.3107184171676636
1.64644193649292
1.5570405721664429
0.8327224254608154
1.0766088962554932
1.0378179550170898
2.679741859436035
2.729248046875
1.1183838844299316
0.8649231195449829
0.6301025152206421
-0.14780180156230927
0.2033003568649292
-0.46089696884155273
-0.09716302156448364
0.6986578702926636
0.4363674223423004
0.45682626962661743
0.624998152256012
0.6860359907150269
-0.036348700523376465
0.1254248321056366
0.36129942536354065
0.22004017233848572
-0.48063695430755615
-0.4520896077156067
-0.2427530437707901
-0.01386646181344986
-0.13491933047771454
-1.2523276805877686
-0.9844796061515808
-1.429805874824524
-0.03149371221661568
-0.14060045778751373
-0.7446085810661316
-0.3853887617588043
-0.2411910891532898
-0.4831216335296631
-1.16250479221344
-0.5968005657196045
-0.5080550909042358
-3.213531970977783
-2.589331865310669
-2.648216962814331
-0.7112358808517456
-0.7111639380455017
0.19831588864326477
1.1129156351089478
-2.4380428791046143
-4.268123626708984
-4.348145008087158
-4.6685261726379395
-0.9986658096313477
-1.622820496559143
-0.08691759407520294
0.6080699563026428
-1.5219650268554688
-2.860076427459717
-2.1409857273101807
-3.3330063819885254
-0.6912862062454224
-2.267441511154175
-1.8564640283584595
0.9454736709594727
0.7268850803375244
-2.4128577709198
0.26972702145576477
0.015005338937044144
-1.2731763124465942
-2.3943042755126953
-0.3817659914493561
1.4454636573791504
0.899389922618866
0.15609736740589142
1.1487805843353271
-0.23668769001960754
-0.7252936959266663
-0.6392300724983215
1.0701982975006104
2.1580898761749268
-1.2623074054718018
-1.0858204364776611
-2.299330472946167
-2.8886890411376953
-0.993882417678833
-1.4976884126663208
-0.26516833901405334
1.0147318840026855
-0.3100569546222687
-1.2091420888900757
-1.5481293201446533
-2.434725522994995
-0.8698809146881104
0.9568211436271667
0.3293367028236389
0.5658111572265625
0.33653724193573
0.8931576013565063
2.240609645843506
0.011653095483779907
-0.17853376269340515
-0.016081690788269043
-0.5349436402320862
-0.6956838965415955
0.7197672128677368
0.8149746656417847
4.052286148071289
0.512513279914856
-1.6366655826568604
-1.1668310165405273
-0.45636096596717834
0.3080828785896301
1.3954137563705444
-0.4757915437221527
3.0894198417663574
0.7992768883705139
-1.8006398677825928
-1.3558733463287354
1.9547433853149414
1.8233133554458618
1.2510734796524048
-1.008884310722351
-0.6064237952232361
0.18821948766708374
-2.1012685298919678
-2.310678482055664
-0.8596154451370239
0.2538158893585205
0.47857365012168884
-1.99361252784729
-0.9882701635360718
-0.9506484866142273
-1.4948267936706543
-1.2438671588897705
-2.1538047790527344
0.8697272539138794
1.8694692850112915
-0.9648207426071167
0.5714298486709595
0.0905340313911438
0.07874121516942978
0.14224228262901306
-1.357021450996399
0.8361643552780151
3.3593130111694336
2.7511048316955566
2.0076723098754883
0.959409773349762
0.08750040829181671
-0.4824436902999878
-1.48287832736969
0.6799126863479614
2.532451868057251
1.7003777027130127
-0.23343965411186218
-0.7097588777542114
-1.0935657024383545
